# Quantized Beta (8-bit per-channel)
# Scale: 0.0048056629, ZP: 146
384
0.0048056629
146
147
155
123
216
213
187
114
197
143
229
155
145
147
188
248
104
168
115
100
146
166
112
144
163
166
159
176
0
115
157
146
157
137
100
143
229
147
155
149
109
166
134
144
27
135
131
171
135
139
105
121
157
56
73
133
124
147
105
124
74
158
155
169
71
135
202
131
178
175
143
73
202
212
211
179
77
76
155
153
156
86
138
150
152
227
118
154
92
115
132
131
120
145
137
142
163
91
120
138
138
133
146
69
190
204
117
153
101
184
147
106
186
181
113
167
140
118
147
32
115
191
255
132
107
152
164
189
97
180
83
151
114
177
144
195
153
73
124
195
150
126
145
66
181
139
123
135
145
73
215
91
129
146
132
156
161
175
135
179
133
170
125
68
129
156
148
91
96
115
197
105
148
144
194
142
126
128
153
154
153
200
160
242
179
134
155
141
169
146
179
168
176
159
162
165
143
105
212
127
170
137
124
152
197
158
150
164
133
188
159
142
152
135
144
167
163
124
132
138
78
154
137
126
163
176
176
221
244
153
204
158
158
75
98
167
177
151
112
147
164
139
183
142
195
118
152
140
134
204
44
88
134
183
232
148
153
38
142
155
124
163
83
104
98
132
106
159
118
170
202
160
147
144
217
204
129
130
144
92
132
145
99
148
143
152
169
177
139
169
202
127
150
119
173
139
170
162
128
182
153
64
100
143
146
154
146
133
86
89
171
123
181
116
122
138
150
134
153
128
123
114
150
159
121
114
167
141
161
141
120
214
220
155
149
113
104
143
240
137
159
124
146
107
160
127
103
177
139
164
185
77
123
119
110
124
243
170
224
132
138
156
136
122
146
138
202
135
185
161
169
120
145
136
152
75
129
125
163
151
163
151
134
163
129
