ORIGINAL Mean: -0.033212
ORIGINAL Variance: 0.893579
Output:
0.634904
0.125539
-0.144947
-0.134312
-0.192261
-0.064519
-0.426137
-0.194168
-0.368337
-0.115657
0.020389
0.030874
0.238951
-0.078208
-0.164739
-0.062734
0.671669
0.473973
0.305930
0.409314
-0.199064
-0.189262
0.408635
-0.123181
0.210199
-0.318600
0.004511
0.028634
-0.469293
0.240970
0.574848
-0.100240
0.040093
0.451905
0.174561
-0.238906
0.047830
0.299049
-0.029728
0.205147
-0.123873
0.290415
-0.058212
0.188248
-0.184608
0.192636
0.263649
-0.073887
-0.214543
0.302217
0.264200
0.261756
0.037556
0.497787
-0.481163
0.073537
-0.314078
0.426406
-0.039881
0.073503
-0.025619
0.104418
0.059627
-0.171085
0.109845
-0.106049
0.258331
-0.681672
-0.026258
0.036593
0.014278
-0.047888
0.160083
0.178297
-0.160246
0.121279
0.109136
0.373029
0.229260
0.122405
0.210151
0.025723
-0.055779
0.373714
0.032676
0.165023
-0.328253
-0.496850
0.143222
-0.390214
0.570114
0.134195
-0.035370
0.357366
-0.308877
0.104435
0.128300
0.114307
-0.309564
0.074275
0.000341
0.023837
-0.550600
-0.073969
-0.222439
0.154949
-0.275811
-0.440805
0.245565
0.181689
-0.236607
-0.167005
0.435425
0.058659
0.123666
0.311386
0.024619
0.073636
-0.147179
-0.284097
-0.136500
-0.190953
0.330555
0.029056
0.217830
-0.395478
0.229353
0.009506
0.148081
0.280227
0.012715
-0.369112
-0.122051
-0.508681
-0.142369
0.098248
0.061129
0.158918
-0.247027
-0.116468
-0.138977
-0.322436
-0.156428
0.170581
0.102493
0.106704
-0.252675
-0.024107
0.511745
-0.076610
0.075833
-0.129706
0.210373
0.396232
-0.001388
-0.069324
0.306389
0.208246
0.309093
0.009748
-0.038328
-0.986921
0.231599
-0.203836
0.180704
0.079185
0.042168
-0.252883
0.031025
-0.048857
0.039129
0.124069
0.208431
-0.057929
-0.015623
0.039536
0.138938
0.307633
0.002222
0.137114
-0.402985
-0.324110
-0.157227
-0.055846
-0.222616
-0.571832
-0.131230
0.823002
0.000005
-0.240306
-0.127084
-0.262394
-0.162838
-0.023298
0.049466
0.534664
-0.089319
-0.042244
-0.256331
0.220872
-0.304431
-0.358792
0.226539
-0.086614
0.301186
0.092144
0.279452
0.218214
-0.444732
-0.365487
-0.184665
-0.036109
0.135555
0.036410
-0.112776
0.117091
0.044629
0.122491
-0.139380
0.109265
0.012517
0.515170
0.118666
-0.104130
-0.048539
-0.188500
0.085281
0.376051
0.143510
0.027798
0.146316
0.016807
0.094956
-0.080518
-0.029255
-0.037870
-0.217286
0.108441
0.206426
-0.552612
-0.050341
-0.013356
-0.141729
-1.206380
0.159483
-0.240484
-0.023737
0.243277
-0.016644
-0.136264
0.403963
-0.366667
0.122120
-0.160334
-0.319121
-0.041036
-0.472199
-0.048228
-0.496547
-0.200167
0.309738
0.045997
0.064695
0.035212
-0.025743
-0.255464
0.017742
0.046893
-0.347544
-0.085984
-0.445611
-0.051561
0.053970
-0.093332
-0.032742
0.004494
0.099603
-0.449864
-0.150846
-0.321292
-0.079356
-0.144487
-0.183379
-0.187358
0.294477
0.003451
-0.124054
0.201544
-0.343535
0.087537
0.161427
-0.202373
0.095534
-0.116292
-0.268836
-0.037893
0.125368
-0.118202
-0.266292
0.184589
-0.000584
0.056663
-0.287615
-0.081664
0.058399
-0.082742
0.141001
-0.074249
-0.226661
-0.158954
-0.176565
-0.212306
0.751117
-0.085686
0.216512
0.151475
-0.284622
-0.248245
0.534579
-0.048447
0.280987
0.140096
0.208578
-0.030292
-0.118590
0.367239
0.106748
0.012403
0.206123
-0.002277
0.126103
2.149274
-0.398786
0.587416
0.127202
-0.106795
-0.435302
-1.154602
-0.193745
-0.255971
0.156322
0.023895
-0.123735
-0.010438
0.098759
-0.040219
-0.135827
-0.514537
-0.317429
0.120572
0.034549
0.456289
0.045696
0.436355
0.122686
0.026389
0.117472
-0.104908
0.353382
-0.279132
-0.466329
0.037807
0.123772
0.360279
0.186528
-0.058986
0.095145
-0.016109
-0.065837
0.387033
-0.021606
0.140443
0.012978
0.358470
-0.080198
0.112540
-0.173790
-0.012045
-0.190988
0.007434
-0.098622
-0.172564
-0.205533
0.084078
