ORIGINAL Mean: -0.006703
ORIGINAL Variance: 0.839316
Output:
-0.278489
-0.565604
0.226424
0.073720
0.026411
0.101362
-0.240551
-0.280037
0.039240
-0.197253
0.082578
0.196386
-0.693813
-0.081220
0.264657
0.115482
-0.436918
-0.216915
0.033922
-0.022773
0.047513
0.303789
-0.256550
-0.021773
0.245420
0.102173
-0.251620
0.199282
-0.486486
-0.042037
-0.367252
-0.280166
0.030159
-0.109459
-0.493839
-0.156252
-0.110273
-0.004201
-0.093496
-0.351413
-0.117711
-0.344414
0.287417
-0.141717
-0.067682
0.063379
-0.069786
0.148919
-0.470281
0.091000
0.009034
-0.208159
-0.185893
0.987151
0.455669
0.298148
-0.162925
0.001043
-0.141013
0.044861
0.031273
-0.037414
-0.190852
0.420790
-0.066500
0.235248
-0.276224
0.378863
0.020001
-0.131924
0.302659
0.379377
0.010698
0.051364
0.398718
0.750905
-0.011567
0.073651
-0.135971
-0.093453
0.051996
0.074737
0.102999
-0.067160
-0.355978
0.392789
-0.412725
-0.115899
0.419046
0.209191
-0.029641
0.239020
-0.212819
0.184593
-0.527122
-0.019308
-0.089934
0.078138
0.009172
-0.054367
0.090605
0.724831
0.325691
-0.009212
-0.542684
-0.268469
-0.304552
0.022724
-0.186849
0.100263
0.142381
-0.129122
-0.372259
0.175271
0.226930
0.284302
-0.079516
-0.014718
0.256579
-0.018226
-0.037292
0.010886
-0.176259
-0.370260
0.116298
-0.055097
0.084256
0.142437
0.084718
0.072091
0.072236
0.447285
0.043596
0.554807
0.182329
-0.180817
0.386419
0.042029
-0.317711
-0.272550
-0.105833
0.178686
-0.643107
-0.376440
-0.011085
0.061975
0.280049
0.101200
-0.035285
-0.207761
0.087308
0.118300
0.175579
0.250034
-0.108634
-0.079218
0.131988
0.015446
-0.042662
-0.070594
0.078034
-0.648359
-0.111270
-0.058541
0.337955
0.032878
0.116316
0.083013
0.328711
-0.000219
-0.030289
0.289644
-0.228394
-0.163966
-0.051917
0.008398
-0.212087
0.295061
-0.071283
0.074223
-0.523258
0.271457
-0.034255
-0.187796
0.009476
-0.159197
0.039334
-0.147924
-0.000178
0.234357
-0.033720
0.091636
-0.151188
0.077060
-0.033211
0.364584
-0.015786
-0.203331
-0.172351
-0.443126
-0.225285
0.320210
-0.013778
-0.031398
-0.083200
0.044829
-0.178737
-0.582572
-0.239834
0.316105
0.186578
-0.425437
-0.132585
-0.315009
0.088480
-0.164371
0.135558
-0.194401
0.263081
0.261582
0.318375
-0.177551
-0.065996
-0.212981
-0.023262
0.274117
-0.063491
-0.437219
0.027576
0.010617
-0.197345
-0.042967
-0.099606
0.048826
-0.009322
0.068981
-0.066625
-0.036356
0.459504
0.246492
0.210310
0.278880
-0.079985
-0.336765
0.051844
0.034554
-0.070404
0.049470
-0.157970
-0.180996
0.343075
0.131305
0.191521
-0.279766
-0.192628
0.004391
0.120202
0.216631
-0.124071
0.613402
0.015087
-0.071472
0.025811
0.231369
-0.121017
-0.034865
0.160629
0.169109
-0.039836
0.060687
0.112360
-0.195191
0.040740
0.207235
0.086746
-0.358847
0.237198
0.038070
-0.117138
0.283818
0.379389
-0.180815
-0.045276
0.319483
0.452821
0.164903
0.220857
0.147504
0.044931
-0.427934
-0.308561
-0.126367
-0.251015
-0.196385
0.083434
0.117537
-0.091564
-0.015090
-0.130258
-0.041758
-0.058939
-0.280980
0.049096
-0.170468
0.252093
0.014525
0.323002
-0.003139
0.025021
-0.091548
-0.129149
0.063869
0.172669
0.158159
-0.057960
0.328195
-0.121677
-0.410604
0.500731
-0.031046
-0.035265
-0.819302
-0.306795
-0.177756
0.017842
0.474392
-0.049167
-0.183926
0.090597
0.085839
-0.303893
2.001740
0.544337
-0.427558
-0.094715
-0.082116
0.100453
-0.489180
0.071376
0.422916
-0.215207
0.000753
0.132549
0.222680
0.101216
0.435941
0.013122
0.036805
-0.103747
-0.265660
-0.092214
0.212926
0.226639
0.693151
-0.286973
0.241512
0.095951
-0.015432
-0.002677
-0.000648
0.189909
-0.118413
-0.183596
0.310448
-0.232540
-0.191955
-0.260129
-0.502505
0.081615
0.589503
-0.200960
-0.215328
0.184127
0.079957
-0.042820
0.158795
-0.269584
0.126040
-0.127009
-0.608353
0.008663
-0.015995
-0.083094
-0.057987
