ORIGINAL Mean: -0.001383
ORIGINAL Variance: 0.893371
Output:
0.036534
0.180781
0.052699
0.080493
-0.206909
-0.138989
0.134704
-0.265182
-0.443005
0.285453
-0.403355
-0.160616
0.154320
-0.167511
-0.217710
-0.049230
-0.034341
0.110216
-0.041993
0.405173
0.043740
-0.564288
-0.124969
0.102898
-0.099963
-0.221456
0.707568
-0.094013
0.119841
-0.307380
0.256542
0.265470
-0.507663
-0.491519
-0.253417
0.077573
0.199413
0.097509
-0.057184
-0.201306
0.098051
0.356111
0.273239
-0.076588
-0.420618
0.149214
0.104376
-0.154319
-0.276138
-0.282473
0.053682
0.258913
-0.019625
0.944167
0.608964
0.676791
0.006954
-0.048164
0.206984
0.049602
0.209435
-0.110609
0.326537
0.619612
-0.187578
-0.107198
-0.290308
0.426646
-0.471450
-0.251391
-0.022424
0.246813
-0.032059
-0.076232
0.159884
0.987501
0.176799
0.207637
-0.094288
0.297317
-0.222178
-0.141564
0.240673
-0.258733
0.004464
0.035352
0.048949
0.235117
0.653356
-0.381589
-0.158626
0.236032
0.029856
0.308531
0.250457
-0.202361
0.096048
-0.093162
0.323522
-0.054910
-0.482862
-1.027021
0.464519
0.024629
-0.257893
-0.052916
-0.300723
-0.621764
0.183332
-0.034386
0.130305
0.109886
0.097504
-0.261323
-0.273814
-0.272573
-0.143075
-0.107722
0.063875
0.014574
-0.030579
0.290075
-0.244600
-0.386324
0.052483
-0.241918
-0.092398
0.053039
-0.307543
-0.313558
0.102491
-0.130135
0.018201
-0.153387
0.013103
-0.291747
0.027226
-0.144666
-0.322228
0.216275
0.271735
-0.277057
0.691223
-0.102214
-0.048867
-0.364185
0.245989
-0.415915
0.110539
0.602203
-0.080372
0.522344
-0.413673
0.006270
-0.035577
0.181880
-0.596159
-0.358530
0.045842
-0.199592
-0.785099
0.598730
-0.201551
0.025270
0.053787
-0.360499
-0.124699
0.333638
-0.224546
-0.441831
0.029553
0.048929
-0.032313
-0.099775
0.093692
0.148287
-0.160881
-0.882115
-0.098455
0.295655
0.155298
0.260545
-0.434695
0.392476
0.115495
0.355436
0.100966
-0.441265
-0.000245
-0.053530
-0.004348
0.022413
0.194113
0.131655
0.066119
-0.375925
-0.188836
-0.156544
-0.061488
0.313227
-0.187597
-0.169045
-0.531293
-0.256863
0.127403
-0.102944
0.180845
0.143668
0.171080
-0.104898
0.031608
0.071105
0.144062
-0.131792
-0.069198
-0.389215
-0.289133
0.114133
0.013421
-0.015004
0.066840
-0.175008
-0.105947
0.433732
-0.230025
0.169097
0.118173
-0.030196
-0.076659
0.287080
-0.248548
-0.139292
0.165463
0.021759
0.253202
0.148726
0.273065
0.144303
-0.184937
-0.005605
-0.054335
0.192482
-0.295339
0.982351
-0.295635
0.078089
0.042070
-0.181522
0.340797
0.244134
-0.194816
0.214639
-0.422406
0.238799
-0.387744
-0.049911
0.361401
-0.025741
0.023604
-0.003439
-0.407943
0.169085
0.004426
0.288111
-0.371255
-0.219374
-0.027809
0.043446
-0.068892
0.138467
-0.218598
0.005295
0.529281
-0.751747
0.127355
0.001262
0.419322
0.377894
0.007530
-0.681111
-0.000340
-0.128238
0.166250
-0.269895
-0.906766
-0.011437
-0.274444
-0.167665
-0.203805
-0.005646
-0.116400
0.329068
-0.056888
-0.242925
0.049257
0.307854
0.035863
0.098249
-0.165353
-0.265005
0.078362
0.047883
-0.013765
0.083666
-0.103683
0.157074
0.106244
0.069444
-0.036918
0.342594
0.146948
0.048653
0.083209
0.351143
0.047348
-0.087152
-0.050720
0.121942
0.287209
0.072470
0.058003
-0.068704
-0.342957
-0.020995
-0.296483
-0.447093
-0.035453
0.015737
0.469038
-0.056358
-0.067869
1.895677
0.358465
0.158076
0.274605
0.079635
0.179784
0.218224
0.387363
-0.204249
-1.012634
0.171546
-0.531152
-0.213757
0.112713
0.123997
-0.165166
0.197581
-0.062193
-0.343488
-0.309052
0.438815
-0.143789
0.204411
-0.085614
-0.028089
-0.694871
-0.193716
-0.376864
0.103475
0.353044
0.191221
-0.157959
-0.048153
0.251983
-0.053735
-0.040102
-0.361085
0.088656
0.612397
0.398661
-0.396503
-0.132156
-0.240709
0.153216
-0.176224
-0.164769
-0.164017
0.013435
-0.307346
0.050650
0.588490
0.043568
-0.411233
