ORIGINAL Mean: -0.027463
ORIGINAL Variance: 1.755382
Output:
-0.020333
-0.468042
0.053160
0.225819
0.124695
0.035708
-0.659556
0.175335
0.566809
0.282201
-0.116064
0.930140
-0.415815
0.036862
0.032767
0.114988
-0.013263
0.137094
0.024355
-0.001734
0.153497
-0.480043
-0.638980
0.340486
-0.472910
0.131397
0.470836
-0.285735
0.564580
0.451179
-0.456385
0.416044
-0.366588
0.039622
-0.859697
0.312159
-0.162951
0.146777
-0.003859
-0.973373
-0.445390
-0.032213
0.751991
-0.372906
-0.007130
-0.204048
-0.300469
-0.202925
0.178041
-0.127134
0.398587
0.899204
0.000048
-0.698587
-0.631298
-0.216585
0.514562
0.207148
0.066560
0.335005
0.019574
-0.368406
0.410244
-0.154981
-1.409379
0.026127
0.180520
-0.264678
-0.104624
-0.193184
0.938687
-0.510671
0.072582
0.172649
-0.089686
0.169320
-0.027864
-0.216883
-0.125086
-0.603462
-0.760582
0.246150
-0.350930
-0.531566
-0.045214
-0.329781
0.780173
0.104405
-0.597160
0.405470
-0.012538
-0.510030
0.558548
-0.252528
0.027090
-0.699881
-0.161605
0.103887
-0.267483
-0.050764
-0.463724
-0.250104
0.354624
0.148489
0.194047
0.735701
0.425784
0.467040
-0.277819
0.098138
0.132102
0.305889
0.276385
0.957868
-0.265944
-1.099682
-0.756483
-0.067323
0.224723
0.270841
0.078711
-0.010567
0.178128
-0.154608
-0.556044
0.223671
-0.326451
-1.016335
0.032334
-0.025646
0.084218
-0.055565
-0.441762
0.671445
0.020480
0.117294
-0.080932
-0.561575
-0.227006
0.594268
0.283250
-0.274142
-0.415068
-0.244081
0.116683
0.462056
-0.614706
-0.146945
-0.050170
-0.092462
-0.540223
-1.187838
0.037382
0.449260
-0.123500
0.013129
-0.045114
0.308460
-0.189321
-0.338228
-0.185393
0.382744
-0.114921
0.185085
-0.001508
-0.014863
-0.159740
-0.177658
-0.207675
-0.065084
0.012226
-0.159355
-0.029291
-0.005817
-0.084853
-0.043728
0.073798
0.069828
0.027837
-1.578426
0.400017
-0.147030
0.665268
0.071836
0.151871
0.221579
0.224789
-0.064214
0.000072
0.225610
-0.874282
-0.339307
0.374526
0.187118
0.104690
-0.510607
0.213430
0.008317
0.091323
0.077078
0.015670
0.889107
-0.692271
0.031941
-0.085705
-0.227101
0.186250
-0.265247
-0.148158
0.207799
-0.009543
-0.141286
-0.310123
0.358165
-0.196034
0.372983
0.163892
-0.188864
0.183568
0.085789
-0.748353
-0.569662
0.466795
-0.109147
0.251591
-0.432014
0.236409
0.602044
-0.284735
0.204197
-0.040981
-0.670833
0.079651
0.441238
0.033838
-0.226217
-0.189937
0.195282
-0.173528
-0.766562
-0.094197
0.930201
0.955595
0.897002
0.256034
0.107319
-0.490567
0.577005
0.128187
0.050601
0.594934
-0.147487
-0.273121
-0.127074
-0.063107
-0.173973
-0.139526
-0.295603
-0.001372
-0.013280
-0.249146
0.638178
-0.092034
0.020913
0.195884
-0.146086
-0.325225
0.278426
0.467051
0.352162
-0.109841
0.861130
0.209001
0.055010
-0.185581
-0.934325
-0.020698
-0.437311
-0.033525
2.018086
0.262351
-0.760024
-0.042633
-1.192278
-0.505936
0.428236
0.196237
-0.173428
0.791237
-0.147379
-0.205815
0.199183
0.361792
-0.427693
-1.594682
0.262642
0.032839
0.127983
-0.171932
-0.028786
-0.271492
-0.217124
0.413749
-0.252007
-0.038112
0.277572
0.091365
0.285960
0.031535
0.288420
0.248008
0.384055
1.846902
-0.015278
0.179149
-0.204984
0.125554
-0.162362
-0.251395
-0.238907
-0.044650
-0.373173
-0.277864
-0.082422
0.341376
0.114582
-0.044119
-0.234031
-0.597849
-0.175171
0.348311
1.482820
-0.500011
-0.212943
0.128044
-0.023389
0.354830
-0.228737
-0.063903
0.116107
-0.145713
0.199983
-0.093950
0.393240
-0.140049
-0.237724
0.223079
-0.427321
0.330216
0.422075
0.020285
-0.894924
0.123994
-0.185140
-0.251413
-0.202771
-0.105425
0.146434
0.178099
0.013125
0.093516
-0.182051
0.560892
-0.232768
0.275023
0.204447
-0.035330
0.504263
-0.015238
0.171935
-0.191517
0.704417
-0.154829
0.300511
-0.126852
0.529788
-0.315417
0.116802
-0.077182
-0.160429
0.057390
-0.012720
-0.623866
-0.168285
