ORIGINAL Mean: -0.014145
ORIGINAL Variance: 0.904398
Output:
0.021647
0.297858
-0.091257
-0.122715
0.141103
-0.126270
0.024775
-0.018882
-0.016477
-0.426049
0.178463
-0.132114
0.059083
0.051486
0.128012
-0.119461
0.548404
-0.006727
0.244134
-0.189380
-0.244341
0.102419
0.451218
-0.345218
-0.047776
-0.092722
0.039167
0.147165
-0.231952
0.027559
0.181931
-0.288703
-0.084084
0.673546
0.469995
-0.226973
0.042619
-0.309435
-0.056358
0.084751
-0.197893
0.053127
-0.332142
0.368789
0.550372
0.144634
0.210162
0.000103
0.228328
0.247743
0.181112
0.229399
0.055291
-0.650082
-0.396906
-0.090024
0.298845
0.373124
-0.161599
-0.128753
-0.346554
-0.794722
0.343033
0.315698
0.036863
-0.137031
-0.041575
-0.283102
0.396554
-0.062432
-0.065362
-0.248569
-0.090308
0.233218
-0.228571
-1.405760
0.040224
-0.088036
0.266711
-0.111926
0.226540
0.231162
-0.244819
-0.020689
0.357025
-0.102597
-0.240020
-0.133619
-0.105465
-0.093672
0.121892
-0.003974
0.006010
-0.443213
-0.017143
0.211090
0.374368
0.006468
-0.074644
0.110896
-0.243362
0.111648
-0.299981
-0.063007
-0.019431
0.124736
0.380772
0.196605
0.217414
0.419804
0.113909
-0.057145
0.564405
-0.146032
0.070761
0.352341
0.077747
0.610050
-0.027404
0.095015
-0.167962
-0.309261
0.383534
0.520462
0.048361
-0.013011
0.127751
0.207319
-0.029479
0.157866
0.024095
-0.165574
-0.387392
-0.593719
0.056351
0.125693
-0.076890
0.016886
0.049017
-0.220133
-0.392229
-0.069734
0.120451
-0.163845
-0.017019
0.040880
-0.639784
0.140291
0.176264
0.036716
0.292583
0.029977
0.066955
0.088915
-0.128216
-0.082810
0.254514
-0.050612
-0.004933
0.018518
0.289736
-0.397165
0.241025
-0.180207
0.255701
0.200632
0.042452
-0.257205
-0.115427
0.196647
-0.125012
-0.217259
0.370577
-0.207904
0.179044
0.017544
0.429759
0.342672
-0.094930
0.081467
-0.032818
0.163000
-0.070108
-0.047072
-0.088511
-0.517185
-0.089962
0.498909
0.000083
-0.196611
0.168247
-0.198067
-0.330506
0.043611
-0.024134
0.340677
-0.167670
0.058667
0.050459
0.181926
-0.375790
-0.073485
-0.067341
0.183657
0.125926
0.098185
0.202979
0.161945
0.264473
-0.104759
-0.136370
0.236107
0.047691
0.013247
-0.109203
0.312745
-0.198105
0.042630
0.155046
0.054674
-0.067258
0.456616
-0.064641
-0.458467
-0.139804
-0.155185
-0.059563
-0.017844
0.311405
-0.264036
0.274246
0.043835
0.011400
-0.311175
-0.186147
-0.014036
-0.037153
-0.001476
-0.007435
0.034064
0.003117
-0.692237
-0.375742
-1.098885
0.240012
-0.170314
0.213205
0.249048
-0.046207
-0.205646
0.335817
-0.671586
0.142991
-0.378086
0.196473
-0.068752
-0.441643
0.122320
-0.070689
0.123429
-0.183550
-0.297506
-0.019979
-0.018666
0.139731
0.339934
0.141833
-0.058610
0.015594
-0.276930
-0.303288
-0.317466
-0.278633
0.066135
0.022690
0.405476
0.117082
0.002335
-0.250158
-0.430462
-0.342950
0.147417
-0.269882
0.177544
-0.443505
-0.000227
-0.124322
0.133964
0.184170
0.268413
0.283469
-0.397702
0.353427
-0.179754
-0.360048
0.044651
0.131477
-0.042657
-0.412228
0.251816
-0.022332
0.125975
0.068966
-0.073789
0.069855
-0.271154
0.184817
-0.162479
0.213101
-0.328397
-0.174528
0.022052
-0.702647
-0.155294
0.168771
0.026483
0.022949
0.108092
-0.386638
-0.455146
-0.217075
0.109041
0.258131
-0.054310
0.033685
0.801328
0.070128
-0.152654
0.199636
0.140853
-0.195317
2.076740
-0.390461
0.461532
0.293713
0.033790
-0.101111
-1.153961
-0.186440
-0.231542
-0.090625
-0.215250
0.190631
-0.326037
0.096177
0.064940
-0.706370
-0.110085
-0.293063
0.015567
0.194661
-0.337430
0.109017
1.105641
0.170529
-0.219575
-0.006495
0.040836
0.044105
0.156544
-0.098669
-0.065151
-0.100763
-0.028340
-0.150618
0.088001
0.104818
0.122825
0.001600
0.143945
-0.149925
0.092430
0.008112
0.251657
-0.167014
-0.337328
0.042736
0.020617
-0.114254
-0.112892
0.025297
-0.292843
-0.196068
0.264844
