ORIGINAL Mean: -0.026612
ORIGINAL Variance: 0.849727
Output:
-0.082026
-0.739195
0.176967
0.246368
0.011686
-0.088037
-0.140499
0.171450
0.042198
-0.029171
0.196601
0.231222
-0.284449
-0.217034
0.013804
0.066471
-0.300604
0.232238
-0.044278
-0.238222
0.042015
0.207760
-0.280767
0.122014
0.261414
0.334916
-0.505511
0.506291
-0.143720
-0.125879
-0.309838
0.107884
0.198899
-0.949913
-0.460494
-0.077995
-0.170136
-0.024903
0.002872
-0.240690
-0.476268
-0.270359
-0.065729
-0.220376
-0.003967
-0.138436
-0.316664
0.530063
0.034274
0.093628
-0.263130
0.015855
0.035178
0.536634
0.598370
-0.117962
0.577118
0.162107
-0.027548
0.164132
-0.003099
0.243114
0.006036
0.262117
-0.273236
0.306522
-0.223021
0.371923
-0.061667
-0.222983
0.211746
0.460924
0.115297
-0.094336
-0.651135
0.580478
-0.520330
-0.265485
-0.203438
-0.001227
-0.203852
-0.107063
-0.114107
0.045348
-0.408882
0.405159
-0.146109
0.421402
0.085014
-0.430302
0.101690
-0.272995
-0.347371
0.268004
0.109902
0.349175
-0.056550
-0.184111
0.014113
-0.029408
-0.322693
0.630269
0.077986
-0.616175
-0.166454
-0.077466
0.007084
-0.556398
0.073160
-0.495491
0.002049
-0.099209
-0.553608
0.318778
-0.022122
0.238595
0.033845
-0.164763
0.201664
0.226430
-0.080030
-0.035143
-0.279837
-0.058727
-0.054735
-0.236479
0.205197
0.182390
-0.110428
0.333973
0.009726
0.602834
-0.147156
0.167538
0.047046
0.034696
0.170114
-0.287567
-0.356535
-0.192906
-0.283701
0.418525
-0.032009
0.009371
0.100477
-0.017864
0.346333
0.300321
-0.389949
-0.219756
-0.534515
-0.046832
0.124279
0.018421
-0.018258
-0.178779
0.245088
0.164904
-0.015330
-0.121081
0.368438
0.369297
-0.156907
-0.191805
-0.052873
0.370237
-0.206804
0.125038
0.367266
0.208919
-0.110402
0.186093
-0.172607
-0.270990
-0.143005
-0.121094
-0.191910
0.184569
-0.084327
-0.103095
-0.790578
0.263366
-0.246438
-0.342978
0.142943
0.091864
0.086928
0.047588
-0.000195
0.144777
-0.079506
0.017425
-0.001951
0.051269
-0.019098
0.330506
0.076115
-0.152758
0.082750
-0.431967
-0.183302
0.883480
0.289436
0.148917
-0.293076
0.092054
-0.208215
-0.135350
-0.000076
0.048958
0.131921
0.298525
-0.052587
0.101257
0.025249
-0.031725
-0.074419
0.150378
0.361003
0.186224
-0.165443
-0.272708
-0.068834
-0.205436
0.094078
0.451726
-0.125519
-0.334031
-0.185750
0.057349
-0.292475
-0.119881
-0.096680
0.448570
-0.246663
-0.085659
0.386143
-0.020681
0.707560
0.031069
0.138334
0.322982
-0.316426
-0.040471
0.121258
-0.013061
0.136721
-0.059815
-0.359175
-0.161147
0.271400
0.003535
0.247309
0.212144
0.345514
0.081099
0.219417
0.261491
0.450670
0.438715
-0.064188
-0.176715
0.009041
0.190039
-0.243263
0.383046
0.164155
-0.137575
-0.105004
0.328551
0.598042
0.050063
-0.295767
-0.118770
0.141498
0.194678
0.205010
0.186290
-0.164685
0.007147
0.225028
0.089314
-0.182454
0.767246
0.412438
-0.354222
0.197232
0.324638
0.111088
-0.297115
-0.177019
-0.120273
-0.246244
-0.163143
-0.106875
0.128975
-0.081833
-0.071382
0.025727
0.093740
-0.217931
0.032863
-0.196142
-0.201075
0.258852
-0.017992
0.158810
-0.028060
-0.084280
-0.339524
-0.255932
-0.038188
0.457561
-0.113393
0.272580
0.106909
0.077399
-0.235975
-0.209028
0.345740
-0.013079
-0.125674
-0.139873
0.006929
0.201197
0.530898
-0.074995
0.142486
0.082278
-0.026129
-0.360102
2.218833
0.593007
-0.575398
-0.222167
-0.047001
0.363677
-0.178278
0.364331
0.408430
-0.091554
0.191314
0.017399
-0.252526
-0.087943
0.439659
0.553112
0.253193
0.337810
-0.374145
0.124833
-0.057561
-0.015769
0.548706
-0.030974
0.055857
0.005534
-0.091063
-0.030066
0.246308
0.018025
0.152483
-0.086755
0.062108
-0.214302
-0.569566
-0.219529
-0.313300
-0.109167
0.559355
0.002335
-0.135787
-0.309527
0.130865
0.136093
0.230048
-0.302827
-0.324281
0.000962
-0.611495
-0.235625
0.081138
0.014496
0.100174
