ORIGINAL Mean: -0.001401
ORIGINAL Variance: 0.881822
Output:
-0.060180
0.377539
0.268674
0.038080
0.018487
0.021137
0.078471
0.154108
0.341069
-0.496642
-0.466519
0.084560
-0.492891
-0.053121
-0.133044
0.040073
-0.655899
-0.206381
-0.132757
-0.081910
0.047854
-0.246195
-0.076269
0.064854
0.191722
0.297470
-0.425684
0.436419
-0.207663
-0.042797
-0.484748
-0.635837
-0.056887
-0.294583
-0.303777
0.037867
-0.582353
-1.068285
-0.072660
0.119401
-0.212697
-0.243702
-0.348226
0.055336
-0.825742
-0.320037
-0.126692
0.360298
0.308181
0.214680
-0.363641
0.092646
-0.004340
0.089629
0.237972
0.389546
-0.305402
-0.101540
-0.111612
0.093937
-0.386751
0.072193
0.215582
0.553384
0.167131
0.170151
-0.513748
0.114428
0.388400
-0.050207
-0.325069
0.071358
0.138805
-0.191259
-0.210038
-1.129646
-0.334411
-0.314064
-0.194007
0.101334
-0.085605
-0.006378
0.242125
-0.087771
-0.195757
0.089501
-0.010580
-0.122753
-0.175767
0.197541
-0.221006
-0.347915
-0.477591
-0.128211
0.204901
0.447850
-0.323907
-0.516194
-0.113877
0.094913
-0.372187
0.392993
-0.126105
-0.191686
0.015065
0.201522
0.295976
0.215567
-0.005414
0.243800
0.246497
-0.192634
-0.102244
0.014305
-0.236541
0.386211
0.198203
-0.019144
0.142236
0.483496
-0.020247
-0.190193
-0.269080
0.267025
-0.142699
0.024896
0.460992
0.176307
0.061980
0.018784
0.010154
0.962969
0.403876
-0.380825
0.077307
0.298216
0.136606
-0.076417
-0.398684
-0.148584
0.058292
0.428156
0.173729
0.185928
0.141883
-0.212297
0.453855
0.423093
0.033383
0.265666
-0.172071
-0.479544
-0.374753
-0.260532
0.192594
-0.103498
0.209874
0.048044
-0.453704
-0.143916
-0.043872
0.361545
-0.028655
-0.124738
-0.042974
0.204297
0.279586
0.279547
0.351309
0.229191
-0.098695
-0.006477
-0.100843
-0.315916
-0.191674
-0.169525
0.244247
0.189417
-0.057983
-0.361269
-0.298362
-0.064527
0.102741
-0.220965
0.116626
-0.235205
-0.097097
-0.032045
-0.000168
0.191283
0.232428
0.356452
-0.352491
0.090282
-0.093165
0.271544
-0.145382
-0.135271
0.153627
-0.400021
-0.137550
0.478428
0.545354
0.222177
0.113679
0.054800
-0.212746
0.134751
0.458709
0.535057
0.124890
-0.546080
-0.263948
0.112902
0.019790
-0.108968
0.176420
-0.052088
0.224304
0.132872
-0.203160
-0.058898
0.025050
-0.109265
0.116674
0.205651
-0.191212
-0.560932
0.195155
0.352764
0.011875
0.039889
-0.070712
0.304504
-0.054451
-0.220057
0.209807
0.127561
-0.051412
0.372726
0.151041
-0.517163
-0.093638
-0.776638
0.171478
-0.028762
0.252076
0.166660
-0.320897
-0.205676
0.527304
-0.596107
0.454075
-0.038009
0.108120
-0.004096
-0.105024
0.280369
-0.292637
0.055104
-0.650455
-0.415909
0.098580
0.009548
0.004817
0.577345
0.129015
0.427724
-0.112807
0.035061
0.609246
0.765318
-0.444312
0.082496
0.068429
-0.124527
0.631762
-0.471041
0.016584
0.509666
-0.059855
0.414018
-0.033968
0.673048
0.959381
0.159222
0.012411
0.550002
0.215217
-0.083972
-0.019353
-0.207390
-0.056411
0.075250
-0.286568
-0.103603
-0.093416
-0.017883
0.057153
0.379949
-0.266598
0.009024
0.025845
0.266583
0.196974
-0.094521
0.115488
-0.094702
-0.013210
-0.472141
-0.140380
-0.032153
1.002762
-0.428551
-0.062760
0.131195
0.067678
0.097434
-0.476563
-0.332447
-0.254743
0.304444
-0.684524
-0.111515
0.313530
-0.323417
0.022224
0.054346
0.243835
-0.010900
-0.360065
2.119108
0.397865
-0.424725
-0.355346
-0.106973
0.359280
-0.626894
-0.155985
0.429006
-0.432446
0.054389
0.146675
0.041823
-0.129164
0.220044
0.560667
0.433344
0.363037
0.187954
0.069733
0.145912
0.083850
0.487355
0.043057
-0.126961
0.040674
-0.102339
0.045933
-0.243313
-0.219835
-0.037146
-0.319770
-0.191841
-0.336377
-0.307868
-0.125848
-0.093370
-0.151253
0.176498
-0.521369
0.264029
-0.060172
0.538193
0.365617
-0.215187
0.032379
-0.091053
0.151148
-0.909365
-0.208660
-0.423287
0.030609
0.018686
