ORIGINAL Mean: -0.018492
ORIGINAL Variance: 0.841352
Output:
-0.244135
-0.505399
0.206502
0.250825
-0.149884
-0.061467
-0.174569
0.195382
0.373740
-0.120700
0.265388
-0.235936
0.065420
-0.215100
0.100601
0.080655
-0.314374
-0.218974
-0.032712
-0.289386
0.040399
0.301644
-0.126083
0.236577
0.160436
0.418801
-0.320444
0.567556
-0.057905
-0.067196
-0.056873
0.158204
0.178395
-0.882281
-0.482569
0.013968
-0.178871
-0.277440
-0.014507
-0.143655
-0.376192
-0.353049
0.125595
-0.089314
0.008403
-0.171912
-0.292343
0.575351
0.207720
0.166940
-0.233397
-0.123419
-0.093244
0.341816
0.107301
-0.030817
0.026856
0.187618
-0.132291
0.032161
-0.195976
-0.024934
-0.057657
0.439556
0.023068
0.238433
-0.429702
0.246536
-0.019579
-0.072509
0.379011
0.262011
0.040139
-0.052538
-0.610608
-0.172331
-0.523144
-0.344900
-0.254240
0.056022
-0.171149
-0.158324
-0.011732
-0.235556
-0.443151
0.303722
-0.297096
-0.002914
0.018584
0.181118
-0.158148
-0.063509
-0.013458
0.002845
-0.060483
0.135760
-0.011159
0.001027
-0.002299
-0.020331
-0.289002
0.627166
0.119776
-0.527006
-0.057535
-0.059705
0.279287
0.137811
-0.357245
-0.570230
0.233740
-0.091574
-0.169419
0.118900
0.174504
-0.016868
0.188539
-0.081881
0.259678
0.295210
-0.077196
-0.094453
-0.099399
-0.020451
-0.057421
-0.109794
0.287443
0.073691
-0.287567
0.148606
0.015641
0.361514
0.313981
0.178033
0.124782
0.268477
0.212311
0.137988
-0.178612
-0.176681
-0.276633
0.300643
0.019159
0.003124
0.110019
-0.107403
0.285867
0.230874
-0.088439
-0.188744
-0.270993
-0.229433
0.045579
0.098589
-0.109984
-0.187190
0.238530
0.184033
-0.182830
-0.139131
-0.104050
0.529882
-0.138195
-0.193974
0.066382
-0.069090
-0.101820
0.170981
0.338535
0.119451
-0.232457
0.108191
-0.086108
-0.099747
-0.186706
-0.060535
0.005920
0.111569
-0.080660
-0.214848
-0.691732
0.145679
-0.146930
-0.277339
0.284299
0.294972
0.125557
0.009348
-0.000175
0.184019
-0.213357
0.375691
-0.351121
0.071461
-0.003328
0.209465
0.069243
-0.199140
-0.071701
-0.416333
-0.143064
0.528133
-0.131659
0.226183
0.045813
0.065003
-0.339180
0.099888
0.299056
0.512127
0.140786
-0.297657
-0.055637
0.068336
-0.008144
0.054773
-0.045151
0.022326
0.166478
0.150939
-0.578393
-0.259263
-0.061934
-0.604003
0.200141
0.234929
-0.200029
-0.198770
-0.142291
0.139796
-0.278064
-0.039255
-0.170828
0.361661
-0.361308
-0.069418
0.343975
0.044415
0.318781
-0.323735
0.124775
0.120675
-0.100383
0.241209
0.132028
0.042791
-0.107827
-0.143894
-0.417762
-0.161887
0.059898
0.093170
0.323016
0.064282
0.444236
0.063182
0.258917
0.309332
0.618942
0.417883
-0.102225
-0.036952
0.069165
0.136188
-0.214262
0.128872
0.168725
-0.121305
0.002000
0.349135
0.199773
0.215602
-0.460646
0.303862
0.105326
0.275946
0.592012
0.035945
-0.099176
0.391715
0.294972
-0.073382
-0.185706
0.670359
0.390728
0.174851
0.112683
0.035467
-0.239562
-0.268009
-0.132959
-0.374202
-0.315703
-0.188192
-0.140157
0.132326
-0.053626
-0.100215
0.003481
0.185923
-0.315573
0.168689
0.053355
-0.582747
0.287871
-0.011076
0.055228
-0.014652
-0.002362
-0.426713
-0.214445
0.075679
0.102337
-0.095177
0.180791
0.064090
0.221078
-0.116391
-0.373402
0.411240
-0.184134
-0.358446
-0.163855
-0.056191
0.298425
0.494079
-0.084163
0.065069
0.171015
0.034720
-0.466515
2.196741
0.284425
-0.627857
-0.257869
-0.026377
0.022097
-0.131411
0.822378
0.403128
-0.378169
0.117231
0.075683
-0.087066
-0.109670
0.311591
0.429746
0.078300
0.105570
-0.267250
0.131971
0.307127
-0.017102
0.597985
-0.059624
-0.014670
0.001750
-0.067605
0.038092
0.068448
0.529946
0.100714
-0.005257
-0.069312
-0.399897
-0.549841
-0.231191
-0.344766
-0.235711
0.598085
-0.047688
0.100588
-0.231809
0.390949
0.091417
-0.029455
0.079231
-0.244747
0.046132
-0.729530
-0.194798
-0.157962
-0.254273
0.055455
