ORIGINAL Mean: 0.004623
ORIGINAL Variance: 0.841536
Output:
0.640404
-0.315305
0.116659
-0.123438
0.008440
-0.067774
-0.112660
0.006362
-0.213077
0.265911
-0.361965
0.035699
-0.178954
-0.248297
-0.317057
-0.053735
-0.140418
0.111654
0.388579
-0.173453
0.009207
-0.296749
-0.375909
0.130668
0.180179
0.004419
0.157975
0.078669
0.009214
-0.016376
-0.002974
0.206926
0.169114
-0.150387
0.120980
-0.061932
0.146092
-0.313726
0.041085
-0.053194
-0.041836
-0.100814
0.289389
-0.079806
0.097057
0.073146
-0.173175
-0.381859
-0.278601
-0.323161
-0.284052
-0.158454
0.326461
0.627981
0.393218
-0.040041
0.239865
-0.297068
-0.167778
0.206487
0.140351
0.240228
-0.207917
0.007361
0.167875
-0.090871
-0.545993
0.310036
0.009777
-0.324893
0.248868
0.189233
-0.037546
0.086940
0.186237
0.034066
0.190918
0.238747
-0.311282
0.078315
-0.352646
-0.256259
-0.236874
-0.448568
-0.239176
0.046624
0.132106
0.422368
0.023315
0.043003
-0.065428
0.077287
-0.269500
0.365911
-0.362089
-0.257190
-0.098431
0.080532
0.144079
0.001688
-0.066633
-0.110297
0.294187
0.193581
-0.204925
-0.043347
-0.563907
0.246193
-0.051362
-0.215826
0.079548
0.018996
-0.458523
-0.073428
0.055854
-0.400028
0.151792
-0.260482
0.099342
0.087249
0.089011
-0.195360
-0.139244
0.143619
-0.040790
-0.057886
0.058213
-0.037947
0.309195
0.065773
0.062420
0.043943
-0.090070
-0.078924
-0.089156
-0.166922
0.163092
0.422920
-0.231465
0.149137
-0.031158
-0.107926
-0.403839
0.098866
0.295509
-0.208797
0.215489
-0.310529
-0.003099
0.141028
0.191296
0.270511
-0.006615
0.127456
-0.308712
0.007122
-0.503391
-0.073700
-0.152336
-0.229442
-0.414091
0.520788
-0.053806
0.032832
-0.046746
0.350982
0.098650
0.422027
0.092007
-0.301566
0.111613
0.423056
-0.295361
-0.356720
-0.030809
-0.065525
-0.307926
-0.037694
-0.037347
-0.411658
-0.087737
0.236272
0.186351
0.117077
0.006955
0.201724
0.170002
-0.621103
-0.000327
0.067750
-0.196716
0.265105
0.040525
0.093398
-0.020443
0.035042
-0.202718
0.018494
0.328999
-0.242433
-0.367771
0.310562
-0.357388
-0.259092
-0.255004
-0.133386
-0.298502
-0.296191
-0.529312
0.317974
0.093963
0.094887
-0.266045
-0.247686
-0.175985
-0.300952
-0.298352
-0.390783
0.143862
-0.008022
-0.299388
-0.232203
-0.050811
-0.054500
0.213640
0.189278
0.039219
-0.818360
0.071348
0.055001
-0.491968
-0.029495
-0.010513
0.037193
0.192952
-0.026936
-0.593070
0.199560
0.047798
0.054807
0.182288
0.156369
-0.202433
-0.010242
-0.246037
0.234290
-0.223135
0.089872
0.085448
0.328790
0.458546
0.277856
-0.184505
0.275320
0.106781
-0.070003
-0.058627
0.039070
0.039873
-0.228900
-0.140793
0.065664
0.165241
0.249247
-0.261321
-0.198522
-0.066293
-0.071452
0.298396
-0.114593
0.301703
0.125438
0.177039
-0.162754
0.187617
-0.259555
-0.141767
0.312043
0.088744
-0.044687
0.285641
-0.070206
0.363595
-0.239173
-0.094795
0.155217
0.058112
0.056156
-0.249593
-0.020854
-0.131885
0.157392
-0.285534
-0.239912
0.019991
-0.128171
-0.128992
0.113614
0.143172
0.043231
0.208892
-0.141037
0.095519
-0.105811
0.076469
0.040258
0.407120
-0.191069
-0.069249
0.354714
0.126113
0.203013
0.594927
-0.033494
0.015397
0.236999
-0.197596
-0.304948
0.104625
-0.014262
0.875061
-0.275002
-0.072429
-0.019064
-0.203083
0.150230
-0.080342
0.046728
-0.085940
-0.001636
0.312310
1.993959
0.230169
-0.667435
0.222744
0.145939
0.255035
-0.142664
-0.700971
0.127706
0.050940
-0.155945
-0.059085
0.020143
0.124995
0.099715
0.067919
-0.107341
-0.227647
-0.158840
-0.178430
0.214954
-0.048446
0.583736
-0.360255
0.357002
-0.282220
-0.351439
-0.132756
-0.297152
0.260586
0.082638
0.285227
-0.098921
0.374050
0.051083
-0.217271
-0.140695
0.313981
0.494445
0.224923
-0.154713
-0.136201
-0.172837
0.207872
0.091508
-0.280442
0.077370
0.017694
-0.298223
0.581207
0.791417
0.049809
-0.280697
