ORIGINAL Mean: -0.045298
ORIGINAL Variance: 0.881985
Output:
0.342870
-0.086678
-0.178979
-0.256646
-0.329900
-0.122023
-0.305290
-0.232642
-0.203983
0.409690
-0.011748
0.014841
0.265827
-0.172152
0.459199
-0.065945
0.475354
0.375010
0.361076
0.043051
-0.190135
0.354395
-0.084316
-0.282584
-0.054870
-0.384462
-0.007027
0.225892
-0.196257
0.233403
0.296998
0.197893
-0.094443
-0.424677
-0.106297
-0.221553
0.372761
0.047332
-0.032993
-0.157119
0.052486
0.211479
0.095710
-0.253589
-0.094203
0.172586
-0.112412
0.030756
0.061564
-0.393369
0.535886
-0.008050
-0.195706
0.181564
-0.397851
0.112927
-0.083823
0.232627
-0.173401
-0.060687
0.085816
-0.264445
0.151768
0.285442
-0.216238
-0.076673
-0.377754
-0.187924
0.403008
-0.811053
0.326556
-0.089078
0.072089
0.038223
0.119138
0.528710
-0.098536
-0.005960
0.011295
-0.109679
0.081050
0.040302
0.262908
-0.133977
-0.028617
0.123262
-0.075042
0.179737
-0.014864
0.060903
0.214160
0.374071
0.332215
0.421434
-0.265403
-0.253209
0.031469
-0.119424
0.195296
0.123811
-0.213609
-0.504481
0.101396
-0.137210
-0.277967
-0.231423
-0.433998
0.128812
0.185545
0.213641
0.071471
0.095306
0.298632
-0.206880
0.331009
-0.017686
0.082969
0.187319
-0.270630
0.265064
0.001246
-0.126361
-0.034809
0.391875
0.064600
-0.430931
-0.142387
0.336706
-0.029228
0.290105
0.061098
-0.220812
-0.101157
0.106712
-0.214163
0.042981
0.059199
0.021999
-0.406036
-0.014066
0.347090
-0.582549
0.153315
-0.247182
0.315374
-0.548116
0.213728
-0.514511
-0.115085
0.054835
0.084862
0.363116
0.043715
0.179098
-0.200463
-0.008528
-0.128695
0.235164
-0.193975
-0.177872
-0.216907
0.430796
0.128853
0.195999
0.385915
0.239695
0.144576
0.225465
-0.057180
-0.187404
0.190781
0.045399
0.006719
0.026385
0.091176
-0.006381
-0.115263
-0.317172
-0.237564
-0.177059
-0.093881
0.288220
-0.387364
-0.255541
-0.024539
-0.069980
0.086070
-0.143629
0.000051
-0.108731
-0.583447
0.124156
-0.289007
0.015831
0.093020
-0.097126
0.124914
-0.227899
-0.474054
0.037049
-0.344884
-0.027074
0.177493
0.020716
-0.253163
0.116518
0.112025
-0.150865
-0.301745
-0.019055
-0.193003
0.368688
0.156375
-0.273899
-0.140921
-0.184543
-0.130403
-0.179653
0.450376
-0.342831
-0.024072
0.505780
-0.194046
-0.208339
-0.330321
0.183650
0.004393
0.445170
-0.138392
0.049018
-0.334527
0.085760
0.022609
-0.228383
0.150749
0.244343
0.125374
0.104958
0.580186
-0.017204
0.056516
0.492495
-0.187834
0.832234
-0.549281
-0.087462
-0.153172
0.006948
0.028168
0.229986
0.234417
-0.193533
-0.353365
0.135849
0.383766
0.070020
-0.014478
0.272057
0.204567
-0.303809
-0.661851
0.250447
0.075966
0.027650
-0.297663
0.242156
0.222277
-0.415204
-0.181369
0.112674
-0.594864
-0.643158
-0.062873
-0.126024
0.070242
0.077477
0.482796
0.020111
-0.117741
-0.312493
0.293070
-0.019427
-0.131969
-0.115100
-0.228004
-0.272966
0.033321
-0.104531
-0.580595
-0.009648
0.133522
-0.113593
0.175683
-0.412826
-0.011957
-0.141071
0.038556
0.219947
-0.151853
0.060121
0.169497
0.125362
-0.245468
-0.180919
0.019227
-0.020748
0.506833
-0.097544
-0.304396
0.010787
-0.056934
0.143774
-0.037837
0.233072
0.313300
0.266632
-0.101205
0.350753
-0.171625
0.062258
0.353605
-0.260142
-0.413531
0.083963
-0.338318
0.304080
-0.033597
0.196535
-0.116499
0.120745
0.337672
1.793466
0.352914
-0.268194
0.301409
0.257278
-0.335942
0.053194
-0.280050
-0.456809
-0.286825
-0.059220
-0.074686
-0.198603
0.228734
0.361769
0.294859
-0.108840
-0.156807
0.031633
-0.149406
0.350540
-0.481654
0.018674
-0.205458
0.155670
-0.232080
-0.512462
0.268124
0.106974
0.223833
0.351814
-0.272968
0.002161
-0.010167
-0.020590
0.116046
-0.443625
0.103487
1.171712
0.308123
-0.325849
0.161319
-0.636263
-0.274571
-0.549012
0.113824
-0.026610
-0.264507
-0.137989
0.667775
1.051981
-0.132565
-0.129119
