ORIGINAL Mean: -0.031476
ORIGINAL Variance: 0.818827
Output:
0.300247
-0.013523
-0.308508
-0.339012
-0.242484
-0.038432
-0.062162
-0.134386
-0.211096
0.273747
-0.029547
-0.239974
0.303669
-0.171909
0.284220
-0.056947
0.871160
0.304744
0.437073
0.030582
-0.203309
0.329522
0.364364
-0.331119
-0.076339
-0.296108
-0.022524
0.005869
-0.157134
0.166977
0.181758
-0.212933
-0.179463
0.031583
-0.021270
-0.352427
-0.033165
0.047434
-0.031808
-0.316451
-0.184907
-0.088004
0.180601
0.255069
0.121957
0.438662
0.064235
-0.225887
-0.318009
-0.136258
0.587841
-0.232705
-0.007168
0.495296
0.069929
-0.085783
-0.087249
0.523882
-0.191368
-0.039114
0.110258
-0.422815
0.104670
0.126797
-0.150765
-0.093537
0.117501
-0.231397
0.118366
-0.333857
0.321699
-0.154707
-0.106929
0.257506
0.160788
-0.121343
0.193663
0.311014
0.003180
-0.235413
0.143648
0.019719
0.007784
0.228554
-0.030409
0.110965
-0.134965
0.133940
0.034933
0.223111
0.173680
0.240722
0.237201
0.275562
-0.111127
0.019610
-0.069421
0.077584
-0.211824
0.095123
-0.057582
-0.534302
0.214135
0.076610
0.213808
-0.046811
-0.348867
0.023052
0.087688
0.521493
-0.130721
-0.042188
0.523179
-0.286004
0.205828
-0.007466
-0.070760
0.313324
-0.091380
-0.240125
0.058137
-0.320638
0.057088
-0.147098
0.062011
-0.255943
-0.206185
0.251754
-0.047331
0.147139
0.003151
-0.380219
-0.248543
0.159442
-0.152814
-0.235458
0.121580
0.168920
-0.326523
0.020605
0.191576
-0.337593
-0.339921
0.037948
0.044467
-0.001751
-0.306819
-0.374967
0.070494
0.004177
0.315069
0.028982
0.218036
0.654906
-0.414786
-0.154514
0.068474
0.347944
0.080833
-0.079493
-0.244747
0.314573
0.153063
0.181374
0.348532
0.147504
0.134740
-0.153759
-0.064863
-0.237956
0.101162
0.133298
0.014437
0.059772
0.124132
0.039236
-0.141829
-0.029186
-0.116147
-0.099592
-0.083699
0.008051
-0.233544
-0.054286
-0.014310
-0.373782
0.086784
0.135856
0.000039
0.003013
-0.413851
-0.038747
-0.073214
0.026174
0.172547
-0.054365
0.178853
-0.042055
-0.087158
0.159513
-0.060906
-0.124980
0.233306
-0.182763
0.221812
0.229916
0.038636
-0.228880
-0.521211
-0.361058
-0.240575
0.119399
-0.129400
-0.158824
-0.037146
0.073063
-0.053443
0.016460
0.591787
-0.197911
0.025213
0.452825
-0.115161
0.083417
-0.275901
0.197702
-0.069505
0.391463
-0.161709
-0.081228
-0.316117
0.014527
-0.035110
-0.061605
0.132657
0.046263
-0.775728
0.139445
-0.066316
0.259678
-0.092883
0.060850
-0.134887
0.938578
-0.279731
-0.176705
-0.170008
-0.055266
0.058756
0.350696
0.200993
-0.382094
-0.050418
-0.017728
0.027282
0.155556
-0.411834
0.041779
-0.128365
-0.431447
0.055155
0.206044
0.110484
-0.022800
-0.032613
0.090424
-0.042907
-0.133461
-0.281291
-0.140327
-0.229518
-0.313588
0.088040
-0.014697
0.092340
-0.233353
0.166325
-0.065640
-0.085825
-0.433487
0.186383
0.138885
-0.019193
-0.279920
-0.298025
0.341084
0.101555
0.130670
-0.154830
0.073314
0.158822
-0.130598
0.067569
-0.183801
-0.367464
-0.069922
0.096391
0.178988
-0.411168
-0.017980
0.040339
-0.051245
-0.351836
-0.061576
0.089184
0.003577
0.393545
0.107677
-0.455157
0.122100
-0.113305
-0.009437
-0.440667
0.235927
0.053722
0.209925
-0.196968
0.310626
0.179830
0.155924
0.625964
-0.284145
0.110663
0.136431
-0.239697
0.190755
-0.028155
0.039383
0.131069
-0.014275
0.302206
1.979258
-0.342236
-0.013804
0.389219
0.157839
-0.163249
-1.227254
-0.071119
-0.402380
-0.308583
-0.515622
0.022293
-0.104895
0.193520
0.074837
-0.176795
0.001230
-0.494205
0.175747
-0.209259
0.312039
-0.268451
-0.034006
-0.173064
0.259642
-0.016835
-0.338087
0.214292
0.126779
0.175016
0.176753
-0.157040
0.227092
0.062862
0.069689
0.186044
-0.307645
0.234085
1.005587
0.066942
-0.206257
0.254742
-0.227030
-0.192548
-0.437346
-0.247113
0.072408
-0.326097
0.110698
0.598712
0.590531
-0.008500
-0.044232
