ORIGINAL Mean: -0.029542
ORIGINAL Variance: 0.814557
Output:
-0.304691
-0.407751
0.268726
0.181600
0.059357
0.090915
-0.289797
0.250568
0.522637
-0.126199
-0.173018
-0.122169
-0.006637
-0.011258
0.190230
0.180222
-0.557392
-0.192973
0.074900
-0.254419
0.055252
0.551705
-0.119757
-0.183947
-0.267730
0.033367
-0.280648
0.300397
-0.157673
-0.372951
-0.123695
-0.066626
-0.056785
0.181934
-0.378511
-0.113613
-0.103063
0.031721
-0.077082
-0.253516
0.011594
-0.372919
0.057602
-0.295649
0.086274
-0.012025
-0.371167
0.203540
0.042756
-0.105335
-0.028404
-0.099174
0.124434
-0.241485
0.068452
0.368604
0.251507
-0.012526
-0.037572
-0.061552
0.036437
0.162273
-0.354642
0.223734
0.032521
0.151328
-0.176785
0.480879
-0.088930
-0.051081
0.346993
0.233234
-0.141872
-0.203613
-0.013090
0.579200
-0.197151
-0.376033
-0.095240
0.018453
-0.130249
0.050178
-0.101923
-0.131929
-0.135023
0.253509
-0.210721
-0.116772
0.003377
0.248321
-0.329369
0.059490
-0.256072
-0.220834
0.034048
-0.045639
-0.080560
-0.060690
0.303786
0.165023
-0.162887
0.452417
0.623939
-0.730005
-0.132024
-0.035759
0.154795
0.313139
-0.233446
0.075566
0.254533
0.067776
-0.216411
0.043811
0.039428
0.128631
-0.082164
-0.205388
0.276705
0.134150
0.026188
-0.060541
-0.137545
0.017409
-0.196413
0.132955
-0.371782
0.096239
-0.135545
0.017598
0.070347
0.512705
0.276481
0.533203
-0.140647
-0.173547
0.276245
0.267402
-0.215688
-0.113969
0.059071
0.095027
-0.393235
-0.378438
-0.109482
-0.311791
0.260348
0.095691
-0.305210
-0.470782
0.089874
-0.152434
0.173314
0.212567
-0.244459
-0.054415
-0.006783
0.025363
-0.233420
-0.096645
0.011277
0.085222
-0.119640
0.108866
0.077570
-0.191717
-0.081813
-0.200814
0.201358
0.306752
-0.051060
-0.021481
-0.213528
0.124142
0.090846
-0.102833
-0.222530
0.392376
-0.332079
-0.102342
-0.192798
0.232502
-0.079857
-0.197412
-0.050726
-0.181280
0.066241
-0.209204
-0.000141
0.431085
-0.038317
0.144940
-0.175921
0.094548
0.160064
0.104908
-0.014183
0.117020
0.000201
-0.551808
-0.158807
0.075620
-0.087255
0.118171
-0.119930
0.060706
-0.174538
-0.380402
-0.224188
0.265288
0.275894
-0.203648
-0.230234
-0.043335
0.243183
0.080074
0.153602
-0.285726
0.317725
0.233456
0.172107
-0.050681
-0.164589
-0.221915
0.012152
0.132998
-0.156535
0.136471
-0.209950
-0.268154
-0.262915
0.047957
-0.003601
0.159703
0.116123
0.014156
0.217553
0.129795
0.211729
0.215912
0.158637
-0.074899
0.207954
-0.134666
-0.008633
0.127572
0.263942
0.228208
-0.210850
-0.055432
0.221908
0.080918
-0.116903
-0.159110
0.285423
0.026683
0.098714
0.231406
0.242421
0.423440
-0.210645
0.002394
-0.185800
0.183627
0.098019
0.004879
0.061692
-0.017865
0.367831
0.239167
0.169820
0.151311
-0.187174
0.301308
0.000008
-0.169549
0.092721
0.091943
-0.131451
0.160509
0.366375
0.017670
-0.150196
0.434459
0.378536
-0.064340
0.287733
0.256117
0.008529
-0.371205
-0.225340
0.046146
0.002224
-0.352695
-0.165192
-0.047232
-0.162086
-0.003849
-0.098310
-0.234445
0.028560
-0.115195
0.151296
-0.430301
0.088845
0.184835
0.232979
0.079338
0.082006
-0.117012
-0.041319
0.182502
-0.044836
0.058423
-0.149579
0.146453
0.204313
-0.082245
-0.390584
0.125433
-0.439193
-0.260006
-0.405562
-0.132066
-0.151239
0.432140
-0.008060
-0.225030
0.213412
0.036497
-0.445038
1.927023
0.237909
-0.532010
0.091705
0.174737
0.112331
-0.629175
0.233258
0.449416
-0.102974
-0.123700
0.490149
0.160386
0.138355
0.302716
0.498099
0.174182
-0.197344
-0.352838
0.219709
-0.151589
0.250659
0.308470
-0.268352
-0.150789
0.093746
-0.001300
-0.112798
-0.077428
0.034292
-0.036493
0.146327
-0.057273
-0.287788
-0.141070
-0.243451
-0.348340
0.060936
0.962879
-0.278750
0.099410
0.056087
-0.158720
0.017205
0.099140
-0.016469
-0.045783
-0.064612
-0.460655
0.209687
-0.066241
-0.156350
0.143709
