ORIGINAL Mean: -0.036093
ORIGINAL Variance: 0.854883
Output:
-0.196481
-0.022459
-0.182583
-0.192410
-0.215355
-0.174517
-0.061664
-0.047205
-0.167475
0.090031
0.329078
-0.171182
0.219615
-0.095197
0.592195
-0.073757
0.775318
0.211805
0.175175
-0.103646
-0.205210
0.290116
0.199075
-0.058940
0.052294
0.096603
-0.285234
0.486596
-0.170320
0.183114
0.615014
0.044959
0.193935
-0.651049
0.156550
-0.195283
0.091356
0.092237
-0.008648
-0.023117
0.007260
0.038202
-0.267520
-0.038925
-0.202778
-0.036760
-0.190548
0.626656
0.408111
0.082659
0.575711
0.117054
-0.181334
-0.436584
-0.564104
-0.095135
-0.286185
0.662643
-0.272966
0.000304
-0.281114
-0.077849
0.003389
0.267487
-0.225535
0.097605
-0.227251
-0.339469
0.624366
-0.165582
0.190337
-0.001481
0.137689
0.092332
-0.589098
-0.252265
-0.504831
-0.102993
0.047639
-0.140092
0.066722
0.136055
0.328637
0.247015
0.007422
0.378628
-0.201941
0.041118
0.182026
0.234014
0.210299
-0.073760
0.271107
-0.097956
0.216673
0.872853
0.179111
-0.381251
-0.149245
0.040623
0.220700
-0.120414
-0.237459
-0.290745
0.047877
0.078133
0.163706
-0.339676
0.273454
-0.268954
-0.072460
0.001495
0.342797
-0.214877
0.206948
0.474325
0.178816
0.479527
-0.193913
0.406880
-0.101321
-0.341657
0.038693
0.609204
0.192317
-0.304912
0.009654
0.225582
-0.249526
0.266560
-0.026764
0.089090
0.377409
-0.166634
-0.103438
0.423328
-0.037408
0.279034
-0.292916
-0.359671
0.147954
-0.205412
0.330759
0.328998
0.358616
-0.551539
-0.241257
0.007654
0.472062
-0.201516
0.069394
-0.005650
0.020947
0.063673
0.400944
-0.198057
0.121696
0.346458
-0.126226
-0.131804
-0.142811
0.307493
0.359082
-0.052925
0.207201
0.182966
0.113314
-0.115365
-0.123220
0.212314
-0.001484
-0.112661
0.218432
-0.006346
-0.022814
-0.180925
0.165996
-0.069262
-0.165886
-0.392211
-0.311929
-0.195267
-0.428098
-0.432801
0.097368
-0.124597
-0.020393
0.505706
0.000127
-0.254398
-0.357829
0.342983
-0.542658
0.056092
-0.013710
0.115535
0.392366
-0.280519
-0.169677
0.085631
-0.102255
0.032637
-0.256856
0.382192
0.280838
0.239163
0.007283
0.299659
0.110874
-0.642738
-0.296429
0.164983
0.084379
0.130182
-0.101534
0.089193
-0.339565
0.304627
0.315535
-0.369661
-0.289850
0.341861
-0.179732
-0.272994
-0.374967
0.262248
-0.121655
0.540877
-0.215774
0.204088
-0.123540
0.016804
0.050611
-0.183029
-0.344805
0.161488
0.404358
0.020268
0.320521
-0.330403
0.074539
0.098808
-0.233573
0.641374
-0.231459
-0.205773
-0.092095
0.100792
-0.371704
0.111257
-0.105063
-0.598365
0.096011
0.086003
0.299676
0.154282
-0.067263
0.304554
0.306973
-0.287360
-0.196904
0.083773
0.246392
-0.302386
-0.167983
0.514199
0.171518
-0.450114
-0.282494
0.130049
-0.651028
-0.364556
-0.447011
-0.091283
-0.027881
0.350916
0.401118
-0.173160
-0.206891
-0.300221
0.079635
0.193351
-0.256341
0.207685
-0.065009
0.003441
-0.017490
0.210029
-0.247425
-0.004813
0.292820
-0.018750
-0.095643
0.042934
-0.301052
-0.348091
0.212704
-0.009975
-0.676102
0.325016
-0.002312
0.291283
-0.312792
-0.229018
0.013442
-0.221759
-0.034179
-0.026425
-0.074761
-0.356328
-0.280794
0.310521
-0.625377
-0.244702
0.365617
0.004953
0.328134
0.092287
-0.465431
0.467937
0.073341
0.184792
-0.043333
0.064903
0.077332
-0.055250
-0.054271
0.343621
0.104990
0.059526
-0.115086
2.109512
-0.103419
0.062000
0.150537
0.060691
-0.366172
-0.519831
0.370445
-0.396922
-0.197752
0.097378
-0.028034
-0.154418
0.034351
0.165920
-0.126560
0.020276
-0.114112
0.019390
0.118956
-0.171502
-0.450761
0.099878
0.188229
-0.057910
0.075043
-0.390750
0.488107
0.452941
-0.244122
0.147732
-0.404737
0.040550
-0.170413
-0.347263
0.198951
-0.407669
-0.171036
0.650273
0.039585
0.232674
-0.139004
0.069518
-0.356180
-0.270668
0.001256
-0.137698
-0.171880
0.035055
-0.159118
0.421783
-0.002274
0.268031
