ORIGINAL Mean: -0.025964
ORIGINAL Variance: 1.036987
Output:
-0.824465
0.404169
0.163308
0.010534
-0.240461
-0.115531
0.407298
-0.152528
0.083332
-0.106742
-0.096356
0.021363
0.128479
0.017506
-0.037132
-0.128866
0.105686
0.528947
-0.428282
0.072153
0.092303
-0.340346
-0.127662
0.258970
0.020274
0.425146
-0.531936
0.123894
0.568356
-0.066057
-0.393201
-0.321011
0.470593
-0.431477
0.402762
0.181081
-0.106092
-0.446701
-0.038972
0.060919
-0.179974
-0.019019
0.034613
0.131745
1.368119
-0.340622
0.044132
0.380879
0.297824
0.226083
-0.507245
0.414112
-0.078927
-0.325934
0.258142
-0.350001
0.176570
0.253059
0.052500
0.038396
-0.104224
-0.232796
0.456033
0.135632
0.421412
-0.186660
-0.386718
-0.011250
-0.612042
0.510875
-0.036246
-0.516140
0.045670
0.102989
-0.318658
-0.398883
0.006342
-0.371752
0.031557
0.504082
-0.071005
0.135860
-1.149644
0.025435
-0.084915
0.118853
-0.074082
-0.166969
-0.601034
-0.338358
-0.143595
0.428788
-0.272924
-0.430567
0.388082
-0.090157
0.203944
0.197833
0.120380
-0.273627
0.106660
0.569996
0.147783
0.189273
-0.162779
0.306426
0.191819
0.179231
-0.004058
-0.724837
0.062420
0.020083
-0.565915
0.273241
-0.853011
-0.135227
0.053452
-0.231566
-0.023736
0.082635
-0.255786
-0.066529
-0.071628
0.193889
-0.060750
0.264091
0.066654
-0.047029
-0.332971
0.018087
0.074661
-0.273578
0.103156
0.027706
0.306813
0.253997
-0.349498
-0.018247
0.639420
0.210256
-0.031486
0.051927
0.355625
-0.076337
0.051299
0.246579
-0.117247
0.064099
-0.016828
0.170870
-0.437974
0.013470
-0.246231
-0.259135
-0.012617
0.148731
-0.372378
-0.442377
-0.138010
-0.190206
-0.858396
-0.102052
0.120585
-0.216255
-0.105470
0.036346
-0.173823
0.167220
-0.081902
-0.142353
-0.110918
-0.194182
0.254732
0.170844
-0.010338
-0.014525
0.417851
-0.281399
0.063144
0.091237
0.263467
-0.179302
-0.073093
0.486681
0.187851
0.461010
0.127530
0.214976
-0.000073
-0.049563
0.427302
0.070036
0.085123
0.108081
0.067403
-0.170622
-0.075550
-0.040763
-0.053279
0.045951
-0.138994
0.092239
-0.345667
0.039960
0.486354
-0.080088
0.138509
0.164770
0.668363
-0.006085
-0.079658
-0.271270
0.329323
0.023184
-0.493855
-0.048132
-0.108686
0.307747
-0.357042
0.075212
-0.566127
-1.036937
0.169976
0.008153
0.116925
-0.137008
-0.003725
0.228398
-0.021589
0.000199
0.450487
-0.300058
0.084362
0.593283
-0.206905
-0.229153
0.388933
-0.233370
-0.118908
-0.188830
0.011620
-0.345846
0.215927
0.461364
0.368061
0.094693
-0.287351
-0.221173
-0.132211
0.169067
0.078440
0.453498
-0.049434
-0.120857
0.282482
0.005232
0.270952
-0.156226
0.158973
-0.013651
-0.388669
0.327351
0.056325
0.172639
-0.066889
-0.481786
0.055788
0.111376
-0.124307
-0.096070
-0.093176
0.345357
-0.383516
-0.128632
-0.353407
-0.239963
0.134789
-0.566814
-0.073047
-0.022249
-0.336379
-0.422535
-0.125748
0.207426
-0.440933
-0.542384
-0.300441
-0.189198
0.525621
-0.006479
-0.121195
0.198975
0.058837
-0.004565
-0.100365
-0.152883
0.111404
-0.136969
0.136795
0.037087
-0.363332
0.345613
0.350391
-0.306050
0.007500
0.207695
-0.454404
0.023795
0.422428
-0.003659
0.256380
0.349750
1.034897
-0.101383
0.115113
-0.347791
0.180706
0.437149
-0.246051
-0.124211
-0.423223
0.659955
0.126138
-0.243628
0.019406
0.538445
0.027221
0.018903
-0.337541
0.043462
0.035553
2.115960
0.092972
0.257086
-0.147156
-0.076237
-0.480732
0.002848
0.102642
-0.029385
-0.159369
0.107447
-0.310430
-0.156738
-0.176059
-0.074028
0.172924
-0.453416
-0.130306
1.051452
0.087855
-0.324263
-0.114374
0.510333
0.178980
-0.512929
-0.093205
0.328466
-0.049751
-0.858442
0.044774
-0.394079
-0.388085
-0.122139
0.186255
-0.164635
-0.071974
0.234466
-0.262670
1.037263
0.663480
-1.060734
-0.181446
0.537935
0.212896
0.200065
0.189409
-0.229055
0.209540
0.366850
-0.756475
-0.337608
-0.214702
0.082957
