ORIGINAL Mean: -0.074065
ORIGINAL Variance: 1.049389
Output:
0.288669
1.099328
-0.206878
-0.045147
-0.275053
-0.203321
0.174097
0.212244
-0.201165
-0.274708
1.112769
-0.622737
0.071929
-0.120358
-0.008451
0.017363
0.729454
-0.569432
0.166998
0.776210
-0.178344
-0.383476
0.185748
0.238204
0.164744
-0.055673
-0.428142
0.288494
-0.054385
0.636204
-0.351889
-0.325498
-0.064778
-0.134315
-0.198142
-0.146511
0.331123
0.193854
0.008521
0.147126
-0.326353
0.122634
0.742540
0.273147
-0.074855
0.141458
0.103794
0.150417
0.232892
0.282626
0.545900
-0.394762
0.067489
-0.187685
-0.414912
0.071619
0.196901
0.309504
-0.172994
-0.045281
-0.222502
0.021422
-0.099756
-0.052897
0.214800
-0.093551
0.123856
-0.248743
0.404763
-0.547147
0.066622
-0.195902
0.139844
0.006213
-0.767307
-1.134092
-0.250243
0.158239
0.112485
-1.015908
-0.011899
-0.117766
0.147379
-0.331072
0.006415
0.501277
-0.524349
-0.234595
-0.842438
0.155334
0.690059
-0.606762
0.199248
-0.054280
-0.518267
0.485136
0.205577
-0.961473
-0.330833
0.048799
-1.005501
-0.044748
-0.626821
-0.160651
0.357718
-0.156202
0.279441
0.334260
-0.516775
-0.116836
0.023836
-0.041373
0.151956
0.012454
-0.196926
0.033948
0.074605
0.196565
-0.097180
-0.019303
-0.090007
-0.296049
-0.202572
0.162023
-0.061967
-0.322554
0.217068
-0.009711
-0.562554
0.368477
-0.005331
-0.022501
-0.201162
-0.671792
-0.098328
0.389737
-0.117696
-0.376742
0.382484
0.134241
-0.196818
-0.335120
0.411303
0.742998
0.346228
0.108328
-0.406567
0.037922
0.307214
0.539465
0.382817
0.072448
-0.429171
-0.107742
0.020994
-0.144908
0.443827
0.050591
-0.000413
-0.142251
-0.214899
0.444733
0.282027
-0.162439
0.296483
0.385137
-0.105847
-0.084174
-0.103517
0.012577
0.036229
-0.042072
0.348223
0.232885
-0.019519
-0.040327
0.259380
0.103680
-0.025028
1.109645
-0.319434
-0.150244
-0.146801
-0.242596
0.047202
-0.116995
-0.045231
0.975850
0.000016
-0.154641
-0.128521
-0.180276
-0.388629
0.020994
0.160715
0.229681
-0.111815
-0.196927
0.438867
0.226925
-0.070324
-0.428686
-0.380542
0.117530
1.258839
0.104903
-0.119265
-0.123767
0.163917
-0.111112
-0.212451
-0.095944
0.278382
0.246031
-0.216762
0.437033
0.131910
0.149072
-0.071839
-0.166303
-0.370323
0.468134
-0.031149
0.177038
-0.024726
-0.063205
-0.228873
1.136366
0.197296
0.351948
-0.002243
0.151273
-0.001876
-0.338051
-0.419101
-0.119599
0.020493
-0.003001
0.616036
-0.007430
-0.105361
-0.287371
-0.511306
-0.390399
0.219099
-0.072507
0.156924
-0.271729
-0.202712
-0.138423
-0.468755
-0.882763
0.250200
0.139845
-0.073322
-0.053063
-0.393881
0.150828
-0.290972
-0.776745
0.123781
-0.064735
0.199114
-0.190935
0.010695
0.182190
0.193644
0.786333
-0.103427
0.072265
-0.432794
-0.189971
-0.896769
-0.025148
-0.115142
0.122842
0.724658
1.080646
-0.196264
0.147159
-0.158266
-0.284027
-0.210243
-0.007337
-1.163357
0.577297
-0.199426
0.196992
-0.987623
0.239410
0.334904
-0.301056
0.394882
0.090021
0.179414
-0.269158
0.155522
-0.064576
-0.099373
0.292968
-0.536392
0.301845
-0.389183
-0.276493
0.053727
-0.018452
-0.515450
-0.081428
-0.206590
-0.400230
-0.252347
-0.085633
-0.694757
-0.229609
0.082393
-0.043291
0.329316
0.820076
-0.212427
0.151764
0.091757
-0.436641
0.455761
0.071677
-0.188420
-0.110573
-0.005384
0.048216
-0.169506
0.104300
-0.003854
2.029075
-0.270934
0.351384
-0.316487
-0.039812
0.862890
-0.795036
-0.066792
-0.248356
0.292920
-0.075762
-0.089159
-0.293166
-0.097209
-0.058134
-0.078994
0.173959
-0.488308
0.231210
0.052812
0.226681
-0.150743
-0.450357
0.293853
-0.061483
0.181104
-0.158402
0.331538
0.746431
-0.586511
0.159116
-0.447178
-0.015989
0.359892
-0.267479
0.117318
-0.085204
-0.127445
2.445539
-0.421560
-0.168726
-0.139878
0.062932
0.206368
-0.280799
0.616161
-0.312745
0.017649
-0.166604
-0.026677
-0.617117
-0.825964
-0.043684
