ORIGINAL Mean: -0.028229
ORIGINAL Variance: 0.911174
Output:
0.245741
0.193497
-0.021987
-0.137632
-0.064451
-0.164903
0.188679
-0.430428
-0.338848
-0.209769
-0.029204
-0.003107
0.152171
0.016543
-0.232896
0.006979
-0.076799
0.206562
-0.140344
0.226502
-0.096150
0.185800
0.332966
-0.047762
-0.008157
-0.380601
0.216850
-0.110274
-0.298470
-0.010799
0.097648
-0.033394
-0.123037
0.603672
0.228419
-0.048871
-0.136990
0.070231
-0.147493
0.004997
-0.125984
0.357373
0.142024
0.258558
-0.136806
0.297246
0.374890
-0.132098
-0.291928
0.260890
0.051529
0.329717
-0.228127
1.129297
-0.259982
-0.037493
-0.132148
0.204035
0.174553
0.065726
0.068788
-0.165456
-0.007684
-0.197036
-0.147874
-0.124849
0.104252
-0.290919
-0.198992
-0.097190
0.031731
-0.271002
-0.009859
0.023299
0.550863
0.239256
0.325946
0.052404
0.166278
0.002441
0.438130
0.111526
-0.031674
0.140256
0.078731
0.022714
-0.115696
-0.311536
-0.034552
-0.155449
0.522963
0.336701
0.369453
0.229724
0.014237
-0.099880
0.198278
-0.022415
-0.056980
0.006135
0.148095
-0.102128
-0.256856
0.139124
-0.205222
0.076449
-0.404396
0.007538
0.089868
0.429035
-0.181741
-0.172062
0.134346
-0.239929
0.080849
0.007744
-0.114705
-0.119814
0.030211
-0.332477
-0.128239
0.155031
-0.008000
-0.735918
0.037287
-0.252783
-0.037986
-0.088040
0.103830
-0.041265
0.057043
-0.348289
-0.171248
-0.139196
0.137810
-0.186766
-0.025224
0.138007
0.058871
0.077794
0.066367
-0.187873
0.389147
-0.260447
-0.048878
0.503708
-0.441848
-0.085964
0.125239
0.009500
0.054529
-0.115264
-0.219401
0.076644
-0.096662
-0.005168
-0.127146
-0.162433
0.333725
-0.015527
0.260584
-0.825090
-0.034505
-0.044756
0.192725
0.104615
0.044810
-0.057893
-0.076968
-0.278396
-0.051084
-0.088552
0.259324
-0.135925
0.022038
0.157156
0.176802
-0.315746
0.071231
0.259832
0.009716
-0.039237
-0.437572
0.183860
-0.119625
-0.323128
-0.047946
0.254023
-0.000080
-0.124830
0.051351
-0.053824
0.070746
0.045481
0.106808
0.133111
-0.128053
-0.112116
0.261653
0.342019
-0.144619
-0.062748
-0.019051
-0.210271
-0.251518
0.029995
0.249807
0.151234
0.208435
-0.294251
-0.042161
0.097578
0.221414
-0.190116
0.028315
-0.070366
0.204166
0.099373
-0.220760
0.169244
0.373974
0.656218
0.114908
-0.131811
-0.481993
0.060885
0.012736
0.453211
0.147663
-0.008334
0.144424
-0.177931
0.166234
-0.126253
0.023760
0.050413
0.078873
0.011862
-0.065976
-0.258332
-0.168950
0.017346
0.057407
-0.855738
0.005720
-0.261088
0.086591
0.039739
0.204643
-0.326127
0.073809
-0.112980
0.034925
-0.232509
-0.449664
-0.155696
-0.158478
-0.188006
-0.204798
0.094431
-0.002206
0.122754
-0.147758
-0.076389
0.127426
-0.073656
0.116708
-0.003235
-0.474279
-0.091048
-0.330168
0.004490
0.142131
-0.205400
0.099860
0.124198
-0.397844
0.236034
-0.124501
-0.017458
-0.064593
0.060608
-0.059579
-0.161544
-0.427151
0.079153
-0.128116
-0.031760
0.041380
0.066836
-0.014309
-0.226828
0.142532
0.215806
-0.076023
-0.016211
0.143525
-0.008658
0.175405
-0.022102
0.290278
0.064874
-0.140633
0.177875
-0.054608
-0.064531
0.240002
0.099869
-0.235686
0.081452
-0.108413
-0.384007
0.174551
0.288181
-0.035836
-0.026107
-0.260552
0.083393
0.719357
0.083744
-0.261488
0.007571
0.368854
-0.156666
0.119162
0.225276
0.094785
-0.108568
-0.157859
-0.101518
-0.105028
1.998322
-0.195879
0.639393
-0.130241
-0.237385
-0.202732
-0.830138
-0.247667
-0.149697
0.050260
0.037765
-0.431545
-0.479004
0.061913
0.028123
-0.476776
-0.315364
0.411930
-0.026147
-0.156435
0.167546
0.055297
0.427504
0.124772
-0.023493
-0.042893
0.139011
0.141150
0.101397
-0.124144
-0.031401
0.015086
0.230967
0.225789
0.067060
-0.028371
-0.076964
-0.202397
0.915561
0.243688
0.134008
0.251236
0.095250
-0.023458
0.126110
-0.294371
0.461159
-0.082612
0.208638
-0.339845
-0.228738
0.419135
-0.106554
