ORIGINAL Mean: -0.018563
ORIGINAL Variance: 1.053423
Output:
-0.651865
-0.033349
0.247493
0.017632
0.202851
-0.000131
0.133391
-0.174434
-0.327649
-0.026545
-0.461044
-0.860408
0.367987
0.195696
-0.089283
-0.090864
0.054838
0.278235
-0.164625
-0.096923
0.074932
-0.129022
-0.013950
0.386233
-0.069991
0.405904
0.361557
0.011359
0.298996
-0.701058
-0.730411
-0.128491
0.423364
0.014130
0.594441
0.112462
-0.051943
-0.376627
-0.035700
0.123765
-0.227423
-0.158529
-0.673147
0.183122
0.308809
-0.367966
-0.077375
0.189773
0.115041
0.314543
0.416776
-0.053348
0.077965
-0.767156
0.799016
-0.378918
-0.704173
-0.487388
-0.004528
-0.103410
-0.116298
-0.522147
-0.236671
-0.034763
-0.111299
-0.178280
0.109562
-0.158441
-0.228333
0.097236
-0.127380
-0.275529
-0.024179
-0.034473
-0.046416
-0.420190
0.128436
-0.202928
0.013167
0.688308
-0.051461
-0.290443
-0.283254
-0.102250
0.229049
-0.305582
-0.239785
0.048335
0.158838
-0.527402
-0.454668
0.088747
-0.572096
-0.508468
-0.387810
-0.075188
-0.298800
0.895868
0.123900
-0.301445
-0.083202
0.219922
0.266009
0.351681
-0.350728
0.473970
0.317674
-0.086303
-0.062370
-0.254048
-0.098477
0.107236
0.174466
0.225759
0.202943
-0.104513
0.279173
0.569368
0.174029
-0.251534
-0.259008
-0.245873
0.021563
0.369944
-0.000023
0.435824
0.065897
0.442353
-0.580363
-0.329969
0.069774
-0.544305
-0.300258
-0.109943
0.136464
0.221359
0.115027
0.087134
-0.217607
-0.074352
-0.034721
0.437088
-0.286968
0.045441
0.108188
-0.360576
-0.276135
0.247730
0.067332
-0.036022
0.168840
0.135399
-0.200394
-0.708257
0.039798
0.176454
0.539703
-0.517561
0.016992
-0.168026
0.214246
-0.595109
0.382335
-0.113107
-0.078858
-0.980051
0.040115
-0.025749
-0.168794
0.218924
-0.209351
-0.084521
0.180627
0.276187
0.002198
-0.114900
0.290624
0.218689
0.110120
-0.007712
0.356567
-0.327076
0.340696
0.331778
0.094553
0.368297
0.005438
-0.111949
-0.000115
-0.007450
0.165724
0.024281
0.048283
0.094248
0.122765
-0.062732
-0.117727
0.004662
0.162218
-0.042623
-0.350219
-0.112205
-1.088262
-0.012106
0.632029
-0.308178
-0.545457
0.327070
0.281699
0.752061
0.025971
-0.455583
0.309982
-0.140742
-0.264334
-0.108733
-0.051772
0.136715
0.048266
0.089828
0.072660
-1.168797
0.122763
-0.252788
0.258276
-0.296068
0.135139
0.800730
0.066291
0.111555
0.424640
-0.074150
0.074087
0.580240
-0.178161
-0.064495
0.116880
0.185363
-0.330771
0.041932
0.144467
-0.375243
0.222607
-0.074445
0.173527
0.175363
-0.376247
-0.613725
-0.414308
0.190677
-0.264080
1.036293
-0.244826
-0.338287
-0.392602
0.010629
0.141463
-0.135061
0.364994
0.110863
-0.327509
0.113983
0.143673
0.059169
0.118539
-0.226666
-0.156426
0.062661
-0.181584
-0.296082
-0.432080
0.037056
0.055500
0.648867
0.106259
0.411197
-0.202195
-0.313897
-0.016229
0.386940
-0.163066
0.476841
-0.084855
-0.192719
0.737432
0.251922
-0.153207
0.224137
-0.334952
-0.100668
-0.122550
0.129052
0.012464
0.252817
0.281414
-0.660497
0.041794
-0.264779
-0.111279
-0.120794
0.121858
-0.108224
0.263581
0.624607
-0.148135
0.105914
-0.685722
0.083109
0.415172
0.038861
0.276690
0.231895
0.530980
-0.271596
0.360274
-0.215676
0.335690
-0.100408
-0.150425
-0.502557
-0.196247
-0.223871
-0.217248
-0.331979
0.037522
0.869318
0.008687
-0.009812
-0.231050
-0.004789
-0.596441
1.976894
0.087990
0.053257
0.235019
-0.135976
-0.280552
-0.358658
0.663320
0.139496
0.121767
0.010861
-0.047237
-0.122746
-0.100772
-0.087184
0.201525
0.448876
-0.449821
-0.695101
0.163347
-0.625173
0.057557
0.772627
0.062728
-0.274509
0.043315
0.302292
-0.244412
-0.235287
0.429653
-0.614666
0.480256
-0.150266
-0.392993
0.021694
-0.066352
0.264934
-0.144078
0.297790
-0.194352
0.579872
-0.157884
0.621542
0.237042
0.175595
-0.156725
-0.278201
0.206680
1.836790
-0.527914
-0.097054
0.433860
0.019891
