ORIGINAL Mean: -0.027746
ORIGINAL Variance: 0.936203
Output:
0.571555
0.395678
-0.116792
-0.170911
-0.084131
-0.052737
0.028660
-0.334467
-0.221626
-0.187922
-0.116457
0.010446
-0.046855
-0.018835
-0.252158
-0.010256
0.192268
0.454034
0.126134
-0.067504
-0.141209
0.315636
0.462422
-0.018370
-0.006889
-0.411986
0.381035
-0.101284
-0.407758
-0.132141
0.332353
-0.144005
-0.614654
0.750163
-0.012048
-0.085495
0.067120
0.198034
-0.116194
-0.165342
-0.355398
0.335419
-0.162973
0.356516
-0.298850
0.351529
0.350024
-0.236818
-0.253020
0.312789
0.184297
0.452220
-0.182128
0.904461
-0.306342
0.103036
-0.100510
0.053323
0.026608
-0.244006
-0.043672
0.358237
0.002691
0.032048
-0.166080
-0.140543
0.058291
-0.647187
-0.051125
0.111807
0.299454
-0.203373
-0.011779
0.194465
0.428754
-0.156695
0.329128
0.141136
0.168959
0.130386
0.378642
0.175192
0.273032
0.436562
0.047851
-0.165030
-0.252715
-0.411286
-0.064497
-0.032102
0.466495
-0.122567
0.218434
0.318524
-0.201070
-0.374664
0.306081
0.259019
-0.194495
0.110791
-0.089093
-0.261655
-0.416273
0.153868
-0.118355
0.037952
-0.325468
-0.366475
-0.046695
0.402205
-0.135896
-0.167265
0.231116
-0.012275
0.446803
-0.139571
-0.228876
0.252859
0.058387
-0.377490
-0.077270
-0.007637
0.132475
-0.526585
0.109972
-0.296399
0.016145
-0.008791
0.124384
-0.152529
0.056548
-0.391212
-0.530746
-0.318694
0.049806
-0.130670
0.050099
0.187444
-0.221705
0.124858
-0.027342
-0.380628
0.099421
0.202177
-0.017309
0.594421
-0.519524
0.078313
0.254675
-0.145961
0.110075
-0.434891
-0.095853
0.180419
0.116765
-0.103725
0.115520
0.049709
0.367732
-0.008397
0.315006
-0.825731
-0.039229
-0.061020
0.313499
0.102767
0.087794
-0.166521
0.032459
-0.280583
-0.024740
-0.046851
0.255623
-0.077423
-0.017190
0.198725
0.146014
0.001224
0.105055
0.479947
-0.125228
0.090823
-0.223754
-0.186939
-0.096430
-0.545498
-0.054041
0.111527
-0.000057
-0.176703
-0.287101
-0.138202
-0.178208
0.035709
0.063614
0.268657
-0.098972
-0.130103
0.520599
0.185801
-0.209380
-0.294244
-0.175451
-0.073502
-0.178906
0.057307
-0.204999
0.128091
-0.078481
-0.442464
-0.082527
0.245984
-0.012934
-0.150193
0.029179
0.107778
0.215862
0.090685
-0.295394
0.009950
0.189787
0.792625
0.021048
0.005994
-0.803050
0.120423
0.030604
0.512196
0.221573
0.059031
0.041291
-0.095318
0.089587
-0.271021
-0.035265
0.061233
-0.173953
0.091266
-0.065503
-0.490552
-0.149367
0.144447
0.068521
-1.091777
0.061868
-0.268252
-0.163898
0.400858
0.180484
-0.298015
0.137792
-0.306894
0.109968
-0.285668
-0.459917
-0.250755
-0.420149
-0.111568
-0.119999
0.021057
0.053081
-0.073489
-0.045627
0.178796
0.109395
-0.206813
0.083132
-0.136637
0.030923
-0.072107
-0.062965
-0.146576
0.049493
-0.189111
0.111327
0.223239
-0.134536
0.164487
-0.154789
-0.204034
-0.095522
0.037659
-0.021906
-0.290776
0.071492
0.323262
-0.061590
-0.136150
-0.000436
0.117235
0.160656
-0.223888
0.009539
0.214318
-0.102914
0.189336
0.132887
-0.020163
-0.171423
0.085130
0.179522
-0.050935
-0.167926
0.422793
0.047234
-0.158093
0.527315
0.013721
-0.214789
0.036046
-0.155252
-0.182819
-0.609696
0.212447
0.527593
0.093060
-0.135466
-0.027335
0.664644
-0.014477
-0.003461
0.232414
0.679492
-0.097289
0.312639
0.233514
0.113609
-0.205587
-0.013080
0.005213
-0.045885
1.976019
-0.464666
0.547152
-0.174769
-0.181107
-0.099796
-1.068940
-0.143315
-0.167458
-0.451765
-0.070043
-0.271749
-0.388842
0.129795
-0.076462
-0.468764
-0.490499
0.193604
0.186675
-0.139193
0.150251
0.101786
0.467172
0.105967
0.034504
-0.040946
0.049773
0.245485
0.220562
-0.018501
0.004433
-0.058441
0.240705
0.278026
0.155308
0.010831
0.082003
-0.172010
0.681138
-0.109508
-0.155878
0.195909
0.028079
0.032957
0.085756
-0.483937
0.117978
-0.203844
0.054678
-0.027281
-0.031317
-0.549931
-0.142418
