ORIGINAL Mean: 0.027869
ORIGINAL Variance: 0.934164
Output:
-0.058850
0.088152
0.243075
-0.052819
-0.146560
0.068724
-0.112594
-0.260556
-0.299969
0.128781
0.190227
0.277279
-0.283553
-0.029982
-0.325394
-0.117405
0.097448
0.018399
0.031139
0.011253
0.092272
-0.421654
-0.113959
0.222446
0.407964
0.343693
0.371759
0.008791
0.078666
0.035182
-0.235731
0.147639
0.045582
-0.108825
0.473524
-0.067870
0.066732
-0.742156
0.011578
0.122212
0.282406
-0.065360
0.315863
0.044826
0.238628
-0.265779
-0.045198
-0.089072
-0.253366
0.249159
-0.273077
0.470422
0.233780
0.346678
0.373783
-0.000494
0.111284
-0.382353
-0.082964
0.080193
0.130797
0.261938
-0.097834
-0.078793
0.313283
-0.148088
-0.229712
-0.381446
-0.531354
-0.027493
-0.246734
0.367508
0.081207
0.201494
0.114395
0.661268
0.232195
0.105438
-0.032302
0.129897
-0.149795
0.226491
-0.361446
-0.272238
-0.232102
-0.155132
-0.067884
0.122889
0.158721
-0.486669
0.286397
-0.291337
-0.050780
0.244566
-0.109862
-0.533895
0.239564
0.414906
-0.015621
-0.185474
0.185836
0.360463
-0.087386
0.348747
-0.588941
0.213900
-0.472628
0.003861
-0.322464
-0.305278
-0.219136
-0.017512
-0.761577
0.441800
-0.710326
-0.066697
0.234950
-0.168727
0.058884
-0.008592
-0.164800
-0.253786
0.143815
0.234173
0.051532
0.053777
0.190795
-0.135865
0.546313
0.103075
0.067037
0.082575
-0.531911
-0.332211
0.087757
0.064643
0.042400
-0.012344
-0.151780
0.019037
0.123112
0.172867
-0.755043
0.509951
0.136526
0.634610
0.252383
0.405330
-0.426519
0.022222
-0.100436
-0.064897
0.186414
-0.020415
0.136677
0.037585
0.309171
-0.101109
0.011170
-0.102616
-0.112264
-1.173937
0.314373
-0.254587
-0.127724
0.102302
-0.087630
-0.035407
0.115489
-0.099014
0.125729
0.119649
-0.085244
-0.116539
-0.090681
-0.111395
-0.125645
0.449733
0.219803
-0.096093
-0.100609
0.149142
0.505277
0.397805
-0.023524
0.468875
0.028166
0.061031
-0.000154
-0.099293
0.173701
0.208085
0.147237
0.066017
-0.093979
0.395135
-0.050776
0.153437
0.423328
-0.120590
-0.226218
0.208740
-0.223234
-0.246249
-0.069196
-0.116560
0.154082
-0.201307
-0.564607
-0.161410
-0.005918
-0.381477
0.031117
-0.033332
-0.335782
-0.160511
0.151143
0.115652
-0.526234
0.326186
-0.017549
-1.106087
0.075581
-0.105425
0.377973
-0.245198
0.322524
-0.966415
0.101885
0.049521
0.222478
-0.398456
0.072501
0.300640
0.181873
-0.365138
-0.261007
-0.072650
-0.051559
0.034272
0.142452
-0.137977
-0.030468
-0.759020
0.342308
0.082114
-0.141834
-0.131868
-0.053695
0.341724
0.601974
0.035651
-0.000191
-0.046192
-0.202442
-0.071037
-0.053188
-0.209011
-0.079595
0.006635
-0.070553
0.062562
0.115458
0.283700
-0.196645
-0.102322
-0.146337
0.344640
-0.329561
-0.150898
0.592701
0.229449
0.079425
-0.543010
-0.076848
-0.247396
-0.191458
-0.283364
0.029522
0.770491
-0.364104
-0.018774
0.014815
-0.133985
0.071030
0.311986
-0.129909
-0.047678
-0.297311
-0.127319
-0.204375
0.198443
-0.567663
-0.045459
0.060178
0.105918
-0.045534
-0.103102
0.148800
0.055435
-0.000410
0.001645
-0.062460
-0.214944
0.034528
0.266351
-0.198376
-0.093910
0.108211
0.075156
0.177387
0.062628
0.690232
-0.170750
0.070728
0.063358
-0.197008
-0.308307
0.563153
-0.314203
0.574873
-0.130892
0.254317
-0.171176
-0.054807
-0.415686
0.063021
0.182111
-0.065762
-0.042482
0.368843
2.210789
-0.012258
-0.051770
-0.101856
-0.221864
0.332465
-0.507345
-0.480546
0.186945
-0.147093
0.159599
-0.103958
-0.084176
-0.183937
0.055239
-0.110088
-0.052400
0.313453
0.200214
0.031701
0.228634
0.058911
0.659932
0.002044
-0.244929
0.083873
0.062497
-0.037085
-0.117480
-0.668530
-0.490741
0.069530
0.150145
0.041824
0.008160
-0.024983
0.021762
-0.002009
-0.029763
0.318542
-0.142830
-0.188336
0.269509
0.155059
0.402396
-0.305678
-0.039355
0.141626
0.003544
-0.419661
-0.280616
0.018111
0.019854
