ORIGINAL Mean: -0.055147
ORIGINAL Variance: 1.033815
Output:
0.096679
0.684637
-0.171240
-0.077405
0.029433
-0.258709
0.355262
0.006884
-0.151229
-0.139931
-0.373214
-0.364880
0.392050
-0.074938
0.299198
-0.080784
0.908662
0.411295
0.273544
0.061182
-0.232625
0.460270
-0.245515
0.074652
-0.018962
0.020977
-0.006909
0.221207
-0.137532
-0.326391
-0.538717
-0.081811
-0.242093
-0.139377
0.461065
-0.073567
-0.490552
-0.323620
-0.007454
-0.086210
-0.675859
-0.085636
-0.119821
0.200114
0.766772
0.054484
0.003683
0.368534
0.338121
0.337821
0.491535
-0.100334
-0.037360
-0.670758
-0.965031
-0.483938
0.539170
0.229387
-0.116938
0.252159
-0.323553
-0.832283
0.621900
0.597562
-0.215361
-0.133961
0.407304
-0.336703
-0.269937
-0.676380
0.776862
-0.157452
0.057447
0.151568
-0.669086
-1.185672
-0.207224
-0.253300
0.123153
-0.740602
-0.015204
0.157859
-0.185653
-0.115391
-0.018747
-0.388938
-0.403970
0.135867
0.675317
-0.185710
0.234607
-0.590371
-0.538493
-0.113307
-0.032095
1.002186
0.278301
-0.298821
-0.206527
0.003216
-0.415225
-0.058186
-0.270199
0.096919
0.022027
0.554050
0.336294
0.228241
0.345623
-0.190690
-0.542537
0.095043
0.573156
-0.176412
0.301584
0.266419
0.640236
1.030124
-0.031015
-0.060504
-0.134750
-0.380219
-0.458665
0.671362
-0.025786
-0.160162
0.233190
0.290565
-0.887011
-0.031840
0.005053
0.038914
0.093245
-0.254534
-0.032234
0.187347
-0.273092
-0.484704
-0.956135
0.192808
0.030559
-0.221638
0.021242
-0.025524
0.377754
-0.224401
-0.778923
0.305033
-0.311377
-0.212196
-0.494607
0.527090
-0.513974
-0.370319
0.228437
-0.249680
-0.556378
0.254962
0.009819
-0.149136
1.292839
-0.023817
0.317862
-0.002407
0.410571
-0.829910
-0.083383
-0.265161
-0.094558
0.004866
-0.203087
0.033030
0.284860
-0.245627
0.228645
-0.113311
0.315659
0.229000
-0.187435
-0.484785
-0.124660
-0.602565
0.012122
-0.056735
0.087051
-0.344168
0.052839
0.587989
0.000123
-0.086581
-0.487494
0.277287
-0.207475
0.024800
0.103065
0.162279
0.005151
-0.205952
0.808400
0.347273
-0.091597
0.412840
0.221379
0.564077
-0.062717
0.044091
0.206092
0.166235
0.277758
-0.295306
-0.221138
-0.723842
-0.061557
0.059500
-0.057486
0.361313
0.584983
0.552824
0.178576
-0.234365
0.445042
0.096288
-0.045234
0.559919
-0.508512
0.334179
-0.079719
0.753752
0.098535
0.138797
0.095938
-0.141075
-0.036308
0.583644
-0.435011
-0.081900
-0.059588
0.000920
-0.103642
0.474640
0.043184
-0.166990
0.111256
0.114631
0.173045
-0.149776
-0.049961
0.516607
-0.116493
-0.169723
-0.060703
0.738328
0.142220
-0.206159
0.099673
0.019879
-0.398914
0.262564
0.471724
-0.078732
0.275294
-0.252861
0.234645
-0.063277
0.108119
0.679317
0.097620
0.071359
-0.202069
-0.116529
-0.217117
-0.741101
-0.583787
0.295535
0.048028
0.013790
0.973534
-0.179384
-0.389096
-0.131229
-0.096262
0.203482
-0.223732
-0.053216
-0.359649
-0.404909
-0.065400
0.264046
0.273050
0.089309
0.220272
-0.011134
0.191080
0.210037
-0.604547
-0.411365
0.299644
-0.028376
-0.765210
0.268514
-0.030483
-0.028009
-0.233691
-0.170469
0.028771
-0.150393
-0.019010
-0.084266
0.219161
-0.165458
-0.093707
0.092714
-1.064285
-0.392598
0.627923
0.009467
0.349087
0.462317
-0.405456
0.278243
0.073105
-0.027950
0.206031
-0.112542
0.746698
-0.057049
-0.058259
0.239845
-0.547548
0.055501
0.074066
1.934621
-0.354059
0.312960
0.382457
-0.143443
0.356854
-0.837108
0.977036
-0.273601
-0.672789
-0.299818
0.025029
-0.234772
0.105007
-0.159952
-0.214847
0.134024
-0.370387
0.293323
0.113842
-0.273332
-0.143213
-0.188628
0.189602
-0.160523
0.075631
0.059087
0.423881
0.143769
-0.953952
-0.090063
-0.251262
0.007368
-0.560381
-0.089316
0.181360
0.326321
-0.023933
1.657887
-0.046663
-1.021727
-0.071673
-0.076538
-0.210515
-0.011027
-0.283084
0.024283
-0.389003
0.368709
-0.058239
0.094095
-0.601912
0.019348
