ORIGINAL Mean: -0.020298
ORIGINAL Variance: 0.862541
Output:
-0.103203
0.112707
0.210579
-0.029195
-0.053213
0.203332
-0.364390
0.157555
0.259381
-0.056360
-0.146643
-0.436138
0.175702
-0.074600
-0.029498
0.062757
-0.075501
-0.289352
0.318581
-0.036427
0.036883
-0.070174
-0.223315
0.158116
-0.296626
0.176411
-0.016496
0.095667
0.390159
-0.286951
-0.017596
0.332631
-0.294914
0.203978
0.116986
0.126881
-0.029729
0.130258
0.038164
-0.030955
-0.006194
-0.129057
0.165008
0.051625
-0.534228
-0.250593
-0.520410
-0.143727
0.032352
-0.213092
0.086497
0.388444
0.526521
-0.616284
0.283980
0.238777
0.012868
-0.324643
-0.311687
-0.034433
-0.069074
-0.136582
-0.120601
-0.009652
-0.076413
0.043435
-0.513109
0.286365
-0.290473
0.062395
-0.032207
0.124495
-0.234816
-0.085468
-0.273190
-0.237430
0.177526
-0.079838
-0.250393
-0.141681
-0.490340
-0.094777
0.174415
-0.619339
0.040256
-0.268622
0.322679
0.273230
0.338430
-0.101332
-0.255514
0.085730
-0.466836
-0.643668
0.069743
-0.275634
0.036647
0.222776
0.155527
0.037269
0.074015
-0.403651
0.456613
0.439586
0.016941
0.002043
0.281616
0.057887
0.068507
-0.063570
0.152213
-0.117349
-0.251725
0.159881
-0.467367
-0.454550
0.047794
-0.272597
0.099933
0.201652
-0.018757
-0.234037
0.208309
0.499613
-0.245756
0.386934
-0.183520
0.231590
0.137982
-0.150125
0.107581
-0.054787
0.252478
-0.146708
-0.152200
-0.029847
-0.001981
0.067547
-0.043422
0.276665
-0.100195
-0.108239
-0.190575
-0.231802
0.017721
-0.489000
0.060079
-0.153051
-0.292962
-0.063742
0.043270
-0.103712
0.046830
0.012153
0.103532
0.100206
-0.747317
-0.158089
-0.539620
-0.121586
-0.291943
0.852250
0.043474
0.117983
-0.287298
-0.082373
-0.018969
0.120816
-0.113061
0.140628
0.043576
0.041959
-0.177060
-0.094619
0.069031
0.009863
0.118401
-0.030404
-0.120631
-0.242911
0.406617
-0.000345
0.445714
0.028156
0.058241
0.072130
-0.027477
-0.415861
-0.000161
0.108806
-0.038983
-0.031945
-0.041281
0.128018
0.188923
-0.461892
0.166706
0.021393
0.103786
-0.334703
-0.553622
-0.067836
-0.029736
-0.009796
-0.268322
-0.247400
0.102495
-0.046108
-0.383250
-0.017694
0.115619
0.148108
-0.213311
-0.067038
-0.135347
0.004146
-0.230215
-0.335965
-0.153617
0.259190
-0.339770
-0.560150
-0.014426
0.278085
-0.021108
-0.328506
0.049433
-0.168614
-0.257794
-0.028481
-0.308900
0.095159
0.130151
-0.171694
0.261281
-0.116458
-0.315636
0.032981
0.135237
-0.289497
0.042592
-0.236404
0.325869
0.959576
-0.052537
0.419443
-0.246543
0.362872
0.043535
0.151598
-0.107329
0.164331
-0.009007
-0.166778
0.238351
-0.085099
-0.017462
0.031821
-0.004741
0.223200
0.058486
0.300457
-0.020868
0.157895
-0.180059
-0.146454
-0.190322
-0.165574
0.423024
-0.110601
-0.132245
0.120944
0.251648
-0.177784
-0.203699
0.059965
-0.060988
0.164232
0.135397
0.291008
0.127724
0.238953
-0.010010
-0.265031
0.388181
-0.390710
-0.027595
0.654964
-0.321377
-0.073075
-0.066484
-0.124530
0.010457
-0.165099
-0.166272
0.054387
-0.177150
0.137601
0.034080
-0.099422
0.259027
-0.109105
0.183308
-0.340427
-0.118081
-0.000445
-0.150494
0.038528
0.181577
0.017004
0.133543
0.051591
0.603340
-0.221326
-0.519459
-0.008238
0.345771
0.064788
-0.414929
0.434976
0.017376
0.247300
-0.130627
-0.241058
-0.043507
0.962304
-0.074489
0.011626
0.469289
-0.115631
-0.176881
1.878232
0.339278
-0.552427
0.292764
0.125298
0.038642
-0.176622
0.090943
0.169212
0.075169
-0.059130
0.212662
0.119188
0.040914
-0.105444
0.234314
0.044163
0.107158
-0.025855
0.119879
-0.105091
0.090629
0.789722
-0.254791
-0.362593
-0.191542
-0.212769
-0.168361
-0.409152
-0.069069
0.174670
0.396272
-0.216334
-0.113018
0.212433
-0.112728
0.211289
0.095396
0.741490
-0.144346
0.329380
-0.062411
-0.332719
0.213919
0.242672
0.012171
0.175524
0.110098
0.020149
0.449748
0.112880
-0.145436
-0.279129
