ORIGINAL Mean: 0.002805
ORIGINAL Variance: 1.015243
Output:
-0.490508
0.406766
0.172819
-0.119799
-0.270681
0.265900
-0.074908
-0.521028
-0.181011
0.370861
-0.028882
0.371347
0.078343
0.046410
-0.105481
-0.011802
0.088792
-0.166206
-0.053816
-0.219791
0.116995
0.105214
0.063820
0.287134
0.047681
0.204004
-0.054230
-0.208159
0.062039
0.195444
-0.296237
0.274804
-0.296201
-0.122650
-0.003153
-0.043447
0.195752
-0.415956
-0.046578
-0.443097
-0.139342
-0.221593
0.058252
0.401262
-0.447247
-0.172849
0.037969
-0.135590
-0.375758
0.247135
-0.040822
0.139470
-0.022635
0.540808
0.353842
0.389383
-0.317817
-0.249307
-0.012462
0.138889
0.234930
-0.105131
-0.361418
0.111057
-0.255571
-0.078150
0.381234
0.205694
-0.552061
0.082106
-0.350222
-0.560556
-0.244368
0.051536
0.667079
0.433611
0.424940
0.085030
-0.073977
0.538264
0.279856
0.123019
0.456410
0.132009
0.060449
-0.699694
-0.242435
0.201940
-0.070744
0.446624
-0.468110
0.532922
-0.158425
-0.141549
0.567537
-0.643520
-0.194610
-0.330417
0.035824
-0.276330
0.833919
-0.580987
0.462355
0.689964
-0.303012
0.253840
0.012959
0.301033
-0.402846
0.124844
-0.085896
-0.026686
0.237796
0.158105
-0.567976
-0.436049
-0.099854
-0.021125
-0.131187
-0.242292
-0.021567
-0.104247
0.340756
-0.255382
0.057011
0.087567
-0.186915
-0.350331
0.027422
-0.327618
0.065060
-0.178275
0.236763
-0.096627
0.136011
-0.045678
0.255701
0.224113
-0.612476
-0.240034
0.102879
0.164200
-0.622407
-0.138768
0.021679
0.087389
0.298376
0.007378
0.060595
0.339520
0.497706
0.062259
0.370204
-0.760403
-0.430672
0.073843
-0.170699
-0.196330
0.033887
-0.071232
-0.078137
-0.220045
-0.128831
0.022883
-0.239265
-0.221430
-0.069448
-0.014395
-0.015183
-0.304281
0.076835
-0.019533
0.053411
0.442870
-0.158720
-0.068007
-0.052875
-0.004658
0.316416
0.366755
0.281356
-0.047740
0.103886
0.477701
0.298029
0.406662
0.144052
0.417220
-0.000140
0.006699
0.247879
-0.118881
0.636037
0.105037
0.135553
-0.288171
0.064175
0.076221
-0.694951
-0.033554
-0.306627
-0.248690
0.220052
-0.464867
-0.516852
-0.096616
-0.129108
0.338607
-0.364632
-0.278334
0.027789
-0.014023
0.196403
0.031193
-0.185615
-0.422140
-0.357936
0.053171
-0.042675
-0.088228
0.420879
-0.977791
-0.185240
1.141006
-0.181695
-0.457379
0.208832
0.054800
-0.167567
0.101694
-0.029280
0.085676
0.049584
0.126974
0.091564
0.230888
-0.431568
0.071451
-0.247065
-0.230714
-0.102499
0.083918
0.395704
0.713942
-0.225491
0.184558
0.294773
-0.572381
0.119479
0.519068
-0.250119
0.315286
-0.140015
-0.199307
-0.257220
0.069415
0.058966
-0.371904
-0.037073
-0.687894
-0.027419
0.764152
0.021712
-0.241100
-0.324130
-0.423021
-0.368870
-0.348940
-0.088174
0.138694
-0.203579
0.709102
0.276807
-0.339345
0.125068
0.091165
-0.719499
0.349801
0.248274
-0.445905
0.002806
0.169478
0.088338
-0.117731
0.039817
-0.465072
0.052701
0.121336
0.677687
-0.060601
-0.085543
0.296038
0.043581
0.740236
0.146554
0.736341
0.056088
-0.088002
-0.061797
-0.406739
0.101475
0.035566
0.058616
0.448775
-0.029353
0.137047
0.123676
0.201409
-0.183384
0.365639
0.125378
-0.457635
-0.896231
0.162069
0.553962
0.027883
-0.067052
-0.354982
0.515043
-0.177717
0.290130
-0.018843
-0.492945
-0.127105
0.223404
0.324863
0.027526
-0.281772
-0.392054
-0.092323
-0.289462
1.922839
0.284064
-0.068246
-0.400385
-0.167810
-0.348514
-0.530723
0.739581
0.097632
0.105334
-0.178350
-0.199176
-0.213623
-0.191437
0.072786
0.172115
-0.271437
0.724708
-0.085717
-0.178945
0.061760
-0.208772
0.824457
-0.182537
-0.048411
-0.175916
0.080896
-0.386328
-0.259099
-0.716415
-0.496463
0.483820
0.140404
-0.060406
0.235617
-0.007756
0.027564
0.335705
0.208165
0.066999
0.281129
0.105691
-0.185098
-0.262665
0.166533
0.694659
0.171920
-0.013441
0.368841
-0.099966
-0.230437
0.196530
-0.153844
