ORIGINAL Mean: 0.015445
ORIGINAL Variance: 0.899298
Output:
0.299278
0.027848
0.238479
-0.245557
0.076712
-0.018134
-0.263598
-0.254693
-0.169044
-0.112372
-0.300748
0.410323
-0.223555
-0.048485
-0.293550
0.076961
-0.557247
-0.567207
0.123631
-0.191897
0.058873
0.059264
-0.459734
-0.110857
0.271679
0.053004
-0.309645
0.065422
-0.282322
0.383934
-0.627418
-1.086345
0.270693
0.469739
0.131306
-0.123718
0.480227
-0.128654
-0.082205
0.096813
-0.058440
-0.239760
-0.090613
0.267334
0.085578
-0.085222
0.052095
-0.129630
-0.188377
0.195132
-0.199160
-0.287839
0.074907
0.858129
0.566829
0.355485
0.018994
-0.272184
-0.150430
0.325026
0.109665
0.348769
-0.102768
0.161960
-0.394691
0.010486
0.601274
0.258398
-0.288835
-0.265033
-0.053806
-0.016260
-0.022080
0.002209
0.676296
-0.148657
0.221027
0.056236
-0.082729
-0.587700
0.244232
0.290612
0.025098
-0.155320
-0.053103
0.284515
-0.324323
-0.355881
0.376897
0.204665
-0.148808
0.693755
0.004359
0.292149
-0.066307
-0.536586
-0.072636
0.264849
-0.082294
0.034159
0.315544
0.130933
-0.132590
0.347521
-0.369804
0.075833
-0.095206
0.447967
0.063915
0.440619
-0.224841
-0.120386
-0.386004
-0.273829
-0.146989
0.146532
-0.019644
0.218297
0.074652
-0.155940
0.013976
-0.160749
-0.066328
-0.195238
0.166898
-0.097921
0.201295
-0.273541
-0.298004
-0.102441
0.034633
0.074479
0.099711
-0.385253
0.022865
-0.050229
0.249048
-0.011896
-0.313361
-0.329326
0.044592
0.239170
-0.758370
-0.363455
0.314131
0.394548
0.137985
0.306652
-0.319846
-0.271824
0.139681
0.269446
0.078855
-0.020697
-0.305216
-0.078303
0.066951
0.204701
-0.071319
-0.013551
0.302596
-0.721442
0.091942
0.005672
-0.090862
-0.250503
-0.094927
0.092352
0.342135
-0.185093
-0.054981
0.056975
-0.062083
-0.084726
-0.198716
-0.074569
-0.178708
0.474674
0.173324
0.177038
-0.194318
0.041817
0.351051
0.267216
0.065611
-0.149245
0.064333
0.212352
-0.000142
0.068426
0.181237
0.119830
0.139276
0.063930
0.045135
0.393895
-0.032951
0.169970
-0.447770
-0.286899
-0.284805
0.245803
0.616578
-0.364852
-0.087046
-0.030984
0.272549
-0.204994
-0.463419
0.575682
0.148280
-0.071079
-0.052838
-0.012911
-0.043433
-0.241003
0.246085
-0.015384
-0.237186
0.121586
0.015899
-0.129983
-0.148654
0.128390
-0.053167
-0.277860
0.067432
-0.743921
0.253893
-0.182716
-0.100921
0.148791
-0.035469
0.124017
0.141053
-0.094183
-0.439558
0.016875
0.375839
0.165945
0.090855
-0.088877
0.176486
-1.305801
-0.001906
0.035407
-0.341102
-0.393652
-0.243597
-0.151088
0.014027
0.327775
0.248297
-0.170863
-0.215510
-0.130815
-0.208318
-0.046772
-0.051681
0.394111
0.413135
0.380904
0.104781
-0.068546
0.007153
-0.516485
0.013619
0.051540
0.238963
-0.054136
0.611389
-0.213129
0.134157
-0.040177
-0.113328
0.009103
0.138954
0.332081
0.161192
-0.196617
0.052071
0.338605
0.123549
0.257281
0.458459
0.495803
-0.036821
-0.215984
0.397921
-0.083814
-0.049644
-0.468630
0.142827
-0.181925
-0.098287
0.182125
-0.129174
-0.079893
0.343350
0.131131
-0.137010
-0.222700
0.019461
0.453880
0.204338
-0.003248
0.071729
-0.100801
-0.312896
-0.029586
-0.079713
0.006484
-0.383653
-0.168920
0.057740
0.343912
-0.344569
-0.552229
0.593854
-0.056008
0.461614
-0.377490
0.004902
-0.199957
0.017688
-0.195636
0.074165
-0.125057
-0.400509
-0.089891
-0.170495
2.120253
-0.023455
-0.325937
-0.034331
-0.256203
-0.059407
-0.989793
0.456450
0.380315
-0.120981
-0.099297
0.117092
0.053097
-0.114581
0.188893
0.326239
-0.078382
0.207559
-0.259015
0.014873
-0.460153
0.134291
0.748645
-0.184378
-0.001309
-0.082046
0.059573
-0.146603
0.017331
-0.259901
-0.244115
-0.350099
0.169188
-0.072405
0.068305
-0.206982
0.121736
0.348131
0.349596
0.052712
0.258289
0.131850
0.026576
0.205299
-0.206502
0.236840
0.387748
0.078219
-0.037906
0.031919
-0.421738
0.167009
-0.075308
