ORIGINAL Mean: 0.035018
ORIGINAL Variance: 0.943070
Output:
-0.051597
-0.036156
0.225214
-0.138048
-0.135233
0.131696
-0.074280
-0.457911
-0.154337
0.306862
0.007159
0.730786
-0.093085
-0.019520
-0.208270
-0.190805
0.069544
0.318148
0.022492
0.122764
0.108413
-0.084657
0.044163
0.210165
0.310522
0.293275
-0.257086
-0.106297
-0.062651
-0.029412
-0.405608
-0.012424
-0.013165
0.255151
-0.679256
-0.079342
-0.104175
-0.168441
-0.025681
0.022233
0.021254
-0.223183
0.257567
0.257645
0.346619
-0.159988
0.044606
-0.111779
-0.306972
0.251330
-0.276728
0.211658
0.143858
0.433689
0.365436
0.262204
-0.289747
-0.200914
-0.187914
0.032578
0.122623
-0.621094
-0.463738
0.506711
-0.113653
-0.258910
0.307514
-0.080191
-0.868487
0.750639
-0.204817
-0.099382
-0.099111
0.279911
0.568378
0.328300
0.409973
-0.003582
-0.055949
-0.149456
0.184704
0.111980
-0.299768
-0.052834
-0.179277
-0.303927
-0.174150
0.033615
0.289158
-0.210048
0.218687
0.089331
-0.067512
0.000852
-0.513952
-0.792245
0.336714
0.165115
0.044230
-0.166085
0.437996
0.173619
0.119175
0.623635
-0.546476
0.124341
-0.481727
0.193325
-0.599799
-0.454152
-0.377677
-0.046848
-0.606839
0.228118
-0.519523
-0.417898
0.398051
-0.137297
0.035708
-0.237905
-0.083574
-0.238837
0.196272
0.220088
0.042280
0.106919
0.014822
0.147879
0.279105
-0.558587
0.078816
0.086864
-0.149316
-0.050580
0.175674
-0.245488
0.046437
0.232009
-0.013684
-0.050430
0.285207
0.408810
-0.902667
0.039510
0.126961
0.487385
0.206188
0.149259
-0.392418
0.383368
0.374102
0.148677
0.473490
-0.014984
-0.059951
0.020747
-0.049783
-0.208488
-0.026902
-0.068283
0.178933
-1.019032
0.298816
-0.067745
-0.193584
0.109397
0.037572
-0.000702
0.098700
-0.208596
0.085692
0.143720
-0.041945
-0.180187
-0.007795
-0.107169
0.001282
0.405421
0.211741
0.278404
0.074679
-0.102756
0.479811
-0.192276
-0.008356
0.674101
0.045207
0.036132
-0.000151
-0.060765
0.548116
0.180595
0.569340
0.115642
0.042192
0.243197
-0.011041
0.191466
-0.611470
-0.254209
-0.211058
0.327130
0.331147
-0.307437
0.226603
-0.074727
0.528978
-0.225656
-0.518940
0.196142
0.033297
-0.074461
0.033074
-0.164480
-0.335593
-0.301683
-0.176632
-0.037859
-0.174294
0.266041
0.185417
-1.054675
-0.054306
-0.025068
0.188595
-0.354955
0.301155
-0.984310
0.081106
-0.105839
0.124374
-0.223871
0.028519
0.006671
0.246703
-0.143527
-0.544090
-0.093573
0.057036
-0.286330
0.092625
0.015445
0.064793
-0.382609
0.112335
0.124080
0.145526
-0.427013
-0.037640
0.305514
-0.036239
0.632818
0.084203
-0.216663
-0.044957
0.017179
-0.039507
-0.283603
-0.288090
-0.085075
0.140925
0.057311
0.118712
0.044539
-0.114227
0.073313
-0.141328
0.118804
-0.458600
-0.108246
0.380136
-0.079359
0.375065
-0.210802
-0.070666
-0.435179
-0.635005
-0.518549
0.019261
0.668115
-0.197582
-0.192944
0.078980
-0.123762
0.512647
0.393729
0.062024
-0.025709
0.230866
-0.105662
-0.243063
0.103223
-0.450025
0.054226
0.110425
0.139699
0.020974
-0.047629
0.308454
-0.046528
-0.106156
-0.029001
0.069310
0.332438
0.058002
0.131132
-0.154688
-0.069743
0.133138
0.191089
0.117764
0.185442
0.126644
-0.000397
-0.177513
0.145606
-0.343280
-0.592125
0.601778
-0.062964
0.553352
-0.797076
0.150731
-0.211400
-0.428278
-0.408314
0.087080
0.103769
0.109609
-0.009327
0.285179
2.095503
-0.070818
-0.136517
-0.309880
-0.233204
-0.495194
-0.608072
-0.493894
0.185034
-0.195535
-0.071907
-0.105801
-0.381017
-0.111911
0.121977
-0.325179
-0.250657
-0.119923
0.123002
-0.037088
-0.170723
0.044189
0.715663
-0.144814
-0.172289
-0.022493
0.127927
0.072409
-0.124073
-0.374503
-0.520261
-0.009723
0.176784
-0.165802
0.190596
-0.129926
0.043313
0.210273
0.006110
0.296209
-0.149257
0.008341
0.569012
0.081797
0.562212
-0.043877
-0.153151
0.145184
0.047777
-0.168445
-0.204495
0.258313
0.196758
