ORIGINAL Mean: -0.038280
ORIGINAL Variance: 0.921317
Output:
-0.046033
0.173948
-0.121328
-0.119304
-0.082653
0.049061
-0.049738
0.076725
0.174199
0.115793
-0.224396
-0.474470
0.702671
0.008671
0.530841
0.066031
0.248322
0.186609
0.293077
0.381356
-0.224297
0.379765
0.202679
-0.417122
-0.256190
-0.258219
-0.620312
0.256867
-0.085010
0.056583
0.451370
0.622147
-0.308941
0.001527
-0.098410
-0.056413
-0.050291
0.235117
-0.035412
0.032540
0.257975
0.116904
-0.027427
-0.293945
0.165149
0.016327
-0.340098
0.225926
0.225167
-0.402409
0.790316
-0.047782
0.080808
-0.582830
-0.176516
0.101635
-0.089681
0.033831
-0.376746
0.009645
-0.123742
-0.776605
-0.091956
0.144495
-0.062984
0.041330
-0.291628
-0.627084
0.608504
-0.204887
0.377867
-0.038554
-0.150059
-0.053154
-0.361835
0.075139
-0.129752
-0.231506
-0.044725
-0.291657
-0.187104
-0.164503
0.062719
-0.003803
0.022096
0.174674
0.181029
0.182761
0.228417
-0.207756
0.032376
0.030800
0.195001
-0.244591
0.272252
0.406752
-0.133585
0.387242
0.292619
0.184742
-0.633450
-0.296479
0.089530
0.099981
0.056841
0.308601
-0.103376
0.388894
0.433526
0.476257
-0.020280
-0.084549
0.204362
-0.751712
0.204557
0.309605
0.388265
-0.035139
-0.169749
0.425305
-0.071568
-0.165652
0.098504
0.609742
0.010525
-0.075259
-0.423082
0.621132
-0.171963
0.260359
0.063964
0.263952
0.110925
0.257326
-0.206116
0.051713
-0.225234
-0.067977
-0.289830
0.071319
0.291425
-0.613420
0.387892
-0.180722
0.122897
-0.593850
0.100276
-0.331409
-0.478035
-0.076385
-0.017468
0.026840
0.103639
-0.272080
0.460710
-0.039769
-0.266747
0.130281
-0.437344
-0.093402
-0.431998
0.642931
0.204480
0.272915
0.092568
0.131501
0.106827
-0.037747
-0.186198
0.195976
0.143518
-0.116452
-0.061681
-0.167019
0.168493
0.021461
0.013648
-0.229170
-0.394932
-0.180747
0.215990
0.052752
-0.224938
-0.204591
-0.100242
-0.346050
-0.115649
0.048570
0.000162
-0.093228
-0.462713
-0.012016
-0.251284
0.070711
0.129009
-0.362630
0.444064
-0.249909
-0.038430
-0.138669
-0.332207
-0.224303
-0.654026
0.356817
-0.017219
0.024875
0.035357
-0.204283
-0.263147
-0.354649
-0.149496
0.313153
-0.082992
-0.059629
0.038747
0.053868
0.012700
-0.199297
0.304512
0.093682
0.196327
0.557255
-0.175971
0.411914
-0.647076
0.402118
-0.096651
0.202538
-0.301368
-0.296864
-0.253337
0.259612
0.048428
-0.169664
0.140171
0.317797
0.248121
-0.160106
0.457815
0.388732
-0.015970
-0.212747
0.098859
1.090222
-0.408523
0.057107
0.139816
0.072474
0.031473
-0.232210
-0.457783
-0.334671
0.025649
-0.115774
0.257729
-0.015829
-0.027761
0.367961
0.257695
-0.080317
-0.046800
-0.038995
0.035928
-0.355300
-0.009533
0.120309
0.217403
-0.370718
0.236047
-0.029112
-0.396595
-0.439665
-0.217353
0.150517
-0.137899
0.212978
0.624066
-0.055815
-0.215453
-0.289729
0.252129
0.047008
-0.219922
0.108110
0.153683
-0.482814
0.121208
-0.080681
-0.572883
0.005742
0.272887
-0.239704
0.234088
-0.510143
-0.015946
-0.208023
-0.049283
0.243294
-0.616935
0.063960
0.426842
0.094621
-0.146089
-0.135547
-0.051784
-0.279319
0.109026
-0.089836
-0.052523
-0.166691
-0.069853
0.320360
-0.381739
-0.033439
-0.053037
0.205199
0.399431
0.411325
-0.553812
0.229678
-0.144725
0.054655
-0.299764
-0.115020
0.056884
0.429231
-0.069228
0.172382
0.338904
0.057354
0.023719
1.733073
0.122473
-0.283254
0.155032
0.210226
-0.249208
-0.096202
-0.002698
-0.333003
0.213440
-0.106223
0.304845
-0.213946
0.171597
0.142787
-0.289296
-0.209643
-0.333253
-0.283375
0.056703
0.281110
-0.302402
0.139543
-0.120843
-0.214528
0.129875
-0.428619
0.423140
-0.338478
-0.009023
0.505759
0.024845
-0.002783
-0.310901
0.169057
0.126363
-0.119351
-0.107279
0.959510
-0.018186
-0.532996
0.297098
-0.472609
-0.190763
-0.337303
0.115518
-0.139869
-0.248467
0.038722
0.581514
0.629451
-0.059563
-0.025817
