ORIGINAL Mean: -0.008896
ORIGINAL Variance: 0.823444
Output:
0.441639
-0.101268
0.237927
0.135008
0.024614
-0.082201
-0.014587
0.113041
0.071134
-0.099467
0.381647
0.185705
-0.307004
-0.106505
-0.322116
0.035388
-0.689129
-0.514633
-0.058274
-0.133362
0.042797
0.055573
-0.226600
0.145905
0.398953
0.068978
-0.204810
0.423303
-0.311336
0.007110
-0.217530
-0.295806
0.254060
-0.537531
-0.029309
0.020494
-0.352319
-0.194467
-0.037556
-0.058343
-0.377553
-0.034922
0.131161
-0.153570
0.089867
-0.099311
-0.110993
0.316684
-0.044495
0.044637
-0.655909
0.041400
0.181661
0.881708
0.307319
-0.080864
0.031995
-0.150629
-0.017966
0.374302
0.111306
0.403038
0.050048
0.301130
0.139411
0.087013
-0.076624
0.220169
-0.183446
-0.155754
0.237090
0.071471
0.233909
-0.229928
-0.268160
0.544339
-0.319646
0.122154
-0.127445
-0.058035
-0.058474
-0.196314
-0.124910
0.112355
-0.287969
0.520315
-0.218628
-0.006318
0.010023
0.187793
0.177610
-0.113840
-0.368132
0.523375
-0.007017
0.150106
-0.147612
-0.068557
-0.129266
0.052913
0.079732
0.712097
-0.269903
-0.403991
-0.235294
0.057532
-0.150847
0.000793
-0.298327
-0.429038
-0.020890
-0.036338
-0.336745
0.378152
0.044908
0.230294
0.023534
0.066402
0.130355
0.145225
0.004041
-0.034924
-0.272886
-0.278798
0.086649
-0.297601
0.386582
0.021998
-0.085708
0.248805
0.010314
0.418875
0.069573
-0.114294
-0.028221
0.096051
0.164352
0.201622
-0.057808
-0.233569
-0.185191
0.356371
-0.049557
-0.023925
0.209571
-0.093557
0.490137
0.293105
0.031586
-0.001291
-0.180473
0.031913
-0.136055
0.167066
-0.086891
-0.164034
0.462192
0.231014
0.150985
-0.107959
0.049766
-0.217633
-0.128843
-0.130284
-0.051686
-0.115144
-0.073792
0.119913
0.466402
0.104977
0.166849
0.245079
-0.206524
-0.305874
-0.364106
-0.071245
-0.263392
0.254687
0.093210
-0.229388
-0.597185
0.262898
-0.085895
-0.125457
0.022562
-0.046887
-0.027013
0.406644
-0.000243
0.140780
0.052829
0.220021
-0.325397
0.026965
-0.079667
0.527635
-0.007136
-0.157229
-0.022509
-0.501978
-0.331822
0.236681
-0.078262
-0.040786
-0.052775
-0.046783
-0.080395
-0.192690
-0.282626
0.220402
0.160081
-0.369383
-0.205731
0.119543
-0.066431
0.029336
0.053017
0.118580
0.023074
0.256548
-0.030958
0.029345
0.090061
-0.633661
0.100636
0.227177
-0.024544
-0.549246
0.075065
0.037931
-0.090690
0.075593
0.113847
0.455393
-0.137496
-0.147566
0.260578
-0.014951
0.047951
-0.183884
0.222674
0.281198
-0.105857
-1.276280
0.172374
-0.046644
-0.044797
0.026768
-0.214857
-0.226069
0.256038
0.000991
0.153132
0.079896
-0.124407
-0.147175
-0.224692
0.121908
0.181387
0.338275
0.235324
-0.155024
0.062827
-0.020286
0.017668
-0.142930
0.045697
-0.199217
0.034755
0.044130
0.533695
0.062262
-0.230345
-0.247583
-0.073413
-0.403340
0.169983
0.011956
-0.024545
-0.057062
0.070200
-0.058693
0.060895
0.393632
0.474294
-0.057450
-0.128967
0.025184
-0.163677
-0.224900
-0.035153
-0.315591
-0.003053
0.115294
-0.088328
0.094680
-0.190328
-0.129873
-0.007898
0.305382
-0.294885
-0.147294
-0.215852
0.068932
0.157366
-0.185644
0.059069
-0.114685
-0.124454
-0.267540
-0.145521
0.037467
0.533560
-0.328781
0.259068
0.131271
-0.056316
-0.399808
0.234903
0.145922
0.325887
-0.158455
0.174266
-0.031096
0.292828
0.029885
0.006440
0.056426
0.135651
-0.008825
-0.308825
2.267027
0.048574
-0.341994
0.031886
-0.156378
0.103991
-0.688098
0.139403
0.421322
-0.302667
0.311527
0.016816
0.078523
-0.100807
0.281072
0.013905
0.108134
0.209681
-0.402255
0.106538
0.120626
0.138955
0.583310
0.094134
0.328196
0.096650
-0.060759
0.113304
0.016376
-0.069387
0.035791
-0.090639
0.131094
-0.208559
-0.482755
-0.236068
-0.125282
-0.127697
0.465948
-0.085332
-0.025227
-0.256652
0.211105
0.242576
0.281772
0.017170
-0.141508
0.121529
-0.423991
-0.363847
-0.212999
-0.069384
-0.100288
