ORIGINAL Mean: -0.081388
ORIGINAL Variance: 1.071797
Output:
-0.204215
0.972520
-0.036022
0.157617
-0.069660
-0.210712
0.055503
-0.029821
-0.255191
-0.278813
-0.421721
0.310219
-0.069249
-0.019770
-0.230879
-0.036572
0.025360
0.623114
-0.341412
0.638854
-0.008641
-0.279027
-0.322866
0.195593
-0.055962
0.031408
-0.211329
0.245404
0.296940
0.035700
-0.828412
-0.691560
0.583481
-0.542653
-0.256705
0.167692
-0.707772
-0.198004
-0.065283
-0.021214
0.052477
0.278936
-0.095460
0.149478
-0.024934
-0.042260
0.085342
0.347504
0.242631
0.213739
0.321680
-0.013910
-0.153148
0.299971
0.230425
-0.430074
0.032406
0.553983
0.211543
0.032322
-0.142308
0.002812
-0.152478
0.005345
-0.679169
-0.055461
-0.327549
-0.435617
0.452706
-0.038291
-0.253911
-0.060019
0.044378
-0.138449
-0.537233
-0.340384
-0.249619
-0.156887
0.117044
-0.459017
-0.190263
-0.017438
-0.111467
0.130145
0.094111
0.259217
0.046818
-0.043555
0.528854
-0.814996
0.979684
-0.196394
-0.027597
-0.086488
-0.090440
0.356413
-0.133177
-0.098380
-0.004350
-0.119694
0.348491
-0.545690
-0.266138
-0.233081
0.233162
0.288424
0.189287
-0.358031
-0.032876
0.161620
-0.045123
-0.057170
0.169453
0.478473
-1.017261
-0.150426
0.156721
0.721409
-0.099658
0.078915
-0.166642
0.076137
-0.108428
-0.325105
-0.113710
-0.271591
0.075809
0.204133
-0.287067
0.013010
0.036621
-0.081560
0.191797
-0.359479
0.198517
0.222852
-0.274807
0.005454
0.699069
0.126440
-0.007349
-0.233063
1.049569
-0.220078
0.079416
0.092389
-0.173985
-0.085007
-0.040234
-0.045482
-0.420952
-0.223866
0.600559
-0.376978
0.865435
0.034957
0.392985
-0.163774
0.123033
-0.144112
-0.430246
0.460595
-0.034032
-0.223766
0.005169
-0.096081
-0.250918
0.049818
-0.160348
-0.033755
-0.264043
-0.106582
0.345559
0.078515
-0.165353
-0.052695
0.422378
-0.631552
0.089551
0.030858
-0.065273
-0.723203
-0.273934
0.258436
0.089468
0.298732
0.119225
0.541128
-0.000028
-0.066902
-0.338103
-0.424575
-0.083286
0.022413
0.169433
-0.157254
-0.043700
-0.277978
1.336867
0.533282
0.001351
0.304688
0.158019
0.036924
0.428019
0.094886
-0.089690
0.599056
0.818798
-0.322877
-0.146071
0.026686
0.497348
0.155583
-0.177550
0.059455
-0.123623
0.418566
-0.566409
-0.134769
-0.336808
0.070707
0.038338
-0.013427
0.108547
-0.539071
-0.134152
0.839855
-0.026522
0.285404
0.232540
-0.294148
0.180648
0.033722
-0.222809
-0.060136
0.640554
-0.087505
-0.999341
0.270137
-0.172681
0.028649
0.004563
0.087028
0.211766
-0.187790
-0.578521
0.414798
-0.070770
-0.239742
0.395476
0.466761
0.022786
0.112372
-0.038327
-0.050284
0.069626
-0.100538
-0.244146
-0.014864
0.538764
-0.089282
-0.128212
-0.330292
-0.116812
-0.231783
0.157914
-0.158182
-0.055509
0.049521
-0.282865
0.114980
-0.292848
-0.493679
-0.588111
-0.370903
-0.100365
0.328863
0.003370
0.454134
-0.198260
0.142341
-0.178534
0.069266
0.659709
-0.728422
-0.225085
0.132615
-0.811028
0.117111
0.073348
0.185892
-0.080737
0.627819
0.002553
-0.240190
0.173878
-0.116752
0.185641
0.064739
-0.258495
0.520717
-0.203258
-0.179539
-0.036059
0.072234
-0.285759
0.232680
-0.071449
-0.331942
-0.089350
0.649570
0.356522
-0.017983
-0.414124
-0.364839
0.169706
0.260026
-0.127527
0.130361
-0.523745
0.532842
0.535296
0.038700
0.320330
0.175641
0.012398
-0.090593
0.033507
-0.055705
-0.384827
2.087311
0.007693
0.529935
-0.283882
-0.149456
-0.162952
-0.109204
0.300558
-0.138206
-0.197093
0.327490
-0.517470
-0.554863
-0.215963
0.207707
-0.869646
0.160610
0.334916
-0.483488
0.087222
-0.479437
-0.137541
-0.069354
0.388082
-0.178672
-0.148116
0.119834
0.060964
0.215042
-0.088332
0.068224
0.615793
0.031163
0.308814
-0.351734
0.035939
0.300970
-0.290629
2.388126
0.013284
0.505211
-0.143297
0.714530
0.083829
0.126052
-0.185398
0.012960
0.138874
0.031411
-0.717509
-0.042260
-0.094100
-0.117675
