ORIGINAL Mean: -0.004501
ORIGINAL Variance: 1.013261
Output:
-0.533801
-0.133545
0.133448
0.001805
0.313047
-0.200252
0.105014
-0.185682
-0.062024
-0.250310
-0.176101
-0.296592
-0.066081
0.192916
-0.076459
-0.016659
-0.173715
0.475332
-0.355135
-0.809768
-0.006609
0.100791
0.004198
0.022587
-0.224139
-0.039968
0.038653
0.004994
0.077373
-0.049528
-0.722277
-0.252584
0.332693
0.334631
0.037036
0.092125
0.056294
0.307176
-0.128842
0.365562
0.290061
0.227223
-0.407732
0.149104
0.104441
0.016746
0.259844
0.170787
0.240316
0.226679
0.093697
0.092037
-0.196790
-0.243144
0.173664
0.098909
0.053870
0.197718
0.221749
-0.011241
-0.218583
-0.045529
-0.226213
-0.018880
-0.085024
-0.076716
-0.411898
-0.741468
-0.063121
-0.123251
-0.412939
0.040619
0.013911
-0.030826
0.022791
-0.485865
0.040877
-0.143674
0.221443
0.500798
0.187277
0.331099
-0.015153
-0.328866
0.297111
0.304263
-0.050662
-0.354829
-0.090392
-0.159490
0.103004
-0.267852
-0.066754
-0.397496
-0.218779
-0.049916
0.314255
-0.364246
0.163367
-0.053440
-0.335154
0.021523
0.022512
-0.077050
-0.134239
-0.292395
0.349596
-0.357017
0.361851
-0.129499
0.076205
0.060808
0.755284
0.480904
-0.785935
-0.079757
-0.013118
-0.229055
0.027628
-0.139953
-0.243347
0.144830
0.126496
-0.021669
0.135992
0.128935
0.045584
0.194183
-0.643454
-0.117480
0.053548
-0.400326
-0.591003
-0.155565
0.223274
0.150871
0.058840
-0.228816
0.189343
-0.154753
-0.090396
0.093395
0.752716
-0.159939
-0.151179
-0.021933
-0.492659
0.190747
0.533353
-0.241816
0.213340
-0.208341
-0.631341
-0.562384
0.049175
0.145675
0.174642
-0.589543
0.044874
-0.070241
1.008508
-0.325426
-0.022406
-0.151430
0.054099
-0.379932
-0.022122
-0.018579
-0.325279
0.082610
-0.182379
-0.220623
0.360829
0.173424
0.046986
0.030979
0.523007
-0.368494
0.042635
0.067997
0.258831
-0.425251
-0.217101
0.311985
-0.034713
-0.360282
-0.033615
-0.039508
-0.000007
-0.104191
0.420893
-0.373903
-0.001574
0.099436
0.117811
-0.066534
-0.177006
-0.066015
-0.381054
0.331609
-0.233450
-0.283782
0.198132
-0.007257
0.470720
-0.056797
-0.067684
0.612312
0.852015
0.156078
0.007308
-0.386788
0.524408
-0.083158
-0.008927
-0.068449
-0.260757
0.182608
-0.502592
0.008963
-0.212025
0.083366
-0.086955
0.225510
0.148626
-0.587696
-0.038480
0.740734
0.166768
0.007653
0.461697
-0.034695
0.185491
-0.240636
-0.043310
0.010271
0.674872
-0.013498
-0.533240
0.040786
-0.086742
-0.152957
-0.051629
-0.527092
0.156651
-0.098082
0.127097
-0.194664
-0.191392
-0.253064
0.058325
0.222604
-0.115304
-0.376198
0.056619
-0.036758
0.079489
-0.151102
0.007382
-0.087576
-0.467121
0.141658
-0.118680
0.033774
0.258025
0.213426
0.104082
0.139938
-0.267396
-0.112477
-0.865089
0.008475
-0.080803
0.289066
-0.095532
0.371589
-0.703537
-0.333114
-0.048932
-0.239739
-0.151094
0.463369
-0.260374
-0.089316
0.128243
0.510357
-0.182478
0.300191
-0.032466
0.098501
-0.023479
0.077521
0.436805
0.263408
0.071746
-0.494218
0.108222
-0.161324
-0.696707
-0.149466
-0.035873
0.114970
0.199672
0.081000
-0.124619
-0.050759
-0.326777
0.164775
0.218345
-0.242840
0.062025
-0.240052
-0.321278
0.071923
-0.445266
-0.289232
0.148325
-0.243776
-0.176282
-0.379888
-0.864225
-0.084636
-0.143961
-0.182566
0.176688
0.547929
0.101244
-0.129714
-0.022204
0.089101
-0.492507
1.952551
0.288916
0.620225
0.305882
-0.137182
1.016253
-0.454646
0.471190
-0.093551
0.312645
0.176549
-0.187009
-0.273529
0.047873
-0.080045
0.416709
0.216311
-0.845370
0.042543
0.100416
-0.849257
0.093663
0.814122
0.293325
-0.432925
-0.063368
0.310348
0.007121
0.020043
0.112638
-0.199683
-0.439998
-0.031995
0.366378
-0.092002
0.001936
0.099482
-0.273248
0.057354
0.061144
0.525286
0.076714
0.580204
0.098614
-0.347371
-0.010643
0.212929
0.137899
0.691683
-0.703523
-0.132149
0.630646
0.143108
