ORIGINAL Mean: -0.004086
ORIGINAL Variance: 0.843324
Output:
0.662684
-0.674916
0.171859
0.011187
-0.078123
0.002794
-0.152592
0.034873
-0.126209
0.137601
0.141183
0.045016
-0.197648
-0.297209
-0.359448
0.196773
-0.545284
0.076342
0.132989
-0.387062
0.024411
-0.005477
-0.045497
0.114183
0.069725
-0.167520
0.290031
0.196028
-0.237512
-0.107561
0.104541
0.186716
-0.341099
-0.313774
-0.270499
0.043111
0.100993
-0.060865
-0.043891
-0.150291
0.210486
-0.047623
-0.180597
-0.258661
-0.292358
0.024964
-0.126100
-0.119427
-0.195239
-0.406935
-0.117776
0.171540
0.044560
0.924202
-0.059825
0.308201
0.185823
-0.501016
-0.099003
-0.107492
0.129204
0.220243
-0.335583
0.056123
0.295231
0.014541
-0.414835
0.456695
-0.209250
-0.633879
0.419842
0.671208
-0.035096
-0.086801
0.236482
0.273824
0.025555
0.007038
-0.275686
0.139448
-0.323731
-0.258867
0.154958
-0.108071
-0.263178
0.074976
-0.107996
0.181019
-0.055832
0.322346
-0.044796
0.426334
-0.297160
0.456400
-0.303135
-0.083559
-0.142477
0.403157
0.247720
0.156617
-0.013979
0.171366
0.240259
-0.244019
-0.216315
-0.258145
-0.396284
0.045706
-0.272713
-0.011549
0.218439
0.017796
-0.207811
0.107217
0.082614
0.011618
0.197680
-0.069327
0.082648
0.159913
0.158307
-0.056477
-0.159244
-0.157802
0.053903
-0.185723
0.191250
0.244743
0.252231
0.211494
0.040994
0.336592
-0.119064
0.102572
-0.079979
-0.037927
0.266129
0.123060
-0.132013
-0.029951
-0.089908
-0.094412
-0.003138
-0.080476
0.231206
-0.170680
0.532013
-0.239099
-0.037976
0.058520
0.069128
-0.025727
0.129936
0.197223
-0.142173
-0.090416
-0.362939
0.135921
-0.158590
-0.174252
-0.703650
0.631011
-0.257525
0.106003
0.016684
-0.086324
-0.048832
0.377391
0.334164
-0.259576
0.071202
0.363963
-0.340206
-0.115939
-0.117618
0.037276
-0.298279
-0.249999
-0.168241
-0.501575
-0.217627
0.342783
-0.140579
-0.063588
0.150696
-0.064533
0.221912
-0.539783
-0.000323
0.210199
-0.491868
0.557497
-0.179486
0.062494
-0.036498
0.012737
-0.156319
-0.136413
0.176662
-0.270895
-0.373371
0.007935
-0.330071
-0.147477
-0.216424
-0.039155
-0.400320
-0.499320
-0.193050
0.350255
0.171380
-0.269228
-0.185046
-0.288690
0.103139
-0.327914
0.099271
-0.300687
0.313621
0.075559
-0.105390
0.454173
-0.172269
-0.383334
-0.167605
0.395432
-0.042159
-0.644475
0.073403
0.019926
-0.555096
0.157769
0.003316
0.168735
0.258472
0.098779
-0.150151
0.288525
0.378964
0.188132
0.127584
0.573980
-0.133097
-0.116489
-0.344359
0.195512
-0.001145
0.097769
0.123604
-0.086311
0.350019
-0.280838
-0.130646
0.277751
0.180003
-0.138503
0.021190
0.143253
-0.017965
-0.115883
-0.333015
0.098433
0.119541
0.296499
-0.234407
-0.065488
0.033382
-0.271628
-0.144217
0.262726
0.623385
-0.308751
-0.293950
-0.038723
-0.112171
-0.144890
0.281724
0.277899
0.083269
0.182928
0.460471
0.054559
0.206489
0.082796
0.241219
-0.094581
-0.020259
0.237905
-0.581311
-0.085851
-0.003837
-0.139958
-0.134605
-0.197343
0.081791
0.307133
-0.142396
0.104216
-0.050999
0.051431
0.176410
-0.095201
-0.063375
-0.147567
0.174686
0.033422
0.694275
-0.117994
-0.308869
0.156616
-0.025640
0.020593
-0.299329
0.042533
-0.286939
0.321755
-0.081957
-0.270810
-0.069824
0.295416
0.403235
-0.319071
-0.193129
-0.012356
-0.178755
0.308814
-0.071258
-0.189243
0.005259
0.025976
-0.063984
1.969259
0.655829
-0.691703
0.365867
0.104440
-0.115313
-0.056901
-0.070554
0.242981
-0.451603
0.008046
0.036934
0.161045
0.049501
0.252079
0.089318
0.000791
0.048676
-0.193479
-0.252461
0.333575
-0.091767
0.520783
-0.319923
0.317086
-0.157561
-0.334589
-0.224137
-0.088769
0.610788
0.300575
-0.261377
-0.089841
0.108891
-0.127039
-0.268789
-0.451615
0.061810
0.693263
0.162992
-0.390683
-0.059805
-0.281002
0.311618
-0.098607
-0.244805
0.301402
-0.039148
-0.316053
0.509231
0.515637
-0.527952
-0.496021
