ORIGINAL Mean: -0.017573
ORIGINAL Variance: 1.775845
Output:
-0.118232
0.355361
0.050345
0.344379
-0.432834
-0.090002
-0.250675
0.119964
0.318455
0.070842
-0.483714
0.723533
-0.838916
0.134396
0.075484
0.313499
-0.027310
0.709278
-0.017465
-0.305800
0.177165
-0.084354
-0.040971
0.417293
-0.479780
0.141195
0.657762
-0.330702
0.326605
-0.285313
-0.683054
0.507657
-0.691245
0.035822
-0.130203
0.169782
-0.453687
-0.691626
-0.038018
-1.093640
0.073910
0.064501
0.594591
-0.342088
-0.496481
-0.269430
-0.291677
-0.152757
0.059155
-0.137518
0.194588
0.509026
-0.074993
-0.523325
0.282702
0.105100
0.228557
0.191798
0.218878
-0.394876
0.172011
-0.233713
0.687525
0.145710
-0.849699
0.131893
-1.132237
-0.447020
0.012293
-0.416654
0.730029
0.114038
0.081416
0.012992
-0.077551
0.297253
-0.075443
-0.372811
-0.082228
-0.364316
-0.622127
0.394934
0.246184
-0.952646
0.284342
0.226488
0.134291
-0.156528
0.351060
0.663419
0.373060
0.480795
0.549452
-0.119216
0.696953
-0.757962
0.206562
-0.213347
-0.177974
-0.052008
-0.908095
-1.098975
0.453732
0.101553
0.153820
-0.093255
0.437734
0.079986
-0.347638
0.544991
0.047435
0.292998
0.085156
0.272097
-0.758425
-0.127713
-0.558532
-0.100325
0.479964
0.101104
-0.031495
0.215793
-0.319200
-0.709479
-0.570441
0.355767
-0.119036
-0.779697
-0.861906
-0.450428
0.112231
0.044495
0.534356
-0.255952
0.084819
-0.183060
-0.055583
-1.058142
0.245695
0.727912
0.379658
0.091316
-0.095108
-0.488865
-0.050939
-0.404710
-0.655069
0.167614
-0.184063
0.477260
-0.106037
-1.161390
0.176680
-0.039326
-0.208353
-0.018312
-0.555111
0.103324
-0.421824
-0.257946
-0.118803
0.540244
0.044799
0.269419
0.028371
-0.274152
-0.416941
-0.324593
-0.489914
0.218637
-0.200451
-0.337197
0.111027
0.332230
0.137532
0.030205
-0.081658
-0.149084
-0.131776
-0.440296
0.461401
-0.075249
0.335350
0.742161
0.230712
0.161660
0.090761
-0.119326
0.000140
0.203592
-0.498072
-0.483724
0.150465
0.244420
0.086516
-0.600806
0.305635
0.111112
-0.401570
0.511520
0.067055
-0.111269
-0.378134
-0.078588
0.388631
-0.190505
0.760488
0.172150
0.166845
0.260501
-0.020599
-0.651756
-0.140272
0.095895
0.126538
0.369450
-0.264751
0.362116
0.268336
-0.204006
-0.767449
-0.462756
0.276477
0.743447
-0.112565
0.009451
0.254688
0.653350
-0.161088
0.321143
-0.054211
-0.784306
0.071491
-0.201337
0.266084
-0.563714
0.072193
0.197445
-0.612655
-0.434706
-0.099719
0.796724
0.462767
1.011715
0.194864
0.129283
-0.034426
1.568221
0.199603
0.001320
-0.310442
-0.758669
-0.431638
-0.036078
-0.242516
-0.212837
-0.064261
-0.212527
-0.392568
-0.041514
-1.028210
1.004136
-0.061632
-0.095777
0.297829
0.227506
-0.086733
1.000786
0.136540
0.256912
0.824497
-0.364846
0.542622
-0.460214
0.132065
0.059544
-0.141554
0.049913
-0.010976
-0.087984
-0.272294
-0.216599
0.033350
-0.780006
-0.459048
0.420630
0.021020
0.412167
0.166079
-0.119382
-0.156557
0.805946
-0.064043
-0.228182
-1.095378
0.636488
0.021337
0.099078
-0.139355
-0.042881
-0.095276
-0.349409
0.157623
-0.308108
-0.231260
0.492612
0.332485
0.378651
-0.055401
0.361799
0.199339
-0.441907
1.318403
-0.119477
-0.706466
-0.240873
0.244798
0.301167
-0.178232
-0.314323
-0.198849
0.448927
-0.084006
-0.019678
0.351661
-0.339145
-0.026562
0.252820
-0.800207
-0.283616
0.121190
1.435356
-0.554199
-0.012313
0.632188
-0.095827
0.219607
-0.209553
-0.461353
0.039888
0.169637
0.035672
-0.160930
-0.381725
-0.125623
-0.063792
0.594141
0.832196
0.970935
-0.523798
-0.012035
-0.650279
0.129833
-0.212496
-0.123626
0.053026
-0.121997
0.107743
0.026119
0.005807
-0.912179
-0.121548
0.477110
-0.263646
-0.629756
0.167723
0.100752
-0.004691
-0.205746
0.210514
0.005869
0.066873
-0.114055
0.237408
-0.038252
1.129606
0.068945
-0.178624
0.180863
-0.973813
-0.066550
0.182340
0.289135
-0.396022
