ORIGINAL Mean: -0.098534
ORIGINAL Variance: 1.090591
Output:
0.726753
0.276908
-0.192443
-0.081298
-0.139175
-0.130070
-0.121140
0.160373
-0.133603
-0.064587
-0.360191
-0.145074
-0.296355
-0.149772
-0.166937
-0.066978
0.700727
0.112194
0.269231
0.672999
-0.217630
0.358776
0.553578
0.242873
0.146312
-0.201869
-0.598095
0.207962
-0.063382
0.115203
-0.479038
-0.089291
-0.103094
-0.242484
0.647683
-0.035273
-0.546186
0.045320
0.022811
0.117499
0.162967
0.168758
-0.500592
0.147730
-0.332686
0.158801
0.009604
0.217576
0.117430
0.267437
-0.205471
0.683713
0.119561
0.041021
-0.185695
-0.065845
-0.568331
0.616183
-0.076207
-0.071877
-0.085032
-0.082724
-0.207077
-0.163508
-0.129773
-0.029274
0.463211
0.092245
0.286266
-0.496526
0.131298
0.024415
0.223326
-0.110132
-0.842043
-0.485815
-0.269415
0.229344
0.102002
-0.154827
-0.018065
-0.151689
0.002680
0.295382
0.101682
0.305824
-0.321863
0.134274
0.202758
-0.612638
0.094662
0.466184
0.068507
0.451336
-0.001232
0.970062
0.397732
-0.725333
-0.351441
0.018698
-0.429501
-0.194739
-0.579976
-0.296164
0.349273
0.406962
-0.090893
-0.365471
0.173145
0.172266
-0.400128
-0.153535
0.508199
-0.222253
-0.193267
0.607661
-0.097960
-0.337331
-0.081602
-0.198074
-0.073977
-0.238917
0.034762
-0.166764
-0.040709
-0.429996
0.243082
0.319915
0.696302
0.429050
-0.003067
-0.654661
-0.729113
-0.696426
-0.151670
-0.040892
-0.189497
-0.472863
-0.686086
-0.109214
-0.196036
0.377478
0.265936
0.151826
0.322110
-0.220041
-0.369293
-0.060268
0.653110
0.046828
-0.327392
0.114544
-0.274226
-0.054796
-0.064751
-0.068465
0.150333
0.270842
0.492511
-0.083026
0.789547
0.102438
0.041376
-0.229208
0.083354
0.097815
-0.153327
-0.261216
0.093281
0.007674
0.012155
0.266630
0.258942
-0.146494
-0.195356
-0.143832
0.120051
0.145709
-0.029767
0.700798
-0.454554
-0.246353
-0.053233
-0.381195
-0.116592
0.066839
-0.068907
0.790240
-0.000029
-0.149282
-0.376692
0.094604
-0.667673
-0.106533
0.156164
0.282904
-0.063847
-0.144067
-0.012146
0.242617
-0.147085
-0.463543
0.392407
0.151098
-0.632777
0.007390
1.310948
0.337047
-0.054087
-0.360392
-0.213417
0.521930
0.375564
0.290662
-0.137172
0.187800
0.335499
0.456317
-1.635596
-0.150336
-0.300034
0.480089
0.269665
-0.306332
-0.023490
0.014614
-0.181382
0.939239
-0.045719
0.408580
0.008810
0.096998
0.017981
-0.085991
-0.187948
-0.142384
-0.009458
0.254442
0.359050
0.040320
-0.110121
-0.207642
0.000046
-0.582676
0.099235
-0.187845
-0.560736
-0.068460
-0.147970
-0.124742
-0.458001
-0.435221
0.163351
0.144361
-0.222852
0.024246
-0.422734
0.099327
-0.210916
0.325704
1.196207
-0.284767
-0.077433
-0.223216
-0.168629
0.609510
0.114729
-0.185916
-0.127781
-0.135509
-0.286385
-0.203351
-0.058583
-0.260840
0.072803
0.476581
0.654752
0.492157
-0.093255
-0.525398
-0.059082
0.167375
-0.165815
0.136749
-0.373558
-0.739192
-0.180362
0.217026
0.466585
0.160822
0.238718
-0.596000
0.207756
0.297140
-0.393236
-0.291437
0.242735
-0.180664
-0.263213
0.221520
-0.013237
-0.099195
-0.400836
-0.579775
0.006114
0.042117
-0.157888
0.032430
-0.275031
-0.324248
-0.202020
-0.167493
1.222785
-0.281283
0.898362
0.003185
0.044447
0.294679
-0.008137
0.383215
0.242309
-0.036560
-0.227633
0.094805
-0.426122
0.205914
0.012709
0.183530
0.410543
-0.044378
-0.209721
2.055822
-0.401089
0.403907
0.186251
-0.099907
0.442550
-0.760705
0.573795
-0.271490
0.488112
0.031231
-0.231546
-0.160554
0.011483
-0.137078
-0.593908
-0.614032
0.150356
-0.175533
0.056998
0.508378
-0.247708
-0.476409
0.285665
0.129098
0.256001
-0.179489
0.280934
0.040830
0.096102
0.215975
-0.734357
0.166553
0.110631
-0.240840
0.146330
0.151661
-0.207629
2.568186
0.077100
-0.993035
-0.168424
-0.499548
-0.031157
0.945579
-0.146244
-0.452976
-0.122179
0.280796
-0.084819
0.033690
0.299564
0.025720
