ORIGINAL Mean: -0.079642
ORIGINAL Variance: 1.060259
Output:
-0.091027
-0.137067
0.024775
0.168640
-0.130497
-0.179712
0.360641
0.061759
-0.423435
0.002139
-0.164938
0.046118
0.372144
-0.087238
-0.248801
-0.197138
0.016323
-0.377202
-0.342431
0.429841
-0.029792
0.031078
0.026049
-0.013245
0.098716
-0.069057
-0.473559
0.199064
0.272844
0.249491
-0.467764
-0.252937
-0.692677
-0.660216
-0.059165
0.068911
0.405671
0.342998
-0.049050
0.091464
-0.112654
0.402562
-0.381651
0.079583
0.571114
0.102478
0.145016
0.342644
0.060105
0.155481
-0.122171
0.256395
-0.037219
0.547812
0.299046
-0.566692
-0.111697
0.235047
0.250829
-0.176212
-0.003207
0.349067
0.041425
0.015597
0.289143
0.001245
-0.141664
-0.708422
0.002809
-0.431270
-0.339597
-0.177462
0.118550
-0.100280
-0.583718
0.330761
-0.249519
0.084062
0.173068
0.076985
-0.058312
-0.107684
-0.625148
-0.133068
-0.006358
0.240783
-0.138674
-0.184511
-0.361259
-0.774416
-0.110165
0.494345
0.297160
0.208668
-0.092658
0.765555
0.224693
-0.445993
0.131251
-0.134570
-0.168035
0.015863
-0.303029
-0.464771
0.194707
-0.063449
-0.098526
0.289692
-0.003127
-0.893580
-0.096901
-0.055598
0.190726
0.093037
-0.300355
-0.134963
-0.207467
-0.113829
-0.284297
0.035154
-0.152725
0.194484
-0.130600
-0.335458
-0.032703
-0.306227
-0.007455
-0.101085
0.124592
0.152858
0.036570
-0.071905
0.278757
-0.337852
0.096168
0.145232
-0.289880
-0.082972
0.152681
0.045226
-0.108454
-0.169281
1.010573
0.074192
0.017202
-0.001032
-0.033010
-0.230240
0.636529
0.224622
-0.239085
0.090673
0.197650
0.196122
0.233520
0.108272
0.060798
-0.391382
0.362635
-0.085831
-0.314667
0.204211
0.114659
-0.278843
-0.076986
-0.098519
-0.213197
0.015856
-0.193277
-0.087160
0.040400
-0.116219
0.255752
0.235796
-0.249963
0.000175
0.188745
-0.622812
0.229556
-0.151258
-0.185434
-0.276942
-0.573749
-0.000436
0.026635
0.270762
0.069072
0.448148
-0.000088
-0.068445
-0.022816
-0.337343
-0.213941
-0.003456
0.107705
0.003247
-0.043236
-0.200184
-0.002802
0.237869
-0.060875
-0.206398
0.200976
-0.132781
-0.012273
-0.016376
-0.102912
0.685739
0.524693
-0.171939
-0.091930
-0.077329
0.435230
0.159902
-0.343840
-0.060319
-0.094269
0.461552
-0.546786
0.131613
-0.534200
0.101317
0.064142
-0.327670
-0.165726
-0.024494
-0.118528
0.581655
-0.092310
0.079746
0.238467
-0.116994
0.232270
0.204506
-0.161668
0.156318
0.665631
-0.335693
-0.378394
-0.038974
-0.266103
0.335854
-0.228038
-0.110563
0.193468
-0.142980
-0.115748
-0.561552
-0.104540
-0.124479
-0.111815
0.414539
-0.012824
0.181236
0.202897
-0.044142
0.055061
-0.106683
0.214354
0.696295
0.205792
-0.293239
-0.176574
0.091754
-0.146272
0.123656
0.076087
0.415829
-0.941593
0.087991
-0.092317
0.099647
-0.125537
-0.028463
-0.268075
0.413754
-0.281994
0.061763
-0.015580
0.063309
-0.407322
0.407827
-0.197315
-0.041809
0.330556
-0.192254
-0.245893
-0.230752
0.360776
0.115960
0.067955
-0.242930
0.112518
0.402109
0.001947
-0.051256
0.119818
-0.146406
0.437322
-0.046746
-0.184361
0.418983
-0.268056
0.571948
-0.039792
0.036611
-0.132338
0.108581
-0.037092
-0.168697
-0.138363
-0.712131
0.462797
0.036141
1.146672
-0.357924
0.048179
0.626081
0.132143
-0.112615
-0.300037
0.487130
0.059693
0.025419
1.196747
0.281191
-0.007004
-0.047612
0.081301
-0.055797
-0.301455
2.120249
-0.129726
0.562606
-0.395346
-0.082642
1.324364
-0.137060
-0.493823
-0.178213
-0.564270
0.336010
-0.509079
-0.338193
-0.061120
-0.037956
-0.224494
-0.266511
0.046307
0.737301
0.089093
0.131585
-0.293692
0.020533
0.439299
-0.066494
-0.091416
0.180000
-0.077012
-0.520898
0.653162
0.113848
-0.091812
0.149529
0.172137
-0.435920
0.028493
0.165905
-0.335216
2.532770
0.552928
0.506352
-0.222375
0.159788
-0.105445
0.283497
0.461199
-0.272137
0.123456
-0.540867
-0.774527
-0.619213
0.553886
0.068012
