ORIGINAL Mean: -0.018621
ORIGINAL Variance: 0.971755
Output:
-0.291245
0.193125
0.050429
-0.111931
0.076820
-0.008267
0.519078
-0.508806
-0.132214
0.280787
-0.194753
-0.674901
-0.401741
0.004689
-0.113185
0.060963
-0.090841
-0.310530
-0.343348
0.223199
0.099519
-0.209100
-0.193161
0.189609
-0.134859
-0.122988
-0.197970
-0.277901
0.167514
-0.043981
0.190927
-0.599899
0.315559
0.006697
0.514869
0.088656
-0.128772
0.174197
-0.126725
0.030389
0.328583
0.119093
-0.019926
0.214246
-0.107806
0.149663
0.207849
-0.104373
-0.407872
0.175776
-0.291905
0.030957
-0.164759
0.951315
0.143212
0.002226
1.171187
-0.123883
0.237229
-0.172933
0.225294
-0.100925
-0.233133
-0.080607
-0.189008
-0.128388
0.399071
-0.227299
-0.690172
-0.636391
-0.118227
-0.441107
-0.111562
0.044206
0.729213
0.638759
0.350757
-0.029567
0.007922
0.934271
0.396027
-0.164227
0.077590
0.166857
0.017049
0.313780
0.248635
-0.020792
-0.020307
0.139770
0.213072
0.351380
0.536765
0.072451
0.243192
-0.198001
-0.365605
0.159329
0.029158
-0.213717
0.483130
-0.401241
0.356747
0.439516
-0.113230
0.257391
-0.232014
-0.420263
-0.016196
0.082102
-0.167088
-0.061189
0.198409
0.585738
0.150497
0.215965
0.296238
-0.051418
0.008868
-0.441367
-0.107855
0.139708
-0.457975
-0.693567
0.070336
0.025369
-0.347313
-0.285681
-0.532114
-0.093658
0.061419
-0.671070
-0.111598
0.292051
0.226240
-0.352419
0.173325
-0.139766
-0.253650
0.091504
0.147141
-0.118588
0.248989
-0.382373
-0.091879
-0.068561
-0.217735
-0.261752
0.542677
-0.281347
0.113003
0.012205
0.531034
-0.271635
-0.306997
0.036694
-0.697437
-0.167257
0.298124
-0.099205
0.818401
-0.184844
-0.154452
0.080464
-0.027229
-0.711933
0.085744
0.172958
-0.244232
-0.398918
-0.066406
-0.048698
0.092933
-0.001242
0.006799
0.075249
-0.007017
-0.613557
0.096294
0.398548
0.335986
-0.539001
-0.093645
0.760737
0.029189
0.099356
0.015916
-0.160428
-0.000094
-0.052371
-0.071327
0.040689
0.451534
0.081745
0.146492
-0.312411
0.015438
-0.016016
0.200012
0.181167
-0.144270
0.011006
-0.289386
-0.211780
-0.061701
-0.108616
-0.332369
0.744178
0.191247
0.204434
-0.029703
-0.315009
0.247899
-0.166699
-0.064827
-0.420943
0.506324
-0.008264
-0.825396
-0.106680
0.426341
-0.339673
-0.001920
0.410103
-0.240680
0.552091
-0.037099
0.447090
-0.272270
0.104750
0.061985
-0.079487
0.119682
0.039999
0.016245
0.031211
-0.026055
0.137210
0.126077
-0.127464
-0.160847
0.170667
0.196189
0.794006
-0.124961
-0.173216
-0.080030
-0.209112
0.122282
0.129050
-0.137666
0.105367
-0.130394
-0.133579
-0.994644
0.053837
0.240728
-0.380937
-0.304313
-0.431335
-0.263770
0.211277
-0.088462
-0.236922
-0.023885
-0.601078
-0.133248
0.285583
0.430615
-0.082074
-0.562916
0.289663
0.368534
0.260898
-0.158435
-0.511271
-0.284741
-0.020440
-0.054790
0.382834
0.176080
-0.028577
-0.023690
-0.405648
-0.228784
-0.874680
0.005695
-0.551652
0.047808
-0.074306
-0.136185
-0.128375
-0.083040
0.003511
0.534800
-0.314004
0.082981
-0.038333
-0.538529
-0.272401
0.198414
-0.077715
-0.007886
0.476759
-0.186666
0.045419
-0.014892
0.177756
-0.091477
0.324641
0.124322
-0.515236
-0.133458
0.448727
0.113096
-0.099160
-0.219211
0.372373
0.526759
0.201718
-0.182139
-0.061985
-0.336336
-0.162073
0.128580
0.426353
0.024769
0.000708
-0.303434
-0.101109
-0.240381
1.941939
0.569896
0.408810
-0.236663
-0.138255
0.246112
-0.442287
0.222134
-0.119494
0.267340
-0.131357
-0.546524
-0.062470
0.152272
0.007240
0.325313
-0.312070
0.051994
0.026070
-0.344513
-0.222578
-0.103362
0.670166
-0.016991
0.110012
-0.215320
0.195907
0.224990
0.008307
0.407286
-0.223496
0.141096
0.100780
0.364142
0.143462
-0.059111
-0.072616
-0.020948
0.305453
0.288565
-0.041049
0.227027
0.117935
0.068180
0.058339
0.305212
0.310686
-0.010030
0.369712
-0.358257
0.581492
1.297689
-0.122056
