ORIGINAL Mean: 0.016965
ORIGINAL Variance: 0.902572
Output:
0.068322
0.219821
0.222793
-0.298570
0.076467
0.083955
-0.077448
-0.330087
-0.183964
-0.055663
-0.435788
-0.221815
0.002306
-0.048332
-0.277820
-0.054858
-0.205971
-0.339202
0.165077
0.170036
0.049888
-0.364968
-0.547975
-0.092157
0.295153
0.215273
-0.206842
0.007670
-0.183418
0.227283
-0.350706
-0.490982
0.229089
0.450136
0.153834
-0.209824
0.181236
-0.260773
-0.039238
0.022455
-0.024018
-0.250766
-0.220248
0.297170
0.018060
-0.139906
0.030176
-0.259009
-0.290982
0.265213
-0.268906
-0.196190
0.222923
0.590023
0.391160
0.287527
-0.306947
-0.420546
-0.174149
0.425822
0.096523
0.346672
0.137253
0.159879
-0.375618
0.017658
0.349716
0.276536
0.052135
0.240922
-0.240373
-0.289417
-0.015474
0.098738
0.647430
-0.045542
0.318915
0.101040
-0.087432
-0.409282
0.150295
0.326496
-0.156375
-0.326849
-0.070559
0.041493
-0.206461
-0.135680
0.033108
0.177815
-0.150020
0.032266
0.060109
0.111774
0.306289
-0.335171
-0.112890
0.118291
-0.075586
-0.078674
0.565525
-0.074811
-0.039656
0.580767
-0.437318
0.360904
-0.277266
-0.032645
0.074505
0.311639
-0.159517
-0.138418
-0.337105
-0.169736
-0.284967
0.126534
0.008003
0.103034
0.091396
-0.300971
-0.045054
-0.278113
0.065573
0.029721
0.091979
0.027963
0.089628
-0.357546
-0.195992
-0.089865
0.047301
-0.214516
0.134300
-0.424804
0.029380
0.045796
0.190608
0.189533
0.028515
-0.114037
0.125794
0.333138
-0.908674
-0.032173
0.295314
0.635318
0.235127
0.300486
-0.221944
-0.176238
0.367713
0.285005
-0.333893
0.001912
-0.305711
-0.030302
0.251639
0.080984
-0.108628
-0.053796
0.184825
-0.855957
0.190422
-0.074586
-0.098380
-0.043568
-0.026868
0.110455
0.249427
-0.203367
-0.030875
-0.104064
-0.066743
-0.210365
-0.045643
-0.112240
-0.192744
0.514991
0.219460
0.240085
-0.053126
-0.162558
0.304919
0.144105
0.007905
0.035255
0.034817
-0.064384
-0.000147
0.011684
0.387464
0.162782
0.321466
0.080952
0.030336
0.357800
-0.076490
0.250104
-0.193785
-0.193263
-0.268036
0.542833
0.215324
-0.371146
-0.102384
-0.019285
0.164630
-0.134801
-0.619845
0.310419
0.078818
0.260486
-0.183248
0.076029
-0.184588
-0.219276
0.129202
-0.124367
0.073861
0.009281
0.268182
-0.642292
-0.056548
0.114384
0.153167
-0.458178
0.196050
-0.883187
0.233897
-0.061946
0.002805
-0.078833
0.010993
0.002845
-0.027245
-0.182956
-0.623581
0.053119
-0.351663
0.204456
0.120614
0.038280
0.037149
-0.984661
0.089033
0.090846
-0.019635
-0.591506
-0.175120
0.080289
0.253484
0.325795
0.160803
-0.142239
-0.199588
-0.046929
-0.134723
-0.163431
0.093162
-0.080188
0.341415
0.434258
0.110419
-0.028760
-0.079046
-0.223670
-0.136627
-0.016853
-0.044463
-0.111875
0.475844
0.245496
0.347678
-0.267337
-0.132757
0.111866
0.056887
0.233352
0.123966
-0.315778
-0.023552
0.221809
0.115425
0.149344
0.183530
0.324390
0.027128
-0.020873
0.209249
-0.061857
-0.146157
-0.072627
0.062510
0.081730
-0.043521
0.057993
-0.070211
-0.053836
0.197884
0.094425
0.056842
-0.210051
-0.049639
0.259478
0.165219
0.092267
-0.089979
-0.115235
-0.232882
0.123669
0.025742
0.058071
0.296311
-0.214688
0.329546
0.277590
-0.328885
-0.850273
0.584785
0.136162
0.623472
-0.085212
0.059303
-0.215113
0.346480
-0.280095
0.059758
-0.019277
-0.228615
-0.114664
-0.047654
2.142692
-0.135030
-0.299456
0.128436
-0.240867
0.085852
-0.883662
0.319440
0.300995
0.301380
-0.138523
0.036471
0.108107
-0.148760
0.032959
0.324528
-0.178439
0.586330
-0.202625
-0.032904
-0.607532
0.108454
0.778687
-0.189823
-0.106078
-0.124723
0.046347
-0.193107
-0.396719
-0.260803
-0.416102
0.040680
0.175111
0.017918
0.180426
-0.122306
0.048051
0.319746
0.182656
0.282490
0.047102
0.065988
-0.041752
0.203550
-0.036698
0.325915
0.115643
0.066459
0.141236
0.003007
-0.268270
0.190639
-0.075822
