ORIGINAL Mean: -0.016086
ORIGINAL Variance: 0.821291
Output:
0.063236
-0.280642
0.163596
0.143617
0.172573
0.087622
-0.085770
0.472885
0.248822
-0.083477
-0.312258
-0.091320
-0.076225
0.004095
-0.120705
0.136803
-0.798022
-0.177452
0.057893
-0.478598
0.057785
0.083792
-0.006327
-0.217345
-0.231390
-0.009053
-0.259047
0.252261
0.031582
-0.249004
-0.173369
-0.451837
-0.153219
0.250566
-0.300858
0.034676
-0.007644
0.279259
-0.084031
-0.157149
-0.086849
-0.270399
0.219108
-0.184182
0.042427
0.041652
-0.406119
0.055931
0.178481
-0.326222
0.052733
-0.069370
0.249372
-0.067942
0.107112
0.325677
0.137583
-0.062405
-0.053162
0.142991
-0.013308
0.279314
-0.284577
0.049538
-0.182517
0.125884
-0.099303
0.591620
-0.049328
-0.137135
0.168146
0.052029
-0.262835
-0.158663
0.021271
-0.367645
-0.070848
-0.255405
-0.228859
0.104304
-0.267446
-0.090772
-0.189240
0.018177
-0.156047
0.076344
0.068430
0.176851
-0.280121
0.129504
-0.199858
-0.175661
-0.183027
-0.165592
0.001526
-0.076546
-0.081083
0.030145
0.070966
0.236560
0.102270
0.375817
0.405864
-0.395426
0.467712
0.101904
0.076225
-0.097536
0.013050
0.308581
0.119823
-0.061360
-0.330675
-0.055858
-0.052641
0.020683
0.018908
-0.442149
0.345686
0.117949
0.098271
-0.130318
-0.040456
-0.204290
-0.175931
0.165862
-0.450968
0.162823
0.198394
-0.005069
0.026545
0.474103
0.301282
0.579460
-0.224052
-0.457164
0.116115
0.521689
-0.109861
-0.108175
-0.044670
0.111454
-0.046830
-0.282109
-0.012055
-0.109211
0.178308
0.158826
-0.087097
-0.467248
0.064530
0.036750
-0.056910
0.362788
-0.329184
-0.101362
-0.212898
0.041253
-0.246328
-0.140416
0.042420
0.885135
-0.115322
0.228061
-0.211858
-0.509546
-0.014012
-0.017744
0.196326
0.087883
0.074194
0.070078
-0.295309
-0.326929
-0.074196
-0.069641
-0.297968
0.184365
-0.198903
-0.152577
0.047180
-0.068472
0.084197
-0.157414
-0.077651
-0.075113
0.069334
-0.250412
-0.000132
0.438926
-0.059267
-0.028262
0.017418
0.125149
0.120164
-0.143421
0.116873
-0.004121
0.089244
-0.510834
-0.250671
0.198213
-0.186633
-0.017193
-0.163043
-0.015187
-0.049394
-0.591655
-0.155639
0.151953
0.243436
0.001228
-0.313155
0.077411
0.153222
0.061342
0.178639
-0.257979
0.412009
0.213852
0.105417
0.447247
-0.101152
-0.010112
0.043952
-0.256120
-0.335051
0.043502
-0.010531
-0.426059
-0.343101
0.128831
0.134672
0.213893
0.208101
0.092289
-0.073145
0.084968
-0.223171
0.145598
0.116604
-0.366185
0.108335
-0.094015
-0.135999
0.141842
0.033847
0.162760
-0.177542
-0.044933
0.167453
0.031836
0.076607
0.088694
0.310307
0.022805
-0.260893
0.111485
0.143589
0.541524
-0.048633
-0.034970
-0.120517
0.173528
0.387164
0.144341
-0.046003
-0.076456
0.322845
0.091360
0.479540
0.167153
-0.338939
0.222442
0.091452
-0.463531
-0.124448
0.164177
0.045784
0.345577
0.292039
-0.093332
0.027604
0.551625
0.437608
-0.300214
0.194147
-0.077363
0.129668
-0.144778
0.006963
-0.119887
0.130499
-0.156730
-0.316982
-0.151283
-0.179050
0.087069
-0.206440
-0.034084
-0.075224
-0.262814
0.032763
-0.100748
0.078633
-0.072520
0.055206
0.074314
-0.106949
-0.049552
-0.044303
0.155111
-0.134200
-0.102369
-0.191783
0.101126
0.191065
-0.393589
-0.455405
-0.339553
-0.082429
-0.338661
0.021078
0.033381
-0.316692
0.453004
-0.050383
-0.269123
0.407701
0.010496
-0.263061
1.941468
-0.081734
-0.622486
0.098659
0.181391
0.250674
-0.931878
-0.007047
0.384838
-0.176698
-0.282443
0.579997
0.012178
0.003618
0.133223
0.086790
0.268871
-0.338298
-0.440149
0.164987
-0.011440
0.160682
0.383619
-0.153867
0.110654
0.199655
-0.059491
-0.022009
-0.120157
0.187057
0.262972
0.084735
-0.070771
-0.226512
-0.103392
-0.225628
-0.058470
0.199797
0.840455
-0.134958
0.099322
0.086489
-0.134232
0.080935
0.048943
0.079031
0.109542
-0.031458
-0.633677
0.414410
-0.312583
-0.564153
0.003294
