ORIGINAL Mean: 0.010633
ORIGINAL Variance: 0.853420
Output:
0.535322
-0.396039
0.136034
-0.135536
-0.147264
0.292443
0.061097
-0.006419
-0.118658
0.250818
0.001736
0.264527
-0.471921
-0.246381
-0.343312
0.010904
-0.483144
-0.337816
0.239703
0.222753
0.026950
0.231922
-0.176655
0.215537
0.041740
-0.068837
0.259603
0.089646
-0.051701
-0.226864
-0.169296
-0.587057
0.134569
0.085788
-0.083787
-0.047346
-0.205616
-0.047693
-0.045685
-0.295138
0.087484
-0.294581
0.228724
0.258336
-0.487697
0.132930
-0.088493
-0.233634
-0.284448
-0.110292
-0.269050
0.103941
0.191832
0.989403
0.231841
0.156247
0.040777
-0.589475
-0.168662
0.325300
0.236249
-0.327868
-0.095612
-0.031458
0.101724
0.055920
-0.127944
0.444237
-0.245663
-0.121966
0.361252
0.184249
-0.140781
-0.058017
0.588239
-0.206152
0.147583
0.188732
-0.285993
0.037339
-0.094653
-0.288764
0.306390
-0.059143
-0.209380
0.126902
-0.016649
0.099140
0.454433
0.036619
0.092474
0.273158
-0.085109
0.215412
-0.543067
-0.010800
-0.044053
-0.120229
-0.046208
0.121116
-0.044064
-0.219206
0.164105
0.119216
0.134123
-0.221406
-0.317381
-0.073171
-0.210867
-0.023066
0.036891
-0.093719
-0.586260
0.266947
-0.008771
-0.075586
-0.072617
-0.147575
0.092771
-0.075093
0.234399
-0.164662
-0.016868
-0.415434
-0.095421
-0.115992
-0.079731
-0.195314
0.156308
0.102382
0.017764
-0.033510
-0.290201
0.162398
-0.048313
-0.230264
0.216213
0.301767
0.082345
-0.105448
0.089703
0.289370
-0.611976
0.334745
0.108601
0.047451
0.224915
-0.108437
0.275251
0.069300
0.436543
-0.194128
0.100009
0.614726
-0.511607
-0.256975
-0.038270
0.302686
0.077353
-0.114185
0.193628
0.588904
-0.171255
0.112908
-0.055319
-0.317503
0.151137
0.141549
0.247883
-0.099533
0.141642
0.403982
-0.299012
0.030584
-0.250589
0.015615
-0.329244
0.117735
0.099954
-0.348904
-0.060444
0.168300
0.091706
-0.138134
0.234509
-0.183331
0.117502
-0.148480
-0.000252
0.218412
-0.297100
0.395442
0.000854
0.053616
0.071890
0.021392
-0.027544
0.027053
-0.000679
-0.338403
-0.151492
-0.026415
-0.345455
-0.249946
-0.302475
-0.026703
-0.288978
-0.643572
-0.541288
0.200174
0.125209
-0.054457
-0.328429
-0.112203
0.030365
-0.181760
-0.046558
-0.221200
0.484478
-0.024144
0.090119
0.225878
-0.081755
-0.136532
-0.085318
0.195909
-0.050425
-0.937570
-0.042489
-0.002692
-0.524984
0.219413
-0.062832
0.179034
0.237652
-0.038053
-0.722500
0.337956
-0.339631
0.489231
-0.070012
0.234914
-0.010030
-0.273310
-0.263060
0.048090
0.104381
0.133983
0.119867
0.241673
0.469566
-0.220468
0.149026
0.224427
-0.302922
-0.149527
-0.236745
-0.088324
-0.286116
-0.116823
0.011934
0.003040
0.114045
0.065179
-0.029527
-0.135831
-0.232362
0.197974
0.044594
0.080072
0.511545
0.007349
-0.127265
-0.202357
-0.130147
-0.519876
0.101592
0.133320
0.203357
0.435675
0.369264
-0.114902
0.270680
-0.089718
0.740557
0.010424
0.127574
0.297402
-0.283021
-0.020026
0.058003
0.011602
-0.090127
0.175103
0.044995
0.440017
-0.138755
0.159825
-0.090885
0.054205
0.154929
-0.268500
-0.038268
0.223156
0.140687
-0.199191
0.243349
-0.024053
-0.402798
0.200740
-0.126960
0.278218
-0.736517
0.091527
0.149526
0.296481
-0.029967
-0.167810
0.177985
0.163923
0.647534
-0.566838
0.123231
0.071781
0.116107
-0.178148
0.023335
-0.341556
-0.009519
-0.075010
-0.251386
2.033800
0.167811
-0.643924
0.078891
-0.027922
-0.100642
-0.891747
-0.081786
0.314350
-0.145389
-0.324950
0.091055
0.159508
0.002045
0.042240
0.075817
-0.246604
-0.161672
-0.251005
-0.235970
-0.409815
-0.037569
0.558019
-0.278018
0.377024
-0.172685
-0.223636
0.018940
-0.075282
0.293932
-0.001790
-0.067453
-0.103089
0.201344
0.051226
-0.209623
-0.241404
0.197614
0.487142
-0.189919
0.471062
-0.002986
-0.176450
0.186783
0.222520
0.156757
0.021370
-0.041887
0.149068
0.502425
-0.000137
0.290341
-0.385249
