ORIGINAL Mean: -0.018702
ORIGINAL Variance: 1.039565
Output:
-0.513388
-0.921749
0.140695
0.140638
0.026470
-0.042184
0.095218
-0.012055
0.321236
0.009921
0.187894
-0.132408
-0.388165
0.205922
-0.038282
0.072555
-0.214940
-0.451712
-0.220677
-0.272846
0.091227
-0.237009
0.632840
0.150954
-0.363340
0.135584
0.275842
-0.190896
0.447057
-0.243247
0.195919
-0.287913
0.143878
0.248642
0.396325
0.018231
-0.484915
0.133320
-0.065203
0.023531
0.045748
0.051513
-0.222919
-0.211819
0.048557
-0.201021
-0.271127
-0.116042
-0.001983
-0.118304
0.147423
0.066092
0.174117
-0.663892
0.735713
-0.539734
-0.349103
-0.076218
0.313364
0.013632
0.077756
0.125255
0.054335
-0.424362
0.507003
-0.095325
0.560781
0.418012
0.292151
-0.308241
-0.212225
0.124632
-0.115016
-0.154167
0.114097
0.761723
0.143101
-0.196073
0.108489
0.222514
0.075536
0.194544
-0.285204
0.232991
0.236313
-0.335925
0.087888
0.668149
0.081516
-0.902676
-0.035598
-0.461991
0.784514
-0.379660
1.120907
-0.001057
0.090044
0.190350
0.124997
-0.146037
-0.004877
-0.825910
0.657059
-0.043583
0.001586
0.556087
0.180645
-0.038422
-0.726719
0.158580
0.348756
0.245759
-0.112182
0.071802
0.002616
-0.070167
-0.355694
0.079766
0.247356
-0.252160
-0.113528
-0.006162
-0.095927
-0.329696
-0.145494
0.451203
-0.536311
-0.627921
-0.032346
-0.342857
0.091973
0.320603
-0.748108
0.122597
-0.021353
-0.165255
0.269646
0.908567
0.282424
0.180274
0.118676
0.025758
-0.005771
-0.038715
-0.136285
-0.211312
0.160598
0.038046
-0.243599
-0.029476
-0.099202
-1.076970
0.245304
-0.063371
0.595140
0.216929
-0.160995
-0.015702
-0.053245
-0.198471
-0.486531
-0.056196
-0.031377
0.089965
-0.223696
0.700076
-0.201244
-0.148605
-0.358955
0.184214
0.029545
-0.418300
0.114729
0.115972
0.159730
-0.018711
0.048391
-0.102268
0.029036
-0.462801
0.488377
-0.797137
0.009931
0.718194
-0.122810
0.413614
0.071713
-0.731172
-0.000017
0.086399
-0.284137
-0.911785
0.097073
0.164858
0.103998
-0.389499
0.019888
0.294440
0.098061
-0.121042
-0.203538
-0.231486
0.047918
-0.288128
-0.188634
-0.111889
-0.307469
-0.351217
0.010212
0.222059
0.009173
0.148822
0.186780
0.060722
-0.114597
0.063999
0.025439
-0.069431
-0.072204
0.061659
0.072957
-0.760714
0.150130
-0.056315
0.360179
-0.120212
0.083264
0.616156
-0.166524
-0.036264
0.244489
-0.301607
0.225749
-0.129208
0.253558
-0.212743
0.326739
0.153172
-0.236342
0.054222
-0.040775
-0.155974
0.681121
0.498094
0.190634
0.134806
0.479241
-0.433637
0.048361
0.224099
0.176029
0.110938
-0.514021
0.008293
-0.089141
0.024741
0.145908
-0.363534
-0.020977
-0.287228
-0.083715
-0.012134
-0.232585
-0.007564
0.127059
0.196181
-0.282106
0.998046
0.197114
0.010555
-1.217248
-0.291132
0.098867
-0.528946
0.309764
0.201226
-0.106583
0.931292
0.039194
0.500094
-0.273769
-0.177571
0.019452
-0.429969
-0.367192
0.210846
0.217339
0.240065
-0.525003
-0.133317
-0.116761
0.435892
-0.353912
0.122504
0.257763
-0.557983
-0.031533
-0.000647
1.055657
-0.329744
0.285627
-0.288263
0.365772
-0.087655
-0.226991
0.357205
-0.652371
0.226178
0.025049
0.187447
0.249699
-0.541703
0.958330
0.169616
-0.783691
-0.315732
0.069503
-0.367048
-0.157734
-0.298666
-0.242160
0.118820
-0.531142
-0.100076
0.614994
0.522989
0.050440
-0.113529
-0.096139
-0.109443
-0.107150
1.840312
0.088380
0.194077
-0.178582
0.177859
0.210226
-0.558229
-0.009043
0.018183
0.083910
-0.010811
-0.003812
-0.255595
-0.202299
-0.038300
0.249026
-0.117960
-0.313976
-1.313285
0.104378
-0.938791
0.169532
0.551065
0.034288
-0.083639
-0.055998
0.151753
-0.079394
-0.761693
0.395383
-0.326474
-0.232556
-0.132816
0.692017
0.066486
0.042764
0.026977
-0.196474
0.145028
-0.664382
0.038169
-0.031052
-0.333047
-0.067311
0.230390
0.558676
0.051394
0.165618
0.648249
-0.265969
-0.097227
0.002341
-0.026475
