ORIGINAL Mean: -0.016928
ORIGINAL Variance: 1.128508
Output:
-0.672905
0.580306
0.176061
0.028067
0.026432
0.032269
-0.262525
-0.092707
0.158691
-0.251158
-0.765149
0.293548
-0.123192
0.195632
-0.043705
0.015521
-0.233882
0.057586
-0.378050
0.349830
-0.011236
0.133345
-0.137185
-0.274138
-0.248196
0.001456
0.193996
-0.148907
0.207470
0.086890
-1.320630
-0.516597
-0.101191
0.372867
0.454000
-0.027666
0.029325
-0.457513
-0.117987
-0.083430
-0.112045
0.150281
0.369545
-0.070369
-0.001051
-0.088019
0.060284
0.001525
0.007176
-0.026495
0.289791
-0.626878
-0.062018
-0.465413
0.303934
-0.558944
0.491797
-0.093876
0.254171
-0.204944
-0.071069
-0.404549
-0.283810
0.595239
0.658058
-0.042980
0.572934
-0.530619
0.110105
0.566485
-0.674341
0.328324
-0.097966
-0.069590
0.164445
0.307893
0.145715
-0.024825
0.255007
-0.659727
0.188192
0.557983
-0.158235
-0.115874
0.241900
0.477219
0.327565
0.325777
1.037092
-1.093948
0.628392
0.362889
0.200639
-0.231664
-0.195653
-0.233112
-0.593910
0.201865
0.287394
-0.128348
-0.271926
0.119976
0.375850
-0.116213
-0.207651
-0.093008
-0.021803
1.280372
-0.305632
0.700341
0.318091
-0.007418
-0.861940
0.136549
-0.310446
-0.286435
-0.382385
0.278292
0.083425
0.121850
-0.190330
0.144733
0.079842
-0.184348
-0.039258
0.279785
-0.347698
-0.093255
-0.409863
-0.023606
0.123437
0.166565
-0.318353
-0.107207
0.069803
-0.066164
-0.119216
-0.659428
0.520953
0.164483
-0.056988
-0.423853
0.397288
0.096648
-0.199324
0.569648
-0.275538
0.130390
-0.195808
0.488098
-0.038334
0.311106
-0.954924
-0.558962
-0.282693
0.225202
0.213259
-0.570883
-0.111859
-0.096839
0.261173
-0.430288
0.061503
-0.102819
-0.035523
-1.019934
-0.142654
-0.084521
-0.577278
0.070114
0.108800
-0.397439
0.190061
-0.153580
0.303198
0.013737
0.055001
-0.245581
-0.111988
-0.299207
0.387210
0.689347
-0.166746
0.792161
-0.115387
0.246233
-0.162999
-0.625479
-0.000070
-0.037624
0.533438
-0.288560
0.188312
0.158020
0.043278
-0.176224
-0.186457
0.122611
0.291442
0.287249
-0.340320
-0.666729
0.287568
-0.141775
-0.105061
-0.139474
0.826338
-0.122872
0.432557
-0.053038
0.032408
-0.118154
0.225727
-0.132899
-0.099676
-0.102743
-0.039807
0.311320
-0.421333
0.184189
0.171304
-0.466434
-0.083757
1.023917
0.085875
0.349878
0.033641
0.591298
0.076282
0.008956
0.422245
-0.200690
0.250270
-0.265019
0.158247
0.056722
0.579376
-0.282949
0.737952
1.190456
-0.008287
-0.500040
-0.190956
-0.121623
0.196532
-0.004480
-0.201060
-0.596259
-0.034001
0.001009
-0.229634
-0.001195
-0.297586
-0.188235
-0.365244
-0.057280
0.185333
-0.089848
-0.187251
0.268247
-0.949906
-0.247489
-0.313702
-0.105497
0.195413
0.465496
0.054385
0.194169
0.217326
-0.251438
-0.194434
0.061723
0.312939
-0.444393
-0.076684
0.598127
0.150047
0.620310
-0.199049
0.623868
-0.488584
0.229782
-0.142417
0.015343
0.391201
0.640053
-0.103857
-0.367254
0.076532
0.075905
-0.058806
-0.210037
0.265360
0.279139
0.641664
-0.063754
-0.001208
-0.023304
0.119020
-0.240027
0.165300
-0.094823
0.332423
-0.375730
-0.265444
0.179190
-0.500391
0.021085
0.215163
0.124768
0.206602
-0.149122
0.033685
0.192756
-0.877507
-0.289057
0.022045
0.535197
-0.108808
-0.886877
-0.677634
-0.000548
0.677090
-0.146020
0.209549
0.710946
0.070819
-0.184094
0.071448
-0.074407
-0.066021
1.827097
-0.079500
0.503057
-0.684804
0.046625
0.777174
-0.425087
-0.680024
0.005676
0.504316
-0.038757
-0.062488
-0.307376
0.016717
0.064918
-0.049872
0.254119
0.539109
-0.551774
0.008842
-1.002368
0.212979
0.856419
0.193983
-0.249954
-0.049721
0.268300
-0.244103
-0.020993
-0.742937
-0.321199
-0.008823
-0.077702
-0.330994
0.196895
0.002329
0.250838
0.107507
0.142538
0.099023
-0.576265
0.049523
0.530261
-0.085208
-0.257988
0.227973
-0.047656
0.174842
-0.113415
-0.560672
-0.371796
0.082828
0.241928
