ORIGINAL Mean: 0.017603
ORIGINAL Variance: 1.007530
Output:
0.146437
-0.396262
0.204841
-0.055068
-0.172288
0.062280
-0.041114
0.107812
0.417664
0.021626
-0.354375
0.276945
0.342995
-0.024625
-0.292492
0.102253
-0.147984
-0.302630
0.098531
0.122075
-0.035262
0.455535
0.331739
0.622414
0.158632
0.478729
-0.250639
0.246198
0.166403
-0.135035
-0.480531
0.033374
0.688320
-0.126804
0.726527
0.151034
-0.329434
0.350025
0.008900
0.184668
-0.018066
-0.308523
-0.112466
0.295603
-0.033294
-0.365032
-0.114306
0.186347
0.402096
0.324365
-0.848581
-0.200603
0.093512
-0.501213
-0.242467
0.415212
0.205917
-0.167337
-0.365056
-0.182162
-0.182129
-0.212479
-0.591646
-0.635401
0.583868
-0.224038
-0.448927
0.728508
0.333398
0.405159
0.126427
0.208620
-0.069756
0.018710
-0.313318
-1.222746
-0.115399
-0.176828
-0.111994
-0.385402
0.222046
0.144293
0.207123
0.374256
-0.079846
-0.454542
-0.416815
0.227247
0.265020
0.081320
0.108087
0.172987
-0.256959
-0.334232
-0.257784
-0.294328
0.264409
0.104713
-0.100175
-0.192776
0.677219
0.122135
-0.209586
0.252165
0.014582
-0.378833
0.241959
-0.233637
-0.405897
-1.368276
-0.081375
-0.024337
-0.182300
-0.249038
0.013759
0.135408
0.273664
-0.010173
0.161441
-0.101645
-0.086992
-0.371256
0.287366
0.453885
0.018198
0.309149
0.418617
0.260002
-0.060960
-0.243974
0.031812
0.125398
0.044164
-0.502527
0.095489
0.330487
0.084604
0.185980
0.141487
-0.208963
-0.191888
0.479963
-0.405951
0.367938
0.267569
-0.238123
0.013576
0.226600
0.033342
-0.339339
0.217568
-0.059472
0.409576
-0.559290
0.150283
-0.100565
-0.040771
-0.226274
-0.015339
-0.175345
0.687561
0.020068
0.056083
-0.216093
-0.028107
0.640725
0.038408
0.043377
0.221392
0.136543
-0.145559
0.131891
0.123872
0.428305
-0.163252
-0.228377
0.486772
0.449883
0.192948
0.105007
-0.109273
-0.218632
0.269738
0.075333
0.231551
0.648265
0.083462
0.012161
-0.000143
-0.002106
-0.098398
-0.172859
0.538488
0.090384
-0.016102
0.238381
-0.106189
-0.080806
-0.403377
-0.403136
-0.264206
0.123784
-0.006591
0.086241
0.011810
-0.192404
0.081601
-0.016034
0.097074
0.375814
0.086504
-0.461543
0.140276
-0.375916
-0.239657
-0.074320
-0.476425
-0.133549
-0.178995
0.032985
-0.715663
-0.704175
-0.076436
-0.552433
-0.164970
-0.018148
-0.134337
-0.165761
0.210843
0.245391
0.054747
0.311875
-0.114365
0.515588
-0.136135
-0.174772
-0.186937
0.155385
0.241206
0.210253
0.201200
-0.664004
0.343299
-0.738565
0.173762
0.250935
-0.390881
-0.003879
-0.303761
0.035027
0.120087
-0.069694
0.173304
-0.106010
0.463965
-0.223467
-0.190943
0.009344
0.208346
0.364396
-0.213204
0.053821
0.248716
-0.078779
0.076194
0.156407
0.005321
-0.213497
0.203299
-0.208151
0.489702
-0.537157
-0.716577
-0.101097
-0.309852
0.278272
-0.059570
0.206567
0.089549
-0.437008
-0.103910
-0.182561
0.077714
0.316952
0.283257
0.173533
-0.083468
0.135169
-0.027500
0.053001
0.196175
-0.861312
-0.163702
0.283753
0.559807
-0.223499
0.048880
-0.235399
0.802015
0.148034
0.043273
-0.071611
0.294732
-0.073478
0.109717
-0.130916
-0.286519
-0.137681
0.317887
-0.135346
-0.076691
-0.460942
-1.194995
-0.369389
0.723513
-0.012765
0.238943
-0.322108
-0.428143
0.043782
0.148467
-0.188661
0.243833
-0.105974
-0.170802
-0.200719
0.024890
-0.210534
-0.457241
0.064436
-0.389068
2.171657
-0.213236
-0.382186
-0.479348
-0.155619
-0.100730
-0.541104
-0.162158
0.317879
0.172018
-0.020681
0.153741
-0.122042
-0.188526
-0.097265
-0.079565
-0.703348
-0.032642
-0.020134
0.159821
-0.152863
-0.040633
0.603898
0.080020
-0.125315
0.229403
0.050958
0.156480
0.506802
-0.069841
-0.367567
0.251516
-0.130672
-0.126263
-0.133128
-0.122581
0.136120
-0.281150
0.158894
-0.294272
0.637605
-0.291847
0.437782
0.089394
0.749985
0.438046
-0.328438
0.321892
0.137384
-0.117539
-0.574256
-0.256652
-0.106638
