ORIGINAL Mean: -0.015876
ORIGINAL Variance: 0.814236
Output:
-0.521545
-0.297965
0.303537
0.079123
0.052744
0.002626
-0.176331
0.007377
0.484895
-0.440443
0.015209
-0.152209
-0.020578
-0.037323
0.310227
0.122900
-0.488282
-0.222973
-0.017489
-0.240195
0.076133
0.418436
-0.212327
-0.069737
-0.016901
0.304361
-0.477851
0.432591
-0.235862
-0.315780
-0.110940
0.067679
-0.001116
-0.048209
-0.213423
-0.019128
-0.075809
-0.037123
-0.087937
-0.067262
-0.137588
-0.457143
0.071241
-0.115610
0.007787
-0.174203
-0.225307
0.403763
0.192053
0.178637
-0.291422
-0.147578
-0.114457
-0.146622
0.003473
0.244345
0.105397
0.037067
-0.139492
0.123217
-0.247550
0.235977
-0.276694
0.256335
0.084017
0.155069
-0.176680
0.389117
-0.050343
0.060694
0.316681
0.324557
0.001548
-0.191974
-0.056395
-0.433599
-0.291786
-0.447662
-0.151607
-0.032827
-0.019510
0.065969
-0.067909
0.037971
-0.214588
0.198492
-0.303784
-0.089826
-0.071326
0.077572
-0.161984
-0.079032
-0.207992
-0.285390
-0.097143
0.134667
-0.070219
0.045766
0.167329
0.011759
-0.118529
0.743085
0.352772
-0.293629
-0.351439
-0.023056
0.282448
0.141179
-0.319373
-0.113793
0.239820
-0.035693
-0.216381
0.099235
0.008515
0.315273
0.110755
-0.205320
0.310768
0.342181
-0.095110
-0.105599
-0.095042
0.239416
-0.145605
0.107214
0.209958
0.193545
-0.103204
0.169068
0.062500
0.525035
0.314319
0.276855
0.115489
0.182192
0.195092
0.167807
-0.187283
-0.191192
0.203148
0.170360
-0.274344
-0.265339
0.062923
-0.333046
0.238302
0.324022
-0.252976
-0.511095
-0.175911
-0.053113
0.130185
0.086284
0.026017
-0.068460
0.164492
-0.066075
-0.336300
-0.136577
-0.003863
-0.259274
-0.061713
-0.095529
0.306244
-0.056704
0.117288
-0.010138
0.294019
0.214048
-0.246961
0.084737
-0.030882
-0.016031
0.070226
-0.133028
0.188674
0.345146
-0.292171
-0.153638
-0.438671
0.232637
0.010304
-0.299776
0.108800
-0.075755
0.049322
-0.037337
-0.000149
0.249444
0.099826
0.179879
-0.240219
0.114474
0.095706
0.261728
-0.146415
-0.014038
-0.059297
-0.513620
-0.127848
0.356674
-0.036802
0.299014
-0.001523
0.048058
-0.162055
-0.188017
0.362988
0.378713
0.191336
-0.291202
-0.161864
-0.123984
0.129943
-0.059748
0.162398
-0.171807
0.167291
0.192756
0.090797
-0.315835
0.005911
-0.208669
0.116022
0.107864
-0.117459
0.020373
-0.004017
0.039052
-0.041442
-0.007493
-0.087621
0.201680
-0.249224
-0.105115
0.289383
0.056686
0.320972
-0.009280
0.276807
-0.100060
0.029362
-0.364146
0.175535
0.083584
0.033932
0.189461
-0.313816
-0.206212
0.274975
0.044281
0.167743
-0.346769
0.276903
0.111142
0.172586
0.406095
0.319312
0.423667
-0.166627
-0.150490
0.017762
0.244193
-0.053551
0.047200
0.222596
-0.029471
0.219738
0.082910
0.079561
0.038485
-0.437326
0.271532
-0.030115
-0.048938
0.262164
-0.009605
-0.150378
0.173089
0.259433
0.007735
-0.201562
0.596100
0.424040
-0.052382
0.100742
0.144936
0.023743
-0.340023
-0.235455
-0.001444
-0.182175
-0.250774
-0.084934
-0.055302
-0.071734
-0.067646
-0.001960
0.016390
-0.037714
-0.058742
0.208036
-0.455583
0.217119
0.018079
0.224654
-0.025240
0.278197
-0.345171
-0.094193
0.196504
0.462815
-0.102375
-0.019911
0.165053
0.233133
-0.225837
-0.410156
-0.078437
-0.546755
-0.353826
-0.449625
-0.261202
-0.014877
-0.009054
-0.024158
-0.078003
0.241543
0.074879
-0.509716
2.031482
0.422526
-0.514831
0.052620
0.008682
0.066117
-0.416715
0.386426
0.468789
-0.162358
0.028134
0.331368
0.041469
0.055382
0.275725
0.378674
0.165589
-0.097134
-0.352822
0.230400
-0.137456
0.240887
0.300050
-0.181977
-0.278047
0.110548
0.037523
-0.009802
-0.062843
-0.118645
-0.227256
0.100652
-0.085014
-0.576806
-0.249308
-0.256215
-0.367644
-0.087946
0.625798
-0.163915
-0.017902
-0.009055
0.065042
0.075384
0.089277
-0.098574
-0.123286
-0.043695
-0.555590
-0.184081
-0.161420
-0.156288
0.100278
