ORIGINAL Mean: -0.032887
ORIGINAL Variance: 0.842909
Output:
-0.347760
0.158392
-0.138502
-0.238638
-0.259690
-0.208217
-0.003275
-0.154812
0.097992
-0.130957
0.173415
0.090798
0.397479
-0.006943
0.698571
0.054221
0.688312
0.432908
0.183503
-0.525051
-0.226110
0.323573
0.076796
-0.207512
-0.036118
0.090593
-0.193602
0.436845
-0.244525
0.134007
0.417135
0.085478
0.042288
-0.378040
0.329544
-0.200249
0.035476
0.075874
-0.043015
-0.061360
-0.142924
-0.018831
-0.113028
0.029704
0.188951
-0.087272
-0.148406
0.489572
0.447968
0.133006
0.489393
0.058134
-0.296158
-0.693326
-0.442636
0.051276
-0.100257
0.583715
-0.305221
-0.149167
-0.389352
-0.313422
0.172795
0.216394
-0.047269
0.029485
-0.019922
-0.224843
0.448147
-0.218265
0.288681
-0.224129
0.115972
0.074549
-0.396850
-0.597403
-0.404089
-0.170786
0.085726
-0.027451
0.181360
0.197245
0.209033
0.069536
0.086392
0.217022
-0.266026
0.058800
-0.201624
0.233152
0.222017
-0.090214
0.234914
-0.255678
-0.124263
0.625944
-0.191770
-0.177557
-0.078342
0.072302
-0.360640
-0.250612
-0.168042
-0.126456
-0.138360
0.027328
0.375734
-0.031157
0.247158
-0.076289
-0.014404
0.021859
0.685025
-0.022170
0.266253
0.359861
0.118864
0.440705
-0.059402
0.459511
-0.116522
-0.389490
-0.003696
0.796288
0.169521
-0.178225
0.084132
0.331667
-0.233747
0.353927
-0.003077
0.004801
0.363797
-0.210222
-0.012610
0.605680
-0.019356
-0.183850
-0.242979
-0.353407
0.233289
-0.422376
0.248287
-0.135296
0.345785
-0.619906
-0.251556
0.142191
0.250002
-0.326234
0.054084
-0.078128
0.273043
-0.124699
0.464776
-0.173022
-0.013426
0.242241
-0.254499
-0.128637
0.196484
0.061857
0.363059
-0.031338
0.329334
0.213497
0.207627
-0.161259
-0.153009
0.278122
-0.031068
-0.200032
0.298780
-0.001800
0.098128
-0.176269
0.360071
0.029358
-0.228434
-0.432819
-0.157875
0.047256
-0.211131
-0.024768
0.109605
0.015923
-0.031158
0.780494
0.000178
-0.216998
-0.305619
-0.069205
-0.404527
0.069766
-0.045300
0.115738
0.313333
-0.235871
-0.027103
0.019690
-0.155814
0.053136
0.347478
0.425859
0.249979
0.177399
-0.289366
0.446817
0.287518
-0.489783
-0.275176
0.076490
0.047965
-0.037264
-0.142267
0.125546
-0.274992
0.127907
0.422582
-0.313926
-0.133861
0.326497
-0.114411
0.058748
-0.248386
0.247800
-0.048939
0.414444
-0.132026
0.144930
0.023596
-0.034786
0.058790
-0.035279
-0.380438
0.119616
0.422687
-0.065887
0.365121
-0.281212
0.127907
0.178841
-0.158558
0.444964
-0.177119
-0.179244
-0.071503
0.226432
-0.298191
0.066467
-0.064688
-0.484564
0.043232
-0.162971
0.367741
0.090991
-0.103812
0.372390
0.133883
-0.173731
-0.461422
0.027568
0.262326
-0.177623
-0.048800
0.364037
0.183129
-0.431964
-0.055534
0.015802
-0.480792
-0.354990
-0.388489
0.108751
-0.160765
0.136085
0.496835
-0.220457
-0.252155
-0.500257
0.029111
0.095089
-0.301857
0.014432
-0.054284
-0.327399
-0.121981
0.004829
-0.149469
-0.018598
0.301394
-0.150660
0.147281
-0.069086
-0.247259
-0.217804
0.208012
0.044496
-0.536552
0.326365
-0.131448
0.224045
-0.133813
-0.395153
0.022448
-0.204625
0.088721
-0.067963
0.092031
-0.305316
-0.206014
-0.073739
-0.591923
-0.286781
0.591570
0.056349
0.338005
0.333626
-0.599625
0.124919
-0.112046
-0.014814
-0.379672
0.003448
0.001114
0.038731
-0.029228
0.234738
-0.117200
0.147733
-0.133975
2.038476
-0.049408
0.102269
0.089302
0.045861
-0.189920
-0.663107
0.413833
-0.346686
-0.040977
0.000346
0.090308
-0.174029
0.022677
0.113985
0.077418
0.052908
-0.456284
-0.103522
0.169737
0.155716
-0.330847
0.217971
0.134907
-0.117242
0.062499
-0.258048
0.490638
0.111666
-0.481832
-0.029593
-0.019710
-0.034991
-0.185952
-0.236397
0.195579
-0.236778
-0.192725
0.630199
0.009261
0.000126
-0.019038
-0.372610
-0.372222
-0.450845
-0.001157
0.111969
-0.215057
-0.101666
-0.087525
0.460450
-0.149175
0.226616
