ORIGINAL Mean: -0.021375
ORIGINAL Variance: 1.169779
Output:
-0.373361
-0.759200
0.094804
-0.024453
0.154915
-0.207177
0.523749
0.080956
-0.025832
-0.016583
-0.628797
0.091144
-0.820609
0.225507
-0.033135
0.185146
-0.265078
1.376996
-0.283905
-0.479441
0.022264
-0.203052
-0.217985
-0.457026
-0.442612
-0.187087
-0.593996
-0.207835
0.164807
-0.279614
-0.542863
-0.788631
0.691528
0.504670
0.300822
-0.013717
0.814391
0.003844
-0.115492
0.130918
0.507314
0.278107
0.332569
-0.175939
-0.305623
0.157301
-0.019043
-0.080356
0.049692
-0.169300
0.890487
-0.353424
0.041540
-0.312191
0.692020
0.133625
0.256975
0.071372
0.362012
-0.657554
0.121653
-0.331258
-0.095281
-0.175707
-0.689643
-0.048858
0.295734
0.557823
0.071244
0.611229
-0.626198
1.113632
-0.089663
-0.055255
0.189740
0.444198
0.094457
-0.022330
0.214893
0.501382
0.033135
0.110445
0.198319
-0.360719
0.175531
0.708716
0.717450
-0.458641
1.469671
0.145407
-0.132354
0.334841
0.530799
-0.218679
-0.694837
0.093763
-0.576793
-0.522129
0.190255
0.089398
0.683489
-0.507611
0.304708
-0.408240
0.149980
-0.552247
0.242489
-0.400179
0.495108
-0.034260
-0.193173
0.173051
0.176471
0.355743
-0.679523
0.638130
-0.197428
-0.409711
0.202669
-0.262441
-0.062864
0.245062
-0.462709
-0.329453
-0.134822
0.228204
-0.499692
-0.247187
-1.079680
-0.483572
0.031955
0.305439
-0.159831
-0.045742
0.005261
-0.364735
0.020662
-0.645724
-0.003106
0.232020
-0.051347
-0.274669
0.560837
-0.379348
-0.207831
0.684813
-0.460668
-0.242638
0.639502
-0.401558
0.457287
0.427004
-0.043365
-0.198690
0.538351
0.138915
0.184608
-0.205435
-0.032200
-0.060598
0.745998
0.170253
-0.032539
0.131974
-0.239945
-0.152896
-0.234402
-0.170124
-0.469778
0.245650
-0.189730
-0.272081
0.195058
0.110087
0.212359
-0.027763
-0.061875
-0.288203
-0.062366
0.140216
0.419526
-0.378272
-0.174034
0.143601
-0.299338
-0.770799
-0.049189
-0.564669
0.000015
0.016344
0.564174
-0.762242
0.518205
0.111753
0.247086
-0.234030
-0.002688
0.218953
-0.121844
0.413373
-0.201088
-0.278714
-0.832460
-0.053876
-0.678170
-0.075539
0.142281
0.246652
0.344003
-0.593664
0.064416
-0.135991
0.353813
-0.163126
0.080980
-0.016490
-0.154461
-0.028996
0.183168
-0.096055
-0.310618
0.325713
-0.253354
1.197851
-0.083486
0.328554
-0.084260
0.838627
-0.002457
-0.245382
0.178612
-0.237704
0.276982
-0.841722
0.017587
-0.113334
0.598780
0.021798
0.144127
0.786870
-0.223588
-0.079592
0.178326
-0.132465
-0.002369
-0.159860
-0.012803
0.217546
-0.161579
-0.251585
-0.439396
0.471446
-0.288256
-0.029235
-0.529383
-0.021028
-0.071900
-0.174681
-0.326576
0.253090
0.013618
0.264062
-0.241677
0.146595
0.301270
0.258192
0.055296
0.171870
-0.658780
0.045068
-0.304331
-0.460153
0.026557
0.468759
-0.587479
-0.142435
-0.557043
-0.259647
0.016269
0.697943
-0.121196
0.459515
-0.211143
-0.205928
0.174603
0.236899
0.253150
-0.038447
-0.170893
0.046923
0.003423
0.394131
0.283928
-0.370525
0.071800
-0.477619
-0.003464
-0.051486
-0.759976
-0.303216
-0.004215
-0.065792
0.026791
0.045949
-0.225353
0.219579
-0.574977
0.293596
-0.017024
-0.050049
0.020523
-0.093426
-0.697488
0.222498
-0.522342
-0.300553
-0.067338
0.159280
-0.146488
0.906104
-0.451858
0.126496
-0.494746
-0.109696
0.762854
0.555748
0.104181
-0.161226
-0.509912
-0.035106
-0.212724
1.733341
0.233140
0.431905
-0.176262
0.088392
1.360406
-0.613604
-0.054730
-0.061468
-0.011393
-0.071219
-0.043897
0.125478
0.078546
0.097743
-0.020548
-0.053748
-0.431940
0.155749
0.062473
-0.093385
0.174782
0.682834
0.180074
-0.244919
-0.073246
0.141399
-0.446450
0.187929
-0.539414
-0.013331
-0.287141
0.054907
0.682361
0.089701
-0.050736
0.508445
-0.100279
0.072307
-0.535309
0.895469
0.146051
0.583428
-0.535761
-0.468652
-0.677523
0.573047
0.167987
0.798922
-0.236365
-0.006024
1.269480
0.112462
