ORIGINAL Mean: -0.032945
ORIGINAL Variance: 0.862029
Output:
0.361944
-0.178035
-0.070707
-0.177260
-0.086000
-0.211135
0.068560
-0.150357
-0.315908
0.004277
-0.208902
-0.203126
0.010730
-0.150857
-0.282077
-0.075144
-0.089375
0.192326
0.123245
0.333943
-0.069246
-0.038598
0.015874
-0.136675
-0.108729
-0.552866
0.260570
-0.013695
-0.084188
-0.025687
0.215446
0.360509
-0.174608
-0.010923
-0.069083
-0.054094
0.114376
0.343633
-0.074389
0.112112
-0.249002
0.454708
0.203385
-0.042070
-0.815117
0.407541
0.154951
-0.353250
-0.236397
-0.355867
0.147558
-0.017212
-0.043084
1.114404
-0.261170
-0.071359
-0.020023
0.203926
0.237517
-0.045762
0.193659
-0.152108
0.124798
0.136531
-0.227093
-0.025866
-0.140198
-0.161041
0.020404
-0.348616
-0.263799
-0.218559
0.059866
-0.157965
0.179959
0.342240
0.129817
0.332540
-0.052999
0.123391
-0.185283
-0.095421
0.273000
-0.319312
0.035234
0.127337
0.183582
-0.205619
0.206430
-0.153504
-0.194048
0.030776
0.185600
0.461063
-0.123006
-0.286891
0.006119
0.059290
0.216266
0.191322
0.044202
-0.645127
0.007841
-0.216973
-0.063809
-0.182322
-0.348245
-0.058935
0.151022
0.141319
0.050954
-0.043254
-0.076518
-0.260083
-0.056787
-0.674911
-0.120640
0.332681
-0.064811
-0.020451
0.008126
0.293259
-0.010258
-0.328218
-0.113174
-0.382844
-0.081481
0.372597
0.168518
0.080490
0.069294
-0.549628
-0.139420
-0.032760
-0.076235
-0.203237
-0.023015
-0.127498
-0.163936
0.161227
0.134461
-0.222693
0.874434
-0.168537
-0.084547
-0.365739
-0.048203
-0.504352
-0.101215
0.355720
0.081877
0.307752
-0.262782
0.121764
-0.254779
0.124557
-0.498971
-0.174244
0.045211
-0.107469
-0.411809
0.814887
-0.196982
-0.010115
0.092684
0.194887
0.068741
0.253929
-0.145731
-0.386447
0.127946
0.177618
0.027899
-0.055293
0.096858
0.135942
-0.012685
-0.706541
-0.129884
0.005457
0.003861
0.230905
-0.612798
-0.159505
-0.079432
-0.188795
0.067876
-0.479504
-0.000208
-0.102799
0.009846
0.000939
-0.184944
0.013560
0.182746
-0.136631
-0.313247
-0.155706
0.059183
0.477775
-0.223298
-0.123328
-0.080016
-0.257655
-0.053988
0.027633
-0.007238
0.046519
0.186979
-0.177752
0.023809
0.161171
0.108198
-0.071769
0.042732
-0.234958
-0.037065
-0.056562
0.231172
-0.109833
0.055068
0.846313
-0.057394
-0.082058
-0.042165
-0.023087
0.059433
0.292025
-0.005485
0.184349
-0.318098
-0.050349
0.163347
-0.064492
0.171255
0.200606
0.155696
0.122771
-0.002266
-0.167548
-0.239952
0.293046
-0.337060
0.007506
-0.402366
-0.034283
0.117402
-0.280911
0.325752
-0.050685
0.220805
0.234879
-0.184232
0.215233
-0.173972
0.020042
-0.070239
0.123888
0.090289
-0.114389
-0.184766
0.278812
-0.098201
0.065056
-0.264064
-0.243185
0.085125
0.232338
-0.183273
0.159417
-0.338020
-0.476420
0.305986
-0.217412
0.146979
0.367979
0.032080
0.501963
0.035581
-0.471184
0.231365
0.013301
0.058792
-0.299786
-0.346876
-0.114354
-0.164413
0.174564
-0.352083
0.150496
-0.089687
-0.195053
-0.035067
-0.246987
0.067010
0.179744
-0.029364
0.129354
-0.060644
-0.078112
0.158998
0.184857
-0.162498
-0.169409
-0.069201
0.082679
0.308869
0.126042
-0.382853
0.081505
-0.037115
0.117920
0.960638
0.313906
-0.198934
0.040486
-0.248895
-0.012410
0.241859
0.193183
0.054711
-0.275045
0.082397
0.058419
-0.044683
0.125244
0.052060
-0.077499
0.359585
-0.087005
0.052548
1.857896
-0.010595
0.161669
0.482756
0.101352
0.187631
-0.144028
-0.132973
-0.309987
0.045118
0.032249
-0.495687
-0.200185
0.186695
0.131513
-0.037949
0.170404
-0.060836
-0.114848
-0.205108
0.479955
-0.155875
0.180269
-0.057357
0.125766
-0.458129
-0.388363
-0.245392
0.124145
0.348979
0.441619
-0.124697
0.009266
0.178643
-0.014062
0.010933
-0.169633
0.043663
0.878294
0.426051
-0.071220
0.087369
-0.276553
-0.033322
-0.349695
-0.148734
0.212220
-0.142695
0.005866
0.394896
0.676891
-0.056397
-0.265478
