ORIGINAL Mean: -0.022613
ORIGINAL Variance: 0.885383
Output:
-0.207345
-0.036003
-0.125767
-0.213644
0.193812
-0.009657
-0.302435
-0.070842
-0.004736
-0.319248
0.414667
-0.095699
0.553111
0.023825
0.393742
-0.175055
0.874394
0.494627
0.275422
-0.318811
-0.233274
0.463865
0.620113
-0.375445
-0.071780
0.016727
-0.476175
0.160001
-0.302062
0.235823
0.349351
-0.612442
-0.449266
0.469581
0.738320
-0.300551
0.051040
0.290056
-0.040237
0.054388
-0.110210
-0.127691
-0.120235
0.188674
0.980663
0.069492
0.070114
0.162243
0.202546
0.182547
0.537703
0.236979
-0.050609
-0.918276
-0.317864
-0.174565
0.202444
0.491882
-0.255186
0.088256
-0.400153
-0.089561
0.052199
0.308576
0.142436
-0.139181
-0.017409
-0.458018
0.653170
0.039581
0.128446
-0.271428
0.003295
0.264629
-0.331406
-1.119953
-0.066570
-0.141544
0.256565
-0.070688
0.226178
0.193465
-0.778089
0.252972
0.260788
0.158264
-0.179820
-0.024014
-0.440747
-0.098795
0.440157
-0.074323
0.070788
-0.463613
0.024023
0.259409
-0.093060
0.104202
-0.002095
0.062499
-0.024401
0.243002
-0.067314
-0.027939
-0.144632
0.364184
0.387395
-0.045174
-0.057557
0.580409
0.101109
-0.013462
-0.020408
-0.118189
0.175588
0.381038
-0.108655
0.280591
-0.167461
0.197896
-0.140434
-0.435720
0.560631
0.709264
0.170829
0.009269
0.084286
0.255044
0.325981
0.263769
0.005373
0.085112
-0.180792
-0.396434
-0.002501
0.331431
-0.079669
-0.055431
-0.310752
-0.357919
-0.104753
-0.289975
-0.141733
0.217889
0.050032
-0.114653
-0.478732
0.175526
0.208015
-0.220970
0.179653
-0.084664
-0.075997
-0.011094
0.094154
-0.055898
0.509235
0.045467
-0.060139
-0.015658
-0.021046
-0.659356
0.371686
-0.088287
0.193332
0.422869
0.124198
-0.293891
-0.205222
0.208345
-0.084109
-0.142801
0.330539
-0.223541
0.235130
-0.037408
0.402502
0.320171
-0.265470
0.223559
-0.033938
-0.009504
0.100804
-0.164479
-0.052441
-0.611797
-0.030118
0.571175
0.000120
-0.175774
-0.119580
-0.172593
-0.479092
0.044330
-0.014747
0.263719
-0.041700
0.131349
0.260931
-0.065818
-0.291934
-0.088071
0.215080
0.171041
0.107029
0.186725
-0.062647
-0.003592
0.116298
-0.376747
-0.228953
0.302960
0.001428
0.119275
-0.139129
0.230469
-0.376945
0.073438
-0.123677
-0.027362
-0.106597
0.130989
0.041336
-0.013463
0.132058
-0.163043
-0.007364
0.023630
0.102678
-0.295008
0.295801
0.013479
-0.030806
-0.343882
-0.194533
0.046971
-0.027210
-0.006228
-0.103006
0.149841
0.045181
-0.471181
-0.236036
-0.336993
0.147882
-0.159436
0.060286
0.185353
-0.150036
0.018794
0.429731
-0.823720
0.119452
-0.398487
0.468881
0.055893
-0.324802
0.202029
-0.086479
-0.052917
0.117331
-0.069551
0.076606
-0.160280
-0.012857
0.043901
0.099536
-0.208289
-0.033590
-0.170854
-0.147284
-0.342342
-0.416046
0.288534
-0.060874
0.249021
0.207479
-0.253640
-0.327907
-0.880141
0.051241
0.041504
-0.399391
0.076011
-0.352746
0.074024
-0.119172
-0.068481
-0.037999
0.150051
0.282988
-0.097857
0.160535
-0.301998
-0.583026
-0.067887
0.197985
-0.013926
-0.515924
0.182952
-0.072688
0.282513
0.023489
-0.127758
0.153092
-0.174130
0.135712
-0.228229
0.139433
-0.284008
-0.141546
0.028691
0.404343
-0.166855
-0.262355
0.068795
-0.028871
0.028908
-0.417530
-0.366389
-0.198692
0.400831
0.113847
-0.077312
-0.289278
0.836488
0.003968
-0.103455
-0.004291
0.125798
-0.031525
2.045949
0.057622
0.355816
0.167855
0.111046
-0.078117
-1.088159
0.122430
-0.307007
0.417613
-0.207248
0.299971
-0.250128
0.104305
0.133511
-0.809646
-0.139140
-0.398449
-0.107238
0.242821
0.152649
0.088275
0.811530
0.046869
-0.287290
0.070502
0.025820
0.211460
0.250416
0.014726
-0.144038
-0.018311
0.046594
-0.075434
0.037672
0.182430
-0.058713
0.095838
0.234176
-0.155514
-0.235777
0.030468
-0.405176
-0.286151
-0.353316
-0.302529
0.039985
-0.228563
0.153174
-0.030005
-0.180119
-0.763145
0.461473
