ORIGINAL Mean: 0.003426
ORIGINAL Variance: 0.849740
Output:
0.104662
-0.143411
0.183835
-0.030976
-0.015379
0.016516
0.080241
0.203478
-0.033356
-0.037054
0.193840
-0.095979
-0.204380
-0.160880
-0.373455
-0.084114
-0.039479
-0.020986
0.098743
-0.199135
0.009827
-0.349600
-0.272502
0.325313
0.316808
0.501941
-0.294901
0.400183
0.271269
0.176573
-0.473366
-0.376443
0.169260
-0.463136
0.444557
0.017190
-0.159230
-0.351323
0.044394
0.210750
-0.137517
-0.293602
0.077414
0.229503
0.182540
-0.307127
-0.216327
0.226279
0.313490
0.276330
-0.229202
0.184898
0.361529
-0.138262
0.162663
-0.201621
0.208290
-0.102172
-0.173265
0.608715
-0.167224
-0.119515
-0.176924
-0.056931
0.348808
-0.059571
0.060765
0.030239
-0.114211
0.163537
-0.016225
0.139708
0.068982
0.004309
-0.586027
-0.996386
-0.246031
-0.135519
-0.218260
-0.188780
-0.273966
-0.093068
-0.341504
-0.191135
-0.180811
0.089902
-0.025734
0.332232
-0.152100
-0.265303
-0.139973
-0.302583
-0.102642
-0.014837
-0.134042
0.305792
-0.128388
-0.097578
-0.152722
-0.124675
0.209020
0.291354
-0.274553
0.077104
0.149735
0.068098
0.107096
-0.092005
-0.217450
-0.715641
-0.066619
-0.092378
-0.314804
0.165270
-0.307038
0.102324
0.340025
0.014838
0.172394
0.156032
-0.068398
-0.462386
0.087303
0.496088
-0.154917
0.072922
0.326826
0.038011
0.014198
0.022284
-0.008070
-0.015209
0.084418
-0.485175
-0.000364
0.226341
-0.123885
0.379715
-0.098582
-0.082919
-0.211415
0.572545
-0.282718
0.312250
0.349273
0.001114
0.135260
0.377332
0.241107
-0.004893
-0.220409
0.128244
-0.104222
-0.119954
0.032786
-0.107787
-0.008450
0.074389
-0.054542
-0.179070
0.112065
0.411162
0.212721
-0.280029
-0.250809
-0.243540
0.033443
0.216116
0.265130
0.122041
-0.030175
0.232489
-0.019758
-0.312808
-0.281359
-0.228117
0.078172
0.390630
0.240061
0.128733
-0.270364
0.076454
0.282390
0.093310
0.177763
0.344652
0.069724
-0.038409
-0.000189
-0.048211
0.061527
0.242765
-0.012564
0.061580
-0.037648
0.287835
-0.057115
-0.054180
0.153097
-0.186718
-0.175424
0.441501
0.171505
0.076015
-0.049556
-0.074323
0.045167
0.155678
-0.054778
0.194595
0.017873
-0.204416
-0.063808
0.227704
-0.373177
-0.002790
-0.075946
0.254140
-0.365191
0.093774
-0.717248
-0.724561
0.054271
-0.336949
0.366622
-0.192751
-0.063431
-0.645882
0.144157
0.180626
-0.031617
0.004704
-0.091132
0.296132
-0.341697
-0.299800
-0.193068
0.131334
-0.408668
-0.481489
0.078402
-0.319373
-0.136193
-0.556411
0.270489
0.135841
-0.363462
0.039471
-0.386236
0.213401
0.259180
0.181317
0.342824
0.211498
0.073186
-0.084899
-0.060446
0.021051
0.191107
0.052946
0.177054
-0.078149
0.271825
0.129378
-0.107583
0.009079
-0.059700
-0.139639
-0.354341
-0.127337
0.871458
0.347424
-0.613186
-0.198435
-0.106213
0.064027
0.250232
-0.285530
0.131973
0.418781
-0.128979
0.146654
0.002511
0.298621
0.084508
-0.146721
-0.022401
0.041507
-0.054274
0.069892
0.040247
-0.274099
-0.347200
0.270666
-0.036767
-0.150110
-0.057009
-0.126208
-0.003624
0.372938
-0.254452
0.093703
0.014744
-0.153767
0.159154
-0.068370
-0.256410
-0.106434
0.103228
-0.298909
-0.000180
0.163243
0.553222
-0.502629
0.298229
-0.012908
0.213301
-0.263843
-0.324501
-0.127615
0.499884
-0.062396
-0.128072
-0.060621
0.198530
-0.108295
0.023502
0.106849
-0.207669
0.027297
-0.136573
2.421387
-0.093099
-0.467878
0.006680
-0.100808
-0.002143
-0.515171
-0.044179
0.278568
0.051450
-0.010245
0.034483
-0.080330
-0.231877
-0.018192
-0.086654
-0.191472
0.167230
-0.200069
0.117322
-0.403279
-0.132336
0.597609
0.115833
-0.085848
0.135800
-0.112434
-0.025204
0.031225
-0.120622
-0.151973
-0.119369
-0.125314
0.219815
-0.242808
-0.124510
0.225763
-0.062987
0.344394
0.168297
0.062832
-0.357150
0.658952
0.291077
0.404136
0.271661
-0.212635
0.216822
-0.295240
-0.184880
-0.498654
0.115951
0.042527
