ORIGINAL Mean: -0.031995
ORIGINAL Variance: 0.872551
Output:
0.427659
0.185752
-0.138249
-0.276794
-0.211778
-0.038321
0.022876
-0.315560
-0.336576
-0.093562
-0.390162
0.030003
-0.316056
-0.048268
-0.172932
-0.031792
0.161074
0.029252
0.145606
0.139500
-0.144561
-0.029338
0.303379
-0.135675
-0.095445
-0.450146
0.182997
-0.150860
-0.300720
0.068932
0.360238
-0.218558
-0.080829
0.731953
-0.143175
-0.183852
-0.162722
0.287610
-0.127491
0.109934
-0.223707
0.199018
-0.164361
0.455731
-0.389349
0.490475
0.303818
-0.329803
-0.327415
0.181369
0.215447
0.282135
-0.108918
1.008806
-0.462116
0.208071
-0.099463
0.255674
0.050187
-0.006334
0.050584
-0.237184
0.142897
-0.148869
-0.167136
-0.053175
0.350245
-0.219014
-0.351899
-0.287493
0.088818
-0.166114
-0.067731
0.093435
0.625784
-0.402744
0.353888
0.109187
0.070446
0.088696
0.395375
-0.072831
0.218490
0.241900
0.091266
0.274283
-0.093417
-0.465862
0.290058
-0.090365
0.328049
-0.038056
0.554831
0.237001
0.304725
-0.101020
0.290129
0.130533
-0.156285
0.132578
0.014077
-0.226221
-0.198966
0.253903
0.118657
0.084470
-0.317833
0.041570
0.221555
0.441215
-0.141994
-0.234589
0.199584
-0.473857
0.342578
-0.121612
-0.141006
-0.042096
0.062800
-0.354718
0.003183
-0.039622
0.006585
-0.626859
-0.021937
-0.309085
-0.178081
-0.269965
0.146966
-0.033688
0.032034
-0.548044
-0.272081
-0.193804
-0.015189
-0.281992
0.098749
0.215947
-0.088939
-0.028996
0.004700
-0.133103
0.152112
-0.030532
-0.069994
0.201007
-0.541250
-0.199133
0.319686
-0.043498
0.141511
-0.009015
-0.122798
0.425135
-0.180530
-0.141828
-0.271483
0.080908
0.263182
0.002320
0.149968
-0.089223
0.025076
0.065019
0.152039
-0.133187
0.185350
-0.046530
-0.031535
-0.288620
-0.038362
0.036417
0.183344
-0.189569
0.075920
0.239421
0.028819
-0.139585
0.072808
0.401770
-0.007839
0.095415
-0.281342
-0.034783
-0.050427
-0.329039
-0.077105
0.135481
-0.000046
-0.118695
-0.032189
-0.290683
-0.068662
0.031301
0.143485
0.030206
-0.094559
-0.071439
0.258916
0.369575
-0.171266
-0.384492
0.081608
-0.197831
-0.225758
0.064069
0.100578
0.127741
-0.018786
-0.262252
-0.079396
0.215825
0.040839
-0.119310
0.042830
-0.006926
0.179771
0.020609
0.519613
-0.043878
0.297508
0.975033
-0.010907
0.300515
-0.432822
0.233040
-0.055866
0.414782
0.111935
-0.079261
-0.151875
0.015975
0.045736
0.135394
0.030920
0.189923
-0.424398
0.092426
0.282748
0.336422
-0.340672
0.129612
-0.220494
-0.488868
-0.165606
-0.277970
-0.188546
0.045324
0.212807
-0.116638
-0.007679
-0.111000
0.197044
-0.117786
-0.440689
-0.096651
-0.415071
-0.149441
-0.482765
-0.275292
-0.085064
0.049575
-0.052394
0.079360
0.140671
-0.121624
0.022622
0.297287
-0.225432
-0.097927
-0.297439
-0.209523
0.303532
0.025582
0.040322
0.428031
-0.471742
0.133032
-0.098503
-0.181289
0.017266
0.186199
0.020071
-0.325668
-0.097572
0.265418
-0.042409
-0.288814
0.102207
0.173015
0.131588
-0.240615
0.186542
0.005326
-0.131356
0.131832
0.105795
0.122495
0.298645
0.026637
0.318533
-0.029096
-0.161945
0.172934
-0.006840
-0.191631
0.289719
0.081446
-0.441867
0.101854
-0.182998
-0.150966
-0.084991
0.317708
0.023609
0.147717
-0.216296
0.151022
0.511476
-0.077113
0.069772
-0.196428
0.180679
-0.009050
-0.046349
0.412138
0.110885
-0.160193
0.005069
-0.062848
-0.126495
1.955621
-0.386138
0.360600
-0.021489
-0.084844
-0.008705
-1.174447
-0.481587
-0.217476
-0.143601
-0.364613
-0.297036
-0.185173
0.119802
-0.017700
-0.307280
-0.235086
-0.475518
0.118498
-0.226487
0.150260
-0.073282
0.492682
-0.030925
0.191564
-0.131228
-0.029011
0.118015
0.094246
-0.070437
0.132296
0.140100
0.159820
0.025283
0.177458
0.002047
-0.118298
0.108469
0.662700
0.297071
0.268580
0.344854
0.031591
-0.112761
-0.175206
-0.122877
0.260533
-0.188053
0.031614
0.290935
-0.018319
0.135589
-0.096531
