ORIGINAL Mean: -0.015384
ORIGINAL Variance: 1.114698
Output:
-0.031121
0.166726
-0.086195
0.291592
-0.145652
-0.087243
-0.419027
0.189654
0.431211
-0.015440
-0.141856
0.049221
0.259021
0.155737
-0.113563
0.062315
-0.252196
0.919650
-0.025050
0.979852
-0.083474
0.010495
-0.068595
-0.429620
-0.456884
-0.345360
0.513602
-0.145447
0.094726
-0.653788
-0.387523
-0.585250
-0.648922
0.777720
0.086717
-0.008331
-0.528999
0.492788
-0.115889
-0.039560
-0.614188
0.324975
-0.380170
-0.024750
-0.852316
0.292145
0.010726
-0.308329
0.159118
-0.217725
0.462048
0.113392
-0.015268
-0.278960
-0.874790
-0.078479
0.521029
0.304956
0.219130
-0.632081
-0.083597
-0.119516
0.370786
0.083236
-0.445489
-0.064415
-0.385629
-0.465992
0.855050
1.046140
-0.072205
0.115812
-0.271966
0.034424
0.155789
0.086672
0.081395
-0.107277
0.226829
0.037314
-0.096823
0.097707
0.664860
-0.151866
0.240550
-0.076597
0.137875
-0.252658
-0.466846
-0.584640
0.015447
-0.678396
0.488118
-0.258773
-0.731500
-0.743513
0.259182
0.500986
-0.032695
0.326050
0.053178
-0.910179
0.078888
-0.501236
0.231593
0.508187
0.275176
-0.794394
0.393248
0.170143
0.396868
0.066309
-0.503974
-0.202962
0.145068
-0.037242
-0.081306
0.857375
0.285301
-0.197705
0.072640
0.212909
0.323863
-0.423000
-0.066787
-0.059337
-0.458282
-0.134827
0.045828
0.260757
0.074011
-0.670260
-0.451359
0.329984
-0.001605
-0.165121
-0.023110
0.249527
-0.028690
0.305717
-0.140979
-0.855957
0.537142
-0.138350
-0.309620
0.818624
0.069720
0.103502
-0.231514
-0.655336
0.044944
-0.489410
-0.444313
0.506634
-0.008390
0.019423
0.170746
-0.220411
0.045059
-0.104434
0.482106
0.230949
-0.196942
-0.017042
0.089458
0.456681
-0.247414
-0.341136
-0.320810
-0.140068
0.065599
-0.350926
0.187014
-0.417570
0.166948
0.138104
0.043075
-0.110752
-0.118451
0.048607
0.249547
0.079204
0.126951
-0.200662
-0.177764
0.163467
-0.091699
-0.575983
-0.000018
-0.003464
-0.408933
-0.639764
-0.078820
0.105762
0.102962
-0.167022
-0.054340
-0.009081
0.254151
0.437333
-0.289674
0.519620
-0.357767
0.019514
-0.474042
0.032686
-0.243453
0.387203
0.231510
0.364591
0.032496
-0.257756
0.195479
0.153207
0.212579
0.432028
0.582462
0.089667
0.183531
-0.002777
0.019637
0.734366
-0.184048
0.013310
0.120002
-0.599022
-0.011316
0.699284
0.093543
-0.143234
0.045566
-0.231865
0.285570
-0.587974
0.117046
0.108852
0.474182
-0.033885
-1.030259
0.016343
-0.215778
0.025839
0.033594
-0.564397
0.057885
-0.110327
0.148734
0.219474
0.070698
-0.275209
-0.447300
0.406441
-0.200153
-0.160872
0.045393
-0.216289
-0.331551
-0.163881
0.091445
0.384902
-0.143720
-0.546731
-0.485736
0.609948
0.280702
-0.048331
-0.030936
-0.406198
-0.404367
0.005605
-0.111207
0.570954
0.396936
-0.033506
0.701781
0.264132
-0.376838
0.399343
-0.140620
0.775707
-0.193518
-0.129665
-0.022169
-0.045148
0.869613
0.743836
0.164998
-0.588405
0.501031
0.137628
0.056350
0.174630
0.653240
0.184141
-0.052966
0.481560
0.064281
-0.042150
0.176142
-0.100884
0.085629
-0.160962
-0.018148
-0.411684
-0.088819
0.058817
-0.193238
0.244781
-0.071374
-0.007535
0.017879
-1.172949
-1.327057
0.363975
-0.490333
-0.250437
0.057237
-0.143906
-0.189497
-0.432204
-0.445973
-0.116573
0.177041
0.074349
-0.527101
0.459050
0.112463
-0.220838
0.142428
0.016467
-0.204076
1.740609
-1.309467
0.405453
0.021445
0.052552
-0.434666
-0.947010
-0.152532
-0.056131
0.354083
-0.046396
-0.000489
-0.018583
-0.037073
-0.212226
0.027122
-0.176462
-0.107539
0.290844
0.016609
-0.361881
0.254174
0.685870
0.238444
-0.028067
-0.261363
0.025724
-0.199203
0.695222
-0.095112
0.047163
0.316943
-0.019210
0.571907
0.106461
0.009533
0.491905
-0.278656
0.178881
0.736485
0.447732
0.149496
-0.061463
-0.016115
-0.055320
0.216976
-0.779084
-0.110459
-0.115907
0.012400
-0.048999
-0.507438
0.049230
