ORIGINAL Mean: 0.022479
ORIGINAL Variance: 0.915532
Output:
0.189628
-0.038693
0.255341
-0.002138
-0.074009
0.090556
0.332772
0.100050
0.372081
-0.346631
0.167917
0.001440
-0.599372
-0.009433
-0.273816
-0.014030
-0.510052
-0.315141
0.034846
-0.277128
0.036224
0.093906
0.150838
0.225685
0.256587
0.342222
-0.617224
0.405736
-0.072190
-0.193092
-0.376897
-0.619329
0.483869
-0.052759
-0.019768
0.051586
-0.094130
-0.354855
-0.027562
0.260837
-0.332849
-0.277883
-0.287593
0.226268
-0.628053
-0.398573
-0.067408
0.303697
0.356531
0.284275
-0.476623
-0.179790
0.155273
-0.133768
0.088277
0.175195
0.562894
-0.194899
-0.163176
-0.218747
-0.365078
-0.174395
0.298815
0.019707
-0.202704
0.011002
-0.458065
0.753338
-0.339640
0.585488
-0.266457
0.090629
0.098921
-0.225112
-0.192884
-1.371615
-0.228901
-0.270220
-0.184571
0.201672
-0.004797
-0.019790
0.137146
-0.177355
-0.113169
0.317105
-0.148567
0.079447
-0.312674
0.791050
-0.130060
-0.157154
-0.250641
-0.153474
0.514542
0.363694
0.508708
-0.032395
-0.201997
-0.008383
-0.181846
0.550723
-0.269358
0.034861
0.068323
0.008549
0.403363
-0.113903
-0.126205
-0.388412
0.043664
-0.177262
-0.191704
-0.298969
0.200899
0.121718
0.079728
-0.190629
0.158033
0.291246
-0.026759
-0.273602
0.073794
0.357180
-0.123764
0.068680
0.494052
0.015333
-0.238127
0.232159
-0.006279
0.260600
0.070390
-0.555223
0.035991
0.456673
0.080228
0.504697
-0.438072
-0.212156
0.111171
0.256611
-0.159358
0.623589
0.249168
0.224199
0.467239
0.341363
0.146926
-0.072072
-0.126187
-0.214579
0.043979
-0.575710
0.029365
-0.083594
-0.099757
0.062790
-0.404164
-0.133959
0.236087
0.261473
0.214187
-0.091543
-0.120745
0.188995
0.236283
0.195009
0.335996
0.157097
-0.218493
-0.009477
0.031203
-0.000328
-0.241988
-0.156021
0.410635
0.414072
0.048887
0.005892
-0.217316
0.024125
0.213000
-0.053756
0.148211
0.108794
-0.062859
0.206282
-0.000168
0.112727
0.163357
0.081588
0.142827
0.093890
-0.010868
0.238054
-0.206356
0.001819
-0.339290
-0.296271
-0.176398
0.258457
-0.108819
0.070357
0.604493
-0.068489
-0.520649
-0.108079
0.246773
0.315775
0.081769
-0.352689
-0.114874
-0.027707
-0.206134
-0.097385
-0.235653
-0.019057
-0.164546
0.092758
-0.322428
-0.213294
0.152619
-0.214448
-0.036815
0.302870
-0.052484
-0.598797
0.231193
0.315793
0.036393
0.226407
-0.121946
0.521341
-0.043006
-0.260818
-0.095135
0.058942
-0.472555
0.118619
0.121326
-0.486344
0.121638
-1.125895
0.198577
0.089287
0.501247
0.239122
-0.317032
-0.109901
0.205830
0.318461
0.394206
-0.021746
0.434543
-0.009956
-0.213468
0.177330
0.233454
-0.086049
0.043864
-0.178391
0.204509
0.251407
0.081822
-0.096210
0.056771
0.508650
-0.216722
-0.081850
0.772147
-0.021084
-0.510333
0.164846
-0.057798
0.292355
0.039957
-0.636944
0.055348
0.478665
-0.211544
0.214835
0.064751
0.662014
0.831945
0.239870
-0.032787
-1.257270
-0.253134
0.025265
0.126449
0.035978
-0.255518
-0.201108
0.008810
0.124114
-0.084765
-0.149350
0.062803
0.362300
-0.278847
-0.053302
0.220720
0.419868
0.226690
-0.186805
-0.300251
-0.104217
0.033709
-0.301353
-0.112825
-0.077339
1.077778
-0.518658
-0.004339
0.049788
0.066358
0.124168
-0.460955
-0.572034
0.064599
-0.038941
-0.472901
-0.116016
-0.176706
-0.500077
0.056680
0.032066
-0.113758
0.008110
-0.386062
2.153573
-0.119120
-0.422237
-0.586333
-0.108044
-0.197617
-0.695647
0.230287
0.422909
-0.506793
-0.084921
0.180806
-0.080237
-0.239357
0.008725
0.092693
-0.016516
0.280549
-0.815608
0.149466
-0.688667
0.043429
0.461046
0.040968
-0.145808
-0.030292
-0.045971
0.085372
-0.713575
-0.080175
-0.152454
-0.802195
-0.167747
-0.225547
-0.240628
-0.071270
0.179765
-0.136874
-0.006668
0.084821
-0.083423
-0.123784
0.609399
0.183269
-0.059609
0.550366
-0.377253
0.188987
-0.196875
-0.139766
-0.432068
-0.402584
-0.068552
