ORIGINAL Mean: -0.018065
ORIGINAL Variance: 0.919397
Output:
-0.499127
-0.024613
0.185416
-0.124658
-0.054855
0.079735
0.068028
-0.580222
-0.306991
0.152136
-0.039758
-0.141211
-0.162425
0.015368
-0.188612
-0.011032
0.059751
-0.145569
-0.316957
0.175682
0.108241
-0.326016
-0.189064
0.183054
0.073773
0.118680
0.163275
-0.171874
0.148268
0.029935
-0.209792
-0.127567
0.063735
-0.040104
0.075146
0.006116
0.097062
-0.237961
-0.093196
-0.072792
0.041970
0.102153
0.195544
0.141657
-0.175368
-0.077773
0.129408
-0.034864
-0.382631
0.256662
-0.245836
0.248800
-0.120386
0.743556
0.393624
0.030699
0.040748
-0.148706
0.089738
0.158547
0.179610
0.019097
-0.197330
-0.032495
0.019547
-0.153775
0.121765
-0.161473
-0.061358
0.163151
-0.249741
-0.020076
-0.035827
0.139407
0.572940
0.954340
0.443627
0.058032
0.057893
0.119784
0.273485
0.194107
-0.036163
0.095201
-0.011147
-0.047970
-0.037579
0.103507
0.010900
-0.176561
0.026830
0.194516
0.133432
0.000720
0.110845
-0.385811
0.073676
-0.019118
0.044746
-0.314898
0.136914
-0.007893
0.310692
0.565214
-0.516904
0.078594
-0.378140
-0.127305
-0.241766
-0.146955
-0.017620
-0.082917
-0.216041
0.148246
-0.256719
-0.054672
0.040525
-0.066002
0.042480
-0.287455
-0.181523
-0.001892
-0.092401
-0.367928
0.122833
0.065055
-0.164547
-0.250886
-0.025007
-0.345855
0.100523
-0.082535
-0.214025
0.013160
0.213020
-0.094533
0.131448
0.100192
0.160063
0.141798
-0.046776
-0.129921
-0.180785
0.027698
0.008555
0.373274
-0.007123
0.030608
0.331777
0.013431
0.093000
0.048464
-0.092670
-0.254052
0.089895
0.151829
-0.157461
-0.342945
0.117536
-0.116119
0.034159
-0.949175
0.049390
-0.136481
-0.007552
0.044865
-0.013572
0.121517
-0.135602
-0.288616
0.109173
-0.123249
0.086800
-0.085675
0.011209
0.048695
-0.018669
-0.234472
0.213559
0.182411
0.236649
-0.106678
0.015090
0.367595
0.048492
0.344978
-0.034222
-0.128040
-0.000169
-0.131243
0.142320
0.037368
0.228638
0.129520
0.078642
-0.077957
-0.039498
-0.073333
0.221660
0.059342
-0.363572
-0.155340
-0.156813
-0.287208
0.073634
-0.140193
-0.040357
0.263546
-0.076210
-0.028951
-0.034635
0.018408
0.147255
-0.183975
-0.231434
-0.363998
0.033501
0.119205
-0.358311
0.042120
0.214131
-1.019132
-0.008599
0.145639
-0.066302
-0.149358
0.179300
0.763863
-0.064900
0.191519
0.256155
-0.276240
0.232162
-0.057749
0.006198
-0.040603
0.028025
0.007688
-0.311088
-0.147278
0.069760
0.091219
0.102301
0.240725
0.136414
0.025462
-0.241541
-0.213821
0.050299
0.299749
0.104710
0.340074
-0.225373
-0.280621
-0.632601
-0.028998
0.280429
-0.379651
-0.087458
0.068920
0.291336
0.115781
-0.014038
-0.018101
-0.138548
-0.229452
-0.127810
0.054235
-0.202878
-0.170997
-0.089692
0.175561
0.394069
-0.490767
-0.057632
-0.028710
-0.302378
0.129145
-0.056288
0.067307
-0.110665
0.109172
-0.009946
-0.324352
-0.108673
0.182986
-0.047361
-0.252417
0.116527
-0.142996
-0.232784
0.248490
-0.038714
0.243863
0.330897
-0.059387
0.053944
-0.068401
0.075237
-0.251179
0.226205
-0.020881
0.021184
0.204002
-0.050185
0.198686
-0.085428
0.082031
0.101605
0.283981
0.225099
-0.155979
0.053821
0.238914
0.116750
-0.107564
-0.131150
-0.085690
0.713033
0.182482
-0.053495
0.074038
-0.085308
-0.262522
-0.006531
0.933521
0.050835
-0.068327
-0.232781
-0.084550
-0.094558
2.038398
0.036044
0.367828
-0.298129
-0.182723
0.092825
-0.390241
-0.141182
-0.015909
0.053237
0.119696
-0.432534
-0.192771
-0.023398
0.125446
-0.108004
-0.123532
0.292829
0.063468
-0.225872
0.064162
0.033590
0.903574
0.006414
-0.181244
-0.098636
0.217411
-0.114750
-0.031860
-0.133038
-0.532814
0.018275
0.185079
0.272926
0.090381
-0.051447
-0.043992
-0.014638
0.105640
0.259084
0.150825
0.079612
0.308376
0.106661
0.381225
-0.070852
0.267952
0.123822
0.249701
-0.609093
-0.189764
0.183914
-0.091588
