ORIGINAL Mean: -0.008388
ORIGINAL Variance: 0.821905
Output:
-0.070084
-0.414077
0.122970
-0.097441
-0.147105
0.085528
-0.150214
-0.059646
0.184135
0.223670
-0.242817
-0.159666
-0.070021
-0.245167
0.108591
0.111684
-0.304320
-0.230775
0.024278
-0.021272
0.088823
0.177172
-0.227183
-0.022278
0.045115
0.051847
-0.313449
0.229701
-0.163334
-0.172121
-0.117271
0.178271
-0.119428
-0.425745
-0.434182
-0.077345
-0.001673
-0.112837
-0.068697
-0.275770
0.030111
-0.439519
0.144251
-0.236638
0.020154
0.210796
-0.105619
0.068825
-0.423919
-0.203689
-0.078801
-0.190456
-0.039498
1.041596
0.255343
0.372886
0.031423
0.018070
-0.104104
-0.014562
0.237611
0.124612
-0.280148
0.312102
-0.004023
0.198177
-0.291842
0.321502
-0.056398
-0.329254
0.407407
0.200517
-0.031989
-0.044123
0.353928
0.653960
-0.046763
-0.229447
-0.308174
0.026523
-0.040795
-0.157662
-0.152353
-0.066931
-0.456340
0.245892
-0.021485
0.029217
0.099027
0.252981
-0.104477
0.272124
-0.345009
0.286455
-0.318071
-0.335654
-0.178396
-0.069063
0.164382
0.085029
0.152739
0.112688
0.487808
-0.263586
-0.207271
-0.280832
-0.263536
0.132334
-0.201463
-0.274555
0.185890
-0.059581
-0.234484
0.003999
0.106160
-0.062967
-0.017096
-0.304013
0.207848
0.034264
0.108968
-0.076905
-0.418228
-0.412629
-0.115772
-0.136805
-0.141967
0.147601
-0.022015
0.134281
0.019208
0.250362
0.018993
0.575386
0.107399
-0.435222
0.266904
0.258139
-0.378974
-0.090489
-0.036426
0.165011
-0.470029
-0.324717
0.041805
-0.189346
0.409469
-0.134793
-0.445890
-0.112106
-0.052361
0.067615
0.064326
0.355596
-0.367360
-0.164360
-0.073507
0.070369
-0.083171
-0.087154
-0.239149
0.576867
-0.243934
0.126032
0.094649
-0.132664
-0.016117
0.200022
0.363656
-0.099416
-0.080033
0.341200
-0.353190
-0.093228
0.018190
-0.020200
-0.336131
0.095316
-0.182170
-0.332599
-0.249549
0.174981
-0.158464
-0.240853
0.214230
-0.095736
0.107936
-0.245559
-0.000228
0.348211
-0.207948
0.219666
-0.179752
0.066481
0.127605
-0.022698
0.031461
-0.048428
-0.112031
-0.361258
-0.165050
0.214220
-0.045575
-0.107307
-0.038698
0.104574
-0.142877
-0.374029
-0.204770
0.295256
0.145719
-0.021419
-0.268875
-0.179401
0.135476
-0.189053
0.087381
-0.134920
0.458740
-0.010362
0.012896
0.185026
-0.113554
-0.490316
0.069215
0.226792
-0.088800
-0.508562
-0.348443
-0.176072
-0.495648
-0.009505
-0.133898
0.164390
0.133892
0.048129
-0.386351
0.150168
0.342094
0.137746
0.083002
0.347823
-0.237926
0.660551
-0.210877
0.029143
0.147662
-0.180178
-0.037355
0.050056
0.382471
0.232345
0.048770
0.006233
0.098874
0.172633
0.186248
0.128027
0.421240
0.338138
-0.115064
0.134922
0.035478
0.254479
-0.055828
0.024480
0.074689
-0.176364
0.004623
0.225889
0.114050
-0.243520
0.090461
0.197147
0.055926
-0.382228
0.133660
0.098199
-0.032021
0.016743
0.501915
0.041273
0.017535
0.393757
0.353891
0.095868
0.253302
0.246349
-0.179529
-0.231131
-0.276879
-0.007790
-0.196095
-0.456943
0.027498
0.102431
-0.113567
0.151760
-0.090723
-0.080074
-0.054666
-0.098386
-0.236739
-0.271433
0.254762
0.065589
0.546861
0.072171
-0.323457
0.011442
-0.073593
0.216494
0.414965
0.331762
0.058202
0.294843
-0.130010
-0.114686
0.040537
0.174638
0.103540
-0.586247
-0.352782
-0.004872
-0.159313
0.710309
-0.062216
-0.044711
0.232727
-0.030059
-0.181120
1.992275
0.396166
-0.658524
0.078597
0.065869
-0.127212
-0.334437
0.041258
0.372225
-0.244170
-0.260114
0.076594
0.122424
0.182454
0.529818
0.608507
0.333235
-0.104012
-0.358436
-0.201344
0.218052
-0.083678
0.515348
-0.371735
0.294840
-0.014783
-0.131632
-0.151978
0.159961
0.456238
0.106562
0.182649
0.068924
-0.029340
-0.157283
-0.227928
-0.713392
0.149264
0.725823
0.156876
-0.157301
0.282604
-0.117281
0.098410
0.083079
-0.105997
0.128082
-0.116349
-0.370962
0.352445
0.374329
-0.294263
-0.009050
