ORIGINAL Mean: 0.002863
ORIGINAL Variance: 0.934216
Output:
0.232158
0.173259
0.155999
0.197301
0.049941
0.060895
-0.113904
0.155686
-0.456997
0.328286
-0.251602
-0.063000
0.304426
-0.073706
-0.347728
-0.282486
0.208634
-0.602729
0.000811
0.114543
0.022593
-0.361254
-0.211825
0.713029
0.342183
0.460360
0.526534
0.309022
0.307514
-0.073008
-0.510086
0.270349
0.548881
-0.837897
0.459460
0.028990
-0.075097
-0.242399
0.065750
-0.046761
-0.915860
-0.092964
0.288282
0.145665
0.057768
-0.296018
-0.157887
0.262819
-0.010800
0.283561
-0.545687
0.124948
0.422720
-0.092065
0.468777
-0.725899
0.381618
-0.291150
-0.152726
0.504135
0.074068
0.176977
-0.063123
0.060481
0.752930
-0.044165
-0.088564
-0.116248
-0.197855
-0.330843
0.014156
-0.413399
0.049484
0.033221
-0.605253
0.097962
-0.225625
0.077879
-0.156262
0.302925
-0.175362
-0.280844
-0.159569
-0.087408
-0.241626
0.110857
-0.080539
0.839732
-0.123408
-0.206621
0.524493
-0.487923
-0.736682
0.076787
0.025239
-0.119982
0.104190
0.043592
-0.112734
-0.341634
-0.023309
0.579566
-0.134070
0.020675
-0.059088
-0.046675
-0.120703
0.001564
-0.324574
-0.556910
-0.081439
0.031922
-0.666984
0.419221
0.194326
-0.215039
0.024742
-0.022290
0.012869
-0.028412
-0.142101
-0.364159
0.171079
0.339269
0.050856
0.046264
0.124501
0.089221
0.262890
0.115274
0.041665
0.170845
-0.193753
-0.320456
-0.021252
0.164359
-0.118163
-0.201127
0.253364
0.008532
-0.055345
0.249467
-0.320165
0.358689
0.160364
-0.113052
0.182110
0.305280
0.292103
0.048663
-0.372661
0.287365
0.251257
-0.660035
0.003512
-0.073029
0.329884
-0.152286
0.257215
-0.173633
0.639404
0.060847
0.185826
-0.265525
-0.200746
0.272568
-0.020692
0.095150
0.004232
0.100687
0.190015
0.199919
-0.054647
0.074553
-0.249675
-0.148593
-0.099095
0.279146
0.362734
-0.099054
-0.270938
0.229166
0.302092
0.144640
0.189480
1.058432
0.059253
0.380031
-0.000230
-0.094239
-0.031145
-0.249331
-0.051675
0.042050
-0.128858
0.239623
0.033008
-0.139348
0.406815
-0.233831
-0.185706
-0.065972
-0.539427
-0.081492
-0.679286
-0.216017
-0.498042
0.076200
-0.366582
0.153691
-0.019882
-0.261281
-0.028707
0.103980
-0.394804
-0.062353
-0.530539
0.170787
-0.272929
0.194376
-0.391871
-1.131161
0.020168
-0.514303
0.192031
0.082453
-0.010357
-0.751390
-0.037391
0.303674
0.040646
-0.024641
-0.015301
0.129169
-0.276143
-0.143292
-0.088340
-0.027934
-0.025159
-0.428338
0.112094
-0.061060
-0.216969
-0.164343
0.220159
0.130932
-0.257021
-0.279412
-0.296726
0.424759
0.136046
0.079291
-0.043520
0.289685
0.022054
-0.131783
-0.008175
-0.146617
0.246119
0.425624
0.651879
-0.169976
0.166381
0.072704
-0.159089
0.407003
-0.201453
0.386385
0.193871
-0.251186
0.553456
0.256788
-0.057593
-0.591151
0.240425
0.221300
-0.351612
0.093863
-0.013678
0.211135
-0.233556
0.054651
0.098975
-0.043424
0.068416
0.287713
-0.087141
-0.436608
-0.158849
-0.026900
-0.003475
-0.226612
-0.448674
0.229799
0.317643
-0.061935
-0.002584
-0.155404
0.416107
0.066743
-0.159271
0.092522
0.032835
0.408820
-0.032216
-0.112111
-0.483934
-0.114760
0.200863
0.028676
-0.041486
0.267629
-0.147698
-0.337492
0.121997
-0.120213
0.200857
-0.493465
-0.021400
-0.275900
0.550012
0.693104
0.004796
0.054760
0.748103
-0.469085
-0.042867
0.190698
-0.133461
-0.019374
-0.007570
2.326152
0.112981
-0.207042
-0.381337
-0.110448
0.199923
-0.265188
-0.206908
0.186465
-0.108001
0.204855
-0.143674
0.149444
-0.203079
-0.036910
-0.310885
0.027368
0.190761
-0.041155
0.050789
0.330953
-0.119883
0.514165
0.147242
0.167122
-0.063129
-0.050263
0.120177
0.204331
-0.086392
-0.304112
0.266645
-0.057778
0.163427
-0.304578
-0.077343
-0.159060
-0.074595
0.313767
-0.005332
0.512544
-0.598936
0.234490
0.207983
0.754708
-0.103318
-0.874543
0.258236
-0.100097
-0.399287
0.046779
0.288027
0.050611
