ORIGINAL Mean: -0.048369
ORIGINAL Variance: 0.925278
Output:
0.525192
0.478586
-0.169297
-0.115900
-0.437175
-0.084836
-0.058957
-0.120659
-0.247750
-0.005885
0.537035
-0.236917
0.763563
-0.064942
0.097574
-0.075575
0.960951
0.196230
0.312117
0.748848
-0.226367
-0.271233
0.527917
-0.133121
0.259128
-0.191357
-0.482414
0.184646
-0.445970
0.399385
0.375878
-0.292076
-0.507303
-0.401282
0.255897
-0.340718
-0.333886
0.244179
0.031707
-0.047830
-0.025543
0.183876
-0.246310
0.038096
-0.894173
0.024295
0.027913
0.192497
-0.130690
0.220670
0.590333
0.104543
0.143389
0.001478
0.125852
0.149614
-0.337530
0.343325
-0.124785
0.199723
-0.014492
-0.240301
0.043156
-0.213875
-0.268037
0.016369
0.167380
-0.350162
0.062155
0.083416
-0.283249
-0.163416
0.210078
0.067461
-0.610210
0.447875
-0.189208
0.569233
0.164012
-0.102309
0.131324
-0.070417
0.500839
0.396768
-0.026550
0.906331
-0.082744
0.255106
0.743473
-0.001092
1.127696
-0.090088
0.146497
0.411482
-0.194502
0.731606
0.218328
-0.657771
-0.391047
-0.056136
0.429652
0.438219
-0.411595
-0.310222
-0.102142
-0.073165
-0.085907
-0.274208
0.591151
0.043804
-0.342096
-0.084916
0.042960
-0.161885
0.366454
0.241945
-0.300867
-0.412001
-0.366901
0.027924
-0.109653
-0.304536
0.079555
0.204893
0.027920
-0.328042
0.284252
0.316077
0.482798
0.723841
-0.015462
0.044354
-0.328436
-0.388828
-0.286136
0.240768
0.050428
0.222552
-0.353278
-0.273046
-0.040457
-0.245608
-0.073246
0.427868
0.202483
0.223844
-0.255429
-0.043214
0.018524
-0.172400
-0.133413
-0.339653
0.126856
-0.108761
0.223701
-0.069213
0.522590
0.315352
0.265588
-0.020899
-0.563360
-0.596560
0.433729
-0.177822
0.189646
0.063720
0.040625
-0.249234
0.024821
0.117007
0.096762
0.027497
0.153697
0.079359
-0.003625
-0.081605
-0.045509
0.252036
-0.051683
0.635243
-0.463903
0.179420
-0.027506
0.009104
-0.222299
0.071468
-0.211783
0.892314
0.000049
-0.174483
0.061736
-0.308771
-0.175338
-0.040084
0.015973
0.424575
0.033255
-0.079224
-0.000331
0.019505
-0.204144
-0.153083
-0.279013
0.005980
-0.131773
0.103161
0.183952
0.244459
-0.533030
-0.758372
-0.283662
0.089668
0.192000
0.078107
-0.185663
0.077794
-0.372144
0.226723
-0.251983
0.031083
0.270485
0.118515
0.046858
0.333603
0.023957
0.232689
0.047001
0.428223
-0.095631
0.403169
0.068223
0.101960
0.160784
0.336285
-0.256415
-0.116877
-0.074154
0.090462
0.321379
0.107113
0.090989
-0.080168
-0.021012
-0.356738
0.072310
-0.238334
-0.284055
0.251438
-0.065652
0.060803
0.303902
-0.980921
0.052777
-0.029307
-0.126140
0.137896
-0.523289
0.047376
-0.187862
0.127661
-0.160164
-0.034560
0.037791
-0.235763
-0.114486
-0.371750
-0.016903
-0.582153
-0.185192
-0.118824
-0.633582
-0.321638
-0.181084
0.699107
-0.582626
0.055399
0.472040
-0.686223
-0.191573
-0.467329
-0.003562
0.147755
-0.261193
0.059974
-0.147918
-0.027028
-0.040898
-0.039801
-0.135803
0.013601
0.249117
-0.454655
-0.193044
-0.258994
-0.175172
-0.087732
0.107785
-0.093979
-0.296093
0.179268
-0.193712
0.138446
-0.577186
0.170109
-0.042943
0.028276
0.328562
-0.087784
-0.230694
-0.183419
-0.282234
0.498893
0.633860
-0.256003
0.064931
0.067382
-0.168662
0.640033
0.190548
0.485048
0.342441
0.466357
0.221219
0.074695
0.407636
-0.133176
-0.017610
0.294565
0.124704
-0.035962
0.029302
2.099444
0.256499
0.425626
-0.281516
-0.054518
0.370842
-0.965329
-0.323385
-0.335428
0.529991
0.143174
-0.087991
-0.258960
0.029063
0.145763
-0.216894
-0.431953
0.013003
0.165459
0.091296
0.579368
-0.102172
-0.016291
0.168643
0.029344
0.175606
-0.344924
0.375122
-0.409357
-0.325648
0.112433
0.049380
0.390204
-0.030873
-0.209811
0.208704
0.042223
-0.103600
0.842674
0.327825
0.125526
-0.093957
-0.032704
-0.383497
-0.386074
-0.081243
-0.251813
-0.133741
0.557048
-0.148971
0.062635
-0.360977
0.054494
