ORIGINAL Mean: -0.023444
ORIGINAL Variance: 0.945345
Output:
-0.396705
0.112976
0.204207
0.040410
-0.071796
-0.038383
0.025579
-0.394474
-0.342452
0.143152
0.287196
-0.021963
0.001496
0.035117
-0.278421
-0.069150
0.104881
-0.154150
-0.296690
0.362310
0.091704
-0.340365
-0.087313
0.330962
0.169510
0.155983
0.020138
-0.033451
0.159312
-0.148787
-0.237575
-0.092026
0.041485
-0.320042
0.172805
0.018807
-0.025358
-0.229075
-0.052900
-0.071912
-0.149016
0.251838
0.097234
0.024556
-0.154330
-0.188682
0.087832
0.071382
-0.282350
0.234116
-0.358698
0.447484
-0.026272
0.637612
0.343680
-0.171501
0.106489
-0.133692
0.162706
0.155516
0.203920
-0.070828
-0.117177
0.137263
0.022293
-0.118846
0.038903
-0.361941
-0.125430
0.130626
-0.316835
-0.156475
0.069369
0.106971
0.122361
1.243484
0.252237
0.077271
0.099357
0.061410
0.160479
0.106279
-0.058163
-0.069034
0.004743
-0.075894
-0.126435
0.035275
-0.013667
-0.304533
0.161504
0.053589
0.068995
0.103317
-0.098286
-0.100016
0.243431
0.139996
0.017563
-0.330093
0.262732
0.355561
0.093211
0.250010
-0.584724
0.056804
-0.316051
-0.172932
-0.174486
-0.368341
-0.027411
-0.010128
-0.422538
0.148036
-0.171363
-0.141884
-0.042984
-0.023248
-0.053693
-0.217831
-0.238365
0.019700
-0.078572
-0.296539
0.173755
0.066710
-0.034804
-0.184033
-0.178423
-0.168712
0.106115
-0.157751
-0.192790
-0.113309
0.125793
0.080526
0.142245
0.076058
0.252471
0.094180
-0.125571
-0.078632
-0.034938
0.094282
0.075444
0.271587
0.118389
0.125634
0.326154
0.124174
-0.133396
-0.151056
-0.032631
-0.469849
0.273922
0.172629
-0.194343
-0.386908
0.110773
-0.141942
-0.157264
-1.026848
0.084496
-0.249082
-0.026986
0.113072
-0.143335
0.086673
-0.113803
-0.197886
0.150999
-0.128595
0.099533
-0.009428
-0.022226
0.025337
-0.072300
-0.161851
0.217927
0.059314
0.050657
-0.146414
-0.054723
0.203041
0.020192
0.464279
-0.064318
-0.110873
-0.000165
-0.159363
0.171436
0.021481
0.024975
0.109284
0.071402
0.072411
-0.040482
-0.144844
-0.081680
0.001189
-0.398590
-0.088012
-0.163757
-0.285393
-0.113426
-0.120773
0.115870
0.401778
-0.107531
-0.116585
-0.051502
-0.152374
0.204967
-0.063449
-0.290676
-0.230215
-0.142398
0.286977
-0.399785
0.093295
-0.019117
-1.068616
0.000983
-0.291437
-0.098151
-0.269544
0.235969
1.273100
-0.056063
0.266895
0.350268
-0.301792
0.306330
0.061227
-0.050681
-0.084248
0.295865
-0.029147
-0.199819
-0.557185
0.155403
0.282382
0.017047
-0.089750
0.254635
0.070139
-0.099296
-0.206982
-0.061164
0.244917
0.142534
0.202567
-0.303656
-0.167287
-0.428064
-0.026669
0.216407
-0.345143
0.081161
0.127844
0.252933
0.139658
0.003850
0.046150
-0.189316
-0.119512
-0.129567
0.099372
-0.427053
-0.106933
-0.270234
0.134093
0.301518
-0.503388
-0.040000
0.198237
-0.182663
0.092013
-0.078884
0.162298
-0.305902
0.126877
-0.030225
-0.304512
-0.199420
0.031766
-0.173001
-0.022135
0.079870
-0.141523
-0.210825
0.205397
-0.250646
0.400428
0.409704
-0.008933
0.031207
-0.186148
0.107129
-0.204860
0.130167
-0.014567
-0.101742
0.393586
-0.079066
0.254104
-0.160521
0.091607
0.090695
0.211339
0.195652
-0.069175
0.276334
0.063765
0.146570
-0.183572
-0.098187
-0.188410
0.652616
-0.005637
-0.005446
0.513753
0.208493
-0.186237
0.249799
1.018154
0.065840
0.048405
-0.315715
-0.091481
-0.072788
2.094974
-0.050471
0.447460
-0.206073
-0.187051
0.111297
-0.248794
-0.064837
0.001520
0.304951
0.309921
-0.439199
-0.018025
-0.110996
0.052286
-0.099614
-0.070693
0.467776
0.391746
-0.069300
0.066815
0.032500
0.748393
0.166194
-0.139482
-0.093656
0.207720
-0.050046
-0.161008
-0.164260
-0.488955
0.206361
0.248199
0.161230
-0.112819
-0.077556
-0.026528
-0.190063
-0.011509
0.352181
0.085856
-0.150168
0.308766
0.190671
0.396965
0.022740
-0.089954
0.217791
0.126393
-0.849651
-0.246376
0.334882
-0.058257
