ORIGINAL Mean: 0.022852
ORIGINAL Variance: 0.875712
Output:
-0.166221
-0.479390
0.099844
-0.248360
-0.299992
0.154679
0.037282
-0.134576
-0.284677
0.320824
-0.237898
-0.405722
0.104879
-0.137061
-0.261259
0.063956
0.125474
0.305079
0.175756
0.002996
0.057165
-0.415554
-0.391714
0.152134
0.051939
0.216439
0.382770
-0.114217
0.346097
0.179341
0.347608
0.299853
0.267716
-0.194058
0.016459
-0.050679
0.453370
0.247537
0.003234
0.010468
0.292866
-0.299655
-0.385365
0.227974
-0.001270
-0.044140
-0.104818
-0.416623
-0.394192
-0.047912
0.005048
-0.260063
0.307326
0.602305
0.468058
0.327787
-0.475134
-0.481403
-0.140709
-0.048629
0.308408
0.345241
-0.336209
-0.138633
0.447800
-0.095717
0.334923
0.293908
-0.548900
-0.083353
-0.029491
-0.014283
-0.118451
0.041216
0.485826
0.294464
0.314925
0.182787
-0.260388
-0.258082
-0.092406
0.086434
-0.070100
-0.432683
-0.160633
-0.141299
0.026587
-0.102944
-0.461115
0.036701
-0.342655
0.376573
-0.082781
0.131236
-0.534543
-0.223175
-0.154194
-0.016095
0.000586
-0.116687
0.412520
-0.080368
0.426134
0.440974
-0.033563
0.072175
-0.336036
0.373392
-0.417597
0.311682
0.048818
-0.012014
0.024794
-0.174488
-0.354838
-0.215925
0.142993
-0.144170
0.080449
-0.236885
0.045613
-0.292001
-0.092882
-0.267659
0.000848
0.117862
-0.214967
-0.325931
0.001801
-0.200820
0.023371
0.094604
0.068295
-0.139858
-0.041023
-0.226171
0.147540
0.243128
0.185835
0.080424
0.126815
0.093012
-0.765645
0.142723
0.161422
0.313624
0.108181
-0.162851
0.077348
0.102867
0.327413
0.269465
0.030722
0.095295
-0.294659
-0.043885
-0.636056
0.080772
-0.058030
-0.139656
-0.129100
0.311683
0.034596
0.037800
-0.214276
-0.457844
-0.003825
0.178934
-0.038814
-0.287558
0.053818
0.073697
-0.214986
-0.212514
-0.003918
-0.005898
-0.434491
0.085479
0.132074
-0.490865
0.200510
-0.292528
0.091287
0.471850
0.228199
0.313487
0.070278
-0.527161
-0.000215
0.082937
0.024273
0.628665
0.383662
0.094240
0.034046
-0.100233
-0.013784
0.247310
-0.402759
0.095055
-0.111274
0.244682
-0.500639
-0.396249
0.188611
-0.082776
0.184701
-0.119711
-0.641559
0.879453
-0.004626
0.187597
-0.151914
-0.054195
-0.205629
-0.225381
-0.071486
-0.076334
0.228393
-0.066793
-0.088123
-0.737050
-0.086116
-0.425022
0.279137
0.050621
0.075368
-1.091393
-0.161616
0.071973
-0.303587
0.098437
-0.093083
-0.093331
0.077580
-0.010096
-0.797965
0.280297
-1.159879
0.431299
-0.001478
0.097480
0.175657
0.721342
-0.214659
0.181179
-0.421650
-0.254774
-0.054471
0.559171
-0.099749
0.137484
-0.080587
0.273362
-0.206303
0.035468
-0.036101
-0.225951
-0.481606
-0.739181
-0.254024
0.611114
0.120377
0.237080
-0.159962
-0.311233
-0.293154
-0.359053
0.161471
-0.075138
0.594091
0.086886
0.209733
0.093497
0.089399
0.152590
0.473773
-0.077067
0.274704
0.034967
0.212933
0.205057
0.203016
-0.176022
-0.490285
0.253898
-0.107105
0.095479
-0.116039
0.008695
-0.063845
0.127989
0.008241
-0.119382
0.375289
-0.000895
-0.043607
0.073995
0.550703
-0.065153
0.189294
-0.070080
-0.092038
0.026477
0.048623
0.247552
0.003955
0.039076
-0.330263
0.413321
0.160900
-0.096575
-0.161682
0.052976
-0.281638
0.132200
-0.057599
-0.314941
0.261714
0.077689
0.683338
0.205088
0.039028
-0.039703
0.201886
-0.343616
-0.017932
-0.081446
-0.318367
-0.124458
0.082053
2.086698
0.101720
-0.458733
0.250553
0.004296
-0.157450
-0.615841
-0.080077
0.117620
0.244059
-0.324312
-0.053882
-0.026579
-0.181768
-0.038874
0.026970
0.285893
0.477675
0.031867
-0.287672
0.312351
-0.181231
0.607531
-0.267464
-0.010448
-0.109129
-0.219019
-0.477858
-0.589613
0.694767
-0.254626
0.346257
0.045842
0.559645
0.190335
-0.075900
-0.154745
0.330835
0.158252
-0.090680
0.013540
-0.026338
0.236163
0.243807
-0.059368
0.075661
0.696854
0.094671
-0.072667
0.319454
0.376750
-0.017616
-0.306207
