ORIGINAL Mean: -0.020551
ORIGINAL Variance: 0.967506
Output:
-0.124716
0.037254
0.037126
0.036657
0.040717
-0.064577
0.160790
-0.558932
-0.639247
0.050435
-0.106965
-0.259683
-0.052735
-0.032542
-0.185052
-0.071431
-0.116075
-0.115562
-0.267155
0.303439
0.014729
-0.024068
0.166555
-0.037311
-0.018422
-0.232928
0.182457
-0.204434
-0.145665
-0.043139
-0.051217
-0.366853
0.165233
0.335436
0.273057
0.040529
0.134336
0.264816
-0.142894
-0.027237
0.285045
0.306277
-0.104993
0.201152
0.678218
0.232255
0.329159
-0.000072
-0.274273
0.171275
0.041811
0.245510
-0.283903
1.064668
0.193124
-0.135320
-0.076746
0.123690
0.272392
0.127729
0.085094
-0.018369
-0.071719
-0.177676
-0.282289
-0.176729
0.006406
-0.320506
-0.148405
-0.055588
-0.005023
0.108948
-0.044731
0.094247
0.536837
0.621495
0.328718
-0.099162
0.161052
-0.036350
0.186923
-0.127468
-0.632196
0.388424
0.051158
-0.281191
-0.137137
-0.413125
-0.073039
-0.497335
0.038234
0.519580
-0.022304
0.091565
-0.025215
-0.158343
0.488764
0.440573
0.083947
-0.075562
0.188486
-0.380996
-0.029208
0.166679
-0.364350
0.098299
-0.344506
0.066990
-0.116425
0.104147
-0.384237
-0.089382
-0.037687
0.325010
-0.340784
-0.214534
0.186764
0.145027
-0.042546
-0.218032
-0.176642
0.291590
0.053984
-0.533033
0.128308
-0.210802
-0.075776
-0.391504
-0.196309
0.106069
0.069894
-0.537447
-0.260461
0.306321
0.257996
-0.183456
-0.021276
0.411231
-0.131859
-0.030496
0.121997
-0.278824
0.364020
-0.200747
-0.218736
0.001301
-0.054458
-0.178841
0.239843
-0.041470
-0.225182
0.112909
0.017885
-0.340054
-0.276609
0.031819
-0.226523
-0.122384
0.326017
-0.010300
0.318438
-0.846645
0.087864
-0.083258
0.015769
-0.185332
-0.005981
-0.052752
-0.210004
-0.265352
-0.165438
-0.101343
0.210983
-0.023390
-0.019171
0.173044
0.260684
-0.467556
0.074264
0.432995
0.089464
0.119030
-0.292723
0.740217
-0.030973
-0.003712
0.041336
0.264024
-0.000029
-0.123502
-0.004098
-0.032627
0.116360
0.052105
0.147005
-0.030676
-0.078408
-0.070503
0.175212
0.432817
-0.176365
-0.007911
0.281615
-0.232617
0.428390
-0.007454
0.101711
0.149292
0.292967
-0.267060
-0.020541
0.007665
0.360188
-0.113017
-0.114869
-0.248180
0.126860
0.189422
-0.247546
0.237253
0.387414
0.170719
0.115089
-0.229167
0.121696
-0.521862
0.138791
0.390286
-0.049497
-0.315594
0.262809
-0.376800
0.189681
-0.021503
0.186017
-0.044506
0.206717
-0.156998
-0.271912
-0.100286
-0.245639
0.233336
-0.069630
-0.354071
0.046928
-0.259451
0.343715
0.149178
0.221018
-0.138451
0.058049
0.253443
-0.034591
-0.282767
-0.297817
-0.078378
0.062712
-0.319507
-0.464628
-0.140120
-0.034142
-0.000541
-0.157397
0.191717
-0.023265
-0.509905
0.027706
0.503152
-0.015634
-0.033399
-0.194587
0.144291
0.636933
0.006429
0.026286
-0.148907
-0.316923
-0.045245
-0.116545
0.408227
-0.019227
-0.193053
-0.124755
-0.289656
-0.144274
0.052228
-0.217988
-0.521556
0.188225
0.003577
-0.111103
0.036901
0.290611
-0.318632
-0.265872
0.117307
0.111756
-0.073514
-0.121889
-0.179441
0.244796
0.162696
0.077854
0.270539
-0.000975
-0.055869
-0.137773
0.126262
-0.041206
0.093709
0.038331
-0.604111
0.780819
0.387604
0.088859
-0.099079
-0.324480
0.326866
0.715067
0.083946
-0.323708
0.210216
0.109603
-0.190839
0.117257
0.722029
0.095181
-0.138345
-0.366393
-0.073169
-0.003712
2.022700
-0.193803
0.638111
0.051857
-0.242714
0.177775
-0.518874
0.384552
-0.144801
0.133595
0.170031
-0.469895
-0.320242
0.019077
0.098029
-0.050525
-0.055997
0.198131
0.138061
-0.092341
0.255067
0.005822
0.799124
0.070480
-0.062536
-0.276828
0.325633
0.054174
-0.281863
-0.036875
-0.140397
-0.164844
0.216038
0.167680
-0.012785
-0.035166
0.057138
-0.117483
0.267343
0.238677
-0.214332
0.152527
0.303263
0.063349
0.334594
-0.697997
0.395886
-0.070011
-0.175371
-0.565063
-0.123702
0.147022
-0.054995
