ORIGINAL Mean: 0.006469
ORIGINAL Variance: 0.903103
Output:
0.483730
0.097128
0.240130
-0.134774
0.081324
-0.131956
0.186491
-0.074420
-0.041645
-0.123048
0.081853
0.347223
0.199289
-0.029677
-0.407142
-0.052133
-0.500426
-0.614203
0.136992
-0.007978
0.033964
-0.071647
-0.335139
-0.013066
0.430066
0.087287
-0.452392
0.196572
-0.463647
0.140053
-0.064618
-0.267650
0.186301
0.167768
0.416139
-0.170132
0.216800
-0.355467
-0.038909
-0.082708
-0.239395
-0.083224
-0.030758
0.093310
0.157012
-0.173827
-0.011200
0.016292
-0.113717
0.214006
-0.348449
-0.428347
0.249970
0.801811
0.548824
0.113575
-0.187059
-0.254224
-0.048678
0.227209
0.111619
0.007984
-0.059276
0.239317
-0.426650
0.055880
0.419239
0.613576
-0.084881
0.073082
-0.189659
-0.341698
0.145457
-0.046606
0.221249
0.187108
-0.001350
0.068223
-0.067010
0.091435
0.186995
0.153075
-0.203035
-0.129783
-0.200255
0.217100
-0.225467
-0.146238
-0.041409
0.574257
-0.201798
-0.273763
-0.159261
0.303946
0.271303
0.055180
-0.086132
-0.433246
-0.058888
0.005017
0.632040
0.423353
-0.358484
0.094463
-0.393531
0.381802
-0.227030
0.002031
-0.359596
-0.146016
-0.259289
-0.084602
0.004730
0.027281
-0.257769
0.320026
0.265850
0.238665
-0.015531
-0.123898
-0.036821
-0.130854
-0.108659
-0.045019
0.131908
-0.081262
0.211134
-0.267451
-0.044917
-0.112088
0.028902
0.138926
0.155331
-0.459164
-0.032956
-0.028025
0.307323
0.023795
-0.414267
-0.276512
-0.034183
0.775703
-0.570944
-0.150619
0.326396
0.137111
0.205305
0.410089
-0.155028
-0.054196
0.281537
0.051513
0.306792
-0.217075
0.000098
-0.092246
0.028219
0.141054
-0.067807
-0.028325
0.369532
-0.747911
0.134152
-0.109793
-0.161768
0.144789
-0.127405
0.106419
0.399643
-0.005013
-0.007098
-0.054709
-0.065011
-0.274757
-0.172217
-0.153090
-0.245365
0.489827
0.192446
0.447675
-0.383121
-0.225055
0.183673
0.201982
-0.081378
-0.205464
-0.001405
0.279970
-0.000158
0.042168
0.461659
0.215289
0.197151
0.058202
-0.002368
0.581743
-0.074191
0.132758
0.071853
-0.386506
-0.348726
0.273352
0.291134
-0.263167
-0.428683
-0.044331
0.067355
-0.269112
-0.526940
0.020661
0.181568
0.007500
-0.109502
0.185643
-0.092645
-0.130318
-0.309317
-0.100417
-0.072285
0.024488
0.287518
-0.209668
-0.071536
0.324425
0.071959
-0.053516
0.117568
-0.634593
0.293985
-0.141679
-0.023796
-0.059497
0.101884
0.198009
-0.115804
-0.149560
-0.187478
-0.063901
-0.103557
0.201235
0.165311
0.108150
-0.134035
-1.617929
0.160947
0.048354
0.081145
-0.557338
-0.222730
-0.211237
-0.010172
0.334546
0.200459
-0.048615
-0.061935
-0.097441
-0.280593
-0.021551
0.121904
-0.055015
-0.093254
0.328620
0.073516
-0.235644
-0.021599
-0.507110
-0.028911
0.080663
0.093010
0.093678
0.330453
0.119163
0.138843
-0.089907
-0.163538
0.161354
0.100044
-0.142431
0.004024
-0.353936
0.001930
0.056932
0.114500
0.447728
-0.164127
-0.322161
0.001318
0.262551
0.650571
-0.081306
-0.047645
-0.335689
-0.176138
-0.017148
-0.093643
0.302420
-0.112435
-0.141441
0.077211
0.193189
-0.065033
-0.097900
-0.182862
0.220502
0.151601
-0.038513
0.108776
-0.181225
-0.252018
-0.080421
-0.152089
-0.432844
0.152184
-0.342174
0.831979
0.249230
-0.372611
-0.828164
0.505763
0.395720
0.561001
-0.139151
-0.153347
-0.093045
0.357281
-0.104373
0.072990
0.051821
-0.178604
-0.079249
-0.110492
2.147186
-0.146395
-0.244428
-0.029747
-0.254403
0.551934
-0.878308
0.441404
0.360435
0.382647
0.059297
0.084134
-0.064842
-0.138373
0.201720
0.561220
-0.023311
0.650871
-0.177345
0.163313
-0.224334
0.173269
0.735708
-0.023736
0.034603
-0.056955
0.062419
0.058583
-0.179987
-0.462030
-0.186436
-0.093437
0.197337
-0.385102
-0.103558
-0.232297
0.064919
0.104200
0.314497
0.006735
0.350457
-0.114007
-0.256807
0.077730
-0.143208
0.270633
0.210931
0.096972
-0.286836
-0.222210
-0.360811
0.263114
0.028675
