ORIGINAL Mean: -0.030580
ORIGINAL Variance: 1.010371
Output:
-0.091432
-0.036792
0.050345
0.039052
-0.233967
-0.028871
0.023194
-0.360093
-0.505235
-0.165324
0.258386
0.175040
-0.307241
0.047132
-0.251430
-0.064879
-0.042030
0.177397
-0.304112
0.356985
0.001347
-0.209506
0.252693
-0.013644
0.157106
-0.209388
-0.086365
-0.038216
-0.129966
-0.373150
0.163005
-0.749756
-0.378815
-0.027818
0.332225
-0.014008
-0.371680
0.330983
-0.103398
0.019854
-0.313854
0.472319
0.330456
0.067082
-0.538942
0.085091
0.306005
0.082604
-0.318359
0.159765
-0.183792
0.160751
-0.143860
0.983804
0.313029
-0.013869
-0.399978
0.184905
0.277392
-0.050808
0.050659
-0.509326
0.139787
0.029040
-0.307528
-0.017248
0.208402
-0.303687
0.350381
0.911383
-0.555987
0.261313
0.055092
-0.129790
0.143090
0.919265
0.129032
0.189762
0.208278
-0.130990
0.306754
-0.092199
-0.040263
0.118117
0.111813
0.452443
0.037729
-0.227305
-0.521817
-0.042860
0.090460
-0.107565
0.179929
0.172178
-0.338551
0.329595
0.130587
-0.079724
-0.002359
-0.140651
0.351677
0.213684
-0.198749
-0.111313
-0.322415
-0.101838
-0.333239
-0.334714
-0.135067
-0.150779
0.058346
-0.153058
-0.408747
-0.075205
-0.176231
-0.063149
0.040740
0.007686
-0.171778
-0.185955
-0.182888
0.299192
0.044490
-0.568631
0.135767
-0.241658
-0.046161
0.220026
-0.123523
0.127940
0.067605
0.119537
0.072484
-0.330704
0.130938
-0.014949
0.120478
0.486252
0.120336
0.057139
-0.059918
-0.282532
0.540520
0.414174
-0.091156
0.254461
-0.023022
-0.066823
0.234043
-0.117185
0.025165
0.179440
-0.037869
-0.428103
0.116115
0.135421
-0.243647
-0.363745
0.299227
-0.044033
-0.592856
-0.797633
0.119181
-0.207113
0.067652
-0.185303
-0.028624
0.029456
-0.279359
-0.084631
0.000957
-0.134764
0.195019
0.054076
0.028118
0.109542
0.033517
-0.389032
0.125120
0.097162
-0.037730
0.239056
-0.596601
0.678666
-0.132229
0.104625
-0.216704
-0.223948
-0.000095
-0.158337
0.355387
-0.156809
-0.233536
0.037557
0.010193
0.159373
-0.206257
-0.173236
0.460308
0.292124
-0.337329
-0.507047
-0.420823
-0.153745
-0.167413
0.007244
0.064827
0.439561
0.229882
-0.534261
-0.040645
0.437181
0.368942
-0.023343
-0.121695
-0.177606
-0.137234
0.218407
-0.184986
0.029840
0.557466
0.059711
0.122466
-0.581202
0.054437
-0.068928
0.139523
0.342092
0.015088
0.216962
0.347573
-0.196154
0.269841
0.170637
-0.087155
0.102691
0.478356
-0.022517
-0.073904
0.153146
-0.049874
0.132093
-0.420668
-0.659342
0.111021
-0.193410
-0.004348
-0.149536
0.040459
-0.245799
-0.644810
0.452844
-0.121912
-0.067319
-0.627095
-0.087775
-0.034821
-0.201086
0.163782
-0.102515
0.398776
-0.237762
-0.199414
0.265751
-0.073020
-0.292060
0.056595
0.097097
0.036756
-0.058641
-0.398711
-0.195933
0.381991
-0.221088
0.191663
0.548249
0.032648
-0.021997
-0.164880
-0.285836
-0.283363
-0.024531
-0.066051
-0.279197
0.533692
0.029254
-0.286071
-0.457828
0.155771
0.067342
-0.078196
-0.062693
-0.018755
-0.003510
0.660428
0.027946
0.112656
-0.161697
0.560291
-0.041707
0.191671
0.095794
-0.207472
0.386523
-0.076705
-0.069476
-0.373498
0.080824
-0.078163
0.065081
-0.072994
-0.067470
1.017604
0.133307
0.612545
-0.185235
-0.301364
0.293931
0.644295
0.390226
-0.348194
0.816832
0.421646
-0.088258
-0.449399
0.626746
0.105087
0.028819
-0.312300
-0.082983
-0.172271
1.991539
-0.321870
0.713718
-0.566895
-0.235159
0.502882
-0.395035
0.353121
-0.128646
0.311807
0.309018
-0.494194
-0.382332
-0.044616
0.163220
-0.132965
0.028271
0.063810
0.202950
-0.057228
-0.096186
0.099576
0.814705
0.283623
0.141076
-0.314922
0.113254
-0.080347
0.135672
0.423649
-0.078284
-0.332171
0.219928
-0.055892
-0.181127
-0.132042
0.064172
-0.231077
0.368824
0.729590
0.023795
-0.003522
0.040816
0.163679
0.296347
0.098896
0.211869
0.121683
0.350334
-0.792466
-0.278543
0.594462
-0.091422
