ORIGINAL Mean: -0.028712
ORIGINAL Variance: 0.838276
Output:
0.534382
0.231282
-0.215741
-0.401481
-0.093757
0.008970
-0.049832
-0.301387
-0.098240
-0.016953
0.107281
-0.076820
0.214307
-0.128181
0.026397
-0.051863
0.597603
0.237102
0.334509
0.320425
-0.191126
0.190018
0.144963
-0.229375
-0.024906
-0.337478
0.006597
-0.100646
-0.289947
0.164004
0.139668
-0.683096
-0.043752
0.750173
0.189050
-0.331426
0.098436
0.071845
-0.084334
-0.075615
-0.086005
0.031914
-0.050746
0.459058
0.290284
0.450909
0.256094
-0.351163
-0.315322
0.169892
0.363182
-0.097561
0.000129
0.700790
-0.421903
-0.129613
0.118876
0.346811
-0.117901
-0.023428
0.056276
-0.202800
0.112428
0.012537
-0.151635
-0.134182
0.461428
-0.047770
0.090769
-0.136922
0.360758
-0.319292
-0.036858
0.265050
0.501297
-0.535015
0.341315
0.118810
0.075483
0.000997
0.425663
0.094911
-0.261358
0.046977
0.047292
0.095044
-0.097503
-0.242821
0.059342
0.074567
0.383903
0.233739
0.231992
0.163185
-0.194180
-0.148972
0.278837
-0.062489
-0.195955
0.124830
0.201157
-0.445378
-0.126853
0.342177
0.029540
0.011629
-0.248672
-0.112913
0.074262
0.491319
-0.171411
-0.191278
0.197128
-0.308482
0.324705
0.048385
-0.213539
0.320186
-0.040433
-0.350045
0.004224
-0.270362
0.072394
-0.270692
0.060861
-0.238136
-0.117488
-0.100581
0.080392
0.055255
0.023094
-0.415752
-0.320720
-0.076197
-0.095107
-0.164691
0.039324
0.148853
-0.172452
0.019570
0.039471
-0.368342
-0.289256
-0.083198
0.031761
0.540744
-0.531059
-0.204290
0.104654
-0.103036
0.131978
0.043694
0.141524
0.444595
-0.315594
-0.191152
0.018660
0.289183
0.254516
0.003155
0.132056
-0.262754
0.052619
0.111501
0.206744
-0.140009
0.115115
-0.102704
-0.000873
-0.262125
-0.014748
0.045300
0.177346
-0.110581
0.129815
0.144264
0.080474
0.114370
-0.005929
-0.000109
-0.053831
0.043445
-0.179214
-0.193093
-0.050997
-0.642449
-0.015476
0.323977
0.000011
-0.160199
-0.251614
-0.199173
-0.200252
0.033534
0.155892
0.139409
0.033926
0.069653
0.203728
0.201015
-0.174869
-0.149127
0.359886
-0.193072
-0.176616
0.122379
0.012209
-0.186910
-0.373734
-0.184938
-0.171741
0.000294
-0.098444
-0.157952
-0.105603
0.139445
-0.004504
0.033988
0.149876
-0.154558
0.067655
0.788950
0.047297
-0.049309
-0.283267
-0.041691
-0.009046
0.244672
0.046197
-0.241444
-0.156840
-0.002660
-0.027007
-0.189898
0.036503
-0.035357
-0.725644
0.096463
-0.298899
0.185481
-0.250118
0.143254
-0.108741
-0.195935
-0.088750
-0.250123
0.044152
0.095519
0.175108
0.066780
0.453920
-0.344475
0.196680
-0.172911
-0.076901
-0.052695
-0.433452
-0.104470
-0.236605
-0.237757
0.081431
0.055032
0.072180
0.058113
0.038885
-0.081904
0.026919
0.049081
-0.265002
-0.121277
-0.168661
-0.376708
0.244368
0.056112
-0.046125
-0.104175
-0.220328
0.075285
-0.141007
-0.382629
0.144147
0.112806
-0.054668
-0.264387
-0.282310
0.347786
0.024238
-0.109579
-0.080244
0.153545
0.168534
-0.095938
0.308939
-0.181998
-0.336275
-0.037434
0.100721
0.142506
-0.244365
0.075861
0.093565
-0.047684
-0.186452
-0.025980
0.134479
-0.176810
0.361541
-0.039970
-0.408310
0.066048
-0.168691
-0.297497
0.070833
0.237924
-0.092067
0.222845
-0.285177
0.008736
0.445611
0.020671
0.293786
0.126473
0.469311
-0.022971
-0.077575
0.448495
0.084014
-0.136126
-0.025146
-0.020615
0.145503
2.041041
-0.473652
0.291989
0.134009
-0.007959
-0.271183
-1.344193
-0.191432
-0.283513
-0.103888
-0.453814
-0.110796
-0.091141
0.169924
0.016973
-0.424449
-0.189681
-0.321051
-0.064334
-0.176683
0.276677
-0.072875
0.436463
-0.123412
0.119282
-0.104494
-0.079759
0.275489
-0.149026
-0.062353
0.065109
-0.204769
0.172474
0.118672
0.226482
0.056654
-0.037501
0.231219
0.542580
-0.037066
0.169392
0.324933
-0.272798
-0.045517
-0.159766
-0.194083
0.286605
-0.251939
0.214592
0.472944
0.111681
-0.075394
0.006819
