ORIGINAL Mean: -0.017344
ORIGINAL Variance: 0.934540
Output:
-0.702358
0.121527
0.154033
0.037243
-0.138554
0.059007
0.249368
-0.001455
-0.297922
0.112555
0.618713
-0.042361
-0.017451
-0.091308
-0.183268
-0.105696
0.292446
0.120701
-0.268692
0.054612
0.134008
-0.584831
0.138551
0.515757
0.192348
0.613293
0.291468
0.224295
0.576759
-0.016050
0.335547
-0.446984
0.425181
-0.848903
0.298989
0.057867
0.475966
-0.223471
0.033954
0.201755
-0.051077
-0.116081
0.205812
0.135643
0.379418
-0.309439
-0.164605
0.331380
0.165468
0.223676
-0.211384
0.210564
0.182547
-0.215684
0.608062
-0.061429
-0.172747
0.008961
-0.038899
0.153917
-0.102254
0.059767
-0.268061
0.004628
0.479018
-0.164447
0.061930
-0.045029
-0.108293
0.114759
-0.433040
0.200608
0.047869
0.060468
-0.616500
-0.262623
-0.099265
-0.156142
-0.107128
0.230360
-0.210643
0.199173
-0.492809
0.094154
0.026792
-0.008003
0.009051
0.233736
-0.298558
-0.274506
0.133514
-0.106450
-0.271786
-0.278015
-0.044239
-0.085641
-0.187182
-0.360962
0.016348
-0.342921
0.671607
0.353171
0.054948
0.172085
-0.027254
0.264102
0.234160
-0.623185
-0.147233
-0.708002
0.119254
-0.012886
-0.770086
0.186515
-0.601400
-0.091604
0.313324
0.156982
-0.052852
0.186799
-0.201644
-0.294692
0.207657
0.298068
-0.067862
0.113192
0.078833
0.048049
-0.144635
-0.130567
0.026419
0.424530
0.152034
-0.401508
0.168391
0.066304
-0.136312
0.151048
-0.069644
-0.080546
-0.370055
0.370121
0.014570
0.556355
0.053522
-0.247606
0.157697
0.124199
0.559345
0.062482
-0.090832
0.148041
-0.146502
-0.465591
0.149595
0.103872
0.026981
-0.310688
0.007913
-0.190359
-0.350121
0.262307
0.300892
-0.319174
-0.325617
0.138192
-0.063070
0.212058
-0.122052
-0.038424
0.041446
0.021780
0.099184
-0.068110
-0.232395
-0.130344
0.177621
-0.014964
0.211967
0.308316
0.035499
0.175909
0.119473
0.162163
0.221648
0.781505
0.044881
-0.006316
-0.000190
-0.156854
0.114529
0.362895
0.098166
0.068183
-0.007267
-0.054619
-0.052970
-0.070345
0.037467
0.202427
-0.295170
0.159181
-0.672981
-0.117722
-0.023873
-0.154908
-0.074761
-0.018922
0.212790
0.264895
-0.079772
-0.173079
0.248453
0.147749
-0.520653
-0.134774
-0.243332
0.617720
-0.969869
0.006137
-0.630320
-1.254874
0.017722
-0.200476
0.351581
-0.347804
-0.005420
0.268312
-0.070575
0.219294
0.248732
-0.146266
0.041249
0.109169
-0.233103
-0.029638
0.216895
-0.012166
-0.062002
-0.264369
0.000237
-0.456935
-0.232585
0.449348
0.223975
0.162332
0.053596
-0.310046
-0.399084
0.460638
-0.046992
-0.144171
-0.014568
0.136819
-0.030671
0.038867
0.236975
-0.142402
0.240623
0.361832
-0.094029
0.057599
0.158159
0.084465
-0.321781
-0.256088
-0.126415
0.183447
-0.325581
-0.082212
-0.032669
0.655494
-0.227331
-0.243028
-0.111662
0.604468
0.184257
0.249324
0.119059
0.413802
-0.262620
0.124749
-0.127991
0.136597
-0.404352
0.337274
-0.196392
-0.429610
-0.138119
0.024831
-0.068121
0.168149
-0.496267
-0.103544
0.327564
-0.156715
0.000964
-0.167138
-0.245623
0.029587
-0.331367
0.338907
0.020645
-0.058074
-0.008685
0.055273
-0.598534
0.024925
0.263466
-0.163073
0.159864
-0.076270
0.571914
-0.243318
-0.234596
-0.269952
0.244748
-0.134126
-0.191187
-0.201508
0.073949
-0.189931
-0.098541
-0.099124
0.146961
0.885002
-0.001906
0.055632
0.055401
0.077832
-0.158447
2.283489
0.126261
-0.073404
-0.443745
-0.030463
0.567273
-0.102027
0.226387
0.056567
0.009565
0.256397
-0.217954
-0.399736
-0.249327
-0.009247
-0.242996
0.039273
0.250390
-0.006479
0.055539
-0.343810
-0.256701
0.926446
0.197831
-0.238172
-0.003304
0.046997
-0.340762
0.197081
0.439176
-0.353973
0.030705
-0.059496
-0.044971
-0.299991
-0.039754
-0.030425
-0.184578
0.125481
0.174944
-0.056724
-0.363553
0.481358
0.251686
0.581913
0.452753
-0.144565
0.334780
-0.385337
-0.590141
-0.082462
-0.102107
0.088799
