ORIGINAL Mean: -0.012617
ORIGINAL Variance: 0.857377
Output:
0.188574
-0.078948
0.284603
0.077981
0.161255
-0.000767
-0.221741
0.415237
0.322592
-0.002104
-0.125176
-0.005038
0.113799
0.064011
-0.244462
0.083862
-0.716978
-0.136540
0.187952
-0.209785
-0.000714
-0.054259
0.041262
-0.105694
-0.212874
-0.052727
0.246717
0.152807
-0.089362
-0.276481
0.012520
-0.314023
0.021638
0.807196
-0.124610
-0.028239
0.095150
0.042391
-0.063424
-0.221732
-0.231455
-0.193080
-0.065693
0.067542
-0.251097
0.038502
-0.278502
-0.050368
0.185563
-0.068880
-0.306838
0.138648
0.438282
-0.503093
0.151047
0.245771
0.225826
-0.383995
-0.151394
0.129939
0.019908
0.399703
-0.003136
-0.014462
0.038134
-0.061140
0.212757
0.500163
-0.323775
0.164724
0.250755
0.028078
-0.186263
-0.111600
0.191855
-0.325505
0.050015
-0.064197
-0.080632
-0.134866
-0.113710
0.069181
0.277163
-0.198301
0.018441
0.122935
-0.272357
-0.113695
-0.018383
0.070806
-0.338314
-0.042800
-0.381131
-0.319070
0.109083
-0.220469
-0.087523
0.052751
-0.061696
0.156624
0.095162
0.407104
0.196144
-0.354387
0.182421
0.289870
0.193623
0.180590
-0.165841
0.364600
0.198768
0.081312
-0.260036
-0.125381
0.048726
0.074604
-0.125303
-0.203018
0.155819
-0.106467
0.081882
-0.211279
0.099416
0.106582
-0.119181
0.163307
-0.339025
-0.056339
0.048082
-0.209775
0.050284
0.174770
0.196964
0.065305
-0.268395
-0.318253
0.113511
0.101999
-0.086335
-0.066585
-0.069654
0.277991
-0.466936
-0.063565
0.077918
0.137259
0.056399
0.267832
0.006411
-0.472314
0.212585
-0.003155
0.039139
0.141065
-0.534700
-0.109262
-0.113093
0.027486
-0.219848
-0.163876
0.159090
0.223196
0.062364
0.111605
-0.071371
-0.469801
-0.041360
-0.166732
0.188112
0.004446
0.148024
-0.068754
-0.160356
0.068722
-0.090118
-0.053300
-0.265957
0.606051
-0.032917
0.014148
0.037710
0.078426
0.184506
0.008336
-0.066222
-0.153642
0.007035
0.047710
-0.000180
0.287036
0.069973
0.244180
0.042970
0.113081
0.109851
0.182141
-0.047782
0.042919
-0.107139
-0.477563
-0.359381
-0.117629
-0.006320
-0.142036
-0.219677
-0.151559
0.083680
-0.353882
-0.463961
0.036559
0.246679
-0.201042
-0.411387
0.126907
0.090257
0.171307
0.018276
-0.183705
0.078788
0.246408
0.044476
0.062943
-0.225671
-0.101470
-0.027249
-0.299892
-0.182353
0.502677
0.173812
-0.250691
-0.199283
0.209416
0.148089
0.268856
0.173503
-0.008878
-0.137954
0.173603
-0.085433
0.278145
0.156183
-0.438515
0.245914
-1.135547
0.028981
0.184457
0.265657
0.003189
-0.099133
0.055921
0.134799
-0.080512
-0.138895
-0.062995
0.032153
-0.244358
-0.325096
-0.059247
-0.117710
0.142665
0.178967
0.042710
-0.055820
0.196432
0.416448
0.092607
-0.186966
0.010799
0.271414
-0.069238
0.566166
0.222636
-0.066537
-0.107175
-0.083293
-0.329990
-0.114647
-0.069635
0.001326
0.042986
0.081137
-0.000522
0.149507
0.236758
0.395775
-0.097293
0.212118
0.214270
0.243388
-0.125545
0.135499
-0.236017
0.104753
-0.116827
-0.341202
0.041909
-0.144081
-0.020106
0.039590
-0.064407
-0.036438
-0.366680
0.211224
0.009201
0.047338
-0.141146
0.091784
-0.032801
0.060951
0.096874
-0.008359
-0.091607
-1.455864
-0.216839
-0.023651
0.083228
0.280751
-0.451354
-0.319003
-0.210418
0.200011
-0.177504
0.118611
-0.021942
0.007608
0.292245
0.025192
-0.337202
0.081580
0.064634
-0.420070
1.933136
-0.422146
-0.448362
0.060669
0.108874
0.241264
-1.171452
0.170618
0.430996
0.024138
-0.237480
0.539549
0.125758
-0.010938
-0.065772
-0.083467
0.039675
-0.249113
-0.239919
0.194749
-0.194702
0.320448
0.570444
-0.088384
-0.012439
0.033161
0.017702
0.046409
-0.319397
-0.199005
-0.173060
0.151196
-0.059947
-0.201953
0.133800
-0.252009
0.195363
0.186492
0.610215
-0.361871
0.107800
-0.050945
-0.041881
0.204570
0.218775
0.058491
-0.070639
0.079621
-0.119571
0.332031
-0.355921
-0.037074
-0.013785
