ORIGINAL Mean: -0.059538
ORIGINAL Variance: 1.058057
Output:
-0.442626
-0.226091
0.047041
0.114345
0.173944
-0.158075
0.298428
-0.036224
-0.214071
-0.054882
0.131115
0.476372
0.083315
0.015387
-0.159425
-0.168446
0.083174
-0.158949
-0.475316
0.374910
-0.020685
0.017040
-0.221844
0.503080
0.094657
0.162366
0.265700
0.176686
0.320796
-0.119095
-0.740220
0.525624
1.116523
-0.798601
0.169572
0.121601
-0.052135
-0.158261
-0.046629
-0.265722
-0.750774
0.165039
0.169734
0.148328
-0.128807
-0.180439
0.096196
0.424353
0.167572
0.261340
-0.324802
-0.112843
-0.075467
0.104662
-0.059955
-0.560611
-0.303734
0.214040
0.209300
0.629392
-0.089617
0.072433
0.353732
0.172694
0.240271
-0.043112
0.338531
-0.149037
-0.058834
-0.110127
-0.390201
-0.034557
0.049674
-0.187870
-0.565322
-0.059848
-0.242152
-0.030852
0.075492
-0.245606
0.052767
0.019998
-0.217164
-0.146022
0.110319
-0.034367
0.081795
0.526265
-0.380642
-0.203758
-0.600920
-0.727085
0.545451
-0.215666
0.001465
0.324851
-0.218267
-0.052724
0.029573
-0.355207
-0.083496
0.247503
-0.060117
-0.070938
0.139543
-0.355379
-0.014540
-0.261174
-0.309846
-0.283064
0.061775
0.003115
0.026335
-0.037275
-0.603938
0.024607
0.278031
-0.037776
-0.069548
-0.166900
-0.211655
0.080457
-0.170366
-0.143007
-0.106359
-0.072268
-0.012674
0.227556
-0.172692
-0.247881
0.046974
0.454035
0.207670
-0.298414
0.085660
0.187369
-0.250246
-0.426326
0.140469
0.129006
0.015538
0.413920
0.851922
0.210893
0.068345
0.247080
-0.159131
0.060774
0.349767
-0.361948
-0.065577
0.205959
0.027518
-0.662777
0.400177
0.163846
0.259619
-0.625257
0.090221
-0.191820
-0.027042
0.504605
-0.131398
-0.218752
0.013112
0.708258
-0.122539
0.193751
-0.276015
0.000461
-0.068074
-0.114061
0.257154
0.051589
-0.197457
-0.138790
0.343985
-0.589830
0.177292
0.067143
0.022478
-0.480986
-0.719705
-0.140499
0.160151
0.346042
-0.000654
0.010774
-0.000117
-0.067266
0.184555
-0.128557
0.209328
0.086228
0.119937
-0.216400
-0.075513
-0.376730
-0.204903
0.470829
-0.074307
0.015699
0.106082
0.036931
-0.355633
-0.136862
-0.718863
0.532216
0.672108
0.021501
-0.095100
0.301034
0.364423
0.020654
-0.369868
-0.052039
-0.637964
0.606351
-0.060350
-0.110918
0.208731
-0.575307
0.100804
0.176010
-0.042735
-0.107230
-0.123584
0.846068
-0.043449
0.484047
0.250742
-0.077708
0.185153
0.333759
-0.293882
0.085992
0.586840
-0.050988
0.448762
0.078769
-0.046412
-0.573036
-0.352842
0.510324
0.155394
0.033341
0.782580
-0.078049
-0.189166
0.071031
-0.468470
0.496097
-0.074619
0.137569
0.131364
-0.007047
0.221801
-0.116069
0.277456
0.110040
-0.275542
0.080939
-0.059916
0.126470
-0.022174
0.488232
0.031302
0.051666
-0.428403
0.029422
-0.105334
0.362279
-0.320058
-0.443085
0.071142
0.207989
-0.382558
-0.160649
-0.093459
0.243864
-0.172739
0.289650
-0.077803
-0.026185
-0.907437
-0.698236
-0.266627
0.446514
0.460992
0.097188
-0.001275
-0.174788
0.173795
0.797017
0.709203
0.087497
0.175456
-0.159759
-0.436786
-0.140033
-0.022402
0.249905
-0.048961
0.589647
-0.180370
-0.005304
-0.551077
0.117041
0.059419
-0.081121
-0.102871
-0.109619
0.450693
-0.052152
0.396959
-0.417512
0.338331
0.598523
-0.133230
0.188352
-0.456637
0.341043
0.479233
0.003701
-0.202276
-0.061839
-0.019742
0.030286
-0.414950
-0.117193
-0.500151
2.064499
0.164331
0.461865
-0.625701
-0.133793
1.183951
0.046082
0.114974
-0.114357
-0.766492
0.259116
-0.481683
-0.592657
-0.187576
0.050496
-0.626604
-0.186251
0.417028
0.560248
0.004779
0.470711
-0.228778
-0.095683
0.367854
-0.345773
0.126658
0.175277
-0.084776
0.691740
-0.230613
-0.083023
-0.862188
-0.086093
-0.181172
-0.337320
-0.044032
0.078861
-0.265931
1.872229
-0.332938
-0.027081
-0.293167
0.547668
-0.222702
-0.009054
0.215800
-0.232338
0.224556
0.036027
-0.806479
0.479391
0.735064
-0.035577
