ORIGINAL Mean: -0.020818
ORIGINAL Variance: 0.853430
Output:
-0.320326
0.021764
-0.126557
-0.175977
-0.093742
0.038506
-0.084545
0.079115
0.075985
0.143531
-0.315537
-0.128761
0.355577
0.087989
0.663725
0.064313
0.365322
0.225225
0.290414
-0.409467
-0.180796
0.626186
0.399228
-0.530111
-0.397847
-0.251933
0.117858
0.215091
-0.159817
-0.160770
0.465623
-0.204238
-0.214333
0.353304
0.279364
-0.275759
-0.082471
-0.030418
-0.061660
0.145680
0.090915
-0.015898
-0.123964
-0.255561
0.538191
0.140019
-0.333659
0.224785
0.181713
-0.316669
0.637376
-0.177351
-0.018355
-0.968404
-0.298796
0.524780
-0.335787
0.213677
-0.119523
-0.329398
-0.076144
0.021081
0.087931
0.235231
0.305365
0.027780
-0.198925
0.008154
0.385081
-0.542766
0.351014
-0.015823
0.003551
-0.026441
-0.077898
0.383702
-0.151312
-0.070993
0.174253
0.092286
0.114120
0.396221
-0.236103
0.255902
0.303512
0.076043
-0.172501
-0.020753
-0.009380
0.117298
-0.029702
0.100896
0.281798
-0.210101
-0.233861
0.364949
-0.280843
-0.249560
0.192733
0.163896
-0.486689
-0.384380
0.282126
-0.513872
-0.068615
-0.144205
0.120159
-0.095391
0.200274
0.154185
0.009262
0.128201
0.303587
-0.270109
0.397631
0.233981
-0.238337
0.439621
-0.028750
0.223529
-0.007755
-0.251549
0.198139
0.473227
0.088943
-0.079001
-0.490577
0.130040
-0.114254
0.259239
0.013684
0.005284
-0.016619
0.381003
-0.140788
0.094135
-0.066857
0.236078
-0.433150
-0.224738
0.175683
-0.328961
-0.137780
0.051884
0.003478
-0.365772
-0.198896
-0.148454
0.176266
-0.389721
0.234116
0.196182
-0.572427
0.284750
-0.107092
-0.064158
0.144275
0.177996
-0.103069
-0.088964
-0.129756
-0.114789
0.282115
0.173865
0.059306
0.148382
0.222828
-0.471700
-0.250168
0.388199
0.219406
-0.282998
0.044587
0.169823
0.158503
-0.063249
-0.107866
0.154300
-0.367523
-0.377651
0.144408
0.319206
-0.282621
0.065439
-0.187954
-0.212799
-0.024064
0.305581
0.000144
-0.048468
-0.323493
-0.202618
-0.553122
0.054115
0.012832
0.028245
0.275910
0.119066
-0.302392
-0.112581
-0.426627
-0.286740
0.249198
0.241331
-0.096144
0.181057
0.030187
-0.233523
-0.363116
-0.017655
-0.176460
0.006634
-0.085564
-0.014650
0.092501
0.181100
0.108328
-0.088455
0.461504
-0.079549
0.308994
0.439393
-0.032836
0.356975
-0.619869
0.458200
-0.000771
0.117067
-0.318577
-0.306244
-0.026208
0.128876
0.181458
-0.130043
0.121101
0.358520
0.325899
0.072345
0.425677
0.713211
0.055585
-0.057920
0.095225
0.329542
-0.334215
-0.186212
-0.176262
0.238909
-0.123630
0.202957
-0.013062
-0.552246
-0.265567
-0.047589
0.324341
0.197155
-0.168194
0.265606
0.102520
-0.406736
-0.713899
-0.123051
-0.053482
0.050698
0.155744
0.279917
0.048445
-0.302732
0.077648
0.021554
-0.348692
-0.445410
-0.314228
-0.228765
0.029691
0.339421
0.234866
-0.245784
-0.225790
-0.313884
0.090118
0.084497
-0.291723
0.021954
-0.627301
0.095037
0.118856
0.053148
-0.544513
-0.047021
0.210445
-0.229679
0.371965
-0.256836
-0.366164
-0.468081
0.053647
0.144323
-0.100525
0.011657
0.191971
-0.039414
-0.117354
-0.317048
-0.075935
0.058985
0.262192
-0.044213
0.026400
-0.079414
-0.028270
0.037928
-0.053316
-0.027879
0.040997
0.115985
0.267883
0.448175
-0.447078
-0.002883
-0.082383
-0.366649
-0.131113
0.026164
-0.027578
0.967304
0.012689
0.031295
0.527083
0.104974
-0.081177
1.805241
-0.151997
-0.015868
0.402672
0.260163
-0.202051
-0.956840
-0.281622
-0.341126
-0.504555
-0.123415
0.472672
-0.098040
0.134475
0.022531
-0.011380
0.010898
-1.010179
-0.261547
0.218624
0.155765
-0.184546
0.711315
-0.026840
-0.204775
0.341804
-0.326198
0.239484
0.437684
-0.096350
0.093860
-0.018450
0.016491
-0.265921
0.032919
0.165476
-0.302307
0.001864
0.320077
-0.256013
-0.241917
0.138719
-0.644713
-0.385314
-0.262138
0.133762
0.088089
-0.338679
0.232296
0.349583
0.235096
-0.210876
0.338654
