ORIGINAL Mean: -0.035454
ORIGINAL Variance: 0.937241
Output:
0.235464
0.652082
-0.057271
0.088114
-0.043460
-0.122163
0.356726
0.201729
0.079252
-0.102989
-0.122807
-0.473334
-0.458662
0.155436
-0.090941
0.127236
-0.261188
-0.015624
-0.021001
-0.126066
-0.057734
0.030830
0.678582
-0.080527
-0.585322
-0.388968
0.000053
-0.099115
0.094243
-0.325761
0.173378
-0.386303
-0.425855
0.594395
-0.407789
0.038042
-0.128382
0.282263
-0.109428
-0.066240
0.115096
0.266364
-0.055070
-0.094289
-1.108032
0.269944
-0.086011
-0.100997
0.133551
-0.197702
0.121207
0.547376
0.161256
-0.153962
-0.590723
-0.031658
0.529194
0.320505
0.293086
0.267726
0.039099
-0.141640
0.071414
-0.103460
-0.639703
-0.033981
-0.436267
-0.317790
0.075377
-0.101549
-0.061586
-0.414958
-0.190245
-0.305427
-0.062274
-0.215183
0.013955
-0.150008
0.042254
0.506674
-0.155821
-0.091709
0.517159
0.385669
0.155089
-0.087249
0.398358
-0.072937
-0.028830
0.501679
-0.414886
-0.231663
0.358876
-0.141981
0.144229
0.105468
0.482577
-0.398641
-0.068645
0.247500
-0.645142
-0.977923
0.203199
-0.337974
0.540703
0.466549
0.107236
0.628071
0.017053
0.407797
-0.142570
-0.047187
-0.160852
-0.583825
-0.279668
0.213327
0.031870
0.185400
0.313069
-0.214001
-0.011715
0.149227
-0.220724
-0.523708
-0.398153
0.028416
-0.462141
0.131992
0.391038
-0.310073
0.036169
-0.125379
-0.160620
0.408817
-0.152070
-0.494356
-0.067555
-0.203885
-0.198855
0.290667
-0.029746
-0.251380
0.741527
-0.135623
-0.224945
0.013837
-0.522300
-0.181208
0.318097
-0.234211
-0.171343
-0.329061
-0.263092
-0.202038
0.324026
0.007790
-0.516389
0.017343
0.050645
-0.081790
0.464935
0.900628
0.061337
0.290236
-0.219199
0.111507
0.015280
-0.233401
-0.303905
0.022572
-0.079389
-0.188261
0.146155
0.119246
0.154555
0.062121
0.107082
-0.336200
-0.277252
-0.054426
0.328692
-0.230910
-0.186603
-0.072700
-0.229480
-0.102208
-0.128151
-0.353370
0.000033
0.063826
0.177624
-0.370150
0.083675
0.073786
0.228145
-0.451914
0.016943
-0.009439
-0.041732
0.351696
-0.124574
-0.078806
0.177480
-0.023244
0.159783
-0.054850
0.392626
0.452301
0.320456
-0.142325
0.017941
-0.005160
0.038800
0.056929
0.162351
0.173148
0.543574
0.100337
0.094757
0.067210
0.000443
0.924095
0.132478
0.295846
-0.081092
0.338701
-0.246009
0.497999
-0.129229
0.061695
-0.115501
-0.029361
0.224542
0.073809
0.221391
-0.177720
0.245392
0.293822
-0.217099
0.514734
-0.326153
-0.195391
0.454376
0.122052
-0.147980
-0.129757
-0.067177
-0.438863
0.257937
-0.250378
-0.537122
-0.357477
-0.107879
0.038881
-0.277877
-0.031160
-0.326040
-0.047103
-0.563924
-0.041317
-0.321645
0.011674
-0.275418
0.191112
0.478143
0.376959
0.041023
0.459648
0.066338
0.029549
0.166937
0.343348
0.324467
0.252242
-0.173724
0.126646
-0.083111
0.456303
0.002841
-0.452437
0.070278
-0.107340
-0.089803
-0.195339
-0.188135
-0.136310
0.004196
-0.394719
0.049756
0.155917
0.086842
0.226995
0.366808
-0.143685
-0.506933
-0.161505
0.047556
0.095072
-0.638452
-0.102669
0.137337
-0.099901
0.113332
0.146164
-0.221517
0.174480
-0.169827
0.392257
-0.219984
-0.034049
-0.039568
0.057563
0.954108
0.143870
-0.914459
-0.211938
0.103943
0.235166
-0.324690
-0.292194
-0.530550
-0.223199
0.248460
0.066220
0.108634
0.362604
0.090467
0.024061
-0.201321
-0.175171
-0.242595
1.797633
-0.151593
0.220499
0.092387
0.079255
0.383691
-0.936666
-0.015306
-0.099168
-0.041706
-0.228500
-0.024167
-0.131149
0.024836
-0.154643
0.207379
0.001144
-0.105705
-0.464532
0.059294
0.340446
0.066560
0.359273
0.102108
-0.168533
0.003710
-0.132637
0.062192
-0.122805
0.351906
0.385865
-0.050504
-0.106904
-0.176147
0.059302
0.120058
0.121293
-0.330563
0.443073
-0.208990
0.180284
0.229543
0.143958
-0.152838
0.221096
-0.502128
-0.417653
-0.090788
-0.140502
0.156496
-0.106272
0.235571
-0.094797
