ORIGINAL Mean: -0.010918
ORIGINAL Variance: 1.018592
Output:
-0.431097
0.237903
0.244740
0.029428
-0.251984
0.001473
-0.365792
-0.028270
0.042935
-0.141324
0.265554
0.087721
0.266645
-0.018033
-0.225671
0.052907
0.134177
-0.448945
-0.017037
-0.232141
0.027801
-0.293132
-0.129583
0.628669
0.050585
0.563344
0.448547
0.214674
0.278133
-0.075081
-0.567779
-0.232249
-0.208911
-0.286688
0.394097
0.082631
-0.035335
-0.563212
0.019044
-0.287674
0.194642
-0.229124
0.227250
0.253721
-0.282687
-0.431476
-0.174249
-0.030805
0.286348
0.360763
-0.178886
0.667811
0.049866
-0.598231
0.225036
0.227782
0.351168
-0.394658
-0.269531
0.244861
-0.252321
0.171288
-0.378101
0.090931
0.746478
-0.181061
-0.074055
-0.570524
0.333149
0.026427
0.113311
0.058299
-0.025669
0.132203
-0.370679
-0.914007
-0.087197
-0.260669
-0.093530
0.047074
-0.200011
0.003342
0.328057
-0.037925
-0.035196
-0.629730
-0.147698
0.433147
-0.432325
-0.071493
-0.306394
-0.993198
-0.093802
-0.509946
0.067464
-0.443299
-0.523750
-0.180756
-0.172190
-0.230255
-0.262348
0.526147
-0.065284
0.418957
-0.131664
0.433117
0.324481
-0.422188
-0.423883
-0.702438
0.289868
0.055899
0.179693
0.226760
-0.409924
-0.180869
0.145044
-0.009261
0.149240
0.161398
-0.112939
-0.421743
0.177337
0.432245
-0.142273
0.255490
0.208226
-0.046133
0.133537
0.039689
0.059964
0.232812
-0.179248
-0.548991
0.169754
0.380390
0.136077
-0.706868
0.108726
0.142493
-0.314610
0.320863
-0.381947
0.493865
0.232669
-0.284382
0.139213
0.472471
-0.117262
0.123624
0.373942
-0.623783
0.382438
0.359867
0.721037
-0.014058
-0.071833
-0.292352
-0.180477
-0.261064
-0.323211
-0.009594
0.232704
-0.275286
0.076480
-0.115567
-0.014777
0.048016
-0.124653
0.119993
0.095839
-0.028130
0.148744
-0.243341
-0.069770
-0.170735
0.308198
0.337178
0.181295
-0.078174
0.043466
-0.148813
0.647576
0.328357
0.262455
0.601949
0.101298
0.599126
-0.000128
-0.027690
-0.291804
0.452638
0.372143
0.109837
-0.075638
0.077803
-0.077624
-0.138840
0.252434
-0.135991
-0.357594
0.665764
-0.185381
0.054329
-0.145710
-0.202341
-0.028762
-0.139825
0.119027
0.228594
0.008245
0.025166
0.036121
0.071185
-0.244539
0.163315
-0.225727
-0.090826
-0.177384
0.167071
-0.671403
-1.081214
0.002141
0.159824
0.505638
-0.072884
0.021330
0.310277
0.198009
0.446463
0.158048
-0.215843
0.023863
0.188599
-0.400255
-0.311801
-0.049671
0.162679
-0.009866
-0.205059
0.191561
-0.223646
0.034054
-0.162506
0.374871
0.249901
0.305028
-0.281678
-0.292299
0.214750
0.326621
-0.890601
0.015549
-0.214754
-0.280004
-0.236191
-0.025482
-0.133050
-0.478186
0.416611
-0.210692
0.273805
0.246487
-0.055924
-0.034252
0.029709
-0.166799
0.647306
0.124200
0.046878
-0.391679
0.000752
-0.163846
0.026466
-0.090363
0.551310
0.114085
0.479034
0.053931
0.521837
0.043074
-0.398138
-0.063714
-0.299645
-0.513919
0.195212
0.029608
-0.177690
-0.228440
0.044194
0.007898
-0.205490
-0.030966
0.532053
0.335325
0.307786
0.049184
-0.075604
-0.122951
0.153277
-0.228609
-0.015286
0.081506
-0.117541
-0.044341
0.087086
-0.073164
0.010176
0.287413
-0.083521
0.092615
0.101974
-0.743770
-0.380020
0.668786
-0.097739
0.391728
-0.120833
-0.384101
0.135067
0.093233
-0.090769
0.545987
-0.058764
0.114455
0.413238
-0.007955
-0.131604
-0.166436
0.025603
-0.282056
2.075352
-0.054964
-0.200827
-0.140673
-0.131346
-0.002562
-0.400354
0.347354
0.247736
0.397548
0.111755
-0.035615
-0.346269
-0.223111
-0.184873
-0.041837
-0.699170
0.979439
-0.031521
0.037842
-0.753701
-0.011495
0.753707
0.049278
-0.319498
0.169191
0.059249
-0.023035
0.362395
-0.205178
-0.504414
0.428118
-0.163862
-0.200404
-0.042788
-0.061087
0.079441
-0.416379
0.314989
-0.484807
0.175592
-0.376196
0.320492
0.385941
0.603312
0.460476
-0.533496
0.256361
-0.177367
-0.311052
-0.017273
-0.099947
-0.222904
