ORIGINAL Mean: -0.042205
ORIGINAL Variance: 1.058089
Output:
-0.129687
-0.243387
0.245743
0.228243
0.271106
0.363071
-0.068141
0.182232
-0.308900
0.148557
-0.381316
0.129233
-0.351350
0.088360
-0.150102
-0.004745
-0.067612
-0.030267
0.226074
0.135729
0.062196
-0.112350
-0.377660
0.035810
-0.298854
0.154213
0.176973
-0.085926
0.212123
-0.859102
0.068623
-0.380357
-0.275630
0.432909
-0.022646
-0.030733
-0.329239
-0.463823
-0.013631
-0.407997
-0.251633
-0.245618
0.403781
0.055593
0.459026
-0.077919
-0.408991
-0.136346
0.008060
-0.004866
0.126807
0.454531
0.414960
-0.846269
0.633935
0.297612
0.733506
-0.414075
0.037844
-0.011383
0.064978
-0.176109
-0.195589
-0.104491
-0.258005
-0.171672
-0.597348
-0.142384
-0.816538
0.355145
0.352184
0.534103
-0.229157
-0.034684
0.054153
0.164675
0.109414
-0.245439
-0.000301
0.081269
-0.387063
-0.105805
-0.379675
-0.332335
0.244643
-0.007819
0.172915
0.343695
0.574680
-0.518136
0.593057
0.668727
-0.321033
-0.360554
-0.376685
0.015520
-0.023321
0.223639
0.155002
-0.112762
-0.293891
-0.406160
0.418319
0.042776
-0.041083
-0.082320
0.358867
-0.275788
0.150521
0.056604
0.021595
0.099747
-0.795289
0.610209
0.272625
0.099894
-0.071479
0.145557
0.162746
-0.047926
-0.035025
-0.275343
0.434981
0.177271
-0.165539
0.330752
-0.414332
-0.311617
0.231159
-0.217900
0.083191
-0.015743
0.304065
0.119654
-0.217748
-0.109410
0.030345
-0.216963
-0.135873
-0.075430
-0.036295
-0.108699
-0.682171
0.109519
-0.031130
0.011070
-0.251552
0.045602
0.045518
-0.152432
0.505179
0.306820
0.074878
-0.066671
-0.266557
-0.006798
0.643042
0.029814
-0.044064
-0.197826
0.517807
-0.058007
0.148750
0.038592
-0.215527
0.171851
0.000448
-0.302851
-0.182661
0.277725
-0.007939
0.071146
-0.082598
0.100374
-0.046034
-0.073200
-0.260171
0.504814
0.076836
0.709667
0.349602
-0.395549
0.487193
0.047494
-0.064931
0.194697
0.031317
-0.735959
-0.000105
0.117607
-0.244324
0.378245
0.223369
0.090581
0.208013
-0.122712
0.017163
0.145226
0.171019
-0.053233
-0.327378
-0.095278
-0.795596
-0.038363
-0.034617
-0.238008
0.478006
-0.088938
-0.445491
-0.345719
0.101635
-0.458158
-0.134977
0.169051
-0.141119
0.063160
0.250285
-0.112272
-0.099481
0.087451
0.343370
-0.778405
0.172335
0.346686
-0.327386
-0.419996
0.116021
1.575232
-0.088638
-0.171681
0.029118
-0.142319
0.094257
0.074007
0.124365
0.171264
-0.121360
0.303251
-0.210889
-0.035606
0.025671
-0.184679
0.023033
-0.143892
0.042930
0.174304
-0.591037
0.453770
0.033547
0.467218
-0.480137
0.310563
-0.365269
-0.124600
-0.682058
-0.180768
-0.214701
-0.189318
-0.311837
0.080222
0.736530
-0.080501
-0.033463
-0.299460
0.131489
-0.587669
-0.403009
0.059296
0.595746
-0.295785
0.729111
-0.264389
0.223252
-0.497694
-0.592336
0.042090
-0.480769
0.154650
-0.137619
0.644617
-0.193784
0.331512
-0.089094
-0.280313
1.076590
-0.471350
0.201702
-0.101396
-0.496794
-0.150456
0.006835
0.031705
0.066501
0.656708
-0.450440
-0.042303
-0.076567
-0.114126
-1.043241
-0.305100
0.405183
-0.456404
0.216494
0.120683
-0.190011
-0.055231
-0.204462
0.049721
0.277781
0.327589
0.260488
0.021226
0.195258
-0.206047
0.103220
-0.118164
0.333795
-0.389816
-0.212978
-0.070644
0.323519
0.279184
-0.155833
-0.151817
0.444979
1.242355
0.032319
-0.331147
0.428392
0.049901
-0.558418
1.837663
0.272871
-0.286822
0.122155
0.102139
-0.012659
-0.779738
0.275502
0.269074
0.013156
-0.263758
0.293692
0.526715
0.043972
0.015937
-0.023397
0.155437
-0.891476
-0.010646
0.173727
-0.209197
0.166035
0.527417
-0.109454
0.055601
-0.016729
0.171381
-0.277403
0.193255
-0.416838
-0.438348
0.408091
-0.114271
0.027422
0.234240
-0.115890
0.488326
0.133327
-0.163535
-0.474588
1.231757
-0.212673
0.059564
0.023904
0.627789
-0.003719
-0.337347
-0.019827
0.473179
0.110690
-0.274822
0.232128
-0.040913
