ORIGINAL Mean: 0.000703
ORIGINAL Variance: 1.004006
Output:
-0.338193
0.114444
0.091584
-0.102767
-0.130104
0.232234
-0.318582
-0.248797
-0.324272
0.464416
-0.337757
0.212653
-0.488831
-0.073952
-0.247750
0.086330
0.164113
0.134089
0.010718
0.329175
0.050601
-0.362644
-0.434884
0.163730
-0.089410
0.153817
0.247931
-0.186666
0.385744
0.094375
-0.741329
-0.782774
0.254657
-0.476921
0.318791
0.024995
0.027455
-0.317270
-0.015625
-0.547786
-0.082942
-0.154125
-0.255932
0.241447
-0.621233
-0.081327
-0.044558
-0.237549
-0.394388
0.008413
0.058914
0.193637
0.050871
0.636341
0.334507
0.942012
0.019288
-0.350513
-0.056034
0.143084
0.284531
0.227292
0.049746
-0.030706
-0.570033
0.014553
0.385875
-0.252437
-0.646681
-0.384988
-0.151641
0.035130
-0.180939
-0.019667
0.436556
0.675326
0.300249
0.197660
-0.171330
-0.274636
-0.051229
-0.002329
0.520988
-0.333898
0.000304
0.362161
0.103271
0.302450
0.390136
-0.140697
-0.364219
0.725807
-0.287391
0.100092
0.114748
-0.817967
-0.008715
0.313380
0.016791
-0.257901
-0.447709
-0.466479
0.530966
0.363880
-0.085539
0.087816
0.110753
-0.099765
0.126307
0.508422
0.084663
0.079602
-0.577156
-0.217067
-0.068000
-0.189418
-0.582656
-0.234647
-0.041080
-0.187301
0.027932
-0.132291
0.207269
-0.385176
0.029537
0.001836
-0.272964
-0.340887
-0.282248
0.140523
0.035092
-0.296607
-0.066653
-0.246005
0.031345
-0.039535
0.275079
-0.568001
-0.069999
-0.110932
0.052916
-0.067098
-0.496269
0.183436
0.025864
0.233842
0.208177
-0.096991
0.101875
-0.075761
0.169261
0.080555
-0.041493
-0.193202
-0.422104
0.013522
0.115587
-0.118851
0.033869
-0.131569
0.828958
0.390811
-0.230912
0.044031
-0.184488
0.189659
-0.165637
0.077690
-0.287347
-0.359445
0.067187
-0.006004
-0.069819
-0.045051
-0.084463
0.014213
-0.275036
-0.109297
0.196617
0.000605
0.281950
-0.137274
0.200217
0.273754
0.408830
0.526733
0.157669
-0.314671
-0.000216
0.076023
-0.260927
-0.568499
0.441891
0.072850
0.042325
-0.366799
0.048632
0.014532
-0.642564
0.202724
-0.219898
-0.106271
-0.350773
-0.481604
-0.025207
-0.134768
0.162502
0.140207
-0.431131
0.514952
-0.023879
0.421771
0.151157
-0.044663
-0.109280
-0.356343
-0.123816
0.338357
0.033177
-0.149167
0.117499
-0.841473
-0.220153
-0.170521
0.060971
-0.084034
0.170002
-0.345348
-0.326327
0.224369
-0.237031
0.147924
-0.037586
0.281414
0.142694
0.138650
-0.494344
0.170125
-0.555056
0.428946
-0.113945
0.054325
0.208203
1.019781
-0.297039
0.180552
-0.443592
-0.106258
-0.050032
0.525250
0.122939
0.517687
-0.282778
0.109121
-0.428787
0.012236
0.115981
-0.301719
0.082490
0.639409
0.989974
0.718627
-0.001429
-0.053434
-0.347149
-0.169213
-0.381405
-0.454107
0.126368
0.008048
0.013283
-0.185957
0.279521
0.025603
0.071282
0.666000
0.160747
0.811686
0.292668
-0.177588
0.191384
0.426856
0.171153
-0.129982
-0.134870
0.047521
-0.082812
-0.104859
-0.092699
-0.015957
0.018199
0.309951
0.319959
0.294263
0.463821
0.500088
0.028432
-0.047633
0.335183
-0.351556
0.126820
-0.209522
-0.023773
0.555562
-0.029264
0.111178
-0.102487
0.191641
-0.300086
0.462310
0.112019
0.828691
-1.149994
0.188733
-0.918786
0.028297
0.022190
-0.531791
0.307735
-0.241717
0.308706
0.115631
-0.202850
-0.017582
0.050369
0.118971
-0.044395
-0.305888
-0.858158
-0.164394
-0.395325
1.957523
0.374195
-0.217428
-0.019404
-0.049509
-0.139485
-0.436447
0.814344
0.043649
0.001377
-0.119651
-0.177222
0.309522
-0.209259
-0.022651
0.030450
-0.146119
0.833308
0.131601
-0.304356
-0.011132
-0.214679
0.722974
-0.217707
0.088900
-0.388078
-0.047528
-0.643622
-0.010691
0.509167
-0.294660
0.489265
0.097911
0.505141
0.165012
0.000740
0.085328
0.363806
0.288590
0.509209
0.602062
-0.059836
-0.046831
-0.025997
-0.172235
0.454128
0.150911
0.056701
1.080733
0.116050
0.567685
0.187065
-0.345177
