ORIGINAL Mean: -0.000810
ORIGINAL Variance: 0.846296
Output:
0.383368
-0.400498
0.238547
0.010935
-0.027050
-0.042947
-0.154359
-0.070116
-0.023667
-0.138337
-0.093322
-0.342917
-0.214354
-0.081262
-0.267710
0.044964
-0.699075
-0.488804
-0.037271
0.165793
0.042194
-0.215680
-0.269936
0.074002
0.392977
0.000087
0.045685
0.250683
-0.413593
-0.125214
-0.097523
-0.065654
0.160260
-0.093462
0.075700
-0.020987
-0.248721
-0.063898
-0.084720
-0.038464
-0.146444
-0.048322
0.280511
-0.161672
0.151395
-0.100739
-0.008452
0.190946
-0.152086
0.076249
-0.511463
-0.230150
0.030111
1.018676
0.320328
0.060083
0.213603
-0.280181
-0.093675
0.464793
0.115186
0.404100
0.159980
-0.042464
0.191399
0.058061
-0.100526
0.553949
-0.110856
0.045926
0.417067
0.066675
0.193856
-0.109980
0.197462
0.615234
-0.103947
0.137058
-0.049774
-0.049617
0.100832
-0.036882
-0.286856
-0.012164
-0.281472
0.299375
-0.097018
-0.295787
0.146098
0.254111
0.545545
-0.298768
-0.087440
0.483592
-0.564108
0.101452
0.035384
-0.048251
-0.079445
0.023720
-0.075384
0.759531
-0.217981
-0.163579
-0.385599
-0.273208
-0.348543
0.068135
-0.347035
-0.342069
0.100108
-0.099323
-0.273739
0.104174
0.141023
0.567774
-0.004363
-0.098336
0.232253
-0.050747
-0.000935
-0.015519
-0.190249
-0.381804
0.183321
-0.135525
0.320590
-0.149110
-0.088507
0.053390
0.029679
0.475328
-0.244818
-0.103245
0.026991
0.035490
0.289236
0.412964
-0.003500
-0.162387
-0.108214
0.297422
-0.350269
0.047220
0.200463
-0.016342
0.275581
0.343262
0.265907
-0.190015
-0.043997
-0.222656
0.055583
0.590682
-0.112533
-0.112821
0.042919
0.166014
0.129042
-0.112686
0.191419
-0.787880
-0.114556
-0.131239
0.114660
-0.090090
0.049336
0.139321
0.390561
0.104104
0.150876
0.158644
-0.172640
-0.505597
-0.252257
0.015586
-0.298752
0.306744
0.060519
0.033244
-0.508231
0.067927
0.142253
-0.518165
-0.021580
-0.129916
-0.042215
0.017198
-0.000251
0.133437
-0.078972
0.178115
-0.181205
0.076297
-0.103159
0.518525
-0.055861
-0.070251
0.099592
-0.550380
-0.330461
0.490090
-0.366272
-0.075251
-0.393481
-0.035892
-0.219447
0.243199
-0.371101
0.408544
0.198944
-0.243461
-0.232461
-0.144161
-0.005075
-0.046308
-0.022221
-0.229541
0.363529
0.153643
0.081849
-0.025306
0.170708
-0.359707
-0.098197
0.317790
-0.007368
-0.624265
0.171896
-0.019032
-0.054696
0.039377
0.069211
0.246756
-0.089325
-0.024437
0.056183
0.075960
0.313540
0.005089
0.239274
0.060872
-0.069522
-1.412677
0.194368
-0.012776
-0.146607
0.119913
-0.193143
-0.247982
0.460566
-0.199158
0.164412
-0.076414
-0.127589
-0.218007
-0.173708
0.094175
0.173201
0.146398
0.339754
-0.218423
0.070803
0.090387
0.110643
-0.179286
0.055702
0.024910
0.361782
-0.059694
0.580675
-0.359462
-0.232006
0.018179
0.122760
0.046134
0.301996
-0.253209
-0.111877
-0.064327
0.115660
-0.283946
0.116082
0.287603
0.326214
0.159696
-0.067049
0.233719
-0.005593
-0.236534
-0.084159
-0.259408
-0.001016
-0.235293
-0.005958
0.018731
-0.142616
-0.060112
0.364466
0.287377
-0.039174
-0.193836
-0.074596
0.221998
0.150488
-0.186001
0.193485
-0.232437
-0.121132
-0.112798
-0.152084
-0.159439
0.440504
-0.153251
0.500952
0.232211
-0.123140
-0.337379
0.488997
0.105467
0.232473
-0.150599
-0.138444
-0.137264
-0.078304
0.035305
0.014416
-0.120335
0.084248
-0.029570
-0.346521
2.155400
0.042900
-0.284988
0.009383
-0.174589
-0.164217
-0.784170
-0.287478
0.420276
-0.337727
0.224417
0.024073
0.026036
-0.002099
0.250004
0.229712
-0.189163
0.101540
-0.166806
-0.004945
-0.138244
0.288347
0.635446
-0.035938
0.283518
0.148486
0.040143
0.148975
-0.262423
0.442781
-0.094111
-0.069793
0.120524
0.011314
-0.281453
-0.277745
-0.275751
-0.090080
0.390841
-0.009686
0.110600
-0.080776
0.294228
0.145081
0.290663
-0.328409
-0.019084
0.059890
-0.291913
-0.331333
-0.253750
-0.321976
-0.017421
