ORIGINAL Mean: -0.016420
ORIGINAL Variance: 1.109695
Output:
-0.799750
0.799210
0.231200
-0.017024
0.227722
0.011020
-0.121166
-0.232640
0.114470
-0.016133
0.275065
-0.814595
0.067889
0.116154
-0.088144
-0.008990
0.000216
1.142294
-0.374031
-0.229763
0.122855
0.202192
0.319856
0.454366
-0.153255
0.284285
0.219464
0.006999
0.350758
-0.318944
-0.094428
-0.560174
0.183435
0.039622
0.000751
0.242335
0.226894
0.352930
-0.070098
0.170179
0.312002
0.007737
0.233422
-0.008908
-0.374854
-0.240849
-0.018750
0.221832
0.241364
0.194022
-0.593000
0.197158
-0.070213
-0.586198
0.128149
-0.172301
0.411848
-0.141683
0.050680
0.093588
-0.112317
-0.156740
-0.462752
0.269945
-0.181564
-0.365522
-0.345760
0.215593
0.395461
0.177719
-0.426483
0.216771
-0.067283
0.034053
-0.017038
-0.174706
0.160855
-0.279001
0.097283
1.021962
-0.065767
0.562760
0.142786
0.361874
0.032216
-0.274291
-0.084707
-0.037453
-0.312711
0.090776
-0.137882
-0.203615
-0.651719
-0.624791
0.603891
0.145356
-0.045414
-1.109908
0.024455
-0.244390
0.256573
0.157521
0.273349
0.290004
-0.261145
0.445795
0.099494
0.180815
-0.341688
-1.108023
-0.093045
-0.005954
0.028296
-0.334976
-1.252073
0.182020
0.684478
0.371155
0.088587
-0.154042
-0.236502
-0.024646
0.184815
0.080787
-0.026569
0.274976
-0.044764
-0.059070
0.470655
-0.527724
0.078048
0.728582
-0.602642
0.129282
0.284823
-0.137956
-0.066090
0.263455
0.036230
0.165547
-0.125904
-0.083887
0.087006
0.168437
0.014221
0.392578
-0.119424
0.090448
-0.159118
-0.208848
0.198019
-0.010509
-0.629752
-0.065293
0.789099
0.192705
0.580136
-0.432523
-0.047169
-0.183625
0.575322
-0.508197
0.191104
-0.175056
-0.089445
0.068740
-0.054955
-0.020274
-0.168731
-0.056990
-0.037980
-0.107502
0.211995
0.040750
0.043653
-0.138146
0.417649
-0.073423
-0.060682
0.255252
0.353583
-0.868136
0.126587
0.303709
-0.023170
0.345003
-0.062574
-0.576838
-0.000090
-0.095497
0.076050
0.403844
0.378010
0.112146
0.124197
-0.177704
-0.197540
-0.081973
0.715657
0.279169
-0.312662
0.117478
-0.415046
0.031893
0.121160
-0.101077
0.587268
0.160049
0.542418
0.570937
-0.045944
0.705823
0.254934
-0.057306
-0.148354
-0.188582
0.748025
0.239677
-0.941051
-0.091666
-0.055990
-1.006390
0.074745
0.274029
0.253999
-0.826849
0.024656
0.953660
0.018703
0.273923
0.472008
-0.276108
0.191114
0.104132
-0.006474
-0.210772
0.439314
0.200832
-0.524385
0.089473
0.175021
-0.649805
0.408293
0.086130
0.247757
0.120881
-0.078377
-0.712303
-0.013802
0.088853
0.024098
0.439763
-0.223214
-0.319455
-0.250178
0.093349
0.241651
-0.179752
0.317702
-0.206161
-0.080528
-0.147380
-0.060643
-0.385629
-0.020159
0.362259
0.024168
0.357297
0.217733
-0.079636
0.215847
-0.200994
0.066548
-0.528031
-0.028358
-0.091066
0.752432
0.674961
-0.055546
-0.393174
-0.193576
-0.197774
-0.133684
0.207851
-1.145814
0.307888
-0.061627
-0.684028
-0.299596
-0.042774
-0.151073
0.257451
0.086643
0.184865
-0.102514
-0.593099
0.117509
-0.141722
-1.001281
-0.160820
-0.099062
0.207837
0.291060
0.260062
-0.077324
0.275797
-0.649157
0.147271
0.390418
-0.097793
0.275966
-0.639860
0.341777
0.007600
-1.131704
-0.296281
0.092927
-0.467923
-0.202870
-0.631734
-0.549522
-1.184344
0.505565
-0.281777
-0.578834
0.829176
0.090355
-0.060471
-0.587037
0.038942
-0.290871
1.910611
-0.180649
0.323772
0.035790
-0.110023
-0.169841
-0.221216
0.559495
0.061706
0.496248
0.178720
-0.215651
-0.744447
-0.006207
-0.016630
0.346435
-0.161304
0.064520
0.176067
0.029670
0.022926
0.125565
0.791306
0.167793
-0.625641
-0.032148
0.255201
-0.064235
-0.058517
0.274932
-0.528571
-0.309523
-0.004172
-0.075929
0.038905
0.060956
0.119235
-0.295591
0.067876
-0.059279
-0.870797
-0.032061
0.524044
-0.008705
0.868656
0.300755
-0.270681
0.109488
0.186591
-0.694222
-0.562413
0.002963
0.087106
