ORIGINAL Mean: -0.040473
ORIGINAL Variance: 1.074389
Output:
-0.067738
0.466820
-0.025937
0.154851
0.017378
-0.253564
0.575521
-0.038103
-0.241499
-0.390515
-0.570876
-0.227654
-0.191126
0.008289
-0.159121
-0.106663
-0.002533
-0.452288
-0.210710
0.108484
-0.091221
-0.404492
0.063076
-0.042189
-0.119281
-0.070288
0.287214
0.129430
0.040342
-0.369449
-0.109829
0.244407
0.123623
0.034676
0.373953
0.153868
0.085640
-0.245366
-0.091976
-0.093901
-0.499400
0.271023
-1.036204
0.254370
0.940656
0.065782
0.262325
0.278085
0.355730
0.286661
0.424068
0.247955
-0.196155
0.008296
-0.551803
-0.886800
-0.632264
0.103891
0.246208
0.155063
-0.290327
-0.355361
0.458917
0.174418
0.171976
-0.155715
-0.125677
-0.283499
-0.967176
0.167319
0.239974
0.088214
0.036083
0.042267
-0.330987
-1.040968
-0.167202
-0.368400
0.136206
-0.174473
-0.047674
-0.106143
-0.507547
0.278150
-0.072325
-0.327058
0.019966
-0.144842
0.749997
-0.104109
-0.276242
0.166229
-0.267678
-0.211682
-0.590123
0.217912
0.178367
0.113554
0.043904
0.013953
-0.255210
0.138988
-0.447200
-0.131757
0.111218
0.748230
0.236220
-0.276800
0.288370
0.016198
-0.230351
0.003289
0.406769
0.410610
-0.035538
0.029460
0.616061
0.223936
-0.062166
-0.040432
-0.174216
0.055712
-0.250816
0.111010
-0.075997
-0.197315
0.093067
-0.041431
-0.576904
-0.018546
0.029787
-0.018123
0.728274
-0.316622
0.112417
0.289156
-0.293410
-0.726468
0.014359
0.283343
0.067912
-0.108835
0.883168
-0.038803
-0.005442
0.036793
-0.205803
0.067736
1.039979
-0.272439
-0.259202
0.004361
0.160632
0.008992
0.139591
-0.084730
-0.405432
-0.008872
-0.043064
-0.123827
0.008771
0.188659
0.052663
-0.172318
0.197615
-1.358092
-0.102768
-0.069820
-0.105439
-0.088533
-0.316918
-0.173539
0.372041
-0.165218
0.029330
0.023623
0.577090
-0.348570
0.060137
-0.610160
-0.038410
-0.809515
-0.267650
-0.175916
0.060553
-0.146456
0.163449
0.540897
0.000046
-0.089892
-0.014642
0.193188
-0.066865
0.052461
0.113362
-0.004462
-0.164583
-0.221939
0.790404
0.480563
-0.002434
0.490360
0.289776
0.310362
0.659723
-0.000840
-0.154085
0.663668
0.945103
-0.102925
-0.042702
0.141505
0.158062
0.116487
-0.078474
0.168167
0.488229
0.330664
0.114032
-0.160253
0.005260
0.513484
-0.059219
0.343209
-0.550853
0.340821
-0.142752
0.738608
0.235231
-0.126336
0.261468
-0.319619
0.063486
-0.220864
-0.400580
-0.091351
0.496611
-0.253164
-0.482236
-0.048472
-0.255793
-0.124397
-0.012572
-0.589850
0.292801
-0.230894
0.023586
0.064550
-0.097491
-0.477809
0.183180
0.765172
0.174034
-0.120901
0.029694
-0.214571
-0.183349
0.040985
0.147904
0.811008
0.793704
-0.209860
0.006934
-0.224756
0.186617
0.209140
0.140051
0.566906
-0.067815
0.106300
-1.357247
-0.011186
-0.130699
0.261167
-0.254333
0.154409
-0.173712
0.404718
-0.145585
0.486313
-0.271458
0.115880
-0.205717
0.051014
-0.353092
0.049557
-0.102361
0.548348
-0.257036
0.174321
0.140758
-0.011203
0.064008
0.603260
-0.143324
0.113211
0.180571
-0.061070
-0.544489
0.139423
-0.085069
0.323702
0.025821
0.063299
-0.088760
-0.187380
0.090037
0.122163
0.125896
-0.230470
-0.111117
0.588922
-0.778762
-0.068657
0.652043
-0.302004
0.215997
0.646703
-0.287302
0.422271
-0.489483
0.404161
0.176876
-0.101396
0.913175
-0.189162
0.037957
-0.112330
-0.294907
0.048097
-0.127640
2.018955
-0.118807
0.502359
0.050898
-0.199241
0.241282
-0.484501
-0.203878
-0.125903
-1.064278
0.009279
-0.274202
-0.540756
0.028736
-0.165902
0.207853
-0.286533
-0.300206
0.513082
0.089876
-0.161146
-0.031430
0.072743
0.356022
-0.259578
-0.142785
0.283264
0.229686
0.051317
-0.705534
0.014680
0.229459
-0.053358
-0.351856
-0.176803
-0.012192
0.552383
-0.285883
1.258359
-0.098877
-0.900934
-0.098285
0.468023
-0.308134
0.221637
-0.459353
-0.076665
-0.217455
0.515928
-0.478150
-0.348846
-1.062702
0.000356
