ORIGINAL Mean: -0.005612
ORIGINAL Variance: 1.017190
Output:
-0.360950
0.246662
0.236756
-0.073170
-0.183634
0.281673
-0.314417
-0.554247
-0.515886
0.240631
-0.076352
0.150008
0.199116
0.017069
-0.269068
-0.112654
0.116096
-0.117546
-0.086467
-0.059842
0.097496
0.120993
0.253549
0.307426
0.163110
0.246258
0.454183
-0.153575
-0.029437
0.082822
-0.493154
0.402813
-0.213809
-0.002456
0.196890
-0.023735
0.202991
-0.124191
-0.047834
-0.347412
0.301714
-0.079599
0.222759
0.282802
-0.285852
-0.227927
0.029371
-0.072633
-0.345282
0.293077
0.256284
0.162025
-0.068111
0.471255
0.220748
0.260365
-0.046852
-0.118862
-0.032978
0.124928
0.105049
-0.057460
-0.364358
0.174481
-0.488871
-0.135897
-0.038018
-0.099426
-0.452459
0.244225
-0.412375
-0.296126
-0.182298
0.186604
0.505615
0.671032
0.461052
-0.074653
0.028317
-0.127498
0.202516
0.422310
0.204313
0.065857
-0.045466
-0.584500
-0.338694
0.206387
0.285618
-0.346576
-0.000054
0.018786
-0.420299
-0.040987
0.473133
-0.864697
0.542490
0.099342
0.084000
-0.342020
0.088797
0.060759
0.236438
0.631457
-0.583626
0.417920
-0.318017
0.023388
-0.758081
-0.228144
-0.224927
-0.017523
-0.497398
0.183636
-0.543209
-0.377593
0.114500
-0.037600
-0.007756
-0.121458
-0.136498
-0.064601
0.321971
-0.077032
0.094097
0.043449
-0.114532
-0.318832
0.438172
-0.194691
0.091772
-0.063383
-0.431220
-0.105159
0.131860
0.105638
0.180884
0.027528
-0.318352
-0.227758
0.049148
0.093805
-0.635528
0.330584
0.117559
0.455152
0.130187
0.242994
-0.325955
0.201013
0.227414
-0.029828
0.377732
0.061678
-0.250088
0.090456
0.558391
-0.458097
0.054208
-0.081361
-0.192373
-0.882458
0.193678
-0.085942
-0.153663
0.059599
-0.119460
-0.090585
-0.099413
-0.257406
0.086746
0.108365
0.088606
0.439795
-0.100829
-0.079902
0.124893
0.166751
0.185835
-0.053490
0.126514
-0.243327
0.279712
-0.042399
0.137782
0.657625
0.082001
-0.211405
-0.000155
-0.071488
0.160666
-0.195413
0.632288
0.105998
0.120726
-0.066207
-0.003595
-0.012012
0.194176
-0.059776
-0.414706
-0.161982
-0.266370
-0.316887
-0.336198
-0.120687
0.244956
-0.220050
-0.347832
0.156804
0.020412
-0.358799
0.297841
-0.082689
-0.246123
-0.399304
-0.135676
0.374446
-0.402705
0.102734
0.662894
-1.145660
-0.112770
0.367876
-0.101404
-0.314443
0.357400
0.589865
0.015715
0.104528
0.173361
-0.186952
0.128955
-0.040224
0.237461
0.085156
-0.217342
-0.022170
-0.057070
0.117493
0.059244
-0.316929
0.102865
0.035577
0.024509
0.165002
0.387792
-0.634426
-0.006018
0.374379
0.105753
0.354521
-0.137923
-0.262523
-0.546161
0.021221
0.096269
-0.337004
-0.266474
0.182832
-0.006199
0.219544
0.011040
0.165151
-0.262977
0.414860
-0.225539
0.182212
-0.451302
0.031770
0.125550
0.067395
0.309824
-0.475688
-0.094081
0.528364
-0.917857
-0.201475
0.100397
0.540206
-0.281484
-0.095552
0.062142
-0.063539
0.223734
0.116674
-0.079189
0.186821
0.320394
-0.119800
-0.101808
0.451637
-0.232163
0.446225
0.385268
0.479146
0.094482
-0.131183
0.339781
-0.393219
0.201520
-0.137361
-0.076906
-0.042751
-0.060657
0.157773
-0.340785
0.086648
0.025033
0.260555
0.161557
0.196527
-0.391452
0.120806
-0.160060
0.010352
-0.108874
-0.078695
0.656488
-0.065373
0.276659
-0.179454
0.304571
-0.149242
-0.459402
0.705807
0.056623
-0.165248
-0.396572
-0.044321
0.100276
1.999639
0.045879
0.088128
-0.774635
-0.215092
0.061260
-0.452396
-0.086432
0.128666
0.272981
0.036994
-0.218990
-0.018811
-0.235179
0.085195
0.191247
-0.172988
0.015093
0.420787
-0.082733
-0.131524
-0.089110
0.812832
-0.096176
-0.222998
-0.092610
0.272787
-0.236413
0.124580
-0.770322
-0.598424
0.026665
0.173211
0.172498
0.167048
0.009748
-0.106558
0.217733
0.194549
-0.066507
-0.144594
-0.021511
0.232365
-0.070503
0.368189
-0.107927
-0.376409
0.068407
0.133284
-0.366266
-0.054617
0.511962
-0.099220
