ORIGINAL Mean: -0.018999
ORIGINAL Variance: 0.856331
Output:
-0.340089
-0.148384
0.271545
0.155225
-0.158395
0.053256
-0.070890
0.052974
0.496268
-0.490841
-0.133487
-0.189271
-0.085344
-0.064581
0.179682
0.175365
-0.373497
-0.144415
-0.077764
0.169226
0.054544
0.297973
-0.054423
0.099819
0.110419
0.421327
-0.604468
0.498670
-0.232921
-0.225194
0.030610
-0.205727
0.095669
-0.583056
-0.032281
-0.027028
-0.110562
0.277228
-0.049745
-0.168767
-0.274556
-0.418307
-0.033267
-0.077084
-0.604883
-0.294962
-0.266292
0.474221
0.162358
0.261192
-0.161303
-0.083712
-0.159964
0.102366
0.563400
0.333141
0.217451
0.101747
-0.131949
0.050414
-0.304420
0.363527
-0.226865
0.390790
0.102971
0.246126
-0.230733
0.644400
-0.117896
0.037336
-0.055412
0.173599
0.042700
-0.178596
-0.397203
-0.536610
-0.406753
-0.462313
-0.242082
-0.010260
-0.016636
-0.111025
0.174352
0.078862
-0.326241
0.375605
-0.257644
0.134740
0.134440
0.294776
-0.081639
-0.252841
-0.130049
-0.142659
0.244640
0.590551
-0.082799
0.163391
0.011930
0.000579
-0.027546
0.517123
0.239324
-0.294836
-0.194730
-0.280757
0.301211
-0.252279
-0.447846
-0.260467
0.220536
-0.178621
-0.292364
-0.228206
0.033215
0.385438
0.077209
-0.313659
0.252773
0.331039
-0.098747
-0.129225
-0.282278
0.179550
-0.170874
0.107555
0.355400
0.090272
-0.010142
0.243307
0.035469
0.652384
0.643921
-0.053203
0.139191
0.285237
0.274301
0.205864
-0.248508
-0.285241
0.000363
0.110739
-0.052915
-0.142184
0.076023
-0.366711
0.549777
0.275573
-0.009001
-0.262277
-0.443526
-0.104622
0.552131
0.011278
0.324266
-0.097151
-0.060026
0.008971
-0.427985
-0.117890
-0.354281
0.311198
-0.078545
-0.143731
0.126802
0.228196
0.108617
0.154433
0.291078
0.273083
-0.346628
0.112222
-0.043715
-0.016124
0.032672
-0.160937
0.232350
0.210431
-0.235367
-0.078384
-0.538797
-0.173464
-0.141379
0.051468
0.175764
0.198101
-0.041040
-0.219773
-0.000162
0.224554
0.115762
-0.010996
-0.221715
0.078626
0.000611
0.207627
-0.071405
-0.120233
-0.027724
-0.454129
-0.142040
0.369564
-0.244189
0.334425
0.219490
0.085364
0.101416
0.015489
0.467428
0.263153
0.134750
-0.237310
-0.122079
-0.098257
0.061537
-0.121789
0.073015
0.008726
0.031637
0.067262
-0.082058
-0.291118
0.023421
0.007334
0.139298
0.271491
-0.153315
-0.233667
-0.028697
0.331417
-0.109304
0.011674
-0.166131
0.193959
-0.263150
-0.219040
0.341305
0.128424
0.149462
-0.086164
0.226218
-0.074974
-0.099422
0.044888
0.102175
0.042761
0.129556
0.236734
-0.350388
-0.196422
0.047008
-0.158642
0.321852
-0.104663
0.356410
0.117955
0.213909
0.426034
0.250712
0.296398
-0.100097
-0.152715
0.114017
0.251085
-0.124899
0.003189
0.253455
0.061919
0.133630
0.170158
0.238136
0.135623
-0.314753
0.246321
-0.069177
-0.090117
0.492216
-0.148101
-0.115271
0.097164
0.089229
0.200450
-0.168423
0.760438
0.432275
-0.184842
0.087834
0.035440
-0.191729
-0.263172
-0.119317
-0.277295
-0.403681
-0.094718
0.145490
0.053427
-0.032259
-0.110829
0.099373
0.159911
-0.210093
-0.074988
0.093132
-0.342815
0.226563
0.107535
0.037998
-0.002855
0.107882
-0.401240
-0.191691
0.090515
0.993308
-0.202008
-0.017142
0.120648
0.154719
0.152855
-0.500330
-0.019152
-0.485743
-0.014646
-0.304650
-0.133781
-0.103544
0.265067
-0.020626
0.099933
0.374338
0.021008
-0.459271
2.126703
0.604586
-0.568253
-0.302598
-0.027818
0.203187
-0.259788
0.506090
0.459313
-0.230176
0.012306
0.167049
0.059954
-0.047667
0.264882
0.505522
0.179475
0.078015
-0.482773
0.128043
-0.037972
0.071874
0.474324
-0.108852
-0.128859
0.002948
-0.063611
-0.021654
-0.369491
-0.342112
-0.064463
0.009225
-0.085485
-0.443253
-0.414640
-0.183847
-0.389898
-0.186012
0.445657
-0.131756
-0.186142
-0.102929
-0.013645
0.080818
-0.010094
-0.042139
-0.241417
0.051875
-0.880639
-0.163502
-0.221762
-0.186242
-0.044564
