ORIGINAL Mean: -0.017169
ORIGINAL Variance: 0.935595
Output:
-0.156326
0.794094
-0.026026
-0.054932
-0.274145
-0.019753
0.644106
-0.523532
-0.276634
0.043711
-0.200868
0.168367
0.415038
0.006019
-0.125142
-0.034364
-0.181144
-0.118427
-0.268702
0.424226
0.021466
-0.013908
0.051930
-0.021959
-0.115847
-0.211950
0.052111
-0.213971
-0.007444
-0.229507
-0.007707
0.206944
-0.028752
0.238588
0.654000
-0.063653
-0.157982
-0.210619
-0.150529
-0.337666
0.111318
0.230559
0.155098
0.322589
0.265028
0.290044
0.267967
-0.162079
-0.350167
0.072043
0.228683
-0.078930
-0.257702
1.161957
0.194485
0.222214
-0.021201
0.233047
0.278083
0.092718
0.153396
-0.393337
-0.122506
0.145339
-0.729660
-0.157281
0.176635
0.297930
-0.659409
-0.290629
-0.228213
-0.577582
-0.194823
0.046000
0.739646
0.391139
0.339190
-0.227319
0.084951
0.006225
0.317873
0.030414
-0.264346
0.000791
0.053117
0.341865
0.090024
-0.050459
-0.326583
-0.335873
-0.094903
0.126234
0.377938
0.046370
-0.366037
0.230840
0.518258
0.035730
0.105792
-0.081802
0.161817
-0.028558
0.173036
0.311288
-0.094221
0.521924
-0.237539
0.044074
0.173519
0.061649
-0.157881
-0.091471
-0.068360
0.083022
0.054095
-0.384759
-0.463398
-0.301503
-0.035137
-0.191948
-0.079593
0.273677
-0.194412
-0.828900
-0.002209
-0.099885
-0.380135
-0.677354
-0.044109
0.191976
0.066237
-0.253211
-0.668957
0.116031
0.206627
-0.265645
0.047164
0.336911
0.690343
-0.042121
0.151253
-0.230747
0.424960
-0.279481
-0.219266
0.606897
-0.187185
-0.326598
0.325230
0.062515
0.074357
0.097295
0.216801
-0.206013
-0.294633
-0.027188
-0.007326
-0.109764
0.154136
-0.009884
-0.620248
-0.023699
-0.111552
0.125103
-0.021781
-0.255396
0.004293
0.074477
-0.260270
-0.320685
-0.157804
-0.261952
0.183192
0.208969
0.126441
0.165647
0.129904
-0.612746
0.039797
-0.107689
0.224064
-0.047257
-0.576162
0.532178
0.064236
0.023894
0.041638
-0.196745
-0.000036
-0.051107
0.168688
-0.482494
0.166619
0.081673
0.150091
-0.272575
-0.035028
0.040252
-0.463504
0.314531
-0.130117
0.096001
-0.375372
-0.303479
0.044984
0.097700
-0.132809
-0.128737
0.293623
0.558187
0.001445
-0.159514
0.282561
-0.040552
-0.053826
-0.226378
0.031747
0.135944
-0.126451
-0.081243
0.736787
0.335556
-0.000576
-0.237411
-0.297516
0.064298
0.140834
0.248607
-0.076856
-0.226636
0.039112
-0.257685
0.157245
-0.501905
0.036731
0.047814
0.011973
-0.121579
-0.599997
0.458262
-0.270805
0.482959
-0.269587
0.344743
-0.114503
-0.210204
0.415043
-0.431054
0.218987
-0.103032
-0.017646
-0.178563
0.009922
-0.116972
-0.256571
-0.021192
0.053122
-0.296692
0.240382
-0.284580
-0.080436
0.247623
-0.202519
-0.084893
0.007113
0.071589
0.031926
0.073741
-0.145699
0.074403
-0.575979
0.233319
0.510521
-0.075741
0.141578
0.174601
-0.492958
0.181246
-0.058298
0.134999
-0.131126
-0.025800
0.056349
-0.007679
-0.333835
0.514555
-0.026599
-0.414732
0.200149
0.067389
-0.049299
-0.043414
0.123462
-0.017069
0.408917
0.259161
0.102150
0.081440
0.216429
-0.219288
0.276758
0.174160
-0.065939
0.366666
-0.074810
-0.048575
-0.125184
0.186342
-0.310783
0.269255
-0.074129
-0.490793
0.125755
0.491075
-0.664439
-0.091789
-0.360547
-0.182926
0.581867
0.382996
-0.247270
0.072752
0.600616
-0.015564
-0.305282
0.657976
0.101981
-0.157277
-0.244881
-0.120911
-0.064534
1.945681
-0.127549
0.467573
-0.019487
-0.132231
-0.182982
-0.664851
-0.263340
-0.174643
0.550569
-0.172531
-0.475351
-0.482948
-0.068504
0.020955
0.302554
-0.025843
-0.337137
0.133798
-0.233551
-0.461608
-0.109287
0.829622
0.005258
0.061355
-0.472361
0.205361
-0.007341
0.223784
0.308991
-0.040099
-0.211950
0.154137
0.438047
0.067290
-0.047747
0.053428
0.021657
0.287770
0.094320
-0.399278
0.238343
-0.024287
-0.073656
-0.163404
0.247705
0.386177
-0.038853
0.120874
-0.267922
0.024075
0.095662
-0.127859
