ORIGINAL Mean: -0.007387
ORIGINAL Variance: 0.822602
Output:
0.250668
-0.149845
0.091901
-0.125637
0.076394
0.054742
0.014755
0.019797
0.047723
0.149931
-0.290624
0.049219
-0.378604
-0.164566
-0.184281
-0.010615
-0.634959
-0.501479
0.074704
-0.008202
0.070202
-0.011938
-0.299514
-0.151053
0.120733
-0.078896
-0.323778
0.151130
-0.208065
-0.172617
-0.370351
-0.223428
-0.217130
-0.164185
-0.295970
-0.083866
-0.029677
-0.209811
-0.092852
-0.237861
-0.181143
-0.306713
0.223882
-0.003923
-0.275878
0.210448
-0.117117
-0.141892
-0.297604
-0.234955
-0.061421
-0.461008
0.038282
1.199495
0.280179
0.234096
0.175784
-0.179516
-0.055145
0.438317
0.184105
0.269886
-0.009217
0.128383
-0.352496
0.205366
-0.185583
0.341013
-0.031688
-0.255943
0.091080
0.031053
-0.065280
-0.020958
0.612034
0.042985
0.043837
0.045707
-0.347216
-0.145210
-0.102881
-0.220695
-0.112200
-0.167015
-0.372572
0.563370
0.064508
0.064056
-0.021316
0.474266
-0.220647
-0.184328
0.060452
0.355131
0.236198
-0.568310
-0.280862
-0.191072
-0.026905
0.159716
0.239644
-0.080811
0.290821
-0.115174
0.078899
-0.056386
-0.322353
0.052169
-0.067819
0.301341
0.067250
-0.162699
-0.454481
0.113158
0.125964
-0.278543
-0.098655
0.078195
0.226430
-0.026729
0.170671
-0.076893
-0.291761
-0.577218
-0.022649
-0.129648
-0.180952
-0.123928
-0.108441
0.104895
0.016893
0.116896
-0.144435
0.312536
0.066426
-0.410202
0.240788
-0.040873
-0.435939
-0.142045
0.072013
0.397235
-0.295125
-0.034429
0.089974
0.096041
0.489609
-0.040055
-0.322103
-0.032581
0.299720
0.246454
-0.108988
0.505460
-0.411018
-0.181228
-0.110800
0.134186
-0.200359
-0.091479
0.321076
0.750316
-0.265292
0.109023
-0.067580
-0.385498
0.134733
0.252834
0.326336
-0.245332
-0.037070
0.211059
-0.357936
-0.479376
-0.134345
-0.026464
-0.423177
-0.020882
-0.011061
0.280082
-0.128973
0.274143
-0.026991
-0.063324
0.106110
-0.177006
0.046877
-0.203442
-0.000248
0.336060
0.008619
0.103243
0.057395
0.059153
0.069402
-0.022916
0.037552
-0.056990
-0.098266
-0.361452
-0.174115
0.548666
0.320507
-0.298356
-0.481164
0.066354
-0.143679
-0.459726
-0.275461
0.306771
0.174345
0.050197
-0.300554
-0.028036
0.088536
-0.249381
0.052155
-0.228703
0.321313
-0.045761
0.027096
0.426826
-0.075133
0.099845
0.068498
-0.075429
-0.131357
-0.739962
-0.005899
-0.166528
-0.483557
-0.060740
-0.004036
0.080070
0.173535
0.099396
-0.478871
0.149683
0.309821
0.472982
-0.009376
0.246934
-0.304155
-0.052725
-0.295594
0.052294
0.122608
-0.103640
-0.082057
0.065764
0.128889
0.255722
0.165785
0.123235
-0.091013
0.108286
-0.146852
0.042404
0.442108
0.187100
0.190077
0.076219
0.041994
0.210717
0.033574
-0.088499
-0.071036
0.102785
0.239612
0.157370
0.612752
0.108709
0.186186
0.117297
0.265267
-0.339285
0.301145
0.068197
0.133813
0.015810
0.383565
0.040433
0.205944
0.351162
0.367689
0.106850
0.258051
0.498339
0.029966
-0.089640
-0.136138
-0.067951
-0.316047
0.003637
-0.263291
0.109914
-0.139364
0.079664
-0.009490
0.071390
-0.019209
-0.246175
-0.206266
0.092763
0.220851
-0.045457
0.310512
0.043027
-0.514978
0.088058
-0.101514
0.104958
0.414009
0.133830
0.114416
0.320904
-0.260969
-0.206530
0.164643
0.535956
0.513973
-0.480221
0.260454
0.073560
0.246227
0.237220
-0.039076
-0.156009
0.106383
-0.123589
-0.152864
1.991082
0.066842
-0.617280
0.280724
-0.004898
0.056238
-0.771314
-0.035689
0.306150
0.006424
-0.276631
0.100134
0.076907
0.060078
0.280731
0.276817
0.228516
0.108547
-0.449098
-0.215654
0.105262
-0.011895
0.531518
-0.249840
0.437551
-0.092947
-0.187921
-0.170455
0.058028
0.385846
0.144870
-0.183528
0.020315
-0.018230
-0.092106
-0.202770
-0.228287
0.187118
0.573208
0.127180
-0.012229
0.227599
-0.457770
0.097700
0.022713
-0.052442
0.178587
-0.092729
-0.263801
0.411741
0.307118
-0.031347
-0.100825
