ORIGINAL Mean: -0.042644
ORIGINAL Variance: 0.824389
Output:
0.814492
-0.172093
-0.220420
-0.214482
-0.261543
-0.133742
0.048831
-0.064202
-0.302289
0.174292
-0.203648
-0.122198
0.313981
-0.231590
-0.081354
-0.100016
0.487150
0.405122
0.532495
0.182579
-0.232692
0.392105
0.064529
-0.207267
-0.047958
-0.553400
0.025170
0.065411
-0.213339
0.091973
0.443297
0.259380
-0.347267
0.127912
-0.048868
-0.250038
0.126377
0.031117
-0.001993
0.008271
-0.037953
0.260633
-0.077785
0.105919
-0.166655
0.426862
0.066730
-0.417416
-0.219810
-0.307604
0.322254
-0.108360
0.098164
0.635294
-0.101218
-0.047216
-0.332311
0.288205
0.007927
0.119703
0.119407
-0.380150
0.044749
-0.070073
-0.223874
-0.178344
-0.115671
-0.079786
0.077732
-0.520104
0.227353
-0.246385
-0.016585
-0.002916
-0.055336
-0.313550
0.168548
0.276011
-0.023974
0.239222
-0.030234
-0.091238
0.215933
-0.121540
0.021248
0.009340
-0.092393
0.157597
0.165399
-0.015549
0.208795
0.002597
0.210251
0.515396
-0.260742
-0.266683
0.110833
0.028759
0.063162
0.182380
-0.280292
-0.502449
0.004831
-0.038591
-0.026107
-0.299546
-0.221706
0.190852
0.061290
0.107840
-0.107276
0.015019
0.261905
-0.078828
0.295909
-0.116715
-0.012370
0.204231
-0.185172
-0.074450
0.030277
-0.067427
-0.065059
-0.009728
-0.098124
-0.456785
0.101048
0.325527
-0.080757
0.337658
0.053258
-0.321609
-0.349505
-0.069799
-0.250593
-0.147357
0.046882
-0.118030
-0.411123
0.147567
0.034957
-0.379594
0.258459
0.036608
0.095648
-0.173497
-0.087033
-0.596303
-0.026159
0.173340
0.175445
0.304916
0.128547
0.222840
-0.458271
0.016001
0.078559
0.227906
0.036366
-0.119531
0.026308
0.698071
0.019668
0.110371
0.242796
0.210898
0.064381
0.127846
0.018792
-0.397342
0.082028
0.280677
0.016265
0.058794
0.106436
0.098271
-0.022978
-0.243130
-0.113157
-0.187527
-0.186920
0.255900
-0.298084
-0.259509
-0.149610
-0.527141
0.156585
-0.186464
-0.000080
-0.106572
-0.348446
0.109734
-0.211480
-0.011769
0.177793
0.046012
-0.249517
-0.045832
-0.386328
0.239840
-0.364832
-0.182870
0.062694
-0.141673
-0.075508
0.060242
0.234139
-0.134741
-0.366759
-0.211889
-0.156169
0.188911
0.167759
-0.190341
-0.025763
-0.014025
-0.029401
-0.218147
0.165229
-0.100834
-0.012908
0.800293
-0.149902
0.094034
-0.142312
-0.005489
-0.022734
0.442204
0.009439
0.088717
-0.402878
0.136869
0.034481
-0.092490
0.135779
0.061094
-0.375305
0.142352
0.240714
0.130476
-0.150386
0.284884
-0.142316
0.050806
-0.333258
-0.056960
0.032855
-0.019051
0.329902
0.091746
0.281476
0.055145
-0.151076
0.081730
0.206013
0.030527
-0.330107
0.129283
0.011829
-0.343421
-0.180499
0.152260
0.009363
-0.016555
-0.281949
0.058878
0.052826
-0.147334
-0.150135
-0.007074
-0.579637
-0.315556
-0.082246
0.132950
-0.038761
0.037346
-0.137253
0.278294
-0.045626
-0.471655
0.179071
0.045733
0.054777
-0.245459
-0.329786
-0.134794
0.023268
-0.030993
-0.291925
0.104539
0.120479
-0.262678
0.221027
-0.322644
-0.012562
0.025821
0.011146
0.147224
-0.193045
-0.065748
0.127725
0.072910
-0.274872
0.074539
0.071605
0.057887
0.491217
-0.005553
-0.306238
0.013303
-0.044625
0.181729
-0.036036
0.135462
0.007782
0.190341
-0.274790
0.281267
0.135464
0.195733
0.575486
-0.205678
-0.082147
0.127202
-0.076772
0.133541
-0.006837
0.048621
0.127903
0.060704
0.365130
1.924196
0.226614
-0.017795
0.424842
0.153405
-0.303893
-0.534425
-0.159980
-0.415006
-0.118499
-0.257742
-0.119057
-0.210641
0.203603
0.024314
0.019916
-0.182223
-0.381187
0.038387
-0.171866
0.335845
-0.245711
-0.027562
-0.170596
0.165881
-0.278392
-0.501396
-0.070677
0.065962
0.365547
0.474259
-0.372434
0.087740
-0.023533
0.046947
0.091436
-0.122237
0.180109
1.184369
0.277422
-0.004071
0.045071
-0.439005
-0.079029
-0.408270
0.036841
-0.251265
-0.269069
0.040643
0.719068
0.785346
-0.195097
-0.314348
