ORIGINAL Mean: -0.075578
ORIGINAL Variance: 1.036339
Output:
-0.030895
0.343142
-0.084066
0.059295
-0.137431
-0.273525
0.337767
0.094242
-0.241909
-0.383410
0.120404
-0.264486
0.086171
-0.065666
-0.203399
-0.055540
0.063159
0.897534
-0.180749
-0.083428
-0.105846
0.562883
0.397799
0.081189
0.007868
-0.076357
-0.474459
0.261055
0.157877
0.177223
0.175184
-0.075270
0.244232
-0.283254
-0.119294
0.087370
-0.195207
0.110571
-0.062205
0.127021
0.124255
0.319622
0.293384
0.160159
0.281899
0.086707
0.134404
0.185538
0.291173
0.225112
-0.221067
0.599766
-0.149632
0.344546
0.576830
-0.685948
0.026789
0.401123
0.188388
-0.388890
-0.152845
-0.511946
0.141726
0.103246
0.563701
0.056745
-0.337655
-0.467517
-0.343626
-0.582273
-0.211322
-0.151355
0.097643
-0.071425
-0.559380
-0.730894
-0.272549
-0.280508
0.100197
-0.094289
-0.103896
-0.110545
-0.284909
-0.403192
0.070798
0.261767
-0.043317
0.036105
-0.394155
-0.331444
0.445103
-0.559284
0.457149
0.051781
-0.447053
0.263159
0.127993
-0.790236
0.007896
0.021005
0.023032
-0.253781
-0.490626
-0.301512
0.320321
-0.054730
0.198831
0.315539
0.122133
0.081046
-0.053261
-0.086637
0.371401
0.132223
-0.600618
0.296364
-0.022049
-0.212805
0.077623
0.170819
-0.135746
0.042435
-0.181331
-0.301883
-0.089883
-0.266013
0.134452
0.095999
0.025848
0.475589
0.034440
-0.846334
-0.369263
-0.552378
0.099743
0.223663
-0.305493
-0.768757
0.233190
-0.047106
-0.094771
-0.069586
1.072260
-0.180028
0.113112
0.186272
-0.244332
0.137529
1.070299
0.497162
-0.426596
-0.085678
0.311260
0.094971
0.156133
-0.031490
-0.160078
-0.220181
0.172708
-0.094093
0.243940
0.535959
0.044313
-0.247079
0.044247
-0.657242
-0.213569
-0.029499
-0.194774
-0.057659
-0.139454
-0.063330
0.396963
-0.124540
-0.011800
0.043360
0.300601
-0.437688
0.078410
0.328220
-0.179463
-0.150385
-0.341952
0.085153
0.069491
0.141749
0.090287
0.515844
-0.000017
-0.124618
-0.000421
-0.417959
-0.414997
0.001574
0.128826
0.024420
-0.065215
-0.154789
-0.388936
0.460800
0.023988
-0.130807
-0.084011
0.051675
-0.187342
0.150856
0.828379
0.350508
0.792875
-0.133289
-0.140550
0.370732
0.500044
0.248063
-0.162974
0.164914
0.395650
0.626208
-0.313442
0.125009
-0.542699
0.548831
-0.030261
-0.207113
0.472107
-0.231035
-0.194382
0.991848
0.120848
0.102143
0.153673
-0.301680
0.088915
0.094759
-0.322312
-0.074803
0.574626
-0.243772
-0.331642
-0.680750
-0.278097
-0.021622
-0.314306
-0.413615
0.216567
-0.249779
-0.377623
0.280029
-0.141856
-0.352730
-0.403308
-0.245878
0.204571
0.092840
-0.118966
-0.053219
-0.148686
-0.010723
-0.505850
0.021076
0.502106
0.040810
-0.201668
0.292109
-0.068340
0.136083
0.267357
0.315171
0.185778
0.017342
0.099007
0.082220
-0.601096
-0.070566
-0.089919
0.436020
0.109134
0.522358
-0.047410
0.193786
-0.388424
-0.087143
-0.193736
0.304590
-0.419653
-0.599519
-0.394537
-0.053859
0.118597
0.234447
0.158566
-0.418168
0.063806
0.156401
-0.102968
0.131503
0.156278
-0.010039
0.485510
0.165440
-0.333353
0.299571
-0.290580
0.519161
-0.020625
0.089458
-0.240230
0.163396
-0.178539
-0.347161
-0.164117
-0.085865
0.184897
-0.023715
0.390810
-0.245471
0.070167
0.455805
-0.178192
-0.297312
-0.333319
0.916921
0.147008
0.073148
-0.012735
0.075005
0.022300
0.133945
-0.193836
-0.033464
-0.297841
2.114052
0.261695
0.476227
-0.219418
-0.101305
-0.089067
-0.388804
-0.172461
-0.167065
0.270494
0.084205
-0.375326
-0.201652
-0.131914
-0.095150
0.180005
-0.456629
0.004058
0.659677
0.055554
-0.006050
-0.249735
-0.146890
0.410261
-0.191702
-0.134864
0.064113
0.034000
0.021443
-0.552129
0.183674
0.568298
0.067282
-0.202279
-0.305413
0.039623
0.084327
-0.494412
2.268329
-0.167759
-0.363526
-0.146207
-0.290533
-0.149681
-0.015690
0.111755
-0.428578
0.060262
-0.840064
-0.492071
0.148645
0.309156
-0.000133
