ORIGINAL Mean: -0.012416
ORIGINAL Variance: 0.973241
Output:
-0.136274
-0.143275
-0.078254
-0.041937
-0.083042
-0.093968
0.736786
-0.241425
-0.142184
0.495722
-0.588225
-0.335988
-0.317239
-0.102237
-0.100152
-0.080890
-0.058832
0.261836
-0.181236
0.307843
0.026445
0.295143
-0.253745
0.205652
-0.147611
-0.108368
-0.093547
-0.262422
0.397401
-0.495623
0.139186
-0.087245
-0.173196
-0.373657
0.195680
0.075622
-0.159112
0.029662
-0.096651
-0.160362
0.380170
0.096519
-0.087294
0.104743
1.485990
0.293651
0.112382
-0.098982
-0.292707
-0.179674
-0.577664
-0.150292
-0.106413
1.057794
0.209157
-0.003551
-0.248825
0.274152
0.207434
-0.078202
0.394936
-0.416381
-0.343845
0.092533
-0.080312
-0.245719
-0.269844
-0.044399
-0.013529
-0.652378
0.414687
-0.267132
-0.234692
0.099918
0.427486
0.816072
0.229428
-0.153700
-0.060311
-0.045349
0.328894
-0.030862
-0.845307
0.272298
-0.104362
-0.266527
-0.015127
-0.024661
0.877197
0.074067
0.184004
0.370674
-0.292336
0.142998
0.866904
-0.221552
0.396877
-0.055530
0.209876
-0.170405
0.112315
-0.602184
0.457903
0.185266
0.069787
0.700682
-0.292185
0.277049
-0.122174
-0.065261
-0.132946
0.098677
-0.138921
-0.511842
0.089520
0.032140
0.217467
0.295304
-0.028946
-0.276237
-0.091819
0.239835
-0.548962
-1.035194
-0.009970
0.023900
-0.362786
-0.174113
-0.023731
-0.294548
0.079427
-0.354705
-0.047593
0.250919
0.156105
-0.488375
0.022418
0.206431
0.106701
0.136426
0.097166
0.023349
0.311115
0.252266
-0.137939
-0.004782
-0.173339
-0.433689
-0.187208
0.193423
0.065171
0.404597
0.194782
-0.542686
-0.400236
-0.010677
-0.466943
-0.100464
0.251205
-0.119272
-0.457302
0.393289
-0.349143
0.145793
0.006676
0.515697
-0.194056
0.103962
-0.293094
-0.543325
-0.072281
-0.002077
-0.012277
-0.042185
0.031554
0.101514
-0.188312
-0.721123
0.072492
0.077727
0.285260
-0.267591
-0.271743
0.497437
0.104957
0.333512
0.200688
-0.095879
-0.000083
-0.004392
-0.140673
-0.091497
0.086021
0.104170
0.119944
-0.437162
0.055267
0.013433
-0.051822
0.058835
0.039988
0.191297
-0.065842
-0.293968
0.094632
-0.048355
0.220035
0.133125
0.160793
0.337295
-0.052809
-0.374197
0.341702
-0.090530
-0.144927
-0.256168
0.280150
0.142150
-0.579954
-0.162641
0.098118
-0.213992
0.004912
-0.235382
-0.453558
0.119573
-0.051282
-0.001389
-0.341368
-0.334323
-0.128000
-0.096757
0.021166
0.008574
0.293772
0.086090
-0.043199
-0.007878
-0.037210
0.279109
-0.173743
-0.017043
0.326475
1.098407
-0.188317
-0.125943
-0.306588
0.117833
0.267886
0.186584
-0.519411
0.570976
-0.239253
0.046988
-0.428103
-0.021380
0.202165
-0.281050
0.172894
-0.327137
0.534547
0.261196
-0.153075
-0.493083
-0.063091
0.293382
-0.048689
0.023029
-0.185995
-0.041538
-0.511470
0.415669
0.246811
0.193155
-0.107086
0.105965
0.086534
0.571507
-0.049566
-0.214017
-0.063463
0.261725
0.198788
-0.177037
-0.414404
-0.280421
0.013168
0.315321
0.000171
-0.033590
-0.051177
0.052226
-0.061560
-0.051071
0.291214
-0.205825
0.034673
0.006182
0.135782
-0.337376
0.261736
0.086855
0.037106
0.552181
-0.086024
-0.002938
0.198079
0.096673
-0.058031
0.438613
0.189223
-0.596635
-0.538088
0.478193
-0.314338
-0.138952
-0.280856
0.450362
0.395974
0.768683
0.052186
0.386407
0.531698
-0.004007
0.025209
0.027960
-0.026086
0.007951
-0.245024
-0.098987
-0.059117
1.963261
0.192454
0.198713
-0.340225
-0.014857
-0.212822
-0.369148
-0.162480
-0.206117
0.002395
-0.155467
-0.426795
-0.150172
0.027467
0.024697
0.185998
0.082690
0.844390
0.336489
-0.313770
-0.395051
-0.225159
0.446129
-0.048793
0.290087
-0.278688
0.117020
-0.110093
0.280338
0.223110
-0.094551
-0.061114
0.051669
0.402941
-0.013717
-0.072530
-0.274612
-0.040433
0.261011
0.033070
-0.060498
0.087318
-0.048521
0.177709
0.474031
-0.139508
0.293358
0.076200
-0.033075
-0.181111
0.376687
0.382117
-0.128437
