ORIGINAL Mean: -0.027386
ORIGINAL Variance: 0.839908
Output:
-0.400026
-0.063681
-0.102103
-0.282804
-0.093978
-0.195330
-0.318692
-0.156832
0.072821
-0.162468
-0.094946
-0.107853
0.600210
0.054235
0.788910
-0.014677
0.596688
0.175997
0.252039
-0.183058
-0.186499
0.341974
0.235045
-0.229542
-0.150160
0.005270
-0.372824
0.360122
-0.275495
-0.078193
0.050972
0.064997
0.064334
0.138041
0.200152
-0.221867
0.163921
-0.065274
-0.074031
-0.063677
-0.001274
-0.037049
0.054463
-0.003830
0.392290
-0.019656
-0.138741
0.384951
0.403805
0.021780
0.701307
-0.136497
-0.284306
-0.931704
-0.422788
0.155047
-0.026813
0.512706
-0.300707
-0.174472
-0.312504
-0.203955
0.217049
0.170647
0.049906
0.042291
-0.238220
-0.470850
0.544805
-0.199069
0.431559
-0.012002
0.081446
0.095649
-0.049113
-0.492203
-0.264043
-0.116657
0.162068
-0.084948
0.206613
0.248711
-0.127892
0.164058
0.176105
0.126376
-0.232353
-0.014626
0.087203
-0.043325
0.432932
-0.327718
0.171509
-0.346027
-0.341040
0.309573
-0.125210
0.130422
0.007343
0.097930
-0.279822
-0.022236
-0.030256
-0.172605
-0.324635
0.084612
0.330935
-0.009949
0.218270
0.336167
0.091125
0.087967
0.425599
-0.048054
0.140453
0.453359
-0.054545
0.331693
0.034824
0.458606
-0.118342
-0.351640
0.101552
0.785856
0.152837
-0.100371
-0.063718
0.032299
-0.387159
0.508375
0.038476
0.000329
-0.073929
-0.090440
0.052869
0.485366
0.013259
-0.105381
-0.210255
-0.203997
0.276985
-0.558112
0.022304
-0.056001
0.212149
-0.415253
-0.240268
0.114235
-0.081589
-0.262034
0.210169
-0.241595
0.168427
0.206361
0.258898
-0.124790
0.017618
0.118764
-0.286091
-0.096462
0.190635
-0.446214
0.424425
-0.054410
0.412258
0.024584
0.242675
-0.313911
-0.256547
0.372392
-0.023912
-0.221316
0.284384
-0.078547
0.165924
-0.118090
0.330772
0.171303
-0.393527
-0.372895
-0.027323
-0.093958
-0.013348
-0.231771
-0.015731
-0.195075
-0.049210
0.661144
0.000168
-0.195371
-0.352154
-0.177070
-0.390876
0.072607
0.001558
0.151077
0.293911
-0.063702
-0.355806
0.006604
-0.262215
-0.128022
0.077118
0.439270
0.259074
0.234331
0.292643
0.012119
0.154189
0.086756
-0.243250
-0.072961
0.108208
-0.122926
-0.005756
0.131586
-0.210381
-0.026119
0.175357
-0.224243
0.008639
0.274082
0.037104
0.157479
-0.386046
0.081525
0.040038
0.347829
-0.140296
-0.058917
0.147824
-0.103861
0.076681
-0.246115
-0.137764
-0.025457
0.338621
0.047696
0.819901
0.017655
0.218084
0.026790
-0.161410
0.046403
-0.139264
-0.186547
-0.291037
0.247384
-0.274551
0.049792
0.160630
-0.731466
-0.087163
-0.368240
0.382009
0.129097
-0.143706
0.323627
0.324084
-0.076022
-0.352739
0.025297
0.119140
0.150487
0.046465
0.414864
0.182197
-0.229290
0.069719
-0.061210
-0.722969
-0.282514
-0.281089
-0.111095
0.141247
0.304797
0.433570
-0.326661
-0.335874
-0.236591
0.165659
-0.027216
-0.292298
-0.057408
-0.149597
0.100481
-0.057993
0.327600
-0.170752
-0.042636
0.167962
-0.038257
0.162313
-0.200824
-0.250505
-0.325313
0.176725
0.054571
-0.583860
0.275617
0.033079
0.055553
-0.085331
-0.488017
-0.091876
-0.187070
0.143931
-0.111636
0.121455
-0.238341
-0.141478
-0.052284
-0.047904
-0.180602
0.105076
0.091910
0.280513
-0.108220
-0.525107
0.090911
-0.266133
0.151506
0.149171
-0.054460
-0.049274
0.436247
-0.023175
0.198086
0.166303
0.117206
-0.137621
1.956755
-0.129877
0.114666
0.426302
0.077414
-0.287614
-0.775843
0.152062
-0.343079
0.041174
0.047218
0.219542
-0.092396
0.157613
0.058989
-0.045697
0.083931
-0.603744
-0.272892
0.280096
0.026389
-0.151020
0.468866
0.029985
-0.316460
0.159220
-0.246647
0.471361
-0.335557
-0.104663
-0.145450
-0.416812
-0.026171
-0.511145
-0.057834
0.165033
-0.366420
-0.091025
0.519703
-0.165612
-0.092368
0.087768
0.039376
-0.353700
-0.455427
0.020622
-0.211347
-0.251953
0.079635
-0.044878
0.635829
-0.324434
0.253825
