ORIGINAL Mean: -0.023516
ORIGINAL Variance: 1.068266
Output:
0.322850
-0.589081
-0.157767
0.187555
-0.002155
-0.145022
0.252591
0.294931
0.213068
-0.035333
-0.781112
0.637033
0.713409
0.039998
0.051191
0.056624
-0.088357
-0.206416
0.387207
-0.648029
-0.195477
0.680391
0.088164
-0.238653
-0.256381
-0.392481
0.251212
-0.009724
0.088916
-0.793107
-0.322954
0.710633
0.727607
0.440624
-0.336917
0.189512
-0.296302
-0.802811
-0.048835
0.381559
0.495481
0.218163
0.609971
0.018410
1.391519
0.279350
-0.105075
-0.252515
0.098364
-0.325471
0.083200
-0.726384
0.304125
-0.135426
-0.612667
-0.336437
-0.779272
0.319400
-0.042029
-0.253392
-0.160721
0.257066
-0.571497
-0.231643
-0.323033
-0.076205
0.234171
-1.044638
0.181896
-0.300499
0.682430
0.608433
-0.253800
-0.010397
-0.362769
-0.762049
0.012208
-0.349707
-0.075789
0.270298
-0.190870
-0.224497
-0.765570
0.180909
0.166300
-0.628536
0.175751
0.111480
0.030691
0.145670
-0.504160
-0.404747
-0.050695
-0.217501
0.680538
0.373532
-0.107971
0.296818
0.111054
0.236667
-0.387527
-0.398179
-0.094264
0.169449
0.433395
0.319883
0.197260
-0.129318
0.650654
0.568591
-0.123485
0.032086
0.699063
-0.159637
0.277605
0.344780
0.022527
0.152347
0.035381
-0.036710
-0.113519
0.147245
-0.051294
-0.155009
-0.094151
0.087295
-0.115996
0.338885
-0.252079
0.037439
0.059991
-0.326516
-0.183441
0.159254
-0.142099
0.027950
-0.088621
-0.133747
-0.691090
0.278567
-0.143980
-0.059717
0.620730
0.501927
-0.130451
-0.020723
-0.569006
-0.484640
-0.332878
-0.311324
-0.014575
0.168231
-0.761282
-0.280345
-0.060652
-0.073490
-0.163895
-0.047427
-0.023246
-0.104235
1.176606
1.024029
-0.291437
0.230314
0.105922
-0.570340
-0.030371
-0.102121
-0.264453
-0.145885
-0.154660
0.060933
0.030923
-0.175211
0.154988
0.160550
0.200194
-0.290009
-0.184592
-1.168998
0.215826
0.536192
-0.192180
-0.067703
-0.273392
-0.920932
0.015195
-0.200788
0.000035
-0.046984
-0.352797
-0.265301
0.051259
0.072569
0.211860
-0.394195
0.091205
-0.154214
-0.824134
0.160679
-0.230915
-0.226359
0.272499
0.306589
0.154896
-0.230716
-0.613140
-0.026821
0.137859
0.520435
0.030636
-1.110652
0.185151
0.014200
-0.008149
0.256758
0.616917
-0.038087
-0.139319
0.262009
0.591560
0.889947
0.080235
0.249128
-0.264915
-0.233964
-0.160450
0.156635
-0.133324
-0.567061
-0.244550
0.255993
-0.031177
-0.308759
0.126503
0.382354
-0.044596
-0.156404
0.560726
0.218801
-0.198549
-0.046338
-0.181448
0.203072
-0.144269
-0.004140
-0.158498
0.186850
0.224736
-0.610341
-0.223913
-0.048061
0.136229
-0.145649
0.307277
-0.037085
-0.410747
0.198338
0.538524
-1.344675
-0.614274
-0.166529
-0.158812
0.097523
0.182939
1.275053
0.116704
-0.180737
0.122843
-0.224389
-0.565691
0.210989
0.142120
-0.131955
0.022883
0.066783
-0.355910
0.098606
-0.315070
0.561375
0.149719
-0.368464
-0.103643
0.166263
-1.108844
0.067753
0.050120
-0.092126
0.226960
0.121327
0.249670
-0.044923
0.674795
0.254853
-0.176938
-0.680858
-0.074392
0.057179
-0.369175
-0.041109
0.847476
-0.082196
-0.069547
0.867186
-0.139887
-0.475831
-0.095722
-0.069622
0.149759
-0.051392
0.070656
-0.394546
0.147091
0.047314
-0.165877
-0.004948
0.262549
0.246718
-0.312551
-0.762443
-0.164572
-0.241381
-0.557123
-0.140989
-0.011922
0.347235
-0.037967
0.054334
0.177680
0.055172
-0.011355
1.652741
-0.112745
-0.012239
0.371612
0.121244
0.252393
-0.422699
-0.387854
-0.220751
-0.680386
-0.167055
0.151700
0.091143
0.162940
-0.323236
0.309760
0.645836
-0.041890
-1.038860
0.038150
0.374684
-0.051921
0.319044
-0.054356
0.012400
0.123608
-0.041612
0.123564
-0.128262
0.236991
0.592971
-0.359750
-0.126916
0.160069
0.161845
-0.053781
0.356056
-0.115915
0.622925
-0.101696
-0.163027
0.125540
-0.160109
0.064257
0.037524
-0.415276
-0.599016
-0.231789
0.028965
0.511877
0.313701
0.609114
-0.190341
