ORIGINAL Mean: -0.024736
ORIGINAL Variance: 1.064140
Output:
-0.126067
0.151473
0.044820
0.057718
-0.094860
-0.225986
0.611164
-0.019469
-0.183831
-0.320401
-0.013487
-0.481069
0.433129
0.196864
-0.166115
0.177987
-0.241729
0.202947
-0.208277
-0.462421
-0.122839
0.945634
0.971461
-0.351837
-0.356815
-0.303317
0.372936
-0.093335
-0.197042
-0.208120
-0.344775
0.347837
0.013361
0.836886
-0.136652
0.041039
-0.093862
-0.320848
-0.135410
0.091060
0.475455
0.315420
0.151179
-0.038692
-0.713100
0.135594
0.104962
-0.034595
0.115533
0.083914
-0.185535
0.374831
-0.049353
-0.361573
0.435252
-0.819699
-0.836406
-0.124400
0.228598
0.222617
-0.014745
-0.204670
0.143976
-0.391148
0.558407
-0.115774
0.249430
-0.367260
0.385176
-0.072144
-0.232820
0.473303
-0.155410
-0.133615
0.183817
-0.302634
0.115953
-0.199815
0.245724
0.347007
0.150430
0.036834
0.636488
0.409211
0.141689
-0.590021
-0.149125
-0.121914
0.294109
-0.496935
0.160295
0.275064
0.580367
-0.174012
0.668801
0.003946
0.089824
0.763815
0.040602
0.124467
-0.116025
-0.699273
-0.007131
-0.313362
0.018749
-0.283509
-0.016665
0.497475
-0.120763
0.434058
-0.183553
0.022013
0.508339
-0.332912
-0.154926
0.603894
0.201165
-0.136659
0.223067
-0.266782
-0.152006
0.098338
-0.098559
-0.362210
-0.148801
0.158454
-0.116316
0.187768
-0.138993
-0.465690
0.036560
-0.368248
0.157741
-0.240128
0.042685
-0.238287
-0.050350
0.066811
0.285531
0.081282
-0.194009
-0.081113
0.515200
-0.354330
-0.143466
0.110717
-0.504799
0.127797
0.270000
0.057771
0.071121
-0.430483
-0.307317
0.317474
0.422578
0.009974
-0.088654
-0.065836
0.225244
-0.034273
-0.180327
-0.389531
0.067851
-0.028555
0.065661
-0.466892
-0.061295
-0.370748
-0.251439
0.033086
-0.119961
-0.343907
0.317553
0.069952
0.293094
0.092556
0.086436
-0.112016
-0.055735
-0.570406
0.263133
-0.144109
-0.171934
-0.223902
-0.294637
-0.127086
-0.079440
-0.172376
-0.000011
-0.088841
0.219139
0.029433
-0.020394
0.082201
0.062118
-0.007495
-0.235399
0.052282
0.245031
0.333374
-0.292806
-0.697535
-0.048631
0.106846
-0.283633
-0.019957
0.919851
0.217121
0.475891
-0.490638
-0.007155
0.331863
0.144619
-0.083426
0.251670
0.025952
0.876947
0.021097
0.532276
0.151277
0.295458
0.587868
-0.183197
0.342835
0.479712
0.042204
-0.117603
0.378453
0.280086
-0.005156
0.243488
-0.236087
0.182216
-0.953575
-0.126015
-0.188417
0.524209
0.142823
0.931022
0.096956
-0.109271
-0.457278
0.455550
-0.971447
0.034331
-0.163172
-0.793608
0.142949
0.185838
-0.481833
-0.056465
-0.368685
-0.172720
-0.223662
-0.251074
-0.128347
-0.203829
-0.138640
-0.668313
-0.002836
-0.037750
-0.242176
-0.285202
-0.074807
0.341475
0.762601
0.070982
0.045735
0.292609
-0.225050
0.083760
-0.606262
-0.266408
0.407511
-0.618579
0.317141
-0.175673
0.201602
-0.128896
-0.611086
-0.258646
0.054640
-0.110472
0.326851
-0.819218
0.183043
-0.054206
0.131659
0.545568
0.146136
0.114905
-0.419592
0.354287
0.369307
-0.176648
-0.135914
0.128806
-0.044293
0.569388
0.008994
0.512386
-0.173840
0.047904
0.560005
-0.196057
0.178128
0.008390
0.145793
0.029796
-0.020752
0.007885
0.358462
-1.139958
0.089804
0.086857
-0.180995
0.083947
0.145316
-0.155408
0.078811
-0.615792
0.310496
-0.557185
-0.182323
0.704557
0.338918
0.099436
-0.029581
0.264791
-0.093107
-0.325317
1.825754
0.142529
0.567688
0.290957
-0.101883
0.916552
-0.855827
-0.569339
-0.052491
0.425748
-0.088093
-0.046772
-0.480445
0.011526
-0.019204
0.078607
-0.387814
0.084118
0.525942
0.008360
0.941090
0.224877
0.906381
0.238463
-0.365335
0.221794
0.032039
-0.230539
0.505744
-0.248388
-0.056128
0.349543
-0.011559
-0.070403
0.173357
-0.027409
0.121131
-0.477284
0.167858
0.551888
0.197396
0.168159
-0.314046
-0.245413
0.125827
-0.690566
0.034076
-0.059595
0.077373
-0.287440
-0.684719
0.622758
-0.063302
