ORIGINAL Mean: -0.028356
ORIGINAL Variance: 0.837915
Output:
0.603959
0.138193
-0.269079
-0.290262
-0.237483
-0.029014
0.024542
-0.117664
-0.165717
0.172327
-0.109479
-0.210922
-0.021515
-0.202502
-0.019602
-0.044380
0.606687
0.118057
0.422560
0.096833
-0.191247
0.376245
0.489699
-0.121869
-0.125187
-0.438861
0.210431
-0.062086
-0.128519
0.115500
0.301809
-0.125047
-0.372705
0.398206
-0.111612
-0.286667
-0.062553
0.017121
-0.046750
-0.151715
-0.061837
0.060476
-0.157676
0.426171
0.100769
0.494837
0.154504
-0.425774
-0.284159
-0.014649
0.345168
0.055004
0.090516
0.740238
-0.242594
-0.075441
-0.009700
0.290984
-0.026611
-0.002224
0.168178
-0.072702
0.179425
0.214611
-0.010058
-0.075483
0.127085
0.012328
-0.137441
-0.173961
0.456961
-0.396830
-0.129121
0.095664
0.302010
-0.340875
0.238380
0.316290
-0.016365
0.051232
0.224967
-0.153030
0.019800
0.105821
0.056319
0.105692
-0.085458
-0.084276
-0.029541
0.139066
0.066464
-0.053603
0.267249
0.300180
-0.227002
-0.128388
0.057029
0.116806
-0.174255
0.204347
-0.380854
-0.530594
-0.071300
0.047876
0.242093
-0.038265
-0.214996
0.095663
0.098132
0.381276
-0.181286
-0.063009
0.529023
-0.177977
0.222672
-0.222823
0.006280
0.228308
-0.078596
-0.330219
0.089937
-0.216067
-0.083226
-0.342067
-0.116499
-0.361739
-0.163848
-0.005020
-0.068544
0.197239
0.007558
-0.261056
-0.544178
-0.008047
-0.189545
-0.183681
0.081485
0.260962
-0.415549
0.080350
0.135880
-0.327425
-0.133127
0.102374
0.005820
0.330615
-0.254548
-0.366692
0.042808
0.085018
0.258955
-0.098834
-0.015253
0.456847
-0.422586
-0.241118
-0.246883
0.379314
0.177170
-0.038331
0.086588
0.502685
0.031845
0.183254
0.252520
-0.007475
0.079431
-0.142322
-0.037434
-0.262359
0.032401
0.107037
0.083785
0.035490
0.048215
0.111471
-0.034373
-0.029262
-0.030255
-0.203263
-0.067261
-0.105676
-0.238795
-0.004229
0.031993
-0.498801
0.071397
0.281400
-0.000020
-0.031132
-0.380856
-0.107950
-0.010310
0.008502
0.252559
-0.030328
0.021170
0.086162
-0.193416
0.276354
-0.018127
-0.193732
0.194125
-0.200536
-0.045827
0.159823
-0.012634
-0.208278
-0.428349
-0.383836
-0.152766
0.100693
-0.041566
-0.029966
-0.013316
0.154266
0.029497
-0.038817
0.311539
-0.200700
0.140417
0.840444
-0.039220
0.002368
-0.283624
-0.054490
-0.023250
0.223542
-0.113641
-0.183985
-0.372331
0.115021
-0.063870
-0.258896
0.131381
-0.066204
-0.700947
0.211859
-0.007514
0.185143
-0.319472
0.159581
-0.082834
0.201039
-0.239597
-0.209747
0.067742
0.018510
0.272003
0.195445
0.068051
-0.526054
0.080480
0.022653
-0.094183
0.018520
-0.452934
-0.050209
-0.409906
-0.163975
0.023285
0.169839
0.072151
-0.086675
0.014564
-0.026815
-0.111569
-0.020530
-0.294692
0.036358
-0.208556
-0.170355
0.085106
0.085222
-0.036544
-0.190875
-0.065686
0.318374
-0.066224
-0.333987
0.255129
0.191997
-0.031412
-0.389208
-0.327428
0.370985
0.049691
0.015466
-0.110460
0.159055
0.208393
-0.119774
0.226955
-0.072676
-0.221498
0.249927
0.024297
0.186260
-0.109205
0.000663
0.069712
-0.047826
-0.318651
0.023575
0.027962
-0.127142
0.294755
0.073858
-0.582786
0.128225
-0.135833
-0.229514
-0.517994
0.271650
-0.291134
0.196693
-0.196304
0.381787
0.206734
0.192726
0.497314
-0.429076
0.411073
0.106900
0.101122
-0.139055
0.047836
-0.026338
-0.025502
-0.033290
0.088689
2.013863
-0.282564
0.108222
0.226610
0.061824
-0.058336
-1.236578
0.034528
-0.321657
0.013051
-0.510645
-0.134505
-0.135566
0.154285
-0.047317
-0.045009
-0.035466
-0.335606
0.454285
-0.176740
0.345535
-0.209216
0.047105
-0.134474
0.184477
-0.115698
-0.330733
0.072427
0.007534
0.060710
0.243565
-0.114778
0.080071
0.165891
0.110049
0.127850
-0.100967
0.231132
0.778390
-0.079831
0.140110
0.209929
-0.296375
-0.017027
-0.415826
-0.072857
0.133361
-0.293300
0.000357
0.650423
0.365005
-0.101895
-0.188699
