ORIGINAL Mean: -0.011405
ORIGINAL Variance: 0.983005
Output:
0.056858
0.013573
-0.043573
0.024032
0.243662
-0.253498
0.153724
-0.020907
-0.135165
-0.406539
-0.272201
-0.225614
0.028768
0.088731
-0.069274
-0.095692
0.109635
-0.015298
0.044729
-0.210051
-0.180191
-0.011628
0.439977
-0.229185
-0.158182
-0.159633
0.256944
0.090446
-0.242872
-0.047332
-0.000779
0.075304
-0.287253
0.755862
0.251574
-0.077292
-0.258097
-0.686616
-0.096121
-0.020617
0.366609
0.217080
-0.001722
0.268677
0.206217
0.210574
0.263277
0.017843
0.274854
0.251647
-0.064041
0.555651
-0.072495
-0.402684
-0.290845
-0.055317
0.269133
0.309946
0.003206
-0.179099
-0.385466
-0.428468
0.314086
0.217328
-0.193117
-0.134675
-0.129689
-0.545993
0.687662
-0.446751
-0.011431
0.327706
0.016862
0.122019
-0.126012
-1.243252
0.012442
-0.222533
0.216536
0.531091
0.124067
-0.002824
-0.037324
-0.220621
0.255294
-0.035575
-0.139510
0.006138
-0.600440
-0.202740
-0.122719
-0.225883
0.276573
-0.373529
-0.035072
0.165224
0.420802
-0.112176
-0.033437
0.158120
-0.829375
-0.051564
-0.367645
-0.106891
0.031305
0.237675
0.285234
0.635309
0.280799
0.522661
0.046528
-0.002257
0.640358
0.113217
-0.456340
0.442185
-0.034348
0.160065
0.126651
0.093306
-0.181054
-0.098898
0.215020
0.227501
-0.031381
-0.049768
0.087569
0.099061
0.015697
0.098498
0.038165
-0.486663
-0.413534
-0.407035
0.143832
0.063034
-0.073194
-0.652335
0.175685
-0.051959
-0.250175
-0.030621
0.483638
-0.049091
-0.137658
-0.054492
-0.778495
0.321788
0.228888
0.074427
0.253667
-0.370416
-0.634376
-0.299504
-0.054144
-0.051341
0.815167
-0.174052
0.027557
-0.008163
-0.205727
-0.266618
0.167173
-0.171606
0.190011
0.312514
0.055668
-0.208463
-0.171306
0.188952
-0.207939
-0.349359
0.376209
-0.319133
0.170284
0.138827
0.480959
0.090889
-0.028594
0.669010
0.015212
-0.049251
-0.016697
0.005623
-0.071343
-0.495718
-0.032239
0.530023
0.000059
-0.177309
0.309935
-0.270801
-0.265982
0.064379
-0.019942
0.224997
-0.181129
-0.054582
0.164096
0.367278
-0.290647
-0.158652
0.391639
0.098085
0.335740
0.032540
0.150641
0.413500
0.562460
-0.306425
-0.079214
0.105338
0.071377
0.048277
0.040940
0.261261
-0.053900
-0.072768
0.144600
0.208007
-0.252875
0.657023
-0.075713
-0.342799
0.106166
0.118851
-0.068894
0.134770
0.373162
-0.162922
0.298020
-0.220581
0.047510
-0.297797
-0.145981
-0.140518
0.279544
-0.097815
-0.364207
0.687371
-0.167447
-0.383323
-0.314150
-1.249239
0.234560
-0.232238
0.112947
-0.001955
0.055905
-0.396083
0.645808
-0.882881
0.143790
-0.306253
0.029838
-0.226276
-0.374216
-0.006726
-0.666840
-0.203739
-0.308783
-0.033873
-0.097026
-0.052491
0.220091
-0.144919
0.159313
0.384287
0.651125
-0.165135
-0.235124
-0.028163
-0.151642
-0.223330
0.031369
0.343644
-0.377373
0.118118
-0.237469
-0.327268
-0.227661
0.221987
-0.194393
0.078914
-0.289488
0.175430
-0.189865
-0.049466
0.604805
0.236943
0.193920
-0.458747
0.894623
-0.354435
-0.587052
0.001746
0.124006
-0.019729
-0.678706
0.230700
0.115213
0.174635
0.280302
0.157118
0.018792
-0.233307
0.119277
-0.010617
0.122611
-0.297908
-0.167270
0.189718
-0.609259
-0.023367
0.210199
-0.070799
-0.003554
-0.016194
-0.296825
-1.213000
-0.450260
0.859690
-0.341051
-0.086333
0.285071
0.539723
0.087137
-0.107430
0.391532
0.071078
-0.449530
1.980069
-0.339203
0.524268
0.259495
-0.070505
0.279455
-0.964758
0.056246
-0.124767
-0.080369
-0.095221
-0.000036
-0.312607
0.051806
0.003418
-0.395612
-0.076943
0.045375
0.348430
0.134204
-0.024380
0.182477
0.973752
0.224630
-0.323376
-0.073719
0.169510
0.242486
0.225102
0.398583
-0.029797
-1.008304
-0.065658
-0.060450
0.047157
0.027937
0.124390
-0.250065
0.021856
-0.295022
0.272846
0.005228
0.411843
0.062383
-0.346875
-0.052914
-0.155759
-0.043880
-0.255608
-0.194007
-0.120267
0.379730
0.232319
