ORIGINAL Mean: -0.023103
ORIGINAL Variance: 0.832285
Output:
-0.223880
0.039554
-0.149022
-0.307691
-0.137177
-0.084389
-0.306806
-0.449685
-0.356562
0.111678
0.163226
-0.023526
0.112098
-0.010308
0.789078
-0.037714
0.588384
0.381362
0.309981
0.231861
-0.174744
0.098772
0.151549
-0.360211
0.124157
-0.165140
-0.192909
0.170515
-0.468780
0.209605
0.473564
-0.116513
-0.214195
0.101061
0.360475
-0.316019
0.214212
0.216440
-0.091730
-0.192157
-0.128579
0.059788
-0.136530
-0.085305
-0.057458
0.143189
-0.004954
0.228920
-0.191970
-0.033719
0.648429
0.013012
-0.310545
0.268275
-0.376912
0.261406
0.032352
0.457824
-0.308659
0.145225
-0.030995
-0.224156
0.185618
0.244527
-0.278140
0.040101
-0.487496
-0.396032
0.237849
-0.375554
0.191923
-0.275097
0.151948
0.286475
0.405392
0.718580
0.019475
0.230447
0.157062
-0.158640
0.356395
0.434058
0.232355
0.319730
-0.011321
0.309754
-0.309128
0.036851
-0.094016
0.121806
0.265784
0.256868
0.513057
0.191398
-0.412516
0.076649
0.104814
0.006730
-0.198015
0.044520
-0.022709
-0.217191
-0.015841
0.127111
-0.413857
-0.030228
-0.353583
-0.117866
0.166084
0.290150
-0.065684
-0.099437
0.268930
-0.225972
0.443948
0.355445
-0.027186
0.486677
-0.117119
0.078595
-0.090078
-0.302039
0.118453
0.206786
0.376463
-0.248077
-0.158843
0.270790
-0.158619
0.281743
0.031533
-0.026621
-0.190707
0.140198
-0.043610
0.190167
0.174448
-0.011068
-0.477538
-0.339021
0.294016
-0.563203
-0.430015
0.089276
0.204696
-0.135464
-0.009521
-0.007614
0.060826
-0.228044
0.146104
0.076213
0.107690
0.203724
-0.128651
-0.098783
0.170549
0.213707
-0.057117
-0.047356
0.141055
-0.893078
0.343246
-0.005281
0.474067
0.269681
0.286827
-0.209411
-0.097053
-0.063118
0.182283
-0.180899
0.097285
-0.172234
0.067327
-0.008523
-0.028376
0.127593
-0.183637
-0.108822
-0.162884
-0.061237
-0.172036
-0.250153
-0.123625
-0.230774
-0.073866
0.437270
0.000103
-0.197895
-0.370861
0.001700
-0.268518
0.061293
-0.036196
0.260335
0.416431
-0.200557
-0.391092
-0.071284
-0.290804
-0.064891
0.238149
0.081300
0.123799
0.242387
0.043834
-0.107102
-0.486533
-0.327839
-0.273718
0.080987
0.065714
-0.350926
-0.038364
-0.078700
0.129636
-0.014743
0.199218
-0.144740
0.416096
0.342992
-0.050496
-0.081193
-0.432739
0.227120
0.086754
0.302249
-0.155482
0.005586
-0.038781
-0.122788
0.102280
-0.222907
0.034660
0.228648
-0.103783
-0.039729
0.279395
0.221953
0.211937
0.289195
-0.124824
0.110251
-0.285851
-0.223268
-0.295961
0.167824
-0.074894
0.196216
0.159376
-0.774685
-0.063484
-0.241982
0.141638
0.176013
-0.162934
0.166695
-0.068482
-0.199626
-0.359222
0.024564
0.085417
-0.038221
-0.108316
-0.031551
0.152918
-0.465273
-0.023029
-0.184537
-0.352305
-0.272819
-0.061297
-0.185103
0.207107
-0.043630
0.372382
-0.246355
-0.202190
-0.536355
0.142419
-0.109047
-0.107303
-0.115317
-0.080361
-0.032650
-0.003991
-0.084789
-0.266362
-0.129338
0.134755
-0.089364
0.160804
-0.333502
-0.224877
-0.233620
0.150855
0.070839
-0.319438
0.181530
0.152599
-0.077775
-0.270668
-0.031159
0.029994
-0.169488
0.284418
-0.040528
-0.151744
-0.011938
-0.159011
-0.153687
-0.089891
0.055004
-0.041103
0.264456
-0.108988
0.197173
0.384091
-0.056804
0.259631
-0.037716
0.072365
-0.060176
-0.068425
0.347085
-0.022626
0.141930
-0.003108
0.015947
0.241326
1.934470
-0.152858
0.168696
0.364537
0.013192
-0.263044
-0.892109
0.019852
-0.389359
-0.139302
0.054295
0.018784
-0.024110
0.134065
0.176639
0.107051
-0.159296
-0.356578
0.166792
-0.066193
0.216931
-0.243274
0.401233
-0.097030
0.126743
0.168755
-0.292502
0.549823
0.116756
-0.247249
-0.018941
-0.060069
0.405068
0.042902
0.030446
0.164720
-0.459788
0.068314
0.625849
-0.113468
-0.140844
0.297739
-0.348491
-0.348820
-0.322004
-0.349055
0.294925
-0.378230
0.102295
0.102062
0.532432
-0.068181
0.153433
