ORIGINAL Mean: -0.028827
ORIGINAL Variance: 0.831551
Output:
-0.291767
-0.264285
0.195959
0.210984
0.035540
0.129806
-0.303765
0.355824
0.426677
-0.018597
-0.187107
-0.166465
0.062296
-0.055033
0.116502
0.229126
-0.505161
-0.103906
0.065408
-0.322598
0.037200
0.367667
-0.108953
-0.181455
-0.264181
0.118185
-0.325599
0.288998
-0.025110
-0.255843
0.102704
0.007589
-0.084864
-0.101466
-0.375401
-0.076230
-0.022027
0.126659
-0.055555
-0.202232
-0.086640
-0.387089
0.056194
-0.331835
-0.053870
-0.012781
-0.394579
0.185757
0.022951
-0.236134
0.095874
-0.174808
0.131505
-0.163880
0.092198
0.363044
0.006876
-0.028782
-0.087350
-0.000546
0.029854
0.203961
-0.359996
0.249233
0.071819
0.255793
-0.252706
0.375930
-0.036404
-0.161867
0.267099
0.232947
-0.203357
-0.136738
-0.192517
0.309488
-0.185808
-0.447531
-0.205605
0.068774
-0.219731
-0.075482
-0.101026
-0.209908
-0.213187
0.238037
-0.061156
0.076077
-0.058209
0.153315
-0.314669
0.043184
-0.159060
-0.268403
0.097654
-0.023909
-0.153789
0.058119
0.270888
0.178752
-0.177204
0.298159
0.627497
-0.580252
0.156676
-0.087253
0.095005
0.254577
-0.132613
0.096347
0.318233
-0.048690
-0.251582
-0.024478
0.039519
0.048782
-0.012925
-0.335277
0.287151
0.120928
0.015695
-0.109309
-0.107101
-0.117766
-0.178818
0.161462
-0.466517
0.178863
-0.090386
0.071014
0.040894
0.505231
0.324279
0.595886
-0.170769
-0.328875
0.235724
0.178208
-0.174028
-0.082294
-0.068224
0.060463
-0.253985
-0.354664
-0.094038
-0.289196
0.278706
0.036591
-0.244276
-0.473004
-0.009879
-0.098594
-0.014816
0.196530
-0.252736
-0.081029
-0.066427
0.029631
-0.336268
-0.121374
-0.199624
0.689193
-0.184941
0.195448
-0.068670
-0.190531
-0.133995
-0.022687
0.190261
0.209276
-0.052766
0.012043
-0.286677
-0.022107
0.093616
-0.049105
-0.329328
0.258825
-0.328454
-0.067926
-0.148358
0.155476
-0.122229
-0.219740
0.026480
-0.115130
0.075227
-0.227718
-0.000107
0.481174
-0.137909
0.201790
-0.173953
0.115757
0.128865
-0.127630
0.098736
0.051948
0.042754
-0.480320
-0.175358
0.117657
-0.219765
0.097353
-0.148159
0.047490
-0.209421
-0.324800
-0.165427
0.312375
0.244022
0.014755
-0.280711
-0.003287
0.218336
0.109796
0.270628
-0.217507
0.421739
0.273600
-0.034676
0.155667
-0.212343
-0.101959
0.054079
0.107490
-0.271129
-0.006858
-0.267770
-0.368981
-0.397893
0.081605
0.005110
0.086047
0.139585
0.076852
-0.010213
0.136188
0.285920
0.227802
0.105962
-0.072757
0.100511
0.666283
-0.105364
0.190295
0.260316
0.173255
-0.197178
-0.076230
0.090656
0.018254
0.002513
-0.000554
0.367671
0.090206
0.130996
0.186225
0.239814
0.476816
-0.179413
0.114220
-0.145161
0.204537
0.096119
0.169017
0.044171
-0.089306
0.320445
0.292085
0.168259
0.037162
-0.249665
0.281499
0.052090
-0.212601
0.078376
0.162004
-0.080379
0.009909
0.406865
0.094334
-0.156561
0.457265
0.448899
-0.169072
0.280876
0.268078
-0.095847
-0.218406
-0.130703
-0.060915
-0.081746
-0.366577
-0.164229
-0.029957
-0.134231
0.088528
-0.150659
-0.206736
0.059743
-0.088761
0.006601
-0.326407
0.144915
0.162688
0.288047
0.103942
-0.051189
-0.093908
-0.064197
0.291541
-0.125166
0.103899
-0.348604
0.134515
0.242019
-0.133428
-0.511430
-0.036368
-0.436505
-0.297634
-0.459682
-0.059066
-0.137060
0.701115
-0.070741
-0.197139
0.320940
0.021972
-0.352246
1.910551
0.350707
-0.656384
0.057684
0.203076
-0.012104
-0.482673
0.186611
0.423515
-0.192085
-0.244465
0.530510
0.099777
0.088830
0.307931
0.414948
0.223263
-0.096061
-0.348072
0.123368
-0.068623
0.103261
0.337058
-0.277869
-0.079061
0.082624
-0.025612
-0.166556
-0.163685
0.171379
0.219195
0.218472
-0.080885
-0.226235
-0.175929
-0.233293
-0.406640
0.127331
1.018195
-0.121761
-0.076757
0.115962
-0.215661
0.013171
0.057265
-0.099412
-0.045139
-0.087497
-0.321591
0.341180
0.018186
-0.377549
0.117248
