ORIGINAL Mean: -0.024012
ORIGINAL Variance: 0.879864
Output:
-0.032891
-0.502269
0.208411
0.199694
-0.022320
0.174728
-0.389454
0.210550
0.477428
-0.178909
-0.276432
-0.355467
0.001911
-0.137927
0.125644
0.252635
-0.338795
0.020114
0.148446
-0.291183
0.038076
0.584633
-0.178912
0.015345
-0.218623
0.077232
-0.458177
0.351472
-0.044192
-0.218621
-0.099477
0.118531
-0.208672
-0.088341
-0.393984
0.092798
0.000253
0.172775
-0.013673
0.018678
0.069846
-0.239324
0.218765
-0.307733
-0.325623
-0.162305
-0.436253
0.214146
0.014190
-0.188135
0.016979
-0.134393
0.165097
-0.113196
-0.167062
0.411924
-0.076812
-0.076666
-0.219685
-0.013799
-0.105541
0.067144
-0.434512
0.062395
-0.152605
0.290853
-0.415833
0.326986
0.087741
-0.233591
0.341777
0.267220
-0.196382
-0.140605
-0.295438
0.163409
-0.128232
-0.472200
-0.341260
0.128443
-0.367973
-0.167732
0.083110
-0.418134
-0.243008
0.170875
0.070782
0.184186
-0.065754
0.269183
-0.176087
0.153962
-0.112621
-0.282901
0.073135
-0.044978
-0.111186
0.047954
0.289499
0.145887
-0.136375
0.224116
0.462908
-0.128815
0.006612
-0.165514
0.067983
0.084068
-0.116165
-0.017097
0.216722
-0.124339
-0.306534
-0.138265
-0.061633
0.175511
0.224356
-0.368577
0.206480
0.316572
-0.039537
-0.065753
0.020412
0.047299
-0.211932
0.221958
-0.126070
0.416424
-0.086912
0.085980
0.083255
0.412959
0.315173
0.443346
-0.180348
-0.113109
0.086265
0.165525
-0.275096
0.146661
0.001065
-0.024638
0.011910
-0.551899
0.029022
-0.595210
0.146198
-0.155326
-0.591757
-0.463639
-0.205757
-0.292128
0.063967
-0.046173
0.116175
-0.045224
-0.158953
0.025584
-0.569142
-0.104286
-0.269292
0.665340
-0.242513
0.202948
0.007778
-0.141997
-0.110960
0.137404
0.193869
0.227484
-0.179687
0.080055
-0.284332
-0.001987
0.097095
0.015401
-0.057697
0.027225
-0.360727
-0.268716
-0.190008
0.076187
0.007691
-0.250435
0.028929
-0.238320
0.028938
-0.428524
-0.000158
0.310655
-0.301386
0.106874
-0.179323
0.107083
0.185811
-0.302879
0.207417
-0.169771
0.034007
-0.539240
-0.283772
0.107660
-0.186231
0.213778
-0.104781
-0.093115
-0.193452
-0.351900
-0.057981
0.313285
0.203307
-0.045986
-0.180003
-0.129969
0.153650
0.013144
0.307238
-0.299324
0.325244
0.423349
-0.063617
0.232327
-0.163917
0.012927
0.063124
0.128535
-0.145124
-0.098604
-0.267037
-0.324475
-0.479623
0.161568
-0.065495
0.286890
0.121669
0.126988
0.013651
-0.042817
0.347864
0.151412
0.091800
0.028232
0.222318
0.996916
-0.090754
0.280782
0.085054
0.187384
-0.099299
-0.434321
0.158270
0.153544
0.182547
-0.167155
0.454537
0.025413
0.186825
0.315008
0.315055
0.412101
-0.374435
0.212253
-0.061569
0.114766
-0.114793
0.424613
0.150591
-0.026891
0.381019
0.238828
-0.185611
-0.077885
-0.230200
0.308489
-0.109299
-0.107275
0.000145
0.166256
-0.013638
0.075410
0.485618
0.043322
-0.179826
0.428223
0.272307
-0.405535
0.175421
0.330886
-0.124208
-0.265928
-0.163169
-0.131473
-0.086141
-0.516398
-0.163083
-0.130033
-0.218698
0.136093
-0.225620
-0.146177
0.312198
-0.047384
0.034022
-0.236443
0.183000
-0.028288
0.161558
0.022331
0.030135
-0.271428
-0.071726
0.390251
0.330448
0.017687
-0.510948
0.201798
0.295443
0.030170
-0.433226
-0.239590
-0.512903
-0.203003
-0.549050
-0.279766
-0.157166
0.553287
-0.125398
0.008674
0.158584
-0.004052
-0.280471
1.784882
0.749876
-0.678759
0.169648
0.122771
-0.002471
0.200870
-0.044226
0.391378
-0.080177
-0.025914
0.417185
0.108233
0.177590
0.239529
0.492612
0.179621
-0.013203
-0.338246
0.089268
0.033410
0.101950
0.220861
-0.343749
-0.225281
0.027913
-0.070096
-0.031773
0.029940
0.136448
0.391044
0.233437
-0.076428
-0.259765
-0.063657
-0.303347
-0.268739
0.040934
1.052135
-0.016233
-0.150324
0.163073
-0.394056
0.126563
0.165243
-0.024946
-0.133029
-0.091129
-0.210596
0.417620
0.067841
-0.356508
-0.159620
