ORIGINAL Mean: -0.015373
ORIGINAL Variance: 1.041174
Output:
-0.273258
0.462112
0.064657
-0.016211
0.036986
-0.212571
-0.040337
-0.071497
0.326060
-0.369725
-0.079000
0.397554
0.006828
0.092691
-0.093482
-0.043590
-0.125921
0.024667
-0.187518
-0.100380
-0.097930
0.390318
0.311578
-0.008260
-0.251333
-0.137507
0.282351
0.084172
0.011016
-0.244765
-0.423441
-0.356772
-0.166304
0.579725
-0.067050
0.075500
-0.583526
-0.296544
-0.121988
0.022004
0.263132
0.297255
0.168749
0.157090
-0.509358
0.130309
0.285265
0.023456
0.334314
0.162404
-0.352167
0.423941
-0.244017
-0.241131
-0.350186
0.301502
0.380794
0.372410
0.039151
-0.200254
-0.318919
-0.489439
0.241889
0.108192
-0.241018
-0.148662
-0.151353
-0.469409
0.788991
0.084384
-0.235210
-0.073957
0.014442
0.093852
-0.031586
-0.847969
0.014986
-0.146264
0.259600
0.158097
0.089967
0.560826
0.314614
-0.069708
0.185804
-0.172204
-0.045157
-0.553056
-0.663255
-0.195603
-0.368475
-0.464691
-0.068171
-0.485865
0.419660
0.184263
0.268362
-1.169730
-0.032576
0.062804
-0.856050
-0.199619
-0.242147
-0.143168
0.013751
0.541737
0.214198
0.075731
0.302846
-0.297284
0.347282
-0.022843
0.653271
-0.185012
-0.748505
0.049311
-0.357691
0.123833
0.091705
-0.064799
-0.124937
0.152586
0.439314
-0.139002
0.047401
-0.025378
-0.011691
0.281086
0.060754
-0.153162
0.069819
-0.335064
-0.616710
-0.344929
0.219767
0.007685
-0.026938
-0.292838
0.045828
0.051547
-0.183250
0.164422
0.693717
0.051136
-0.120435
0.351652
-0.533821
-0.010068
0.584060
-0.324901
0.312261
-0.583371
-0.242787
0.146374
0.391508
0.077126
0.690955
-0.430968
0.067135
-0.113299
0.737471
-0.279894
-0.097857
-0.207981
0.221187
-0.049742
0.060354
-0.107984
-0.248260
-0.015371
-0.006219
-0.312292
0.403634
-0.126408
0.059975
0.068771
0.510907
-0.167331
-0.074898
0.443172
0.094411
0.235343
-0.246311
-0.303710
-0.027594
-0.463983
-0.079103
-0.219934
-0.000002
-0.146012
-0.028260
-0.163672
-0.108081
0.084380
0.019269
0.066826
-0.203536
-0.162544
-0.076675
0.448539
-0.266910
0.342571
-0.415675
-0.001303
0.318483
0.014496
0.382820
0.629577
0.755360
0.597698
-0.029858
-0.022290
0.241275
0.028001
0.036755
0.210278
0.391649
0.195784
-0.147756
0.101405
-0.517590
0.515281
-0.032007
-0.035687
0.155828
0.122771
-0.074649
0.725812
0.274800
0.152717
0.356399
-0.136175
0.169548
-0.415567
-0.017277
0.125827
0.534638
-0.046647
-0.101686
0.051238
-0.109199
-0.498955
-0.058263
-0.988030
0.259918
-0.135875
0.154875
-0.688453
-0.102768
-0.412082
0.276303
-0.531203
0.052969
-0.336947
0.321923
-0.182320
-0.168538
-0.033418
0.112496
-0.436734
-0.579081
-0.013916
-0.221094
0.104902
0.140530
0.342034
0.136586
0.413985
0.180771
0.036908
-0.330524
-0.194435
0.111332
-0.178447
0.200945
0.663807
0.222392
-0.318643
-0.149873
-0.074769
-0.205004
-0.322170
-0.180573
0.177366
-0.423540
0.734187
-0.215766
-0.241905
0.541243
0.208452
0.055496
-0.009824
0.525353
-0.125332
-0.259977
0.085816
0.136978
-0.016034
-0.176596
0.068615
0.102298
0.227511
0.200379
0.245326
-0.015623
-0.100167
-0.055697
0.122860
0.146404
-0.285141
-0.115644
-0.445893
-0.417575
0.138400
0.003169
-0.198843
0.024964
-0.346428
-0.241473
-0.958930
-0.760367
-0.145028
-0.143917
-0.058699
0.222955
0.549577
0.117168
-0.347634
0.036968
0.021403
-0.489108
1.862231
-0.343093
0.590015
0.263464
-0.083157
0.247754
-0.680219
-0.262719
-0.079769
0.396320
0.177013
-0.142497
-0.403290
0.066238
-0.077986
-0.388499
-0.674053
0.151406
0.068286
0.059733
-0.283754
0.203524
0.791601
0.299722
-0.407134
-0.254677
0.201164
0.063927
0.246987
0.502878
-0.115334
-0.681763
0.004627
0.561065
-0.015231
0.019212
0.184618
-0.511661
0.161924
-0.045493
0.424499
0.077434
0.310256
-0.216659
-0.072056
0.385554
-0.591702
0.064487
-0.218662
-0.439030
-0.360368
-0.105913
0.233270
