ORIGINAL Mean: -0.034633
ORIGINAL Variance: 0.909751
Output:
0.372180
0.482320
-0.166144
0.044073
-0.086879
-0.069067
-0.165431
0.226132
0.030052
0.029158
-0.007535
0.089063
0.530732
0.110761
0.046620
-0.070858
0.361547
-0.228134
0.355856
0.085572
-0.231299
0.569858
0.892779
-0.318177
-0.295254
-0.352708
0.659663
-0.070614
-0.282853
-0.347324
0.175245
-0.619412
-0.287811
0.979821
0.582526
-0.294570
0.408535
0.206784
-0.050613
-0.028486
0.279417
0.062370
-0.107622
0.102683
-0.050424
0.316986
-0.083855
-0.201950
0.093822
-0.067976
0.347484
0.609228
0.318666
-0.736592
-0.574722
0.426555
-0.325018
0.368010
-0.016786
-0.175761
-0.188938
-0.312253
-0.123343
-0.406712
-0.493515
-0.222406
0.300610
-0.692549
0.025080
-0.150495
0.150123
-0.413642
-0.153860
-0.004747
-0.093186
-0.420979
0.043712
-0.135115
0.181370
-0.816941
0.038594
-0.137552
-0.170182
0.333779
0.266362
-0.285553
-0.195261
-0.121409
-0.112860
-0.199489
-0.274601
-0.142246
0.045586
-0.284700
1.372691
-0.035176
0.444877
0.515997
-0.132187
0.277104
0.615304
-0.301046
0.091561
-0.402870
0.299497
-0.215397
-0.096174
0.264130
0.188118
0.539701
-0.048515
-0.036512
0.814470
-0.318831
0.144005
-0.266542
-0.148632
0.086879
-0.022129
-0.339985
-0.027111
-0.210263
0.488318
0.056902
-0.219873
-0.028438
-0.295052
-0.147997
0.271553
0.084834
0.019295
-0.034050
-0.130297
0.099864
-0.229152
-0.304338
0.106467
0.238865
-0.528528
-0.143984
-0.132594
-0.097335
-0.124723
0.528221
-0.249333
0.005031
-0.410941
-0.033471
-0.560391
-0.414571
0.332766
-0.435725
0.100695
-0.156923
-0.173891
-0.073081
-0.237667
-0.063409
0.076564
-0.010588
0.656799
0.035700
0.266508
0.115483
-0.032756
0.000424
0.046641
-0.511912
-0.180367
0.203664
-0.007858
-0.333082
0.175293
-0.296452
0.278172
0.018598
0.075328
0.415773
-0.177451
-0.024269
0.138427
0.275611
-0.310448
0.116851
-0.323340
-0.657669
-0.168445
0.736410
0.000050
-0.061738
0.137027
-0.081834
-0.385974
0.018858
0.105267
0.088047
-0.077740
0.129373
0.353115
0.220454
-0.318408
-0.291652
0.432764
0.007468
0.454347
-0.020161
0.078978
-0.298855
-0.341644
-0.550967
-0.063993
-0.213730
0.034894
0.138218
0.059544
0.431803
-0.382569
0.083431
0.329176
-0.015550
0.349489
0.724480
0.117215
-0.188602
0.327407
-0.733392
-0.073515
0.078343
0.091743
-0.320180
-0.014933
0.001422
0.132633
-0.001451
0.124229
0.003550
-0.158824
0.198830
-0.280304
0.213912
-0.125374
-0.328480
-0.377900
-0.727060
-0.030443
-0.087846
0.023244
0.511790
0.138827
0.030756
-0.021325
-0.629347
-0.112337
-0.168765
0.437081
-0.024759
-0.546538
-0.070864
-0.179421
-0.041204
-0.494833
-0.232136
-0.231053
0.156143
0.307729
-0.200355
-0.097810
0.334815
0.373376
-0.118503
-0.231080
0.362800
0.206879
0.457455
0.132661
0.025511
-0.106747
-0.169676
-0.316688
-0.341318
0.023131
-0.087095
-0.042945
0.146994
0.107824
0.253157
0.070587
-0.431151
-0.466647
0.164793
0.280729
0.015099
0.207891
0.149811
-0.431627
-0.189090
0.115399
-0.086149
-0.352108
0.009294
0.499071
-0.125135
-0.070238
0.135705
-0.030848
-0.091057
-0.059932
0.006142
-0.015719
0.036477
-0.096650
0.212772
0.593439
-0.001412
-0.083987
0.010129
0.129455
0.076818
-0.321090
0.379845
-0.031782
-0.316407
0.083572
0.093829
-0.131745
0.835658
0.058722
-0.178434
0.231873
0.009118
0.250813
1.897612
-0.485766
0.288729
0.525906
0.176077
-0.239949
-1.373168
0.129240
-0.221590
0.704318
-0.356363
0.341261
0.118435
0.112411
-0.164416
-0.144545
0.132983
-0.447777
0.208023
0.131496
0.094315
0.181441
0.772848
0.020729
-0.167922
0.234273
-0.086929
-0.022181
-0.111228
0.066121
0.135237
0.123125
0.035715
-0.327049
0.167588
0.066072
0.217035
-0.109604
0.282697
-0.143240
-0.081660
0.103662
0.078202
0.000573
-0.039289
-0.042138
-0.217909
-0.200076
-0.401195
0.442184
-0.170613
-0.314533
0.174574
