ORIGINAL Mean: -0.014707
ORIGINAL Variance: 0.940108
Output:
-0.494663
-0.421356
0.116678
-0.146660
0.083275
0.001569
0.148296
-0.547049
-0.439562
0.002670
-0.159113
0.193497
-0.373015
0.022170
-0.153130
-0.014028
-0.052414
0.327413
-0.370010
-0.093012
0.081689
-0.285305
0.030917
0.051416
-0.021299
-0.073730
0.013981
-0.179773
0.047054
0.180371
-0.104163
-0.253877
-0.018175
0.114246
0.035851
0.034027
0.029747
0.224071
-0.129216
0.091920
-0.376989
0.261798
0.102140
0.148377
0.246555
0.075521
0.267137
-0.049987
-0.355846
0.227673
0.192561
-0.080221
-0.222099
0.934603
0.434082
-0.257072
-0.296133
-0.111364
0.247892
0.312214
0.152607
-0.079824
-0.123564
0.082024
0.016432
-0.087388
0.073127
-0.027254
-0.062037
0.031323
-0.229518
-0.104711
0.004601
0.154950
0.567269
0.918484
0.385646
0.136729
0.125466
0.178924
0.282716
0.328650
-0.176242
-0.019405
0.122778
0.123185
0.042671
-0.285618
-0.077856
-0.459777
0.202480
0.420155
0.352669
-0.010132
0.120978
-0.244914
-0.018015
0.131767
0.097967
-0.202311
-0.019653
-0.110384
0.197385
0.359035
-0.415213
0.167004
-0.297079
-0.229923
-0.068458
0.018176
-0.011458
-0.048623
-0.154384
0.224695
-0.062863
-0.221081
-0.190392
0.117101
-0.055177
-0.183252
-0.195163
0.157854
-0.166881
-0.549643
0.179125
0.016491
-0.168602
-0.361427
0.034791
-0.333572
0.091044
0.105357
-0.294742
0.050060
0.206125
-0.041332
-0.002292
-0.276775
0.194033
0.024260
0.010325
-0.037081
0.225635
-0.157145
-0.072954
0.395232
-0.284364
-0.094511
0.457746
0.351699
0.042202
-0.039002
0.187023
0.098165
0.167496
0.139878
0.104798
-0.250768
0.217137
-0.076882
-0.081894
-0.890125
-0.015194
-0.126087
0.049866
-0.351736
-0.037366
0.116738
-0.219266
-0.301958
-0.028929
-0.167768
0.142593
-0.107076
-0.009286
0.158888
0.033958
-0.489818
0.188015
0.304445
0.211050
0.091402
-0.317188
0.243260
0.029835
0.113228
0.040920
-0.297744
-0.000098
-0.134275
0.045560
-0.072183
0.036555
0.128519
0.098073
-0.077928
-0.023938
-0.085680
0.187060
0.211369
-0.254072
-0.073678
0.184971
-0.316518
-0.274030
-0.037046
0.143331
0.307251
0.197382
-0.065939
-0.048517
-0.147901
0.178110
-0.107961
-0.163180
-0.268483
0.159119
0.246589
-0.103036
0.199664
0.086543
-0.507615
-0.056013
0.019089
-0.288517
-0.078518
0.140775
0.777892
-0.020596
0.000720
0.275866
-0.321193
0.254105
0.209377
-0.016100
0.076153
0.215568
0.013767
-0.354604
0.258429
-0.098465
0.199611
0.271925
0.072713
0.127507
-0.133630
-0.241928
-0.359894
0.051835
0.092730
0.098087
0.116220
-0.160753
-0.253224
-0.724018
-0.074109
0.252145
-0.330749
-0.210962
-0.454762
-0.287020
0.109472
-0.081090
-0.046522
-0.047142
-0.179922
-0.055601
0.005811
-0.161340
-0.053470
-0.295787
-0.115413
0.162432
-0.252332
-0.037467
-0.072594
-0.381423
-0.240733
0.011252
0.294451
-0.137007
0.271790
-0.109895
-0.322527
-0.082461
0.234857
-0.099584
-0.253590
-0.055695
-0.080822
-0.206872
0.099009
-0.136236
0.033485
-0.000599
-0.021598
0.029561
-0.017582
0.009211
-0.231034
0.105593
0.126130
-0.009141
0.198850
-0.002867
0.157723
-0.055641
0.130849
0.003558
0.104993
0.137839
-0.336460
-0.209977
0.336164
0.031396
-0.141298
-0.192408
0.058533
0.739669
-0.095326
-0.231753
0.257603
0.487458
-0.261562
-0.124294
0.798559
0.071179
-0.171722
-0.181605
-0.054277
0.028715
1.992378
0.178504
0.600824
-0.137866
-0.178479
0.131292
-0.407986
-0.295142
-0.102778
0.338848
0.216715
-0.463995
-0.304047
-0.028731
0.140724
-0.479180
0.021296
0.447079
-0.358611
-0.181978
-0.097606
0.049393
0.825784
0.103070
-0.185603
-0.263909
0.284097
-0.160665
-0.048660
0.357841
-0.335590
-0.214261
0.195172
0.524576
0.055032
-0.052425
0.076576
0.020974
0.143759
0.078064
0.077447
0.134905
0.028667
0.086570
0.243801
-0.418680
0.720244
0.016403
0.471945
-0.644846
-0.287980
0.056418
-0.133046
