ORIGINAL Mean: -0.009459
ORIGINAL Variance: 0.858508
Output:
-0.009107
-0.326663
0.215887
-0.005229
-0.033393
0.245270
-0.282301
0.258632
0.357595
-0.146647
-0.021682
-0.096460
0.069532
-0.049283
-0.078934
0.135018
-0.286139
0.036057
0.373297
-0.185232
0.007866
0.040697
-0.071327
-0.029296
-0.163898
0.152273
-0.101240
0.189170
0.243481
-0.134878
0.046715
-0.215455
-0.022085
0.366131
-0.003721
0.111038
0.422734
0.093036
0.034507
0.077033
-0.052307
-0.176677
0.286685
0.000977
-0.593065
-0.191502
-0.473946
-0.176252
0.030075
-0.330980
-0.238054
-0.090070
0.539018
-0.465234
-0.105642
0.457944
0.000433
-0.289040
-0.362680
-0.126635
-0.156531
0.138283
-0.005236
-0.143308
0.075824
0.083671
-0.150907
0.199292
-0.126227
0.306852
-0.107420
0.025329
-0.225671
-0.074185
-0.212280
-0.646695
0.138068
-0.065191
-0.300662
0.078403
-0.442467
0.097955
0.235762
-0.278224
-0.018794
-0.202153
0.125247
0.180489
-0.109290
0.285450
-0.604253
0.197140
0.107589
-0.474766
0.393119
-0.387846
-0.070014
0.034453
0.074077
0.098261
-0.339239
-0.035636
0.346013
0.393665
0.167672
-0.142036
0.307118
0.048389
-0.132481
-0.115689
0.370846
-0.165803
-0.451997
0.022911
-0.054135
-0.290971
-0.107807
-0.011909
0.154276
0.228227
0.032819
-0.251980
0.393373
0.326387
-0.158026
0.313079
-0.126579
0.073846
-0.331862
-0.169331
0.076278
0.207204
0.243092
-0.111834
-0.195643
-0.022493
0.020562
0.112563
-0.051337
0.203118
-0.166319
0.023533
-0.210640
0.035475
0.062411
-0.259463
0.169821
-0.141954
-0.300821
-0.189934
0.288948
-0.110677
-0.076510
-0.009660
-0.241746
0.037938
-0.306207
-0.062874
-0.688088
-0.156090
-0.230346
0.956830
0.009701
0.143583
-0.260857
0.150852
0.056366
0.151676
-0.000433
0.032042
0.049283
0.061835
-0.216234
-0.045471
-0.042668
0.025457
0.073563
0.122660
-0.147299
-0.189930
0.273214
0.332861
0.277064
-0.081680
0.009313
-0.265974
-0.023479
-0.477623
-0.000205
0.176040
-0.101525
0.071857
0.023033
0.147904
0.130060
-0.333581
0.146229
-0.031950
-0.052377
-0.339946
-0.627087
-0.120130
-0.320521
-0.070723
-0.165183
-0.230665
-0.391291
-0.335260
-0.402992
0.254411
0.147054
0.066087
-0.263809
-0.066244
-0.100848
0.037884
-0.186466
-0.322156
-0.111034
0.256096
-0.317499
-0.124383
-0.093858
-0.117150
0.122197
-0.130387
-0.058010
-0.198766
-0.070353
-0.165933
-0.394829
0.175110
0.110666
0.116203
0.227302
0.101188
-0.426542
-0.093872
-0.119200
0.000568
0.105607
-0.358241
0.038015
0.390168
-0.032447
0.418114
0.262759
0.126565
0.004693
-0.024784
-0.104734
0.059983
0.090022
-0.142303
0.434332
-0.025814
-0.173184
0.131031
0.264415
0.183121
-0.466469
0.182766
0.017225
0.110173
-0.047764
0.116658
-0.079206
0.213631
0.138048
-0.181231
0.035595
-0.032619
0.088889
-0.186620
-0.046148
0.179967
-0.152656
0.111075
0.162999
0.354973
0.112747
-0.120542
0.067723
0.084586
0.348034
-0.030304
-0.042105
0.117592
0.166352
-0.015124
0.062350
-0.180451
0.093556
-0.299238
-0.086937
-0.070348
-0.245103
0.092755
-0.097356
-0.003203
0.197145
-0.162278
0.099556
-0.264671
0.043292
-0.181568
-0.280657
-0.019714
0.112296
-0.061128
0.056041
0.257037
0.481171
-0.277531
-0.615746
0.067106
0.287606
-0.352189
-0.395855
-0.256184
0.215573
-0.245668
-0.442910
-0.161213
-0.158040
0.955876
-0.102553
-0.105977
0.160106
-0.052531
-0.001861
1.876483
-0.045736
-0.677412
0.272552
0.203556
-0.123591
-0.316943
-0.332265
0.263885
0.122147
-0.174301
0.421580
0.151385
0.049750
-0.056506
0.224330
0.241157
-0.140619
-0.565323
0.083974
-0.211438
0.120683
0.785405
-0.235562
-0.110290
-0.055083
-0.175555
-0.131956
0.044061
0.218104
0.292392
-0.016123
-0.111369
-0.274911
0.209783
-0.145124
0.181428
0.129202
0.777019
-0.043634
0.075852
0.035169
-0.262321
0.174325
0.021963
0.108717
-0.136389
0.108010
0.088870
0.564770
-0.079550
-0.504610
-0.255050
