ORIGINAL Mean: -0.018980
ORIGINAL Variance: 1.036588
Output:
-0.317400
0.008128
0.141123
0.008884
0.202057
-0.144536
0.471030
-0.402144
-0.544993
-0.069189
-0.061739
-0.199106
-0.500577
0.082860
-0.231136
-0.035563
-0.002697
-0.331771
-0.435407
0.115998
0.054266
-0.601736
-0.269140
0.063112
0.153930
-0.020996
0.153868
-0.086013
-0.027375
0.089543
0.162723
0.306593
0.612171
-0.267035
0.194588
0.035079
-0.473336
-0.379655
-0.083759
0.103609
-0.185615
0.375903
0.064484
-0.077703
-0.523815
-0.043289
0.200067
0.071358
-0.350883
0.219233
-0.061098
0.547247
-0.033898
0.803885
-0.255467
-0.123382
-0.205259
0.174764
0.308544
0.264597
0.178533
0.229950
0.209890
0.188304
-0.093289
-0.102400
-0.025086
-0.269294
0.087724
0.021496
-0.730898
0.448056
0.121010
-0.030243
0.156768
1.132224
0.178571
0.133580
0.152080
0.223067
0.201690
0.243747
0.160229
0.109497
-0.020792
0.133507
0.209045
0.114521
-0.183255
-0.355968
0.352553
-0.376198
0.243104
0.227359
0.555385
0.581620
0.072620
-0.280073
0.040249
-0.251040
-0.292174
0.145713
-0.003641
0.161139
-0.419455
-0.044787
-0.445338
-0.437020
-0.020491
-0.078065
-0.141438
-0.029225
0.048477
0.327164
-0.235348
0.156175
0.300779
-0.178744
-0.008659
-0.252215
-0.235224
0.164794
-0.386220
-0.329805
0.096853
-0.057416
-0.087402
-0.266638
0.043932
-0.317239
0.076158
-0.472066
-0.281273
-0.196599
0.141817
-0.154169
0.005109
0.619696
0.601662
0.080196
-0.105530
-0.151881
0.385002
-0.523454
0.026381
0.317385
-0.277758
0.075843
0.329757
-0.029816
0.101153
0.265357
0.527220
-0.354501
0.471482
0.192291
-0.074500
-0.292225
0.233005
-0.090563
0.120874
-0.851024
-0.049432
-0.227467
0.016402
-0.016065
-0.104871
0.148010
-0.109804
-0.040780
0.076260
-0.080892
0.077105
-0.286108
0.046445
0.010916
-0.080358
-0.425071
0.143488
-1.101088
0.047082
-0.541744
-0.289122
-0.313107
-0.176195
0.284819
-0.126553
-0.351437
-0.000136
-0.161831
0.411214
-0.295473
0.113577
0.091234
0.027972
0.133099
-0.128452
-0.102679
0.376093
0.101634
-0.360409
0.007555
-0.516860
-0.079488
0.270063
0.011721
0.364325
0.519926
0.142741
0.021714
-0.059324
0.071594
0.117307
-0.018548
-0.087137
-0.291053
0.087281
0.007884
-0.266171
0.114053
0.571565
-0.576723
-0.039366
-0.103062
-0.034953
0.013826
0.152322
0.653974
0.006807
0.343772
0.379277
-0.302044
0.320492
0.414358
-0.194534
-0.112043
0.484373
-0.010653
-0.526427
-0.444844
0.089409
-0.007518
-0.244514
-0.255349
0.166045
-0.135555
-0.529045
-0.158060
0.032246
0.022779
0.458077
0.458952
-0.213350
0.001257
-0.824679
0.017673
0.164373
-0.309671
-0.390199
0.059652
0.318863
-0.166561
-0.146963
-0.091228
-0.017879
0.446136
-0.023301
-0.060118
-0.222996
-0.199202
-0.382465
-0.033769
0.328054
-0.521196
-0.117553
0.065864
-0.363648
0.134667
-0.142017
-0.336382
-0.234100
0.090291
-0.068016
-0.206407
-0.889554
-0.294835
-0.210756
0.297142
-0.472080
-0.038059
-0.212374
0.066846
-0.100615
0.484053
0.542717
-0.271497
0.069057
-0.093948
-0.637460
-0.116314
0.211805
0.061511
-0.190594
-0.020280
-0.167493
0.205463
-0.263489
0.099014
-0.008532
0.063176
0.057752
0.331242
0.466158
0.103349
-0.018923
-0.194011
-0.177641
-0.402118
0.618223
0.024239
-0.242207
0.761024
-0.010708
-0.128030
-0.081274
0.582468
0.076583
0.169407
0.251061
-0.086705
-0.056767
2.014774
0.467293
0.659393
-0.122882
-0.217450
0.073845
-0.243467
-0.386607
-0.089208
0.479988
0.243820
-0.535058
-0.334933
0.018432
0.144824
0.013844
0.113545
0.370429
0.324851
-0.163101
0.278517
0.070843
0.765291
0.237055
-0.064728
-0.026436
0.201605
-0.057836
0.597338
-0.010802
-0.258029
0.173928
0.220706
0.405058
-0.119703
-0.036190
-0.064134
-0.154194
0.125980
0.059705
0.337771
-0.018803
0.908402
0.016812
-0.264312
0.037543
0.395388
0.176463
0.120401
-0.877984
-0.105556
0.754222
-0.026313
