ORIGINAL Mean: -0.027199
ORIGINAL Variance: 1.062081
Output:
-0.690559
0.140303
0.153614
0.132257
-0.013137
0.029676
-0.115241
-0.229244
0.155763
-0.178123
-0.422921
-0.109706
-0.437909
0.156767
-0.098346
-0.243423
-0.112080
0.574795
-0.347367
-0.200331
0.015381
0.393216
0.433305
0.092040
-0.178801
0.141329
0.944498
0.027903
0.181799
-0.421686
-0.498502
-0.459048
-0.227634
0.098032
-0.001383
0.172530
0.609799
-0.403568
-0.106632
-0.020122
-0.382642
0.163731
0.307281
0.079735
0.128626
-0.158916
0.130449
0.204076
0.188470
0.161170
-0.263618
0.291809
-0.209018
-0.430701
0.095711
0.017277
-0.023440
0.012988
0.137427
-0.060403
-0.300998
-0.962627
0.119934
0.697924
-0.033411
-0.148250
-0.435709
0.367048
0.342445
0.027529
-0.338568
-0.003705
-0.102757
0.030588
0.075043
-0.225038
0.059723
-0.266161
0.164781
0.620078
0.050772
0.216946
-0.278288
-0.166226
0.093046
-0.762681
-0.017957
0.177334
-0.096367
-0.023306
-0.107946
0.192627
-0.079557
-0.556021
-0.176049
-0.291537
0.548189
0.554271
0.189900
-0.101058
-0.113769
-0.076526
0.203624
0.006864
-0.283215
-0.270666
0.228968
0.940900
-0.086885
-0.149282
0.189738
-0.051378
-0.215665
0.268998
-0.533391
-0.322315
-0.205679
0.504604
0.207627
-0.008549
-0.222676
0.134795
0.316700
-0.126587
0.146004
0.242941
-0.047637
-0.465362
-0.024434
-0.338515
0.111522
-0.048730
-0.379573
0.003539
0.264351
0.229646
-0.116838
-0.642230
0.320233
0.037062
0.064008
-0.145759
0.485926
-0.113979
-0.241428
0.578909
-0.206460
0.221718
0.418321
0.420192
-0.054293
0.155267
-0.911699
-0.510495
-0.143678
0.212007
0.030820
-0.616378
-0.039778
-0.125950
0.342340
-0.436844
-0.032176
-0.219343
0.079858
-0.051263
0.015513
-0.030651
-0.322281
0.102034
-0.206904
-0.491408
0.297470
-0.275567
0.134732
0.146132
0.412163
-0.328356
0.003861
-0.418265
0.299045
0.584554
-0.024151
0.080328
0.063965
0.627241
-0.064111
-0.189778
-0.000066
-0.078179
0.487700
-0.273941
-0.421343
0.117352
0.059884
-0.200798
-0.150176
-0.132392
0.391289
0.190818
-0.214940
0.071089
0.776654
-0.034889
0.365844
-0.063777
-0.220379
0.097422
0.704525
0.161025
-0.027937
0.500681
0.237719
-0.090647
-0.192278
-0.006604
-0.275069
0.286235
-0.208336
0.091326
-0.260332
-0.552778
0.039244
0.102485
0.663450
-0.729251
0.125556
0.657298
0.097568
0.029498
0.488573
-0.474866
0.221398
0.401629
-0.111543
-0.060781
0.591880
-0.069777
-0.457275
0.136163
-0.013818
-0.221401
-0.249912
-0.050515
0.233351
-0.039527
-0.346965
-0.172802
0.006241
0.018739
0.195437
0.813228
-0.161087
-0.378281
0.264754
-0.001150
0.193084
-0.149004
-0.091184
-0.329885
0.131202
-0.445116
-0.296827
0.312087
-0.001972
0.630352
0.035593
-0.013853
-0.211187
-0.178207
-0.248710
0.540421
0.328177
-0.096151
0.367669
0.491946
0.524997
0.343994
-0.154769
0.326596
-0.406020
0.003609
-0.120351
-0.016002
-0.209345
0.830710
-0.413010
0.120378
-0.271914
0.071751
-0.120571
0.072514
0.364275
0.452134
-0.252272
-0.205847
0.115697
-0.107001
0.318991
-0.112868
-0.204659
0.265381
0.337441
-0.102066
-0.009604
0.063999
-0.752558
0.121495
0.320212
-0.087950
0.140101
0.154147
0.638242
0.162457
-0.364574
-0.357150
0.170992
0.101723
-0.161708
-0.467435
-0.721025
0.066293
0.075062
-0.172738
0.058303
0.659688
0.073059
-0.166515
0.181546
0.023146
-0.123763
1.901176
-0.297975
0.538543
-0.146696
-0.091820
-0.568694
-0.231472
0.484602
-0.032886
0.076902
0.221448
-0.245721
-0.361375
-0.088176
0.076869
-0.664074
0.436428
0.136462
-0.485658
0.083170
0.649561
0.196919
0.728375
0.234354
-0.500842
-0.374001
0.341644
-0.250962
0.267737
0.228620
-0.361421
0.044590
-0.105210
-0.226739
-0.021414
-0.022995
0.256910
-0.350877
0.322062
-0.437368
-0.455713
-0.035381
0.068896
-0.358548
0.232450
-0.340981
-0.235670
0.113416
0.008240
-0.760070
-0.658814
-0.465453
0.170309
