ORIGINAL Mean: -0.026677
ORIGINAL Variance: 0.864001
Output:
-0.384769
0.271894
-0.094915
-0.219399
0.117052
-0.137825
-0.199312
-0.086690
0.240474
-0.025611
0.256289
-0.282703
0.031803
0.174171
0.814611
0.019652
0.473124
0.609186
0.226694
-0.002547
-0.160127
0.442344
0.211134
-0.533939
-0.208551
-0.104844
-0.241656
0.248922
-0.302856
0.065962
0.209603
-0.095188
0.129524
0.461193
0.640255
-0.301915
0.160991
0.256872
-0.086264
-0.015726
-0.169573
-0.014969
0.039736
-0.255778
0.283858
0.109168
-0.190801
0.305284
0.255689
-0.181389
0.654085
-0.360078
-0.159406
-1.001311
-0.342545
-0.238606
-0.216528
0.392551
-0.238140
-0.198500
-0.216674
-0.344052
-0.002503
0.110226
-0.011900
-0.048921
0.092339
-0.383295
0.862626
-0.076651
0.136065
-0.274361
0.058687
0.136363
0.009633
-0.001155
-0.151089
-0.031261
0.202937
0.165650
0.165036
0.526428
-0.112968
0.413804
0.078970
0.015022
-0.168658
0.050955
-0.091255
0.440666
-0.049651
0.011014
0.063509
-0.255236
-0.066388
0.305821
-0.207076
0.067118
0.006547
0.127198
-0.420708
-0.126919
0.197459
-0.326794
-0.218613
-0.053486
-0.059385
0.140747
0.419774
0.201159
-0.037951
0.022292
0.220037
-0.264849
0.279744
0.541388
0.062053
0.597088
-0.011144
0.115013
-0.095654
-0.366147
0.187246
0.771899
0.112963
0.016503
-0.355810
0.405341
-0.045363
0.202808
0.027294
0.161998
0.013990
0.368014
-0.017702
0.139561
-0.075131
-0.119929
-0.388345
-0.151134
0.193160
-0.461507
-0.171668
-0.062495
0.088487
-0.204710
-0.159071
-0.042320
0.197597
-0.693624
0.109211
-0.029558
0.319376
0.066866
-0.133193
-0.051243
0.042442
0.095216
-0.251581
-0.075694
0.499603
-0.547839
0.423178
0.059257
0.256444
-0.041975
0.277548
-0.365009
-0.269573
0.256653
0.155246
-0.218287
0.164986
-0.178717
0.199274
-0.220624
0.148125
0.296444
-0.393614
-0.401334
0.094192
0.078631
-0.100416
-0.251775
-0.267711
-0.444222
-0.108289
0.079445
0.000129
-0.155873
-0.162613
-0.060402
-0.411744
0.086622
-0.009231
0.160566
0.280615
-0.058535
-0.294943
-0.045236
-0.379542
-0.106453
0.352498
0.321684
0.169329
0.161268
0.011514
-0.269554
-0.120821
-0.317446
-0.216753
-0.058097
-0.093399
-0.247722
-0.034780
0.093973
0.144261
0.005515
0.091893
-0.157991
0.066147
0.303180
-0.012307
0.155727
-0.560499
-0.175453
-0.059264
0.390046
-0.092150
-0.177545
0.111065
-0.068685
0.137202
-0.517048
0.075851
0.057280
0.333976
-0.031321
0.686693
-0.187148
0.239185
-0.232284
-0.031232
-0.059902
-0.199823
-0.138096
-0.146835
0.116525
-0.258293
0.105380
0.020488
-0.591727
-0.223383
-0.250326
0.443460
0.143174
-0.149249
0.300803
0.404761
0.127395
0.008195
-0.234326
0.074299
-0.056391
0.211771
0.255521
0.203069
-0.251343
0.127168
-0.152971
-0.264017
-0.138278
-0.277697
-0.134240
0.054886
0.000942
0.296637
-0.337068
-0.290784
-0.114099
0.135613
0.223542
-0.257547
0.092783
-0.206493
0.111600
0.171615
0.043744
-0.314220
-0.077028
0.164158
0.100870
0.238371
-0.268644
-0.332802
-0.461167
0.135060
0.025494
-0.533834
0.124067
0.038490
-0.037626
0.055433
-0.322175
-0.064017
-0.047248
0.255473
-0.044227
0.153061
-0.138065
-0.043833
-0.265568
0.182091
-0.066860
-0.177154
0.095898
0.171929
0.336904
-0.450840
0.073216
-0.164578
-0.384781
-0.109592
-0.091362
-0.007407
0.816575
-0.026167
0.127169
0.081442
0.092916
0.202955
1.826172
-0.241064
0.126466
0.250241
0.210859
-0.359556
-0.945356
-0.201361
-0.321468
-0.308222
-0.057237
0.376698
-0.061979
0.257576
0.054967
0.085405
-0.019601
-0.553098
-0.237984
0.189389
0.037368
-0.055056
0.642759
0.011689
-0.209103
0.451187
-0.238127
0.545833
-0.107253
-0.440914
-0.131713
0.046611
0.098671
-0.423237
0.073926
0.149376
-0.184515
-0.033044
0.386679
0.084906
-0.205902
0.232256
-0.212826
-0.459522
-0.218160
-0.287782
0.118491
-0.288818
0.289624
0.116082
0.237229
0.130896
0.474202
