ORIGINAL Mean: 0.029220
ORIGINAL Variance: 0.949721
Output:
-0.217515
-0.189449
0.168415
-0.305146
-0.106546
0.104985
-0.113628
-0.392453
-0.038575
0.253864
-0.639872
0.161967
-0.035214
-0.001536
-0.089587
-0.054648
0.045840
-0.890583
0.099654
0.114734
0.135041
-0.327817
-0.161673
0.092100
0.134575
0.283008
-0.498346
-0.179169
0.062646
0.216114
-1.044745
-0.323962
0.095019
0.116069
0.197985
-0.215268
-0.136233
-0.456020
-0.025368
-0.166226
-0.227020
-0.355875
-0.038437
0.411361
0.170743
-0.105420
-0.001703
-0.319896
-0.363585
0.216297
0.063384
-0.467055
0.191621
0.506795
0.393119
0.419970
0.108937
-0.185052
-0.100599
0.216487
0.253631
0.245176
0.029329
0.147895
-0.166536
-0.034373
0.754340
0.246101
-0.312956
0.178295
-0.225538
-0.442941
-0.151961
0.136994
0.738138
0.023911
0.384447
0.086818
-0.163599
0.270502
0.258544
0.303609
-0.031691
-0.492714
-0.071543
-0.155962
-0.067589
-0.013643
0.487523
1.000773
-0.432821
0.299429
0.137514
0.002634
0.406236
-0.824323
-0.191403
-0.054995
-0.036629
-0.174557
0.537607
-0.400596
0.340749
0.748004
-0.289123
0.139970
-0.109971
0.172514
0.180785
0.088417
-0.301807
-0.023220
-0.527050
-0.198997
-0.455944
-0.230908
-0.060315
-0.365181
0.017635
-0.404674
-0.023712
-0.247566
-0.015749
-0.008718
-0.014156
0.135570
-0.113149
-0.272513
-0.056180
-0.261252
0.049927
-0.335005
0.159235
-0.227469
0.101305
-0.242028
0.125967
0.407968
-0.447631
-0.124465
0.264776
0.340940
-0.882832
-0.244432
0.113986
0.252737
0.256059
0.150783
-0.330267
0.051801
0.255616
0.268360
0.143480
-0.525373
-0.235662
-0.003977
-0.010390
-0.141051
-0.142245
-0.055767
0.622229
-0.223645
0.094045
0.042214
-0.248644
0.271764
-0.089403
0.086468
0.064998
-0.304540
0.001726
-0.020218
-0.054088
0.076495
-0.013874
-0.139533
-0.186289
0.270698
0.292006
0.315951
0.226291
-0.085612
0.404119
0.596160
0.193275
0.359447
0.105980
0.159916
-0.000103
0.023909
0.428247
-0.094617
0.486051
0.106154
0.066277
-0.018358
0.073225
0.264020
-0.576226
-0.007773
-0.176005
0.371608
0.833786
-0.515934
-0.370791
-0.108006
-0.066335
0.194676
-0.529476
0.165613
0.029577
0.607728
-0.004129
-0.066732
-0.231246
-0.305873
-0.140888
0.057716
-0.295271
-0.112086
0.091861
-0.856215
-0.169815
0.664773
-0.307343
-0.441752
0.184122
-0.975086
-0.049049
-0.102595
-0.105066
0.015882
-0.058097
0.114436
0.121346
-0.150088
-0.751508
-0.019615
-0.369907
0.137750
-0.039577
0.190258
0.275431
0.347198
-0.139213
0.152064
-0.142001
-0.660855
-0.142493
0.440263
-0.258200
0.601137
0.037327
-0.138096
0.086672
0.011360
-0.093881
-0.258793
0.123499
0.087975
0.078588
0.868427
0.118938
-0.088918
-0.104873
-0.494785
-0.226147
-0.268378
0.331695
-0.013672
0.048281
0.046784
0.451582
-0.297122
0.222949
0.016761
-0.706725
0.255579
0.237719
-0.250637
0.034851
0.519143
0.142479
0.061393
-0.420162
0.099999
0.170193
-0.034266
0.628080
-0.061097
-0.203748
0.107578
0.126994
0.195388
0.085745
0.307852
-0.030431
0.009850
-0.017815
-0.174388
-0.082457
-0.111755
0.051945
0.453328
0.049872
0.207546
0.036770
0.064586
-0.222797
0.296207
0.112898
-0.207759
-0.349604
-0.037488
0.441793
0.160919
-0.287469
-0.802532
0.477834
0.306899
0.584404
-0.230210
-0.224883
-0.127079
-0.099041
-0.483965
0.041686
0.105638
-0.532875
-0.094800
0.009057
2.015006
0.077222
-0.307234
0.042133
-0.191679
0.442701
-0.703286
0.443054
0.149988
0.154940
-0.313223
-0.049386
-0.208284
-0.139593
0.002328
0.592227
0.011431
0.310290
-0.065933
-0.127958
-0.372845
-0.125808
0.747683
-0.236483
-0.096210
-0.175018
0.025467
-0.245348
-0.252148
-0.251659
-0.445489
-0.315482
0.135754
-0.227570
0.228582
-0.029536
0.153272
0.531910
0.111482
0.353451
0.006503
0.161976
-0.322239
0.083147
-0.119979
0.798833
0.295706
0.068478
0.279222
0.111523
-0.103251
0.275123
-0.035123
