ORIGINAL Mean: -0.017112
ORIGINAL Variance: 1.033186
Output:
-0.470744
-0.467035
0.127379
0.177315
0.318518
-0.056950
0.538281
-0.119663
0.361886
-0.083528
-0.175147
0.374034
-0.228632
0.221051
-0.122803
-0.008558
-0.265550
1.016187
-0.249317
0.365855
-0.011959
0.057904
-0.161163
-0.290211
-0.331245
-0.188598
-0.293709
-0.120156
-0.014394
-0.288504
-0.119846
-0.727333
0.266338
0.666781
0.035602
0.005138
-0.017582
0.646379
-0.139408
0.000691
0.353507
0.268033
-0.332930
0.041490
0.296032
0.108848
0.108406
-0.009347
0.099281
0.047816
0.453381
0.133957
-0.045263
-0.346450
0.736843
0.488768
-0.193132
-0.177007
0.275940
-0.429862
-0.171681
-0.411480
-0.266929
-0.051768
-0.131096
-0.216142
-0.382407
-0.579455
-0.119120
0.196319
-0.472344
0.157555
-0.092995
-0.045132
0.241625
0.142309
0.132645
-0.197299
0.278157
0.008293
0.036911
0.048025
-0.274772
-0.317306
0.135730
0.416756
0.186551
-0.394312
0.160433
-0.101245
-0.059651
0.471135
-0.088386
-0.337119
-0.232640
-0.378886
0.217126
-0.093390
0.262721
0.058725
0.137845
-0.180078
0.234335
-0.263349
-0.101790
0.054367
0.315649
-0.791694
0.577178
-0.316997
0.112765
0.075416
-0.240958
0.110644
-0.127112
-0.071298
-0.258312
-0.534209
0.060353
-0.189962
-0.192172
0.212891
0.161878
-0.202371
0.027085
0.170767
-0.282477
-0.759507
-0.569506
-0.292542
0.072120
-0.248473
-0.495510
-0.099271
0.135189
-0.025544
-0.017618
-0.076835
-0.391101
-0.075745
0.042051
0.002735
0.557688
0.302819
-0.329953
0.156061
-0.377418
-0.014202
0.403677
-0.522769
0.501388
0.104627
0.154935
0.182289
0.182778
0.172200
0.173368
-0.527392
-0.063091
-0.031141
0.511513
-0.445055
-0.142881
-0.034109
-0.107959
0.610655
-0.002243
-0.166476
-0.458592
-0.085180
-0.163504
-0.347279
0.270713
-0.156149
0.057065
0.091211
0.190569
-0.284057
-0.047698
-0.009703
0.333300
-0.041763
-0.088183
-0.088165
-0.240871
-0.364173
-0.090989
0.132766
-0.000031
-0.046352
0.410841
-0.225418
-0.058759
0.094254
0.163610
-0.129004
-0.157375
0.113789
-0.617613
0.198035
-0.259424
0.305658
-1.100708
-0.041148
0.754434
-0.116477
0.341216
0.604979
0.527027
-0.795560
0.060535
-0.332009
0.453069
0.140054
-0.011615
-0.063944
0.394547
0.245129
0.558373
0.020807
0.046031
0.162864
0.055268
0.972941
-0.377482
-0.122318
0.082039
0.615517
0.090282
-0.210923
0.395602
-0.166748
0.271424
-0.229238
0.125301
0.218406
0.649500
-0.028319
-0.543012
0.377737
-0.162975
-0.187662
-0.304435
-0.594663
0.080700
-0.172658
0.027890
0.001412
-0.024308
-0.150655
-0.189833
0.393050
-0.179528
-0.332903
-0.121023
0.017162
0.025315
-0.179979
-0.353292
-0.636773
0.187424
-0.089594
-0.312661
-0.092035
0.199999
-0.215821
0.028142
0.271694
0.011583
-0.017703
-0.651805
0.394096
0.198681
0.430131
-0.422754
0.648462
-0.633973
0.042888
-0.182724
0.699246
-0.295179
0.572095
-0.261548
0.153965
0.152961
-0.149100
-0.050520
0.154533
0.061693
0.051986
0.026504
0.224257
0.062110
0.302531
-0.104644
-0.078856
0.077906
-0.247055
-1.006801
-0.218424
-0.002291
0.086153
-0.017725
-0.190288
-0.180220
0.106453
-0.309859
0.112036
0.216715
-0.030817
0.112078
-0.409722
0.359950
0.206597
-0.531854
-0.269975
-0.025272
-0.288455
-0.109776
0.087395
-0.685842
-0.239402
-0.273537
-0.147077
0.575497
0.728861
0.123243
-0.240660
0.100854
0.030007
0.043663
1.844170
0.311657
0.592629
-0.221199
0.004653
0.936510
-0.610759
0.387772
-0.055570
0.571605
0.068879
-0.056796
-0.244908
0.109420
0.000212
-0.459875
0.267309
-0.291275
0.029449
0.105355
-0.008914
0.251935
0.902978
0.252129
-0.380436
-0.136451
0.288728
-0.037047
-0.289979
-0.210196
-0.149673
0.213270
0.048153
-0.194437
0.077159
-0.006466
0.492924
-0.419545
0.047410
-0.425587
0.167134
0.157494
0.260403
-0.080099
-0.194935
0.169958
0.291036
0.017242
0.841257
-0.506982
-0.377379
0.012508
0.209264
