ORIGINAL Mean: -0.022849
ORIGINAL Variance: 0.821723
Output:
-0.245531
-0.101224
-0.172376
-0.459619
-0.298291
0.036024
-0.127258
-0.414388
-0.140005
0.227512
-0.054795
-0.203946
0.238428
-0.098150
0.744664
-0.013858
0.527095
0.384490
0.332355
0.078074
-0.153441
0.377094
0.162629
-0.323596
-0.027440
-0.251825
-0.205049
0.137631
-0.337411
0.112886
0.312331
-0.206919
-0.215534
-0.009217
-0.029167
-0.288214
0.215313
0.052560
-0.097606
-0.256289
0.129773
-0.020411
0.144934
0.117697
0.411730
0.264809
-0.028597
0.072784
-0.174074
-0.113467
0.544812
0.031861
-0.283748
0.331757
-0.249529
0.304789
-0.113397
0.419658
-0.340770
0.061684
0.094776
-0.416519
0.030705
0.237457
-0.013744
0.075720
-0.137771
-0.277747
0.263805
-0.303973
0.438150
-0.149106
0.004674
0.231858
0.560168
0.376348
0.047686
0.146050
0.050489
0.232081
0.307576
0.218010
0.057692
0.261753
0.023276
0.345356
-0.187937
0.020782
0.055084
0.135876
0.126783
0.493711
0.324913
0.173033
-0.219245
0.034217
0.056130
-0.234619
-0.081558
0.077142
-0.052099
-0.347291
0.056535
0.141371
-0.318119
-0.305275
-0.273097
0.093474
0.116868
0.225195
-0.124063
-0.044160
0.191906
-0.512839
0.343146
0.201372
-0.046890
0.410228
-0.114458
0.170840
0.013142
-0.279955
-0.103929
0.198956
0.184042
-0.206306
-0.285633
0.119107
-0.096556
0.314038
0.029330
-0.134425
-0.193114
0.210034
-0.018253
0.013992
0.109563
0.202122
-0.388004
-0.228644
0.319351
-0.625179
-0.360272
-0.136619
0.157643
-0.326667
-0.075591
-0.213811
-0.123592
-0.131686
0.276937
0.184848
-0.035485
0.557648
-0.086894
-0.217370
-0.182485
0.408178
0.048666
-0.064034
0.171288
-0.244909
0.232597
0.117829
0.484453
0.203898
0.232647
-0.175974
-0.037831
-0.016601
0.240976
-0.076520
0.036530
-0.002541
0.096607
0.040120
-0.129507
-0.074831
-0.172864
-0.075924
0.048881
-0.087333
-0.260017
-0.189302
0.025679
-0.184216
0.000044
0.332250
0.000097
-0.087535
-0.489823
0.093072
-0.225064
0.046753
0.097235
0.029471
0.420291
-0.170299
-0.185506
-0.007259
-0.098837
-0.199064
0.088865
0.168365
-0.067425
0.294278
0.030969
-0.011850
-0.436085
-0.292980
-0.232063
0.095598
0.024496
-0.304126
0.030668
-0.034632
0.061928
0.005469
0.500359
-0.294742
0.462579
0.414622
-0.079377
-0.003641
-0.333296
0.428379
0.099093
0.321980
-0.365123
-0.229288
-0.190486
-0.022048
0.024431
-0.250833
0.058153
0.146465
-0.331565
0.058138
0.280855
0.418824
0.079995
0.306479
-0.059751
0.733295
-0.410944
-0.271679
-0.297896
0.143217
0.074174
0.330436
0.277784
-0.425752
0.013088
-0.260896
0.073493
0.192856
-0.141164
0.137342
0.127089
-0.305395
-0.172704
0.200603
0.045976
-0.105868
-0.092341
-0.086735
0.118511
-0.420904
-0.275076
-0.020562
-0.395159
-0.548029
-0.029634
-0.010369
0.106416
-0.196287
0.387086
-0.016757
-0.209442
-0.465340
0.277886
-0.028335
-0.143534
-0.269851
-0.051269
0.179337
0.015638
-0.069578
-0.299146
-0.092318
0.069006
-0.054681
0.107389
-0.391977
-0.168149
-0.066582
0.099885
0.243096
-0.336549
0.169787
0.059846
0.000179
-0.436498
-0.321211
-0.027224
-0.180745
0.404299
-0.010255
-0.219935
0.008109
-0.120577
0.037506
-0.565228
0.219551
-0.041396
0.287088
-0.052175
-0.010045
0.153580
-0.085746
0.279343
-0.051678
-0.088768
-0.012601
-0.309253
0.304535
-0.019758
0.127135
-0.031058
0.076107
0.154914
1.889179
-0.018961
-0.036524
0.352148
0.041631
-0.418774
-0.791617
0.009164
-0.408756
0.111951
-0.157825
-0.039650
-0.143491
0.222047
0.341079
-0.250642
-0.073588
-0.516339
-0.118146
-0.113601
0.260665
-0.401313
0.319304
-0.163589
0.146475
0.013283
-0.367174
0.402938
-0.228330
-0.069333
0.045578
-0.166493
0.238347
-0.076704
0.094109
0.144865
-0.464066
0.144727
0.715594
0.114779
-0.419657
0.368195
-0.468319
-0.349013
-0.343594
-0.214467
0.205953
-0.392759
0.102190
0.431074
0.829984
-0.254074
0.053764
