ORIGINAL Mean: -0.042104
ORIGINAL Variance: 1.044164
Output:
-0.451243
0.142252
0.016531
0.121405
0.060412
-0.164724
0.413184
-0.112413
-0.243937
-0.297015
-0.273486
0.156635
-0.291761
0.031358
-0.140715
-0.165732
-0.052501
0.223066
-0.379209
-0.526063
-0.040436
-0.426465
-0.016627
0.044232
-0.088359
0.003681
0.359990
0.108558
0.214511
-0.071634
-0.468278
0.498946
-0.240458
-0.210114
0.010838
0.173693
-0.175622
-0.114116
-0.096541
0.055400
-0.352888
0.199176
0.072300
0.222342
0.971293
-0.038672
0.234340
0.269910
0.294358
0.282950
0.080321
-0.004975
-0.215547
-0.021254
-0.603455
-0.359273
-0.711498
0.358730
0.273419
0.431917
-0.359868
-0.944169
0.559586
0.507481
0.121794
-0.075734
-0.138453
-0.306735
-0.369358
-0.036955
0.119804
-0.661065
0.044166
-0.009435
-0.295037
-0.644428
-0.141387
-0.297959
0.129307
-0.750998
-0.082818
0.032410
-0.622440
0.000482
0.086735
-0.377406
-0.023454
-0.537309
-0.346027
0.036084
-0.130042
0.159585
-0.132340
-0.353927
0.070232
-0.078605
0.194846
-0.163110
0.097585
-0.051504
-0.803587
-0.009890
-0.198944
-0.076966
0.071099
0.440111
0.213676
-0.065738
0.074336
0.076544
-0.020707
-0.015967
0.800693
0.908208
-0.291791
-0.003339
0.296313
0.263639
-0.037618
-0.038320
-0.212489
0.122413
-0.129622
-0.039083
-0.056395
-0.135988
0.078067
-0.011888
-0.339140
-0.242855
0.031986
0.209483
0.293914
0.022508
0.183411
0.551506
-0.284605
-0.104506
0.095786
0.214924
0.060715
-0.057752
0.964050
0.258927
0.005250
-0.063435
-0.200730
0.088100
0.692674
-0.306728
-0.187107
-0.264391
-0.332388
-0.647355
0.142066
0.052171
-0.088002
-0.373675
-0.062734
-0.172744
0.412685
0.145102
-0.014959
-0.183216
0.165978
-0.556890
-0.055345
0.080668
-0.267928
-0.118718
-0.229762
-0.290773
0.319121
-0.417682
-0.108330
0.020339
0.516287
-0.546602
0.136796
0.865383
0.100414
-0.076582
-0.436821
-0.134180
0.099765
-0.091022
0.148499
0.320570
-0.000015
-0.066817
-0.054129
-0.030518
-0.092096
0.087469
0.081492
-0.145182
-0.146708
-0.274073
1.528763
0.428456
0.022056
0.480255
1.080606
0.266088
0.683014
-0.026814
-1.012545
0.495902
0.935329
0.018283
-0.076950
-0.164858
0.263794
0.197906
-0.218661
0.083053
0.298563
0.354810
-0.124146
-0.033533
0.005564
0.061252
0.010652
0.045359
0.026922
-0.646663
-0.099354
0.631671
0.101348
0.014812
0.366529
-0.324569
0.124636
-0.120846
-0.393164
0.043146
0.645503
-0.193604
-0.680277
-0.310113
-0.179730
-0.098183
0.081705
-0.126670
0.299225
-0.156534
-0.188350
0.273840
-0.039241
-0.246742
-0.061277
0.810713
0.058752
-0.212648
0.076721
-0.118319
0.082377
-0.093075
0.073081
-0.370594
0.378523
-0.284943
-0.111581
-0.162783
0.060398
0.551523
0.027836
0.557535
-0.422377
0.016842
-0.454610
-0.009714
-0.544926
0.489521
-0.003594
-0.324856
-0.227216
-0.203522
-0.116706
0.232020
-0.254777
0.441803
-0.246804
-0.096103
-0.076916
-0.044638
-0.165048
-0.059809
0.699943
0.122997
0.031285
0.273867
-0.095191
0.692897
-0.144118
-0.050548
0.164115
-0.099615
-0.237559
0.017920
-0.069325
0.245161
0.054230
-0.236062
0.014075
-0.109217
-0.324883
0.115702
0.233877
-0.253751
0.056356
0.253131
-0.329832
-0.019303
0.510882
-0.385918
0.285628
0.599211
-0.262168
0.328482
-0.645771
-0.003395
-0.144401
-0.156689
0.649369
-0.046006
0.004190
-0.208497
-0.766592
0.107433
-0.133449
1.994524
0.342940
0.552428
0.027059
-0.194114
0.191967
-0.206544
0.065191
-0.128339
-0.432805
0.241763
-0.370463
-0.140568
-0.091354
-0.030535
0.034035
0.095153
0.428502
0.625628
0.021706
-0.383339
-0.029648
0.168146
0.362969
-0.367110
-0.057109
0.307311
-0.182588
0.846558
0.083743
-0.121123
0.451963
-0.078292
0.410665
-0.217641
-0.075020
0.422273
-0.222619
1.275959
-0.097031
-0.432571
-0.074420
0.475578
0.096755
0.015530
0.142071
-0.031914
-0.125656
0.739197
-0.723419
-0.284735
-0.785153
-0.040689
