ORIGINAL Mean: -0.003339
ORIGINAL Variance: 0.835668
Output:
0.426487
-0.044536
0.180552
0.044391
-0.067250
-0.043778
0.056018
0.270533
0.119860
-0.111880
0.233644
0.252693
-0.018992
-0.168238
-0.394120
0.016997
-0.411890
-0.086923
0.058885
-0.319706
0.023957
-0.334803
-0.086858
0.280727
0.295140
0.354975
-0.031001
0.489666
0.026605
-0.011951
-0.108365
-0.196164
0.109236
-0.444320
0.241483
0.041301
0.020271
-0.334339
0.005466
0.077671
-0.391301
-0.242576
-0.315492
0.238254
-0.018100
-0.276180
-0.212116
0.297552
0.368096
0.238713
-0.225718
0.075900
0.253419
0.161453
0.299413
-0.072885
-0.119074
-0.153787
-0.154033
0.343256
-0.187266
0.336445
-0.174622
-0.017169
-0.008131
0.050022
-0.265178
0.276090
-0.059416
0.134306
0.158108
-0.022303
0.022398
-0.142760
-0.504443
-1.129040
-0.346841
-0.162969
-0.228845
-0.047146
-0.131853
-0.182768
-0.072885
0.107747
-0.238708
0.020869
-0.084492
0.359208
-0.115321
0.050894
-0.007236
-0.064673
-0.228018
0.085848
-0.208089
0.145371
-0.112192
0.059925
-0.181054
0.019299
0.058258
0.320258
-0.341624
-0.143171
0.221402
0.013833
0.206987
-0.084528
-0.033059
-0.606290
-0.014344
-0.115618
-0.376566
0.042334
-0.121927
0.011282
0.278796
0.178607
0.199864
0.141035
-0.014042
-0.346202
-0.064179
0.178298
-0.085113
-0.027214
0.414533
0.045012
-0.130686
0.113851
-0.016660
0.170976
0.214043
-0.540559
0.012808
0.237293
-0.010092
0.362546
-0.096810
-0.193102
-0.317608
0.523683
-0.053772
0.141227
0.291393
0.049271
0.330048
0.404077
0.148168
-0.161716
-0.152491
0.009674
0.115525
-0.126749
-0.004796
-0.202216
0.201454
0.178988
-0.053947
-0.158271
0.435426
0.590875
0.043726
-0.213982
-0.205518
-0.004425
0.001963
0.241382
0.475043
0.113717
-0.151339
0.150922
-0.009325
-0.280797
-0.399943
-0.188973
0.110037
0.280376
0.200786
0.239337
-0.406115
-0.153283
0.117577
0.048422
0.193073
0.078729
0.065443
0.198772
-0.000214
0.045613
0.007275
0.191905
-0.081300
0.051616
-0.000927
0.291842
-0.028912
-0.113684
0.280108
-0.326920
-0.244199
0.473719
-0.051038
0.163833
-0.233058
-0.052168
-0.366387
0.173225
0.085037
0.239078
0.095740
-0.213703
-0.040594
0.183186
-0.197870
0.035662
-0.174213
0.101333
-0.145030
0.042520
-0.646952
-0.196058
0.048285
-0.203772
-0.169592
0.047178
-0.156619
-0.379227
0.186721
0.143663
-0.150709
0.158006
-0.075232
0.293562
-0.280037
-0.219132
-0.026172
0.203617
0.149115
-0.284812
0.115545
-0.186892
-0.160108
-0.891778
0.180185
0.062837
-0.527809
-0.081446
-0.424990
-0.036384
-0.033959
-0.161558
0.397478
0.189800
0.214462
-0.139507
-0.131812
0.137789
0.284255
0.225015
-0.017511
-0.187790
0.222971
0.051397
0.023510
-0.010157
0.027323
-0.342317
0.205054
-0.008412
0.645207
0.103204
-0.566529
-0.139198
-0.174022
-0.124124
0.330472
-0.180411
0.077144
0.281583
-0.010474
0.214261
0.070659
0.623482
0.658829
-0.060939
-0.021301
-0.154321
-0.018517
0.035894
0.109552
-0.400255
-0.071386
0.532490
-0.090840
-0.028401
-0.077257
-0.163543
0.055859
0.427489
-0.321857
0.092808
-0.074045
0.000939
0.188456
-0.246161
-0.162143
-0.117404
-0.073935
-0.349234
-0.151856
-0.186402
0.131671
-0.483966
0.222745
0.045669
0.225677
-0.479184
-0.347754
-0.077545
0.371591
-0.241912
-0.064520
-0.011997
0.134105
0.113135
0.020973
0.034512
0.128895
0.030644
-0.434504
2.387251
0.063833
-0.497493
-0.096462
-0.130907
0.096976
-0.655370
0.327930
0.352370
-0.409929
0.064574
0.073322
-0.206580
-0.250656
0.061032
-0.055969
-0.033880
0.273695
-0.270271
0.150556
-0.205098
-0.078766
0.625181
0.119053
0.010440
0.061475
-0.100838
0.025890
0.081666
-0.074077
0.014723
-0.066734
-0.158944
0.120801
-0.362028
-0.207024
0.178504
-0.137642
0.480506
-0.020527
-0.045418
-0.290349
0.425889
0.314204
0.097807
0.254366
-0.234364
0.184498
-0.398916
-0.155175
-0.441317
-0.138973
-0.044788
