ORIGINAL Mean: -0.036631
ORIGINAL Variance: 0.851604
Output:
0.010412
0.161975
-0.205199
-0.103456
-0.267888
-0.175087
-0.209081
-0.021574
-0.249027
0.263058
0.422208
0.035374
0.248047
-0.118298
0.501676
-0.088336
0.776781
0.051120
0.225942
0.270476
-0.201167
0.204384
0.471598
-0.029889
0.151701
0.007529
-0.247114
0.470115
-0.213920
0.087821
0.443162
-0.129454
-0.158186
-0.725213
-0.041280
-0.228189
-0.054043
-0.068962
0.011674
-0.110479
-0.223533
0.152043
-0.135349
-0.135948
-0.288111
-0.024134
-0.207825
0.576414
0.266243
0.022303
0.630626
0.288106
-0.116691
-0.221889
-0.590037
0.108248
-0.222549
0.443310
-0.188578
0.213769
-0.118276
-0.120676
-0.110793
0.195189
-0.104865
0.046310
-0.407710
-0.659567
0.073261
-0.177531
0.096178
-0.358306
0.163572
0.092061
-0.618587
0.476280
-0.492262
0.008902
0.081309
-0.022500
-0.010339
0.075246
0.422531
0.169664
-0.084586
0.380036
-0.238563
0.007044
0.153956
-0.124868
0.500814
-0.262970
0.248615
0.193494
-0.039093
0.771109
0.280301
-0.277206
-0.149321
0.082964
0.019857
-0.015031
-0.278425
-0.452088
-0.036819
-0.240808
-0.056578
-0.261702
-0.170107
-0.399832
-0.207486
0.005019
0.280251
-0.171312
0.409540
0.226080
0.130188
0.338152
-0.174131
0.338719
-0.095735
-0.262046
0.110313
0.479729
0.223359
-0.370350
-0.021120
0.293344
-0.018212
0.507530
-0.020224
0.255660
0.034181
-0.017537
-0.184117
0.293879
-0.019907
0.126991
-0.219479
-0.350133
0.097956
-0.246351
0.246215
0.375761
0.311871
-0.156205
-0.017351
0.096126
0.229316
0.191281
0.133382
-0.093395
0.233147
0.460042
0.296262
-0.176503
0.373240
0.410581
0.026652
-0.098966
-0.053288
0.073171
0.309280
-0.096580
0.116717
0.101495
0.036328
-0.186943
-0.115792
0.174244
0.114025
-0.060801
0.177208
-0.119399
-0.038841
-0.121874
-0.025526
-0.026604
-0.160147
-0.358861
-0.444599
-0.084595
-0.500151
-0.408419
0.009500
0.129325
-0.043482
0.422859
0.000091
-0.278378
-0.344228
0.139389
-0.435642
0.024269
-0.034786
0.212083
0.437791
-0.240174
-0.475411
0.032320
-0.145424
0.099259
0.071379
0.274340
0.007061
0.260431
0.092705
0.164917
-0.228273
-0.532844
-0.292141
0.222927
0.192823
0.078027
-0.109417
0.096747
-0.322718
0.430079
0.370296
-0.243956
-0.159958
0.342766
-0.198756
-0.169928
-0.324818
0.287632
-0.018047
0.541411
-0.255739
0.156442
-0.147511
-0.016495
0.118497
0.062752
-0.282688
0.141426
0.446526
-0.026914
0.382664
-0.261814
0.062383
0.246714
-0.337277
0.445370
-0.237079
-0.217590
-0.020683
0.152324
-0.285290
0.160420
-0.031937
-0.622907
0.057585
0.193404
0.351288
0.186116
-0.123862
0.227413
0.372236
-0.566797
-0.440430
-0.029190
0.179920
-0.184046
-0.224124
0.681022
0.143240
-0.587855
-0.297187
0.204471
-0.455681
-0.427780
-0.526456
0.112576
0.070181
0.480749
0.568056
-0.187121
-0.214067
-0.373147
-0.030181
0.076440
-0.221932
0.290772
-0.345219
-0.007946
-0.037931
-0.053362
-0.483937
-0.071981
0.306876
0.098216
-0.212494
0.097494
-0.158660
-0.174332
0.192868
-0.004293
-0.206440
0.276020
-0.036745
0.313210
-0.474357
-0.216601
0.016824
-0.073696
-0.099923
-0.025782
-0.202061
-0.315929
-0.275573
0.094100
-0.548070
-0.171199
0.198010
0.005027
0.224671
0.310016
-0.213758
0.398352
0.275845
0.041378
0.388149
0.132375
-0.084466
0.009607
-0.026985
0.374082
-0.071995
0.055882
0.108875
2.113145
-0.008379
0.122979
0.243424
0.077279
-0.547610
-0.548267
0.200650
-0.403087
0.064472
0.153896
-0.039341
-0.227039
-0.011660
0.145619
-0.295513
-0.234656
-0.099963
0.093196
0.106192
-0.006504
-0.438376
0.083943
0.216151
0.006173
0.118881
-0.433544
0.495324
0.100601
-0.040076
0.217799
-0.449544
0.230757
-0.393978
-0.361150
0.203756
-0.295634
-0.246472
0.673003
-0.029681
-0.383611
-0.165890
0.081560
-0.263698
-0.192581
-0.051631
-0.023833
-0.213037
0.062011
-0.203334
0.423069
-0.390706
0.273612
