ORIGINAL Mean: -0.010155
ORIGINAL Variance: 0.814493
Output:
-0.331964
-0.273067
0.178497
-0.176686
-0.082247
0.108542
-0.073614
-0.233819
0.239085
-0.013162
-0.148053
-0.113237
-0.279329
-0.194743
0.262195
0.136572
-0.407073
-0.244266
0.038544
0.008765
0.112271
0.402603
-0.360639
-0.061844
0.108804
0.069280
-0.462128
0.195847
-0.296979
-0.074065
-0.192223
0.046578
-0.229082
-0.125362
-0.370996
-0.176903
-0.067854
-0.097989
-0.093304
-0.236871
-0.030782
-0.464090
0.200743
-0.067208
0.196223
0.174315
-0.106278
0.062315
-0.507837
-0.072286
-0.168162
-0.209703
-0.142056
1.028608
0.310542
0.418304
0.001122
0.076515
-0.134591
0.096918
0.178730
0.215131
-0.183242
0.284149
-0.002491
0.220724
-0.213860
0.384841
-0.209727
-0.316679
0.362834
0.084601
0.006885
-0.014017
0.557510
0.396334
0.033314
-0.201443
-0.260401
0.045749
0.093690
0.046986
-0.111488
-0.066073
-0.366058
0.326279
-0.194645
-0.183031
0.012260
0.177256
-0.231660
0.220235
-0.140908
0.159483
-0.136773
-0.208970
-0.125590
-0.051681
0.099345
0.032150
0.155605
0.372756
0.463964
0.010798
-0.410362
-0.078610
-0.229901
0.109141
-0.213906
-0.185259
0.138775
-0.102389
-0.325380
-0.060197
0.066205
0.075564
-0.076145
-0.091334
0.231238
0.035753
0.034244
-0.051597
-0.406918
-0.402659
-0.069028
-0.063707
-0.064959
0.072869
0.021596
0.166003
0.055286
0.265849
-0.042824
0.565062
0.223378
-0.373030
0.304480
0.290122
-0.418440
-0.131514
0.068252
0.125066
-0.593089
-0.401147
0.001401
-0.156386
0.331236
0.029842
-0.382436
-0.183236
0.030211
0.051404
0.109752
0.359138
-0.324585
-0.137001
-0.023992
0.093134
-0.113015
-0.053362
-0.086383
-0.075586
-0.200621
0.060128
0.196106
-0.198587
0.086780
0.108822
0.403469
-0.061316
-0.013639
0.270929
-0.321237
-0.044157
-0.010060
0.050031
-0.220377
0.139738
-0.133599
-0.160721
-0.318755
0.328004
-0.100366
-0.164240
0.179740
-0.241391
0.129317
-0.095463
-0.000174
0.277978
-0.004941
0.267953
-0.216421
0.059431
0.085235
0.125176
0.007095
-0.066463
-0.154933
-0.417385
-0.244591
0.262055
-0.077310
-0.056764
-0.140742
0.113969
-0.229328
-0.288597
-0.166700
0.360854
0.161286
-0.238804
-0.258669
-0.269232
0.214255
-0.182229
0.141411
-0.181271
0.325858
0.026843
0.250485
0.030137
-0.093525
-0.240492
0.101339
0.216172
-0.033457
-0.490554
-0.275473
-0.216518
-0.352146
-0.060462
-0.120102
0.084418
0.070330
0.058711
-0.362345
-0.013690
0.158658
0.379159
0.109472
0.316112
-0.118968
0.349856
-0.114571
-0.005692
0.222688
-0.127193
-0.038224
-0.044842
0.407969
0.210718
0.231819
-0.252563
0.048535
0.173777
0.170437
0.171973
0.205074
0.281880
-0.172669
0.079574
0.002499
0.171502
-0.104425
-0.127313
0.133618
-0.151592
0.109798
0.203314
0.115547
-0.000496
0.043541
0.277362
0.086343
-0.382179
0.051532
0.100561
-0.007718
-0.130473
0.533114
0.043774
0.025972
0.312272
0.447912
0.228144
0.254452
0.217841
-0.133592
-0.352481
-0.378438
0.112823
-0.158325
-0.569599
0.087052
0.143935
-0.124419
0.125452
0.033619
-0.080174
-0.004060
-0.153286
-0.103173
-0.258385
0.273050
0.086745
0.457749
0.030966
-0.192490
-0.072829
-0.089783
0.149088
0.418787
0.265780
-0.169835
0.344137
-0.113388
-0.218157
0.315183
0.206942
-0.032362
-0.426375
-0.323393
-0.119961
-0.096858
0.648304
-0.026841
-0.110502
0.221714
0.004975
-0.239914
1.972830
0.340764
-0.550692
0.096364
-0.046948
0.059689
-0.474285
0.108607
0.390497
-0.019782
-0.195120
0.078179
0.124575
0.168389
0.392777
0.532567
0.161944
0.040005
-0.223603
-0.158098
0.039037
0.035431
0.605408
-0.383723
0.151018
0.052372
-0.091074
-0.091043
-0.155680
0.181656
-0.047508
0.124837
0.236201
-0.087975
-0.119475
-0.266454
-0.652511
0.159846
0.708241
0.073939
-0.126749
0.332570
-0.081114
0.021522
-0.094505
-0.076856
0.233380
-0.146473
-0.479755
0.204418
0.158460
-0.241259
-0.008110
