ORIGINAL Mean: -0.019261
ORIGINAL Variance: 1.036265
Output:
-0.174322
-0.074979
0.182249
0.015161
-0.008948
0.188982
-0.413552
0.271181
0.127143
0.127384
-0.033677
-0.118712
0.359151
-0.004330
-0.052714
0.086706
0.005548
-0.198055
0.197763
0.078623
0.120080
-0.039499
0.570366
0.045590
-0.386473
0.287509
0.066647
-0.068489
0.368904
0.002797
-0.196563
-0.195388
-0.606341
0.249561
0.194850
0.040862
0.429779
0.256204
0.010022
-0.647567
-0.130303
-0.195237
0.448087
-0.062712
-0.028365
-0.150366
-0.413688
-0.203037
0.077002
-0.140188
0.116006
1.217519
0.349347
-0.770355
0.529676
0.183332
-0.190590
-0.401709
-0.074760
0.110861
0.172689
0.073752
0.149614
-0.031589
-0.111333
0.122633
0.139053
0.364487
-0.549540
0.516707
0.372154
0.425216
-0.168826
0.101234
-0.133210
-0.148868
0.097670
-0.094755
-0.182374
0.041108
-0.512333
-0.041528
-0.152904
-0.545679
0.178205
-0.286932
0.198185
0.320962
0.294749
-0.309158
-0.035074
0.496754
0.541392
-0.432844
0.322935
-0.903043
0.163460
0.110616
0.033785
0.049413
0.034974
-0.655171
0.533851
0.081825
0.179787
-0.356791
0.320255
-0.648132
-0.227086
0.455595
0.165618
0.110093
-0.273024
0.366651
-0.564816
-0.435376
-0.580582
-0.378588
0.300249
-0.018372
0.029402
-0.313526
0.275313
0.118600
-0.325825
0.445384
-0.350438
-0.412881
0.273245
-0.393773
0.068218
0.160911
0.665970
0.037020
-0.136693
-0.249808
0.081111
-0.428711
0.131705
0.025525
-0.008418
0.122452
-0.566913
-0.431467
-0.016727
-0.116672
-0.002553
0.325349
0.200640
0.121893
0.072784
-0.838264
-0.022343
0.508698
-0.026891
0.003145
-0.724706
0.037027
-0.227046
-0.187430
-0.054520
0.584042
0.118490
0.115165
-0.299557
-0.180201
-0.265171
-0.183914
-0.076912
0.192943
0.003038
-0.170665
-0.057421
-0.074009
0.068523
0.000273
-0.157707
0.272001
0.067277
0.114249
0.417229
-0.251712
0.350642
0.208970
0.154627
0.500819
0.174238
-0.475079
-0.000017
0.218427
-0.142741
-0.624779
0.097460
0.177898
0.106845
-0.335492
0.243442
0.227100
0.231059
-0.169687
-0.274168
-0.271125
-0.576136
-0.229956
-0.857107
-0.123192
0.485817
0.008675
-0.381221
-0.424355
0.099333
0.460239
-0.367349
0.200049
-0.087095
0.265141
-0.650605
-0.003862
-0.120311
0.062488
-0.845016
-0.622971
0.021175
-0.009261
0.636955
-0.724132
0.045090
0.354762
-0.130805
-0.157642
-0.174707
-0.438217
0.121827
-0.029770
0.175646
-0.461387
-0.338629
0.231721
-0.719601
-0.644411
-0.057649
0.037246
0.506477
0.617775
0.110904
0.249571
-0.400046
0.279041
-0.023236
0.427825
0.308381
-0.377184
-0.259760
-0.037863
0.171565
-0.167571
-0.166475
-0.222766
0.173726
0.500279
-0.226312
0.711931
-0.006231
0.153758
0.142045
0.035338
-0.318847
0.168770
0.000643
0.104888
0.329628
-0.448405
0.228100
-0.203643
0.042919
-0.710984
0.140368
0.044815
0.147505
-0.402329
-0.019257
-0.087914
-0.064454
-0.430375
-0.059348
0.211431
0.084065
-0.040983
-0.083475
-0.043098
-0.068856
-0.165448
-0.223103
0.057111
-1.086169
0.612190
-0.063655
0.176728
-0.113019
-0.105021
-0.269602
-0.275623
0.183910
-0.154618
-0.026870
0.384839
0.006381
0.227128
-0.015238
0.187678
0.117072
0.257673
0.290001
-0.169598
-0.324940
-0.090619
0.288184
-0.540884
-0.379453
-0.143419
0.184922
0.392871
-0.140729
-0.029852
-0.255426
0.846818
-0.011709
-0.163085
0.102598
-0.086621
-0.043975
1.867525
0.002727
-0.441918
0.738980
0.106128
0.594736
-0.681185
0.233624
0.184178
0.150679
-0.119798
0.273045
0.126984
-0.034063
-0.085943
-0.256872
-0.194945
-0.402874
-0.181606
0.173806
0.266398
0.111779
0.567745
-0.202514
-0.182348
-0.214538
0.026244
-0.310038
-0.120805
-0.059892
-0.126145
0.743270
-0.169813
0.085051
0.194140
-0.073814
0.163460
0.178001
0.357681
0.136279
0.429189
-0.189055
-0.865462
-0.156666
0.585107
-0.399550
-0.165967
0.123583
-0.119796
0.305575
-0.113834
-0.843164
-0.171936
