ORIGINAL Mean: -0.019108
ORIGINAL Variance: 0.879153
Output:
-0.267573
0.246551
0.066202
0.041997
0.051673
-0.003941
0.204617
0.068314
0.329098
-0.151952
-0.372461
-0.447790
0.199967
0.022485
-0.084490
0.089391
-0.340555
-0.129882
-0.042759
-0.078148
-0.074326
-0.071968
0.045314
-0.158437
-0.366532
-0.258635
-0.243549
-0.007154
0.284349
-0.221528
0.030323
0.142154
0.080573
0.235715
-0.300736
0.223352
-0.383453
0.221193
-0.082273
0.337900
-0.006249
0.340705
0.006134
-0.067414
-0.311916
0.105938
-0.129036
-0.055967
0.086471
-0.315312
0.118704
-0.175092
0.202031
-0.037980
-0.246756
0.074671
0.089661
-0.065429
0.040872
-0.456350
-0.087457
-0.306007
-0.306773
-0.013883
0.002112
0.059649
0.023484
-0.403710
0.108040
-0.046855
-0.458373
0.149881
-0.229845
-0.187195
-0.352844
0.014180
0.122115
-0.033139
-0.021520
0.205072
-0.147985
-0.132680
-0.023844
-0.133280
0.151181
-0.162049
0.462747
-0.008143
0.073228
-0.165383
-0.353957
-0.344452
-0.255448
-0.380288
0.114947
0.032969
-0.124460
-0.044880
0.323885
0.119154
-0.240837
-0.276473
0.299225
0.128297
0.254450
0.144952
0.099375
0.232604
0.375780
0.215039
0.148541
-0.177416
0.150386
-0.248474
-0.283918
-0.356854
0.123357
-0.143301
-0.018332
0.129557
-0.112536
0.279023
-0.010824
-0.023908
-0.115553
0.164041
-0.337985
0.432061
-0.049240
-0.152152
0.085057
0.036419
-0.124551
0.160935
-0.076494
-0.231496
-0.129186
-0.154774
0.049613
0.184594
-0.106189
-0.196473
1.095095
-0.183437
-0.307649
-0.353038
-0.169153
-0.463733
0.006716
0.006947
-0.006863
0.156274
-0.315823
-0.525059
0.008391
0.202441
-0.645777
-0.411322
-0.241202
-0.068605
-0.142629
1.053289
-0.264500
0.153588
-0.269538
-0.001765
-0.007658
0.200787
-0.363112
-0.046691
0.116382
-0.060919
0.006972
-0.036657
0.159398
0.148189
0.305279
-0.772876
-0.231795
-0.142774
0.417887
0.289779
-0.388153
-0.144120
-0.157424
-0.272455
-0.190968
-0.380740
-0.000118
-0.011398
0.129681
-0.154198
-0.085287
0.144793
0.193652
-0.588045
0.001527
-0.090047
-0.071487
0.058496
-0.413015
-0.220529
-0.143620
0.098849
0.146292
-0.212666
-0.149963
0.076273
0.342604
-0.005869
0.114137
-0.008852
0.071181
-0.101359
-0.035662
-0.133680
0.054025
-0.127609
-0.100969
0.241901
0.118961
0.515446
-0.043740
0.224300
-0.380046
-0.009362
-0.125998
-0.021178
-0.242321
-0.157411
-0.136294
0.308014
0.227359
-0.039380
0.267139
0.374766
0.385923
-0.241705
0.252691
0.173722
-0.216439
-0.523989
-0.021877
0.952221
-0.173487
0.144281
0.337433
-0.116525
0.122918
-0.310100
-0.272670
0.173019
0.055467
-0.140333
-0.047432
0.016295
0.147596
0.119517
0.248089
-0.070902
-0.337335
0.041685
-0.222048
0.095339
-0.021559
0.203622
0.059545
0.036844
0.304707
-0.063293
-0.672269
0.149558
0.108684
-0.106671
-0.093554
0.374062
-0.166905
0.287175
0.007085
0.334459
-0.020431
0.059357
-0.143230
-0.006471
-0.038012
-0.512846
-0.051375
0.325585
0.001396
0.137979
0.088773
-0.170041
0.381247
-0.394972
0.480082
-0.359085
-0.095448
0.140575
-0.323160
-0.251240
0.322036
0.126595
0.111598
0.136541
-0.168845
-0.137069
-0.125971
0.062907
0.221353
-0.151189
0.077414
0.332137
0.442163
0.214194
-0.460650
-0.196959
0.230971
0.553632
-0.284238
-0.020225
-0.779467
-0.104437
-0.186590
-0.169119
0.114440
0.804538
-0.012172
-0.163878
0.288458
-0.087402
-0.227926
1.809797
0.167441
0.136945
-0.179962
0.184880
0.200474
-0.092006
-0.489769
-0.171199
0.286971
0.059548
-0.033813
-0.226255
0.081194
-0.054639
-0.304729
0.143215
-0.018143
-0.054046
-0.026887
-0.173809
0.012227
0.812912
0.041368
-0.333886
-0.113823
-0.085087
-0.045490
-0.309305
0.131720
0.576839
0.301889
-0.131076
-0.078520
0.137002
-0.014267
0.074694
-0.108663
0.462335
0.047917
-0.014118
0.168587
0.009650
0.103317
-0.222255
0.009961
0.024229
0.040042
0.124009
0.142159
0.275474
-0.042358
-0.012410
