ORIGINAL Mean: -0.036497
ORIGINAL Variance: 0.993290
Output:
0.640177
0.124752
-0.128331
0.031480
-0.224184
-0.244826
-0.342060
-0.026108
-0.362312
-0.222253
0.422463
-0.267839
0.217228
-0.047402
-0.340417
0.034851
0.267596
0.076992
0.077488
0.416833
-0.149736
-0.628636
1.078978
-0.030530
0.147382
-0.334559
-0.138049
0.111657
-0.276720
0.277306
0.020129
-0.332275
0.101589
-0.007303
-0.487559
-0.063529
-0.172861
0.089082
-0.030438
-0.010844
-0.391368
0.504287
-0.505639
0.089340
-0.539693
0.110691
0.246528
0.010022
-0.089542
0.248800
0.361345
0.516384
0.049617
0.599644
0.203415
-0.157977
-0.647314
0.344580
0.209144
0.073930
0.009559
-0.082081
0.117348
-0.383863
-0.454633
0.076382
0.342306
-0.118702
0.124626
0.171400
-0.113579
0.301699
0.217279
-0.018973
-0.456439
0.138853
-0.149526
0.270648
0.126432
-0.312077
0.081119
-0.167841
0.244930
0.032328
0.111267
0.451765
0.085091
0.019503
0.944700
-0.239888
0.411524
0.161617
0.392752
0.391780
-0.587599
0.335854
0.184227
0.064073
-0.348148
0.103077
0.254101
0.005402
-0.668195
-0.416634
0.038512
-0.210538
-0.076760
-0.282596
0.322763
0.538360
-0.179458
-0.081669
0.342424
0.510533
0.105968
0.242595
-0.247850
-0.071268
-0.184211
-0.009800
-0.117539
-0.027239
0.036806
-0.336230
-0.052934
-0.536489
0.327957
0.122140
0.092737
0.356268
0.009418
0.214228
-0.469554
-0.682272
-0.109844
0.148129
-0.028824
-0.187177
-0.322930
-0.052425
-0.057358
-0.084837
0.470444
0.198033
0.069263
0.444963
-0.320974
0.069297
0.526331
0.520404
-0.421552
-0.697180
0.137242
0.065984
0.189482
-0.081659
0.466441
0.186318
0.373288
-0.039243
-0.827636
-0.365688
0.153998
-0.202024
0.069344
0.094437
-0.103844
-0.160726
0.116507
-0.076737
-0.078468
-0.173470
0.214879
-0.257875
-0.097180
0.071447
0.101839
-0.022064
0.193862
-0.081801
-0.429188
0.393470
-0.418165
0.097056
-0.191646
-0.038663
-0.081887
0.915071
0.000018
-0.213819
0.097096
-0.354659
-0.249131
-0.007950
-0.017081
0.384689
-0.094083
-0.145188
-0.109626
0.473990
-0.105970
-0.221243
0.417415
-0.149024
-0.417994
0.016458
0.148284
0.370600
0.003294
-0.864959
-0.171250
0.142238
0.284132
0.156826
-0.115016
0.136506
-0.102702
0.369041
-0.453637
0.278267
-0.145371
0.692047
0.073322
-0.163507
0.264471
-0.145810
-0.022119
0.287733
0.138525
0.165351
0.103971
-0.196652
0.140891
0.280390
-0.145357
-0.224383
0.254597
0.024776
0.100758
-0.121333
-0.196169
0.180581
0.045836
-1.252582
0.180897
-0.337674
-0.569767
0.160048
0.064448
-0.375067
0.141365
-0.325806
0.090106
0.109810
-0.347386
-0.181895
-0.455858
-0.101594
-0.386928
-0.014864
0.287811
-0.102425
-0.091874
0.265553
-0.034378
-0.032918
0.084176
-0.427154
-0.146071
0.029765
-0.507886
0.203209
-0.108378
0.165342
-0.251042
-0.156413
-0.323033
-0.318941
-0.080079
0.189923
-0.237629
0.309162
-0.172501
-0.291436
0.311412
0.119326
-0.198370
-0.123979
0.271465
0.113055
0.173576
-0.112746
0.211282
-0.219185
-0.624986
0.213801
0.053196
-0.100944
0.456850
0.240653
-0.008660
0.247996
-0.375029
-0.029019
0.024455
-0.022351
0.055728
0.059251
-0.367423
-0.220035
-0.253141
0.614768
0.707058
-0.166930
0.519421
-0.065963
-0.286976
0.656011
0.319409
0.967565
0.103617
1.071709
-0.061903
0.027606
0.019938
-0.293511
0.078126
0.200268
-0.170029
-0.053979
0.112106
2.108751
0.083211
0.564805
-0.269210
-0.224524
0.415361
-0.797055
-0.242920
-0.189052
0.011374
0.335560
-0.311021
-0.259142
-0.056999
0.021095
-0.046003
-0.141197
-0.241707
0.208941
0.042034
0.379266
-0.016364
0.126987
0.318327
0.010262
-0.073643
-0.181915
0.135725
0.051035
-0.361337
0.209656
0.488364
0.245140
-0.204043
-0.278708
0.019127
0.425792
-0.196990
0.513181
0.080155
0.269022
-0.144712
-0.327593
0.091970
-0.148328
-0.365608
0.545817
-0.006144
0.554400
-0.322542
-0.199108
-0.319942
-0.146554
