ORIGINAL Mean: -0.031126
ORIGINAL Variance: 0.916180
Output:
0.303133
0.403119
-0.130519
-0.095660
-0.024661
0.046766
0.331817
0.187702
0.199614
-0.054059
0.018446
-1.307176
-0.719850
-0.053311
0.295455
0.129878
0.524815
0.052427
0.449265
-0.238455
-0.226331
0.449251
0.149717
-0.252413
-0.306624
-0.325047
-0.404185
0.091548
-0.058558
-0.024415
0.804906
-0.325422
-1.023543
0.247939
0.002859
-0.090029
-0.018677
-0.096122
-0.001428
0.102627
-0.111182
0.066717
-0.671109
-0.105844
0.145027
0.128955
-0.272652
-0.002977
0.080636
-0.275084
0.223919
-0.125896
0.327587
-0.567103
-0.649709
0.343150
0.714250
0.310997
-0.268333
-0.342774
-0.132180
-0.883185
0.297740
0.364603
-0.571950
-0.123028
-1.287262
-0.306936
0.700384
-0.925083
0.399918
-0.402079
-0.215916
-0.026649
-0.610626
-0.504569
0.016973
-0.162627
0.046268
0.264470
-0.130556
0.134890
0.123586
-0.536235
0.009966
0.149328
0.190095
0.449556
-0.116577
0.578676
0.171986
-0.014775
-0.534799
-0.219495
0.249552
0.242553
0.468833
-0.205822
0.180397
0.128265
-0.531012
-0.545997
0.115674
0.217438
0.176510
0.291835
0.134406
0.833592
0.150427
0.156918
-0.227423
-0.029397
0.613582
-0.988153
-0.092321
0.546382
0.824864
0.283653
-0.006890
0.128009
-0.026994
-0.156279
-0.041272
0.463491
-0.116744
-0.001135
-0.161707
0.737850
0.085823
0.176871
0.059291
0.076692
-0.191581
0.123963
-0.209022
-0.292692
-0.202776
-0.047972
-0.028058
0.311662
-0.025250
-0.658619
0.255103
-0.168534
-0.009224
-0.730953
-0.369652
-0.279869
-0.365532
-0.016072
0.222376
0.311962
0.042469
-0.350361
-0.083930
-0.036168
-0.216223
0.285446
-0.247502
-0.078660
0.248838
0.724838
0.193610
0.304222
0.120027
0.044100
-0.016724
-0.139710
-0.181139
0.138215
0.043807
0.017332
-0.045096
0.146639
0.272244
0.048803
0.149364
-0.108133
-0.409233
-0.254350
0.214225
-0.439631
0.099064
-0.296341
-0.164251
-0.152195
-0.091982
-0.493488
0.000090
-0.050452
-0.289693
0.047560
-0.196016
0.062985
0.165193
-0.307158
0.182674
-0.110098
-0.200190
0.043513
-0.268496
0.214791
0.269132
0.285745
0.519111
-0.029018
-0.052909
-0.129317
-0.303529
-0.089060
-0.141925
0.279267
-0.164970
-0.078869
0.117686
0.265745
0.270445
-0.291385
0.376225
0.103010
0.318715
0.425660
-0.132659
0.294408
-0.859893
0.622666
-0.126520
0.216518
-0.176639
-0.190506
-0.244252
0.386845
-0.004872
0.086313
0.138320
0.169053
-0.159199
0.030753
0.187037
0.727877
-0.113780
-0.581933
0.220729
1.110985
-0.191708
0.116634
0.545487
0.506672
0.129815
-0.295005
-0.573143
-0.468531
0.072979
-0.174534
0.156398
-0.063418
-0.306736
0.292461
-0.160593
0.139440
-0.026702
-0.124241
-0.030142
-0.335462
0.011802
0.299817
0.122651
0.374560
0.396861
-0.204298
-0.118857
-0.327075
-0.313179
0.295196
-0.162936
0.559677
0.437698
0.484740
-0.217184
-0.437103
0.016364
0.061821
-0.118203
0.052066
-0.351716
-0.580013
0.054912
-0.058605
-0.753131
0.025058
0.227750
-0.347431
0.569758
-0.568884
-0.101966
-0.350411
0.007528
0.200997
-0.729628
-0.045274
0.278218
0.005697
-0.100416
0.001000
-0.063230
-0.187262
0.185063
-0.036598
0.054951
-0.136126
-0.029103
0.012936
-0.424798
-0.163952
-0.983046
0.164444
0.220687
0.812329
-0.483336
-0.284855
0.015413
-0.204661
-0.017014
-0.126230
0.121417
0.258324
-0.052826
0.170178
0.135322
0.019662
0.046413
1.785863
-0.010216
-0.116564
-0.084425
0.163826
0.019401
-0.566635
-0.080069
-0.335461
0.038759
-0.340626
0.361298
-0.502615
0.155485
0.100182
-0.096583
-0.017424
-0.152604
0.275251
0.009628
-0.637024
-0.112115
0.087661
-0.143261
-0.208718
0.095581
-0.312674
0.238844
0.267635
-0.002870
0.530120
0.133027
0.054387
-0.499237
0.216615
0.281170
-0.147554
-0.010494
0.956555
-0.214220
-0.638544
0.257568
-0.357679
-0.152855
-0.098283
0.522876
-0.061488
-0.222532
-0.505047
0.637822
0.411195
0.358363
-0.169334
