ORIGINAL Mean: -0.021249
ORIGINAL Variance: 0.883750
Output:
-0.508119
-0.142909
0.132943
-0.234839
-0.175232
0.151929
0.262877
-0.570346
-0.201942
0.261575
-0.113203
-0.024889
-0.311043
-0.015506
-0.127009
0.015702
0.024421
0.089107
-0.269237
0.128005
0.122342
-0.081221
-0.131120
0.252880
-0.060042
0.104027
0.128033
-0.233597
0.269471
-0.078450
-0.296360
-0.041936
-0.037670
-0.071499
0.006584
-0.019825
-0.015391
-0.200811
-0.095273
-0.167896
0.151089
-0.022145
0.137823
0.221114
-0.175842
0.008257
0.053316
-0.164139
-0.419373
0.146665
-0.002487
0.068795
-0.113426
0.824009
0.330645
0.089543
-0.079760
-0.173316
0.112126
0.087624
0.259793
-0.161689
-0.210692
-0.189398
-0.055694
-0.096914
0.291678
0.050170
-0.062538
0.205206
-0.152726
-0.035496
-0.119023
0.129356
0.711600
0.728920
0.459894
0.059387
-0.049242
-0.006628
0.192241
0.208010
-0.035765
0.079609
-0.071945
-0.117956
0.129066
0.044064
0.017403
-0.062212
0.118180
0.097442
0.138873
-0.025912
-0.024772
-0.433470
0.014049
0.146705
0.047181
-0.273320
0.144153
-0.418731
0.541591
0.601795
-0.269629
0.061561
-0.437044
-0.046273
-0.153227
-0.147560
-0.032048
-0.094948
-0.146234
0.241711
-0.281378
-0.316845
0.007302
-0.140935
0.111027
-0.318272
-0.087329
-0.011961
-0.184765
-0.548682
-0.024535
0.129041
-0.328491
-0.277019
0.014953
-0.331327
0.082906
-0.182944
-0.375336
0.307927
0.239577
-0.290828
0.141992
0.066406
0.106066
0.155275
-0.000260
-0.098432
-0.175730
-0.063482
-0.036581
0.487545
-0.011701
-0.120351
0.207538
0.057571
0.333995
-0.033554
0.033349
-0.242839
0.041252
0.094688
-0.371938
-0.249429
0.117822
-0.116707
-0.198215
-0.292894
-0.021761
0.008222
-0.111913
-0.015413
0.013057
0.168030
-0.141658
-0.307610
0.066060
-0.032214
0.030053
-0.058484
0.016663
0.066783
-0.037499
-0.392811
0.176480
0.057621
0.366258
-0.131508
-0.096387
0.374597
0.143707
0.321614
0.028172
-0.264457
-0.000152
-0.056267
-0.008843
-0.173988
0.419245
0.124038
0.134976
-0.350040
0.044856
-0.015310
0.288462
0.101443
-0.258636
-0.002833
-0.172884
-0.339489
-0.235042
-0.097746
-0.087831
0.098023
-0.035473
-0.015897
-0.048329
-0.006579
0.117072
-0.268235
-0.229725
-0.357504
0.054897
0.105087
-0.151341
-0.117282
0.006210
-0.854062
0.050351
0.048538
-0.028373
0.005029
0.114940
0.386983
-0.221656
0.134708
0.068548
-0.249152
0.160560
-0.024436
0.066890
-0.033267
-0.230238
0.096514
-0.358854
0.135042
-0.099055
0.236415
0.245926
0.951185
-0.042453
0.031710
-0.033807
-0.288734
0.020925
0.457316
0.084214
0.280116
-0.169867
-0.152463
-0.610275
0.032377
0.297523
-0.397912
-0.129745
-0.112095
0.017528
0.321609
-0.016180
0.087490
-0.139078
-0.227045
-0.192706
0.128180
-0.205912
-0.054542
-0.129163
0.058626
0.357465
-0.199530
-0.052497
-0.025186
-0.257737
0.093350
0.116284
0.215925
0.056168
0.137405
0.009472
-0.409832
-0.079079
0.187035
0.119494
-0.131111
0.163477
-0.101492
-0.234868
0.347242
-0.123429
0.177074
0.311819
-0.053266
0.034267
0.060473
0.168727
-0.286606
0.193588
-0.001777
0.052703
0.150209
-0.047953
0.232848
-0.165119
0.187261
-0.089370
0.341916
0.232379
-0.079376
0.327485
0.391252
-0.098103
-0.104413
-0.115920
-0.072634
0.572284
0.149584
0.015569
-0.024880
0.098391
-0.193904
0.028819
0.942029
0.043113
-0.128435
-0.327769
-0.139991
-0.128973
2.020204
0.019430
0.183520
-0.133591
-0.082395
-0.198325
-0.431898
-0.256156
-0.048602
0.102536
-0.050281
-0.459782
-0.194697
-0.040141
0.060378
-0.059200
-0.240337
0.272653
0.223193
-0.324334
-0.009998
-0.114027
0.894024
-0.113738
-0.108051
-0.080219
0.120129
-0.224846
-0.111926
0.106861
-0.405165
-0.034344
0.076281
0.536122
0.150428
-0.054561
-0.108826
0.012406
0.254144
0.090914
0.199479
0.208057
0.203575
0.026632
0.258574
-0.001439
0.435892
0.063386
0.256102
-0.304031
0.266882
0.316137
-0.127887
