ORIGINAL Mean: 0.001869
ORIGINAL Variance: 0.841691
Output:
0.095768
-0.096305
0.322199
-0.032337
0.100862
-0.006579
-0.140929
0.072578
0.258241
-0.416795
0.042089
0.068303
0.100273
0.054042
-0.255293
-0.000278
-0.638630
-0.300082
0.100612
-0.295979
0.014232
0.077483
-0.019539
0.053488
0.080846
0.223811
-0.072838
0.329479
-0.224526
-0.239750
-0.262286
-0.186156
0.199147
0.497600
0.210878
0.034964
-0.118422
-0.134649
-0.071429
-0.026681
-0.222894
-0.305815
-0.053582
0.233793
-0.141712
-0.282879
-0.099412
0.131466
0.334241
0.229845
-0.389337
-0.023092
0.159569
-0.431135
0.062725
0.085089
0.083165
-0.240030
-0.203631
0.294024
-0.279654
0.257572
-0.158049
-0.022416
0.190096
-0.090104
0.093408
0.432561
-0.164523
0.324435
0.058033
0.063626
-0.063113
-0.180971
0.083052
-1.300557
-0.065404
-0.304820
-0.093850
-0.171160
0.022680
0.054322
0.112092
0.143049
-0.035818
-0.016356
-0.306046
0.001631
-0.032657
0.174891
-0.037579
-0.001840
-0.385219
-0.365845
0.012548
0.016058
0.054359
0.068560
-0.080268
-0.008370
0.095874
0.526747
-0.148907
0.091565
-0.133434
0.293206
0.397595
0.300859
-0.302525
0.005619
0.129152
-0.033006
-0.124445
0.168035
-0.023382
0.316475
0.213652
-0.127273
0.271518
0.227892
-0.044952
-0.317091
0.214017
0.327345
-0.055395
0.160195
0.258707
-0.016943
0.014678
0.052979
0.038324
0.296222
0.209138
-0.391217
-0.021263
0.271694
0.155468
0.159284
-0.061868
-0.255030
0.151256
0.378884
-0.333697
-0.103268
0.251984
-0.039073
0.107898
0.468511
0.060459
-0.292303
0.176987
-0.118262
0.109741
0.117488
-0.051195
-0.091769
0.208709
-0.003822
-0.295847
-0.142171
0.188711
-0.209811
0.205756
-0.076815
0.060746
-0.110171
0.170515
0.001560
0.296641
0.141192
-0.148832
0.063179
0.055124
0.018133
-0.127607
-0.148156
0.329891
0.578935
0.005585
-0.003739
-0.140034
-0.021079
0.365028
-0.107012
0.072660
-0.084052
0.023822
0.183903
-0.000161
0.132804
0.176514
0.118873
0.006180
0.104432
0.037475
0.277515
-0.208431
-0.013911
-0.020052
-0.456440
-0.253823
0.158001
0.042028
0.068368
-0.193881
-0.145023
-0.100376
-0.231003
0.138256
0.258525
0.189564
-0.275724
-0.161549
0.004497
-0.044542
-0.025068
-0.143076
-0.099464
-0.149744
0.165324
-0.035894
-0.231331
0.026791
-0.129778
0.154412
-0.118495
-0.079069
0.242858
0.364235
-0.020774
0.117516
0.105680
0.002325
0.204302
-0.161694
-0.138125
-0.077384
0.094883
0.127487
0.016024
0.233129
-0.502424
0.072276
-1.550351
0.239300
0.136685
0.112881
0.143435
-0.265703
-0.167880
0.190094
-0.057255
0.163752
-0.309977
0.006436
-0.140379
-0.212364
0.093901
-0.130544
0.233040
0.035036
-0.248246
0.111598
0.089617
0.215146
0.066906
0.003342
-0.023022
0.272129
-0.203786
0.382655
0.096848
-0.377032
0.054542
-0.176131
0.130615
0.062827
-0.070904
0.022240
0.226801
-0.067975
-0.028644
0.061204
0.425210
0.428126
0.028857
-0.017519
0.043627
0.243843
-0.081811
0.100947
-0.227272
-0.065945
0.071850
-0.122043
0.072718
-0.097989
-0.131544
0.064701
0.175031
-0.051232
-0.202037
0.258656
-0.041102
0.097044
-0.257095
-0.156619
-0.105161
0.165953
-0.196959
-0.048655
-0.094702
-0.107942
-0.409851
0.046543
0.101940
0.198906
-0.533588
-0.340581
-0.097412
0.029628
-0.114058
-0.170714
-0.153365
0.038115
-0.368517
0.034143
-0.236536
-0.028165
0.082935
-0.490900
2.158984
-0.035361
-0.327201
-0.115026
-0.078593
0.060433
-0.923779
0.258039
0.474887
0.024587
-0.090550
0.342628
0.023073
-0.107634
0.036697
0.057468
-0.208371
-0.140375
-0.200242
0.237499
-0.278953
0.256492
0.348939
-0.003387
-0.142260
0.037612
0.121967
0.124575
-0.251573
-0.325144
-0.342936
0.002573
-0.146008
-0.334404
-0.038535
-0.187134
0.138291
-0.072536
0.261085
-0.350702
0.180311
-0.088273
0.165321
0.152154
0.171981
0.126677
-0.199884
0.124053
-0.162124
-0.096909
-0.443484
-0.012760
-0.022932
