ORIGINAL Mean: -0.024423
ORIGINAL Variance: 1.015316
Output:
0.123548
0.392376
0.006974
-0.018597
0.049107
-0.153622
-0.156336
-0.228673
-0.418811
-0.311067
0.097147
-0.303776
0.065453
0.015253
-0.237298
-0.162747
0.014326
-0.233950
-0.150980
0.249017
-0.078261
0.194630
0.303242
-0.166602
0.121554
-0.306934
-0.080924
-0.024488
-0.251585
0.414744
0.134837
-0.433279
-0.557692
0.289652
0.098904
-0.066861
0.049499
-0.058086
-0.098621
0.074307
-0.284412
0.469860
0.033754
0.108820
-0.275391
0.203072
0.386407
0.019890
-0.205181
0.196758
0.137726
0.521097
-0.145874
0.978550
0.633427
-0.391156
0.380548
0.345785
0.159013
-0.211481
0.019413
-0.764192
0.502347
0.536335
-0.034860
0.008704
0.256735
-0.818794
-0.322301
-0.184864
-0.383128
-0.000628
0.179901
0.072431
0.098110
0.521732
0.103203
0.230232
0.228812
0.553225
0.287669
0.263522
-0.103701
-0.333466
0.127366
0.476247
0.035244
-0.647642
0.197066
-0.507369
0.569031
0.060706
0.228438
0.285300
0.920001
0.362723
0.180449
-0.344338
-0.030359
0.046412
-0.157247
-0.118727
-0.465707
-0.245672
-0.245101
-0.129492
-0.184900
-0.244847
-0.150201
0.384093
0.153221
-0.201794
0.295554
-0.020408
-0.383182
0.231920
-0.381813
-0.068965
-0.122642
-0.069814
-0.121884
0.199272
0.280848
-0.597502
0.161950
-0.308291
0.085770
-0.185217
0.181521
0.046563
0.056985
-0.579453
-0.146232
-0.655529
0.080881
-0.051500
-0.035675
-0.108110
-0.137638
-0.083352
-0.098420
-0.217822
0.552271
-0.417561
-0.105934
0.506850
-0.264272
0.102342
0.340513
0.645582
-0.267419
-0.471281
0.253602
0.133869
0.005053
0.103965
-0.072390
-0.191620
0.296922
-0.003504
-0.310539
-0.837308
0.002879
-0.288188
0.114633
0.337002
-0.069533
-0.026455
-0.161155
-0.077031
0.123529
-0.162272
0.231810
-0.613573
-0.092147
0.194427
0.005703
-0.272082
0.074131
0.427758
-0.158976
0.008316
-0.143994
0.236701
-0.160200
-0.334829
-0.156821
-0.063922
-0.000098
-0.169432
0.104508
-0.119121
-0.203576
0.007754
-0.045756
0.322891
-0.126614
-0.082866
0.332832
0.377640
-0.243371
-0.007415
-0.155971
-0.326112
0.317266
0.096493
0.638840
0.319223
0.150588
0.330084
-0.080540
0.443419
0.219827
0.131441
0.017235
0.051681
-0.125098
0.371043
-0.484396
0.246170
-0.308217
0.509325
0.119982
0.455189
0.301511
0.016935
0.125894
0.262560
0.104485
0.031711
0.242393
-0.227823
0.183413
-0.185174
0.077095
0.063571
0.369717
-0.051037
0.101461
-0.722867
-0.162595
-0.442422
-0.126000
-1.140527
0.139731
-0.293937
-0.161131
0.101023
0.119388
-0.233413
0.223220
0.183317
0.041602
-0.107141
-0.272880
-0.168293
-0.196392
-0.141517
-0.390839
0.188020
0.169083
-0.058150
-0.244045
-0.017151
-0.104005
-0.473663
0.113065
0.133837
-0.168150
-0.045713
-0.005981
0.419639
0.334441
0.105975
0.277856
0.424568
-0.167403
-0.066811
-0.125833
-0.223464
-0.184020
0.475702
-0.109906
-0.092727
-0.271601
-0.007260
-0.328975
-0.078476
0.014306
0.153298
0.023096
0.039513
-0.022713
-0.023496
-0.363032
0.409559
0.056033
-0.038352
-0.714971
0.110761
-0.114919
0.231031
-0.116798
0.278555
-0.020357
-0.071324
0.312735
0.026757
-0.307425
-0.131061
-0.139034
-0.756328
0.939488
0.106817
0.192636
-0.057624
-0.353882
-0.086225
0.612947
0.239611
-0.349446
0.269097
0.256954
-0.013861
-0.102279
0.433308
0.119355
-0.050293
0.647138
-0.077166
-0.199626
1.984779
0.196888
0.654989
-0.105678
-0.192261
-0.279631
-0.715096
0.103078
-0.144074
0.065041
0.240476
-0.408710
-0.520457
0.113059
0.101820
-0.899238
-0.131288
0.404072
-0.597983
-0.065601
0.036331
0.115381
0.670484
0.226656
0.001007
-0.216049
0.074502
-0.104427
-0.440872
-0.168452
0.024743
0.059168
0.295688
0.273703
-0.087390
0.022624
-0.053016
-0.172038
0.344356
0.452030
0.675233
0.044160
0.289122
-0.171851
-0.352056
-0.324378
-0.303126
0.056049
-0.238753
-0.563575
-0.077090
0.267453
0.058217
