ORIGINAL Mean: -0.087854
ORIGINAL Variance: 0.973891
Output:
0.230217
0.250653
-0.277565
-0.166288
-0.364334
-0.257192
-0.083053
0.153177
-0.208178
-0.053583
0.709015
-0.480913
0.190119
-0.161743
0.259287
-0.250804
1.002053
0.447217
0.277894
-0.035640
-0.224849
0.594818
0.230771
-0.078308
0.193580
0.062454
-0.467847
0.315923
-0.129048
-0.036225
0.109872
-0.039822
-0.395723
-0.487580
-0.031066
-0.223982
0.182145
-0.330036
0.024507
0.282774
-0.342443
-0.037647
0.252242
0.201996
-0.067633
0.123318
-0.066906
0.292847
0.211101
0.241051
0.280897
0.181832
0.053579
-0.414107
-0.654501
-0.035517
0.367685
0.593880
-0.280070
-0.321833
-0.352246
0.235867
-0.009775
0.215564
0.196727
-0.063011
0.103115
-0.684203
0.661424
-0.056770
0.110326
-0.189800
0.056792
0.169484
-0.886157
-0.919322
-0.327637
0.132074
0.090908
-0.257264
-0.029644
0.109002
0.059034
-0.134547
0.013285
0.081425
-0.165588
0.085504
-0.581359
0.055682
0.825047
-0.029221
-0.078417
0.131468
0.123183
0.393911
0.774926
-0.104512
-0.250923
0.015276
0.199593
0.455308
-0.323970
-0.205432
0.285149
-0.214395
0.028631
0.246302
0.758927
-0.029828
-0.189622
-0.123901
0.637195
-0.254125
0.349002
0.422378
0.184636
0.495193
-0.111060
0.027427
-0.104584
-0.425924
-0.168946
0.406640
0.023910
-0.314605
0.263928
0.478623
0.148429
-0.021236
0.004893
0.281243
-0.157006
-0.132842
-0.057891
0.077964
-0.277154
0.134308
-0.538709
0.030331
-0.111068
-0.125923
0.236316
0.316670
0.336605
-0.078109
-0.791702
0.214336
0.036572
0.133451
-0.027228
0.004053
-0.893934
-0.548601
0.356359
-0.089042
-0.327254
0.167639
0.007014
-0.097196
0.093134
0.230461
0.542496
-0.168060
0.281209
-0.263582
0.022572
-0.179110
-0.084929
0.043819
-0.078396
-0.105896
0.233867
-0.242145
0.025770
-0.101713
0.156018
0.096303
-0.080752
0.476873
-0.301364
0.152033
0.044584
-0.082310
-0.039632
0.463089
-0.077119
0.448975
0.000027
-0.109277
-0.117496
0.062300
-0.716645
-0.015855
0.079207
0.219213
0.059534
-0.212694
0.499944
0.126221
-0.099598
0.021403
0.294349
0.291606
-0.237048
0.150765
0.020766
0.499244
0.043597
-0.359383
-0.292758
0.139726
0.098630
0.157342
-0.203878
0.322758
-0.342736
0.310409
-0.486192
-0.101455
-0.243758
0.125833
-0.104348
-0.012332
-0.458344
-0.117218
-0.235092
0.823790
-0.034149
0.368169
0.014881
-0.012902
0.019549
0.078219
-0.427810
0.045681
-0.083800
-0.054899
0.582223
-0.719269
0.055349
-0.435450
-0.378782
0.307384
0.095246
-0.170246
-0.821843
-0.173080
-0.192454
0.102360
-0.514740
-0.566854
0.196137
-0.001739
0.484847
0.109047
-0.366575
0.238566
0.067313
-0.595809
0.112050
-0.422015
0.047125
0.031585
0.009885
0.350727
0.169260
0.017343
-0.030335
-0.294210
-0.020360
-0.049742
-0.406532
0.506844
-0.139352
0.802010
0.401352
0.192417
-0.280587
-0.470059
-0.040390
0.348758
-0.207825
0.384626
0.255199
0.094673
-0.022541
-0.885316
-0.545879
0.126383
0.156856
-0.727564
0.001467
0.300433
-0.285891
-0.483789
0.236500
-0.061165
0.141765
0.329037
-0.171938
0.102697
-0.464675
-0.379460
-0.007376
-0.088572
-0.200259
-0.136230
0.017395
-0.307733
-0.189065
0.120609
-0.342543
-0.324790
1.074226
-0.028689
0.220221
0.527549
-0.277979
0.228353
0.230981
0.011976
0.470728
0.023609
0.211656
0.113484
-0.093172
0.394983
0.490002
0.046881
0.134413
2.098988
-0.344997
0.260115
-0.200563
0.008677
-0.135388
-0.786073
-0.257639
-0.348339
-0.208824
-0.232426
-0.093627
-0.456615
0.054457
0.081562
0.118847
0.221750
0.562545
0.549308
0.083443
0.226730
-0.292917
-0.358844
0.245410
0.004349
0.362400
-0.188292
0.186043
-0.269352
0.241812
0.116802
-0.375928
0.122957
-0.715309
-0.320950
0.127677
-0.124991
-0.095414
2.623831
0.458930
-0.416565
-0.090063
0.527191
-0.071437
-0.224480
0.417860
-0.907082
-0.110987
-0.709231
-0.079957
0.363257
-0.278743
0.262722
