ORIGINAL Mean: -0.024248
ORIGINAL Variance: 1.005594
Output:
0.387230
-0.085791
-0.082724
0.138636
-0.285646
-0.258999
-0.292523
-0.075089
-0.202515
-0.154885
0.139547
-0.047740
-0.060877
0.014317
-0.338408
0.071669
0.013831
0.104202
-0.099041
0.581295
-0.054091
-0.774821
0.795488
-0.006991
0.110222
-0.298477
-0.011132
0.084656
-0.185082
0.342893
-0.081372
0.141203
-0.410346
-0.181525
-0.460524
0.048209
0.012901
-0.058734
-0.060157
-0.017002
-0.431901
0.566420
-0.136433
0.021680
-0.543701
0.055521
0.258915
0.067774
-0.086025
0.215478
0.547068
0.418597
-0.073816
0.769402
0.425717
-0.430034
-1.109733
0.271968
0.354870
-0.113235
0.049264
0.264355
0.144594
-0.081395
-0.367884
0.081304
-0.282442
-0.437643
0.345569
0.193824
-0.119903
0.337989
0.221233
-0.069236
-0.335263
0.525779
-0.176779
0.248257
0.137122
0.046550
-0.004370
-0.244001
0.250341
0.060261
0.050311
0.816731
0.146824
0.026726
0.683531
-0.225695
0.398249
-0.213088
0.542777
0.483455
-0.405191
-0.093982
0.191682
0.242112
-0.183138
0.075843
0.333284
-0.119418
-0.529639
-0.482922
-0.053506
-0.095633
-0.031449
-0.459642
0.278934
0.044810
-0.058846
0.003170
0.412647
0.378175
0.116257
-0.226301
-0.529238
-0.129204
-0.120655
0.040042
-0.134755
0.172685
0.074998
-0.515935
-0.041483
-0.389782
0.239752
-0.045199
-0.012357
0.320532
0.026802
0.093408
-0.136489
-0.521485
0.030924
0.182367
0.004296
-0.441793
-0.139556
0.064367
0.046633
-0.098567
0.731032
0.181817
-0.032147
0.442615
-0.218840
0.169679
0.212346
0.212500
-0.354532
-0.765580
-0.641096
-0.081480
0.228620
-0.027347
0.399625
0.054637
0.368046
-0.063773
-0.957500
-0.348755
0.156022
-0.253932
0.059127
-0.040984
-0.107717
-0.109725
-0.047990
-0.131367
-0.114017
-0.241342
0.237218
-0.209524
-0.077672
0.127818
0.038842
-0.312918
0.256811
0.213590
-0.318585
0.415362
-0.406759
0.582464
-0.101155
0.130623
-0.029283
0.601952
-0.000021
-0.181761
0.195991
-0.402698
-0.221498
0.023689
-0.016104
0.202766
-0.074057
-0.252234
-0.228769
0.565811
-0.053438
-0.330638
0.099628
-0.169496
-0.533388
-0.002143
-0.387846
0.465179
0.228321
-0.778729
-0.102622
0.195562
0.476600
0.188527
-0.067592
0.105923
-0.390639
0.330867
-0.240275
0.280384
-0.256702
0.527585
0.059614
-0.196323
0.059270
-0.358491
0.060661
0.261426
0.074412
0.170914
0.177716
-0.382858
0.208329
0.253569
-0.197649
-0.132907
0.538463
-0.006634
-0.010432
-0.029938
-0.229319
0.370211
-0.007492
-1.006214
0.176701
-0.274389
-0.467129
0.241697
0.054143
-0.393703
-0.050484
-0.223679
-0.006199
0.055782
-0.461032
-0.212727
-0.247944
-0.147650
-0.373324
0.053810
0.077055
0.152751
-0.120131
0.224533
-0.015726
-0.234866
0.092224
-0.265934
0.150515
0.124224
-0.656935
0.406936
-0.114235
0.104734
-0.445732
0.052197
-0.505322
-0.197959
-0.029563
0.335049
-0.169731
0.116693
-0.174535
-0.270089
0.338370
0.270322
-0.214436
-0.064563
0.326383
0.060564
0.066088
0.018010
0.193518
-0.041010
-0.574699
0.162949
0.055912
-0.123061
0.456493
0.139679
-0.059316
0.277521
-0.302769
0.359448
-0.023713
-0.026244
0.033019
0.158165
-0.286880
-0.163900
-0.174295
0.113644
0.658043
-0.021511
0.582222
-0.205895
-0.214983
0.253889
0.398206
0.896839
-0.133664
0.764909
0.218050
-0.018113
0.047629
-0.299924
0.080436
0.163495
-0.092244
-0.096134
-0.073110
2.067478
-0.029662
0.608351
-0.373575
-0.280483
0.344736
-0.548002
-0.309441
-0.164928
-0.175263
0.500060
-0.452985
-0.429730
-0.170694
0.064184
0.028281
0.291165
-0.469995
0.575816
0.036940
0.276686
-0.037473
0.226422
0.363636
-0.021209
-0.167440
-0.066875
0.009756
0.077996
-0.257286
0.158919
0.279887
0.206523
-0.190974
-0.336954
0.022938
0.384566
-0.337522
0.521602
0.428825
0.612292
-0.140684
0.120734
0.018225
-0.137942
-0.399611
0.427905
0.023911
0.613865
-0.579940
-0.197291
-0.208830
-0.176113
