ORIGINAL Mean: 0.008090
ORIGINAL Variance: 1.001357
Output:
-0.141013
-0.105106
0.236026
0.232705
-0.133901
0.320433
0.127599
0.109469
-0.307833
0.169419
0.177259
0.028991
-0.597659
-0.096594
-0.278529
-0.080851
0.261804
-0.130792
-0.002022
0.322769
0.003415
-0.077362
-0.384737
0.636120
0.195171
0.497222
0.189958
0.287665
0.384652
-0.248390
-0.977034
-0.051521
0.361060
-0.699876
0.278744
0.169936
-0.603691
-0.088134
0.046688
-0.157639
-0.201359
-0.197537
-0.019056
0.225405
-0.374240
-0.363960
-0.113247
0.373317
0.159143
0.395444
-0.436110
0.206613
0.286136
-0.318598
0.704504
0.051302
0.392542
-0.545424
-0.235771
0.314755
-0.126548
-0.389835
-0.016558
-0.035490
0.221456
-0.081848
-0.121021
-0.000064
-0.028587
0.335852
0.263695
0.451571
0.075556
-0.007913
-0.624212
-0.590053
-0.195132
0.092276
-0.124169
-0.036087
-0.332485
-0.190232
0.260961
-0.104960
-0.036205
-0.000802
-0.168183
0.476379
0.410611
-0.419830
0.418436
0.120007
-0.282740
-0.224558
-0.277910
0.667193
-0.105484
-0.515147
-0.171290
-0.341961
-0.934246
-0.103630
-0.130620
0.120043
0.119781
-0.519218
0.219112
-0.440408
-0.067918
-1.003777
0.154010
-0.036446
-0.140251
1.053966
-0.073215
-0.212080
0.107359
-0.109697
-0.025302
0.102884
-0.085996
-0.371909
0.407115
0.421847
0.034697
0.079647
0.224519
0.083586
-0.385169
-0.174325
0.022406
-0.029872
0.176349
-0.462222
0.078707
0.398360
-0.096629
-0.125606
0.044593
0.109285
-0.110684
0.577133
-0.308006
0.484940
0.176200
-0.030182
-0.081575
0.000848
0.755668
0.127464
0.078744
0.043859
-0.217644
-0.017054
-0.057268
-0.089224
0.197864
-0.145810
0.190317
-0.257791
0.561345
0.260585
0.089122
-0.280426
-0.067856
-0.031154
0.132960
0.088559
0.057899
0.112828
0.073283
0.257130
0.014522
0.188605
-0.377400
-0.107000
0.097031
0.256447
0.345004
0.394045
-0.096161
0.139941
0.066800
-0.101631
0.332007
0.274630
0.036949
0.047597
-0.000225
-0.065211
-0.330473
0.220906
0.114777
0.065443
-0.125133
0.096927
-0.039894
-0.262388
0.263723
-0.233687
-0.174430
-0.273830
0.200447
0.108024
0.047557
-0.224747
0.022066
0.279856
-0.028731
-0.058038
-0.016332
-0.322262
-0.111920
0.001622
-0.322828
-0.031540
-0.237526
0.190642
-0.640084
0.153523
-0.659994
-1.111202
0.058422
-0.189133
-0.122019
0.364670
-0.050207
-0.541911
0.006465
0.547400
0.023790
0.161377
-0.128585
0.212560
-0.337118
-0.041587
-0.101218
0.203414
-0.296362
-0.580665
0.019691
-0.070994
0.085946
0.049183
0.227557
0.242863
-0.384454
0.355232
-0.262428
0.362804
0.280486
0.169954
-0.013510
0.199804
-0.386770
-0.207255
0.025826
-0.060481
0.255235
0.117309
-0.125713
-0.334739
0.308237
-0.119629
-0.238634
-0.074580
-0.251521
0.131916
-0.201653
-0.145377
0.714536
0.082533
-0.451738
-0.473086
-0.260098
-0.029992
0.340607
-0.229094
0.058754
-0.094051
-0.075297
-0.303227
-0.033640
-0.146190
0.674793
-0.376639
-0.099684
0.131244
0.008728
-0.007452
0.150506
0.229308
-0.349395
0.540703
-0.012548
0.167827
0.073692
-0.174060
-0.030976
0.161822
-0.125820
0.073034
0.159533
0.344848
0.042049
-0.219354
-0.320054
-0.030808
0.391439
-0.013681
0.005497
0.146751
-0.689481
-0.429772
0.734815
-0.145057
0.560762
0.238493
-0.264627
0.092753
0.322756
-0.253511
-0.342832
-0.085270
0.630277
-0.383816
-0.023369
-0.194535
-0.248087
0.071511
-0.619764
2.206589
0.282377
-0.244301
-0.150257
-0.148870
-0.216806
-0.193551
0.287809
0.206163
-0.743478
0.144621
-0.092124
-0.287821
-0.132870
-0.132697
-0.239768
-0.354576
-0.333731
-0.011404
-0.026837
-0.447807
-0.079855
0.565188
0.157714
0.085726
-0.119407
-0.049791
0.018943
0.713266
0.678702
-0.319875
-0.151305
-0.254072
0.304537
-0.179631
-0.024259
0.290392
-0.192602
0.342437
0.063352
0.344227
-0.550356
0.223418
0.206464
1.118734
0.139263
-0.554852
0.195370
0.512911
-0.332097
-0.355176
0.563233
-0.151670
