ORIGINAL Mean: -0.042964
ORIGINAL Variance: 1.150351
Output:
-0.497188
0.415454
0.036722
0.143653
-0.372083
-0.121545
-0.020441
-0.028143
-0.430540
-0.089828
1.074599
-0.014983
0.125020
0.039598
-0.214857
0.058174
0.102736
-0.097810
-0.409020
-0.071729
0.063714
-0.825195
-0.275458
0.372239
0.166215
0.112152
0.076446
0.115913
0.397990
0.745613
-0.637370
0.252709
0.552433
-0.827216
0.800874
0.096825
0.462031
-0.291580
-0.025547
-0.084924
-0.320510
0.265237
-0.056041
0.058243
-0.399072
-0.179123
0.161702
0.267517
-0.041602
0.113315
-0.279814
0.145095
-0.038310
0.349568
0.430687
-1.091092
-0.102393
0.166239
0.245249
-0.152472
0.047898
-0.240743
0.366750
-0.268944
0.148749
0.072730
-0.510295
-0.318849
0.541378
0.069103
-0.353637
-0.188749
0.192039
-0.237062
-0.540510
0.605349
-0.271224
0.232342
0.095963
0.657531
0.108728
0.161690
-0.054248
0.304840
0.140564
-0.216766
-0.051612
0.334401
-0.134377
0.197725
0.122359
-0.226366
0.066223
0.195856
1.075206
0.268415
-0.187568
0.082343
-0.101056
-0.277117
-0.209236
-0.208038
-0.100110
-0.239012
0.117343
0.106491
0.143390
-0.540246
0.028429
0.242622
0.570816
0.016714
-0.079024
0.337413
-0.811499
-0.119710
-0.244349
0.564850
-0.126522
-0.145761
-0.165788
0.154010
0.082994
-0.428034
0.099172
-0.224348
0.071153
0.337726
-1.003452
-0.026918
0.031621
-0.356793
0.647281
-0.503529
0.048067
0.404510
-0.006592
0.076104
0.182673
0.387891
-0.053061
0.029517
0.722736
0.183688
0.104611
0.060334
0.266783
0.195589
0.468541
0.070992
-0.461583
-0.756335
-0.085387
-1.289450
-0.681017
0.143160
0.118811
-0.258508
0.203389
-0.167461
0.014683
0.188951
-0.217374
-0.343225
0.017059
0.463886
-0.369440
0.105012
-0.218415
-0.027221
0.219070
-0.109738
0.199908
-0.213140
-0.312546
0.002228
0.004345
-0.580172
0.194262
0.625059
-0.061945
-0.100872
-0.556014
0.483406
0.198843
-0.015900
0.026419
-0.456803
-0.000093
-0.081160
-0.278570
-0.529805
0.039354
0.102257
-0.010718
-0.076672
0.019473
-0.260028
0.424383
0.386294
-0.084999
-0.303173
-0.619943
-0.262644
0.815881
-0.060072
-0.541640
0.748835
0.370296
-0.635536
-0.131068
-0.363860
0.288948
0.184631
-0.308479
0.064005
-0.128827
0.464943
-0.280734
-0.135521
-0.341148
-0.543260
0.095965
-0.451985
0.233955
-0.311407
-0.101291
0.535899
-0.134647
0.519885
0.219365
-0.004742
0.181443
-0.441778
-0.227786
-0.099970
0.644699
-0.019482
-0.764958
-0.053624
-0.094760
-0.381388
0.055069
0.305002
0.240781
-0.019267
-0.200540
0.193319
-0.076587
-0.010900
0.142654
0.162108
-0.199763
0.318451
-0.100652
-0.124430
0.136795
-0.187406
0.109162
0.592556
-0.041590
0.302967
-0.115584
-0.158331
-0.228116
-0.582721
-0.063946
0.308301
-0.184203
0.195726
-0.057714
0.480638
-0.220503
-0.153228
0.069522
0.332470
0.136569
-0.230362
0.004440
-1.245879
0.264517
-0.198889
-0.151291
-0.221901
0.551534
-0.416880
-0.329274
-0.874174
-0.674563
0.048788
0.105119
0.242458
0.090001
0.417174
0.450457
0.209913
0.051418
-0.192299
0.511757
-0.072092
-0.257078
0.324238
-0.139432
0.424894
-0.021538
-0.001608
-0.184098
0.108895
-0.197428
-0.105920
-0.002835
-0.182445
0.550159
-0.040837
0.582661
-0.384483
0.179759
0.199532
0.081775
-0.034788
-0.376295
0.348157
1.114991
0.035806
0.166472
-0.140656
-0.038881
-0.156515
-0.448482
-0.121856
-0.340641
2.010941
0.361918
0.492251
-0.667338
-0.107239
0.274085
0.009656
1.118245
-0.137653
-0.404017
0.361678
-0.462594
-0.568100
-0.284136
0.052676
0.576911
0.045467
0.220506
-0.584101
-0.083513
-0.098345
-0.133978
0.022449
0.345581
-0.085449
-0.039266
0.048984
-0.375435
1.256164
0.281697
-0.068615
0.001596
0.010305
0.602951
-0.392933
-0.005748
0.141687
-0.143876
1.422954
-0.181980
0.255394
-0.223064
-0.099674
0.186407
-0.106101
0.926942
0.289617
0.258579
0.548989
-0.826849
-0.145297
0.081571
-0.253787
