ORIGINAL Mean: -0.077740
ORIGINAL Variance: 1.084075
Output:
0.652394
-0.381512
-0.177683
0.219071
-0.298279
-0.229236
-0.065392
0.155767
-0.189866
-0.070809
-0.409084
0.069885
-0.218204
-0.084385
-0.254508
-0.297203
0.296646
0.054140
0.017809
0.325222
-0.133178
-0.068799
0.318802
0.021660
0.175342
-0.211334
-0.536304
0.272312
-0.106726
-0.220976
0.030228
0.162180
0.191535
-0.199818
0.049870
-0.119971
-0.012372
-0.498595
-0.016819
-0.056964
-0.564597
0.417234
0.007326
0.260477
-0.299535
0.199432
0.169202
0.219997
0.080704
0.194453
0.631606
0.286599
0.105585
0.364311
-0.022520
-0.263598
0.310266
0.646146
0.112634
0.027685
-0.084034
-0.140592
0.767353
0.562348
0.177253
-0.073880
0.044171
-0.841740
-1.266012
-0.524952
-0.255851
-0.456430
0.103003
0.039087
-0.651156
-0.417513
-0.284808
-0.007952
0.120245
-0.504614
-0.038384
-0.264412
0.182228
0.248488
-0.326794
0.359666
-0.051450
-0.263975
-0.646141
-0.369391
0.424145
0.377708
-0.009414
0.153648
0.702961
0.389166
0.182618
1.030024
-0.190891
0.117930
-0.027990
-0.582361
-0.670743
-0.470704
0.269988
0.228600
0.178759
-0.543926
-0.194083
-0.595201
-0.021364
-0.056625
-0.282861
0.012280
0.168307
0.273420
-0.216669
0.415151
-0.187151
-0.310335
-0.100483
-0.005956
-0.067514
-0.066098
0.075934
-0.398066
0.035039
-0.550020
-0.342981
0.084529
0.012914
-0.451773
0.362969
-0.551341
-0.038885
0.093708
-0.209451
-0.739691
-0.044530
0.160351
-0.079067
-0.451064
0.719944
0.621501
0.097415
0.190333
-0.098133
0.006238
0.154450
0.503579
-0.016867
0.181536
0.106197
-0.060337
0.445787
-0.092040
0.696080
0.176143
0.054198
-0.045752
0.507395
0.389786
-0.009822
-0.247876
0.091832
-0.099358
-0.132639
-0.109126
-0.103365
-0.185590
-0.121236
-0.194861
0.301877
-0.201301
-0.079450
0.032784
0.128522
-0.098520
0.104525
-0.180984
-0.379384
-0.165632
-0.125191
-0.421742
-0.032030
-0.168778
0.038252
0.266292
-0.000027
-0.117951
0.179329
-0.595131
-0.498705
-0.059257
0.149688
0.311738
0.005034
-0.224262
-0.096014
0.406443
-0.130187
0.182915
-0.195576
0.024455
0.153336
0.086145
0.048517
0.731778
0.199579
-0.629015
-0.141715
-0.179172
0.333512
0.309004
-0.122684
0.261801
0.325486
0.327174
0.264101
0.105608
-0.233770
0.656819
-0.132396
-0.233247
0.007410
0.260163
-0.082797
0.926834
0.066673
0.191246
0.004694
-0.086004
0.133776
-0.091697
-0.214941
0.083692
0.358057
-0.190569
0.825884
-0.771585
-0.250081
0.027558
-0.708303
-0.844654
0.174786
-0.238122
-0.032243
-0.197856
0.046526
-0.312778
-0.325720
-0.070046
0.204403
0.196117
0.139767
-0.064664
-0.360726
-0.037066
0.211155
0.137717
1.193092
-0.193206
-0.039721
0.004871
-0.053534
0.581358
0.090784
0.509943
-0.816066
0.076321
-0.196163
-0.924511
0.084593
0.043396
0.180975
0.634873
0.232377
-0.368836
-0.183269
-0.327525
-0.364499
-0.141188
-0.051658
0.261899
-0.041095
-0.066606
-0.237675
-0.037431
0.552650
0.215929
0.217763
-0.468778
-0.211042
0.237339
-0.252156
0.047925
0.141394
-0.213438
-0.723615
0.179408
-0.124625
0.276705
-0.319443
0.421567
-0.056887
-0.209733
-0.462261
0.066214
-0.326718
-0.311924
-0.379709
-0.824419
-0.407605
-0.084564
0.308391
-0.128965
-0.088687
-0.559276
0.020861
0.555093
0.178230
0.178180
0.083440
0.105714
0.878286
-0.018571
0.049637
0.150863
0.454165
0.013022
-0.332667
2.051841
-0.078494
0.448429
0.041151
-0.103165
0.838933
-0.630661
0.059288
-0.185417
-0.522301
0.068636
-0.370745
-0.425759
0.044322
-0.096927
0.618812
-0.114113
-0.202944
-0.039836
0.108441
0.528362
-0.081213
-0.190952
0.365310
0.283787
-0.457771
0.010218
0.226814
0.348283
0.729201
0.257385
-0.941646
0.237689
0.345843
-0.348947
0.027087
0.454577
-0.239724
2.259538
-0.338845
0.906107
-0.197063
1.085471
-0.272400
-0.517463
0.334573
-0.516317
-0.038504
0.240153
-0.285084
-0.614154
0.581527
0.069996
