ORIGINAL Mean: 0.004002
ORIGINAL Variance: 1.373842
Output:
-0.281237
-0.453800
0.055731
0.265022
-0.055383
-0.063110
-0.249633
0.140082
0.127562
0.215079
-0.997350
0.723749
-1.079660
0.166150
0.001913
0.273516
-0.164803
-0.582244
-0.150841
0.267651
0.106844
-0.292717
0.393764
0.074701
-0.571923
-0.062134
0.800022
-0.289442
0.330133
0.086517
-0.216303
-0.033195
-1.224202
0.036629
-0.142116
0.249661
-0.543134
-0.023261
-0.073929
-0.327139
-0.461337
0.167427
0.182756
-0.238274
-1.360727
-0.109614
-0.135682
-0.037139
0.121854
-0.171242
0.631897
0.589431
-0.090475
-0.383795
0.154023
-0.404691
0.952799
-0.122726
0.193036
-0.180638
0.122133
-1.014142
0.304504
-0.230265
0.009833
0.085459
-0.916614
-0.667238
0.275880
-0.715796
0.100326
-0.254167
-0.026935
-0.014476
-0.041707
0.275423
0.066727
0.211098
0.004849
0.349878
-0.563855
-0.087467
1.127140
-0.437275
0.206912
-0.111270
0.187965
-0.414744
0.193956
0.413851
0.091736
0.290507
-0.091569
-0.150960
0.749725
-0.901815
0.093702
-0.314100
-0.105232
0.125308
-1.007696
-0.864730
0.497198
-0.187725
0.309755
0.498212
0.207894
0.104884
0.075436
-0.046866
0.051314
0.178062
-0.031966
-0.363608
-0.315891
-0.500615
-0.480401
0.063427
0.376303
-0.097004
0.002347
0.209738
-0.076328
-0.500798
-0.290170
0.314241
-0.138115
0.121424
0.410773
-0.268809
0.071192
-0.166418
0.213926
0.299564
0.044425
-0.313510
-0.040324
-0.503463
-0.158372
0.319271
0.069970
-0.259369
0.400188
-0.698889
-0.300489
-0.564370
-0.342789
0.340275
-0.254409
0.105518
-0.267578
-1.097828
0.283697
0.027145
-0.006380
0.160218
-0.382352
0.064067
-0.099887
-0.167367
-0.098883
0.579417
-0.025796
0.068354
-0.032416
-0.761582
-0.303052
-0.237020
-0.313286
0.148670
-0.032066
-0.078654
0.066283
0.063219
-0.120038
0.104498
-0.001571
-0.391711
-0.078037
-0.156270
0.454108
-0.419795
0.644349
0.491247
0.122862
0.680207
0.070829
0.051112
0.000051
0.160562
-0.220208
-0.252748
0.186923
0.181677
0.117456
-0.590434
0.251105
-0.059182
0.272581
0.508802
0.008939
-0.610018
0.527797
-0.098673
0.917422
-0.175280
0.656187
0.676649
0.321284
-0.047279
0.006109
-0.267716
0.165201
-0.160958
0.251513
0.136883
0.371024
0.154692
-0.001076
0.147394
-1.251229
-0.110522
-0.105702
1.021636
-0.655926
0.111835
0.005483
0.697870
-0.248864
0.291229
-0.017200
-0.352503
0.196090
-0.106667
0.339697
-0.379975
0.281838
0.263554
-0.476363
-0.295459
-0.235531
0.122080
1.070876
0.956384
0.009641
0.076425
-0.590753
0.217737
0.093568
0.063440
-0.173122
-0.945185
-0.347636
-0.153109
-0.500159
-0.140080
0.007494
-0.209540
-1.056456
-0.340615
-0.611110
0.479037
-0.179618
-0.193862
0.304911
-0.132102
-0.155563
0.257779
-0.197802
0.080447
0.374925
0.024991
0.061931
-0.145126
-0.016347
0.420232
-0.444103
0.488192
0.305139
0.410784
-0.076927
0.981233
-0.050514
-0.471476
-0.288281
0.073050
0.241561
0.662094
0.225051
-0.044896
-0.086530
0.366727
0.153786
0.282661
-0.890037
0.330208
-0.009011
-0.019742
-0.919068
-0.203611
-0.256733
-0.120391
0.333582
-0.423695
-0.199421
0.530327
0.688957
0.499109
-0.065868
-0.009378
0.276730
-0.841268
-0.699624
0.202254
-1.458401
-0.287797
0.433137
0.120982
-0.165437
-0.685269
-0.488084
0.016633
0.104501
-0.061617
0.111232
-0.251131
-0.048622
0.037074
0.142836
-0.205471
-0.324704
1.617255
-0.423320
0.182048
0.803672
0.007619
-0.802256
-0.393066
-0.178598
-0.042991
-0.486378
0.130546
-0.123915
-0.209325
-0.065031
-0.092352
0.290994
0.310594
0.689270
-0.477046
-0.097393
0.490014
0.045098
0.075810
0.080995
-0.393537
0.131239
0.012803
-0.122532
-0.585348
0.182338
0.034029
0.469255
-0.133135
0.646831
0.139473
0.182128
0.040004
-0.352825
0.328075
0.050404
0.477278
0.126248
0.958898
-0.028118
0.576618
-0.947829
-0.120348
0.033087
0.348248
-0.117799
-0.419547
-0.330831
-0.233045
