ORIGINAL Mean: -0.036424
ORIGINAL Variance: 0.847824
Output:
0.069646
0.192734
-0.182796
-0.132191
-0.360064
-0.160925
-0.238957
-0.165878
-0.153062
0.190259
0.223078
0.123852
0.207063
-0.096365
0.531995
-0.013098
0.687782
0.110370
0.258135
0.118254
-0.233680
0.237743
0.250610
-0.166484
0.176680
-0.121217
-0.190149
0.357905
-0.360120
0.215881
0.319742
-0.042394
-0.267534
-0.597456
0.058009
-0.242420
-0.041061
0.106279
-0.007039
-0.072667
-0.370710
0.226439
-0.122579
-0.233466
-0.288759
-0.011611
-0.169339
0.444536
0.073912
-0.001711
0.472122
0.307477
-0.154542
-0.026087
-0.514831
-0.040564
-0.032144
0.347616
-0.176696
0.150997
-0.027029
-0.351941
-0.054132
0.143352
0.015746
0.060391
-0.031292
-0.621495
0.072922
-0.676662
0.097080
-0.002304
0.222039
0.037971
-0.460048
0.993155
-0.339071
0.336134
0.148625
-0.342020
0.129045
0.190842
0.463292
0.189419
-0.076542
0.489178
-0.214946
0.165347
0.095723
0.132506
0.173940
0.021897
0.319609
0.437294
-0.168090
0.481561
0.151151
-0.248003
-0.193029
0.120104
-0.081378
0.069128
-0.278272
-0.402427
-0.291313
-0.228893
-0.316535
-0.080286
-0.026685
-0.116931
-0.304555
-0.033015
0.508954
-0.128156
0.308856
0.245747
0.041116
0.234617
-0.097523
0.230392
-0.102576
-0.250325
0.009541
0.410335
0.285029
-0.429174
0.062506
0.265813
0.086774
0.551600
-0.004921
0.244537
-0.064806
0.023105
-0.178405
0.387739
0.081417
0.155238
-0.480546
-0.401493
0.103950
-0.517384
0.005971
0.126639
0.301562
-0.072956
0.163654
0.106680
0.148693
-0.154208
-0.118551
0.030250
0.219320
0.163643
0.339065
-0.127558
0.097947
0.490647
0.151070
-0.066113
0.215024
-0.483966
0.300417
-0.129590
0.200366
0.233670
0.086592
-0.252424
-0.072236
0.231419
0.204270
-0.075223
0.121794
-0.096050
-0.034897
-0.080513
-0.082506
0.115920
-0.136533
-0.225636
-0.446213
-0.072792
-0.290187
-0.071190
-0.096568
0.224832
-0.073503
0.528647
0.000076
-0.244358
-0.274102
0.002625
-0.436885
0.020579
-0.062160
0.345086
0.407532
-0.233196
-0.286541
0.021340
-0.267019
-0.186768
0.219221
0.216487
0.035723
0.178000
0.153458
0.165264
-0.499645
-0.275319
-0.307002
0.180209
0.146911
-0.106331
-0.109945
0.074505
-0.085328
0.201261
0.505193
-0.049371
0.173068
0.309477
-0.113136
0.075062
-0.346365
0.510336
0.113591
0.458649
-0.269666
0.194339
-0.076645
-0.033449
0.198850
-0.237097
-0.189161
0.141334
0.406042
-0.103205
0.215297
-0.193792
0.162652
0.427712
-0.026770
0.094753
-0.242903
-0.235439
-0.163305
0.025498
-0.163846
0.161804
0.061735
-0.468227
-0.032516
0.063101
0.334981
0.154876
-0.219363
0.233924
0.200859
-0.273009
-0.255145
-0.057245
0.106341
0.078125
-0.200438
0.241984
0.091781
-0.497104
-0.254731
0.084735
-0.299567
-0.413161
-0.369544
0.033919
0.089263
0.138204
0.699685
-0.016892
-0.184252
-0.130316
0.008337
-0.061128
-0.203148
0.002348
-0.375878
-0.101646
-0.140262
-0.412245
-0.337409
-0.122957
0.241620
-0.287379
0.085519
-0.048019
-0.101866
-0.135383
0.147542
-0.004148
-0.113128
0.257846
-0.036036
0.086407
-0.445168
-0.204868
-0.019651
-0.014487
-0.000720
-0.011098
-0.201962
-0.234403
-0.205031
0.052913
-0.158999
-0.144546
0.339409
0.067297
0.080417
0.566441
0.092343
0.242163
0.293606
0.041229
0.143810
0.081240
0.241828
0.149813
-0.029910
0.359770
0.037339
0.014503
0.220800
2.089749
-0.198959
0.231418
0.105915
-0.002219
-0.124936
-0.711912
0.158182
-0.382580
-0.110315
0.202436
-0.050810
-0.213333
-0.007665
0.135690
-0.387866
-0.303477
-0.409047
0.136996
0.114006
0.419632
-0.368147
0.168518
0.178598
-0.016612
0.250204
-0.435391
0.484613
-0.183004
-0.313177
0.142291
-0.360643
0.380834
-0.241506
-0.298353
0.200096
-0.233926
-0.181339
0.695419
0.321729
-0.542936
-0.058606
-0.276180
-0.405857
-0.349460
-0.132313
-0.315712
-0.260449
-0.044561
-0.203890
0.349321
-0.210116
0.165347
