ORIGINAL Mean: -0.029162
ORIGINAL Variance: 1.010041
Output:
-0.571836
0.144743
0.223124
0.006950
0.050435
0.005207
0.008945
-0.157081
-0.390288
-0.179032
-0.643952
0.173676
0.536813
0.098809
-0.085047
-0.058335
0.181202
-0.648618
-0.264338
-0.076458
0.084400
-1.039602
-0.330408
0.155318
0.019962
0.533000
-0.290930
0.154505
0.378010
-0.021890
-0.498212
0.212721
0.817024
-0.500770
0.091714
0.079307
-0.141300
0.131640
-0.002229
-0.096015
-0.214555
-0.158620
-0.143966
0.202067
0.275524
-0.434935
-0.125848
0.231461
0.131804
0.355632
-0.298684
-0.048946
0.079316
-0.503743
0.054662
-0.375220
0.094660
0.095429
-0.022431
1.079339
-0.039651
0.189321
-0.587326
-0.301567
-0.345436
-0.017640
0.552788
0.043720
-0.411787
1.077510
-0.381333
-0.184524
0.006805
-0.018092
-0.358556
-0.575643
-0.011911
-0.359116
-0.042742
-0.440350
-0.138722
-0.332710
-0.370424
0.117209
0.153323
-0.222325
0.104003
0.286040
-0.120011
-0.221140
0.921385
0.625746
0.038694
-0.595196
0.087338
0.233461
0.065467
0.873473
0.070205
-0.343790
-0.841699
0.367284
0.130067
0.377378
-0.232438
-0.148176
0.340364
0.234825
-0.400825
0.448557
-0.057554
0.042668
-0.386764
0.440114
-0.548180
0.024084
0.386090
0.268695
0.036315
0.177851
-0.261423
-0.334736
-0.119468
0.542952
-0.138353
0.247348
0.107700
-0.121021
-0.279294
-0.183259
0.061456
0.618203
0.624318
-0.306499
0.173541
0.395103
-0.110384
-0.231705
0.986898
-0.008057
-0.132846
-0.058155
-0.044696
-0.263814
0.207956
-0.090747
-0.070142
0.218655
-0.478407
0.206953
-0.424107
-0.048207
-0.285324
-0.179574
0.561917
0.064561
0.238268
-0.301472
-0.290407
-0.180125
-0.033195
0.046404
0.213187
-0.162128
-0.190175
0.570192
-0.087406
0.161320
-0.007132
0.046360
-0.316120
-0.018227
0.186313
0.127342
-0.035374
-0.221719
0.399132
0.055124
0.163485
0.403309
0.179590
-0.021835
0.147898
0.746523
0.180917
0.847123
0.063206
0.199301
-0.000081
-0.040976
0.485287
-0.387348
0.689659
0.121880
0.075974
-0.083760
-0.044320
-0.067427
0.271609
0.056003
-0.385415
-0.104581
-0.136204
0.077800
0.163165
-0.145070
-0.159575
0.928003
0.399373
-0.659835
-0.062584
-0.691801
0.160781
0.044654
-0.409734
-0.205147
-0.558562
0.163690
-0.432151
0.029360
-0.227108
-1.220952
0.008350
0.021805
0.426292
-0.398658
0.056074
0.360051
-0.027667
0.304084
0.358237
-0.242573
0.051482
0.056863
-0.361542
-0.242386
0.136954
-0.049236
-0.173291
-0.632118
0.124655
0.055948
0.172868
0.264554
0.268482
0.154179
-0.070723
0.035574
-0.184955
0.222568
0.550655
0.044686
-0.145767
-0.120574
-0.270942
-0.015972
0.176582
-0.135387
0.655087
-0.279606
-0.010333
0.154076
0.227696
-0.137909
-0.029244
0.198801
-0.096001
-0.493508
-0.071123
-0.312304
-0.165336
-0.240934
-0.038962
-0.525835
-0.386775
-0.377495
-0.348492
-0.232027
-0.001586
-0.019091
-0.445824
-0.079650
-0.133835
-0.002499
0.166231
-0.078659
0.053951
0.454847
0.303616
-0.019778
-0.102727
-0.310030
0.054956
0.594701
0.240789
-0.198385
0.075329
-0.156982
-0.083156
0.009307
-0.155687
0.126830
0.282293
0.180968
-0.046736
0.202393
-0.298433
0.093515
0.315061
-0.036095
0.116778
-0.043858
0.480750
-0.370933
0.042563
-0.247387
0.206852
0.245858
-0.303504
-0.082109
-0.116887
0.406337
-0.265826
-0.187893
0.011259
0.853667
0.007440
0.114842
-0.087621
-0.048967
-0.456512
2.165624
0.025917
0.006915
-0.173505
-0.137594
0.404402
-0.124853
-0.236654
0.123233
0.403999
0.058163
-0.203729
0.244228
-0.275779
0.036084
0.116328
-0.035053
-0.143046
-0.311725
0.138344
-0.298973
-0.089820
0.798658
0.063259
-0.375827
-0.144964
0.214406
-0.173348
0.316305
-0.114747
-0.502490
-0.347342
-0.207166
0.483701
-0.146183
-0.048429
0.213352
0.044473
0.602348
0.277661
0.061990
-0.318056
0.082015
0.365055
0.349251
-0.123839
0.791187
0.314532
-0.284106
-0.550472
0.421850
0.462426
-0.013731
