ORIGINAL Mean: -0.031033
ORIGINAL Variance: 0.832724
Output:
0.716485
0.157000
-0.169695
-0.102847
-0.146374
-0.287129
0.041508
-0.065434
-0.367152
0.026140
-0.106945
-0.134161
-0.046692
-0.128800
-0.250162
-0.043151
0.116433
0.240898
0.368412
0.197858
-0.173352
0.138037
0.177720
-0.160839
-0.037333
-0.558332
0.076039
0.018416
-0.201396
0.198055
0.179842
0.304889
-0.316120
0.122237
-0.122037
-0.146312
0.181595
0.183332
-0.046860
0.001989
-0.059941
0.417357
-0.021897
0.016265
-0.294250
0.440591
0.177796
-0.448611
-0.221523
-0.284978
0.491903
-0.153947
0.053919
0.941946
-0.214896
-0.195772
-0.086990
0.223939
0.145319
0.151276
0.122913
-0.186618
-0.030489
0.271871
-0.414532
-0.134906
-0.417692
-0.248700
0.041948
-0.454290
0.098747
-0.306197
-0.004488
-0.012312
0.036902
-0.101610
0.176217
0.280304
-0.079046
-0.216618
-0.105266
-0.120813
0.222726
-0.287196
-0.045549
0.174041
0.025785
-0.028919
0.151350
0.324252
-0.070633
-0.050724
0.424764
0.518279
-0.240734
-0.126999
0.241925
0.120472
0.117980
0.210943
-0.028912
-0.764229
-0.083633
-0.114243
0.100434
-0.172378
-0.316722
-0.031778
0.173075
0.274377
-0.013984
0.020301
0.237828
-0.219660
0.082050
-0.221537
-0.061580
0.087149
-0.057077
-0.069028
-0.014422
0.096923
-0.076116
-0.331342
-0.054353
-0.398850
0.013370
0.276186
0.167111
0.086146
0.043281
-0.139416
-0.021881
-0.267218
-0.176698
-0.145453
0.151355
-0.031172
-0.359564
0.101897
0.075060
-0.384688
0.634623
0.197206
0.065947
-0.255787
-0.195307
-0.587265
0.190393
0.384588
0.214327
0.188382
0.016009
0.223352
-0.250813
0.019509
-0.390840
-0.070694
0.023209
-0.137630
-0.528626
0.797671
-0.111456
0.112611
0.192596
-0.137693
0.059722
0.209195
-0.124248
-0.514032
-0.039258
0.218033
0.070457
-0.151122
0.057391
0.136606
-0.026320
-0.460773
-0.096733
0.205979
-0.160857
-0.116236
-0.394448
0.098978
-0.157605
-0.514983
0.162924
-0.438184
-0.000148
-0.095950
-0.251593
-0.129470
0.063927
0.026535
0.135389
-0.066269
-0.239171
-0.172932
-0.190869
0.342789
-0.209538
-0.058507
0.065130
-0.245000
0.102948
0.043956
0.026333
-0.174980
-0.032043
-0.245895
-0.047504
0.045960
0.167473
-0.144408
-0.043830
-0.143784
-0.071328
-0.222964
0.396502
-0.083749
-0.077355
0.998785
-0.124797
0.148218
-0.282965
0.097036
-0.065998
0.266548
0.140286
0.047016
-0.409094
0.065381
0.036165
0.032935
0.156074
0.221322
-0.084652
0.146402
-0.035382
-0.034663
-0.209274
0.210943
-0.134118
-0.218568
-0.396238
-0.029956
-0.145250
-0.107010
0.334775
-0.092006
0.144363
0.020142
-0.178041
0.203987
-0.229617
-0.052314
-0.296287
0.144156
0.089600
-0.310115
-0.046518
0.374443
0.046371
-0.024826
-0.203233
-0.009697
0.125634
-0.133862
-0.073200
0.081596
-0.326625
-0.423168
-0.024770
0.086342
0.024028
0.135966
-0.111158
0.465838
0.002691
-0.406205
0.162302
0.155419
0.168482
-0.152954
-0.370441
-0.119941
-0.006133
-0.343167
-0.601316
0.148003
0.136615
-0.011810
0.184222
-0.089847
-0.047598
0.147729
-0.016219
0.044931
-0.189059
-0.042784
0.155891
0.079496
-0.084289
0.151179
-0.004790
0.003404
0.489747
0.089959
-0.385310
0.121980
-0.047266
0.183813
0.073212
0.212587
-0.146798
0.124370
-0.236535
0.488705
0.231587
0.210879
0.364057
-0.096373
0.167923
0.087267
-0.164613
-0.181320
-0.013710
-0.125951
-0.064300
0.030962
0.288009
1.883107
0.102374
0.088703
0.275834
0.149355
0.173735
-0.399543
-0.125260
-0.371336
-0.336772
-0.138147
-0.264239
-0.118627
0.202738
0.029359
-0.069346
-0.033792
-0.107814
0.115853
-0.231252
0.100002
-0.176279
-0.001492
-0.117491
0.272145
-0.270023
-0.430075
-0.135582
0.096328
0.118461
0.488121
-0.096726
0.077552
0.216476
0.006441
0.053520
-0.126019
0.090049
0.976238
0.263461
-0.103417
0.082462
-0.423188
-0.100732
-0.533372
-0.124348
0.020929
-0.216915
-0.024108
0.608593
0.509440
0.162192
-0.365008
