ORIGINAL Mean: -0.031701
ORIGINAL Variance: 0.986914
Output:
0.301682
-0.150520
-0.031540
0.196281
0.048368
-0.121931
-0.056569
0.201968
0.019836
-0.131420
-0.706308
-0.136570
0.175172
0.155918
-0.034848
-0.049053
-0.060202
0.250761
0.112192
0.529443
-0.172327
0.174744
0.387417
-0.501592
-0.395729
-0.398919
-0.061465
-0.082297
-0.102380
-0.347871
-0.214080
-0.541394
-0.823288
0.965089
0.429492
-0.202297
-0.671188
0.134975
-0.092168
-0.303963
-0.057923
0.288971
-0.216895
0.059741
-0.670917
0.376062
-0.013879
-0.224208
0.070807
-0.136168
0.590776
0.514809
0.204792
-0.414036
0.271128
0.164072
0.246063
0.100024
0.119379
-0.085983
-0.106975
-0.635027
0.424089
-0.112694
0.063671
-0.162787
-0.192915
-0.475290
0.260493
-0.192599
-0.314202
0.345028
-0.105373
-0.028360
0.090801
-0.338844
0.087300
-0.076909
0.201641
0.304000
-0.023629
-0.470391
0.317589
0.047338
0.193850
0.369966
0.252349
0.066344
-0.253156
-0.817821
-0.853651
-0.773933
0.630191
-0.113616
-1.161271
-0.090412
-0.096073
0.804854
-0.035209
0.303038
-0.392728
-0.779777
-0.017182
-0.541835
0.310983
0.402312
0.269010
0.747574
-0.305191
0.819996
0.043688
-0.038514
0.385974
0.027026
-0.009859
-0.241163
-0.260643
-0.027478
0.166940
-0.185999
0.010333
-0.030164
0.095835
-0.010188
-0.075741
-0.044567
-0.438996
-0.232790
-0.145696
0.198997
0.068215
-0.480807
-0.235759
-0.044332
-0.105830
-0.320874
-0.068016
-0.256689
0.291723
0.095385
0.029891
-0.262394
0.359853
-0.404262
-0.418369
0.278916
-0.317469
-0.144300
0.109087
-0.094341
-0.205022
-0.128272
0.028294
0.050932
0.039135
-0.011618
-0.247254
0.028942
-0.081289
0.017454
-0.198541
0.208018
0.249546
0.030748
-0.058522
0.426381
0.046730
-0.380253
-0.341181
0.195600
-0.067601
-0.394795
0.197615
0.142509
0.276858
0.164360
0.088069
0.161788
-0.147188
0.659543
0.142540
0.024934
0.090632
0.488103
-0.231300
-0.321616
-0.141705
0.426497
0.000037
0.005926
0.213614
-0.592026
-0.520140
0.056961
0.112508
0.061112
-0.042021
0.235969
-0.168569
0.135702
-0.340461
-0.470131
0.017103
-0.077708
-0.007745
0.053539
0.144558
-0.019658
-0.012908
-0.734735
-0.005574
0.084927
0.016073
0.046019
0.095969
0.300290
-0.231479
-0.374181
0.436167
0.172340
-0.161744
0.898377
-0.078088
0.143217
0.054128
-0.104891
-0.056812
0.207092
0.100999
-0.279569
0.025986
-0.245336
0.209369
-0.747142
0.151643
-0.142429
0.192666
-0.126880
0.081980
0.666647
-0.267289
-0.111769
-0.292686
-0.913479
0.057517
-0.201134
0.084860
0.510079
0.200511
-0.257451
-0.206472
-0.831452
-0.113314
-0.092778
-0.131395
-0.118132
-0.475055
-0.141781
-0.790210
0.213107
-0.022244
-0.421735
-0.324486
0.201714
0.314346
-0.624120
0.046129
0.633252
0.373619
-0.103778
0.399040
0.491969
0.269940
-0.181790
0.264391
0.198204
0.100761
0.137295
-0.163463
-0.016475
-0.270865
0.015153
-0.070261
-0.166990
0.856306
-0.089698
0.015982
0.029657
-0.130814
0.204648
0.228495
-0.398526
0.712214
-0.980818
-0.152240
0.189478
0.000709
0.004017
0.066077
0.032652
0.034544
-0.021545
0.164954
0.208199
-0.053286
0.049444
0.099510
0.124808
-0.082571
-0.081971
-0.208958
-0.359279
-0.088814
0.223516
0.333586
-0.095965
-0.102575
-0.010485
-0.255675
0.622251
-0.256373
0.741974
0.320180
0.142174
0.043210
0.553612
0.116139
-0.127921
0.955633
-0.031891
-0.060334
1.834858
-0.625341
0.339758
0.183700
0.185232
0.889159
-1.226881
-0.078247
-0.120710
0.020559
-0.365353
0.134350
-0.224353
0.099919
0.059556
-0.569882
-0.033586
-0.195308
0.381901
0.150774
0.376414
0.269966
0.795824
0.146705
-0.013052
-0.218103
-0.017928
0.227974
-0.466006
0.264844
0.197722
0.443831
-0.016760
-0.514715
0.183008
0.091421
0.377898
-0.199370
0.333118
-0.158236
0.238594
0.090744
0.212947
0.124021
0.011473
-0.296102
0.226108
-0.039748
0.034229
0.274780
-0.392922
0.144065
0.185469
