ORIGINAL Mean: -0.040262
ORIGINAL Variance: 0.960466
Output:
0.810031
0.274409
-0.205787
0.007679
-0.426704
-0.194803
-0.231928
-0.029837
-0.380223
-0.150157
0.533866
-0.518284
0.521961
-0.072225
-0.168168
0.060996
0.704770
0.292583
0.282957
0.870693
-0.170408
-0.725937
0.815686
-0.131807
0.207567
-0.246006
0.014024
0.110080
-0.387658
0.538951
0.128674
-0.211440
-0.097049
-0.037083
-0.363827
-0.208682
0.115187
-0.160631
0.012011
-0.041880
-0.316341
0.364897
-0.585265
0.132430
-0.320602
0.061834
0.149268
-0.064440
-0.142316
0.280161
0.722642
0.562338
0.143025
0.267880
0.139275
-0.231821
-0.459724
0.329498
0.061643
0.023771
-0.002693
0.027878
0.057089
0.055972
-0.383168
0.039664
0.367370
-0.252369
0.222185
0.371922
0.071664
0.065527
0.173398
0.077034
-0.616310
0.047346
-0.133541
0.337219
0.124140
-0.392802
-0.025603
-0.131916
0.175368
0.090136
0.030250
0.494957
-0.003925
-0.039398
0.581030
0.014741
0.885186
-0.187579
0.369356
0.491845
-0.305932
0.460001
0.194426
-0.054787
-0.393282
0.111127
0.317495
-0.269155
-0.594471
-0.323245
-0.044096
-0.011682
-0.018621
-0.548626
0.316929
0.283365
-0.278219
-0.021854
0.503748
0.320974
0.108670
0.086975
-0.275253
0.138577
-0.159044
-0.006140
-0.110997
-0.239824
0.034482
0.004724
-0.053351
-0.430853
0.395731
0.139590
0.252904
0.382481
-0.002944
-0.066141
-0.314844
-0.577047
-0.184010
0.157491
0.048604
-0.158730
-0.295158
-0.118717
-0.049930
-0.245715
0.113156
-0.137594
0.192679
0.241305
-0.337297
0.164774
0.390151
0.266790
-0.392487
-0.688724
0.382333
0.117992
0.284278
-0.135317
0.306187
0.409735
0.360138
-0.026693
-0.727495
-0.489651
0.357880
-0.193039
0.127803
0.100141
-0.113560
-0.263219
0.128724
0.017886
-0.071382
-0.073179
0.223652
-0.294447
-0.040384
0.022200
-0.001299
0.232645
0.118070
0.015246
-0.477186
0.425326
0.000410
0.134582
-0.182083
0.051633
-0.069545
0.733614
0.000062
-0.213860
0.018460
-0.285317
-0.294390
-0.015586
-0.015337
0.460117
0.003514
-0.097501
-0.147367
0.380772
-0.171025
-0.013446
0.304644
-0.032411
-0.749117
0.056448
-0.030662
0.154299
-0.354676
-0.819555
-0.222198
0.228531
0.131376
0.202017
-0.168071
0.270669
-0.387926
0.242366
0.072301
0.150271
-0.037603
0.497446
0.086404
-0.067094
0.039699
-0.333419
0.064014
0.209499
0.110083
0.173662
0.083158
-0.168420
0.086726
0.189983
-0.229828
-0.286696
-0.020237
0.065146
0.450596
-0.095389
-0.104076
0.151863
-0.097663
-0.987801
0.181723
-0.272850
-0.732045
0.047602
0.012478
-0.191881
0.053727
-0.665801
0.101507
0.044626
-0.239788
-0.117914
-0.525909
-0.040150
-0.472237
0.004318
0.645762
-0.070333
0.069639
0.196687
-0.055443
-0.194894
0.036822
-0.580270
-0.174045
-0.022466
-0.533606
-0.027135
0.040614
0.348113
-0.590629
-0.215429
0.032184
-0.614746
-0.131990
0.357646
-0.125992
0.098337
-0.218278
-0.358989
0.180930
0.275768
-0.155067
-0.546336
0.041456
0.069194
0.228584
-0.265699
0.321281
0.016184
-0.686868
0.232460
0.077251
-0.100473
0.135788
0.280076
-0.211817
0.108502
-0.446249
-0.014645
0.015757
-0.030803
0.246677
-0.000406
-0.346829
-0.205542
-0.218994
0.421307
0.650707
-0.299333
0.611997
0.026002
-0.214213
0.742003
0.305674
0.707693
0.362581
0.821262
0.210324
0.040510
-0.015129
-0.246600
0.042787
0.306402
0.191595
-0.024251
0.110239
2.165719
0.139991
0.505109
-0.269084
-0.154009
0.113450
-0.968075
0.018079
-0.273767
-0.119882
0.221400
-0.179819
-0.151339
-0.069984
-0.043615
0.174252
0.003489
-0.665208
0.199254
0.101046
0.404025
-0.086315
0.055195
0.213348
-0.057192
0.099451
-0.242476
0.129501
-0.183735
-0.262256
0.191048
0.178775
0.250147
-0.248209
-0.226836
0.076243
0.313246
-0.111841
0.683013
0.034381
0.547723
-0.196045
-0.146366
0.107785
-0.440989
-0.265695
-0.026444
-0.044419
0.191219
-0.134034
-0.216642
-0.298984
-0.124218
