ORIGINAL Mean: -0.035298
ORIGINAL Variance: 1.024136
Output:
-0.781658
-0.115333
0.098579
0.130359
-0.004043
-0.026170
0.240070
-0.152992
-0.100757
-0.239493
0.079992
0.205310
0.150268
0.054224
-0.107146
-0.146572
-0.006713
0.099231
-0.421979
-0.082944
0.052323
-0.275225
-0.122194
0.085944
-0.046225
0.210416
0.401729
0.132530
0.322700
-0.047283
-0.455825
-0.234550
0.345977
-0.413184
0.073396
0.135156
-0.292341
-0.539812
-0.077717
-0.197087
-0.285104
0.164181
0.127419
0.198381
0.588142
-0.238296
0.162748
0.311801
0.211205
0.286270
0.256253
0.180274
-0.144807
-0.162598
-0.219657
-1.095385
-0.798100
-0.206427
0.198613
-0.010745
-0.287924
-0.369932
0.212086
0.694132
0.137281
-0.040800
0.018929
-0.370338
-0.700599
0.045889
-0.269913
0.160773
-0.001622
0.013569
-0.232925
-0.415535
-0.071071
-0.286359
0.085476
0.012994
-0.082749
0.001616
-0.292311
-0.342699
0.081744
-0.197652
0.072808
-0.033321
0.366297
0.160272
-0.239550
-0.152892
0.000328
-0.562840
-0.038611
0.142073
0.340649
-0.237897
0.209148
-0.182322
-0.448993
0.273081
0.027445
0.051675
-0.047926
0.473850
0.392686
-0.377123
0.221147
-0.305311
0.243436
0.052067
0.188559
0.716485
-0.281732
-0.725209
0.033608
-0.035628
-0.155573
0.213774
-0.229145
0.042797
-0.013905
0.052146
-0.010155
0.024404
-0.001491
-0.178597
-0.233539
-0.155502
0.075663
0.477417
-0.057658
-0.363504
0.181410
0.423460
-0.140860
0.029038
0.107127
-0.005825
0.147025
0.087161
0.818234
0.222047
-0.076242
0.198265
-0.337217
0.219212
0.623826
0.292537
0.025664
-0.431065
0.391292
-0.072311
0.205757
0.135866
-0.084684
-0.494365
-0.119435
-0.178483
-0.433901
0.096324
0.042462
-0.260354
0.096332
-0.825448
-0.112997
0.153902
-0.283939
-0.150549
-0.142707
-0.386218
0.300125
-0.133437
-0.044668
0.033624
0.358299
-0.514911
0.213155
0.499229
0.205487
0.185659
-0.180056
0.405157
0.180468
0.222480
0.127492
0.499829
-0.000030
-0.049054
0.200370
-0.006256
-0.343454
0.109374
0.014416
-0.224574
-0.101623
-0.221397
1.112551
0.331597
-0.065963
0.160382
0.380277
0.073826
-0.016332
-0.051742
-0.285976
0.610964
0.870459
0.068429
-0.048388
0.269591
0.325508
0.233905
-0.265305
-0.053388
-0.026116
0.493363
-0.619351
-0.106105
-0.037597
-0.590876
-0.129418
0.156892
-0.034342
-0.221147
-0.035600
0.421495
0.058383
0.131879
0.400661
-0.391039
0.177789
0.743474
-0.392566
0.049088
0.642176
-0.300485
-0.860554
-0.445755
-0.128482
-0.179386
-0.191690
0.306484
0.342601
-0.065391
-0.216844
-0.121836
-0.108154
-0.013455
0.002174
0.332960
-0.025534
-0.167894
-0.049749
-0.092895
0.243821
-0.122449
0.205431
-0.151628
-0.265174
-0.184017
-0.112239
-0.312125
-0.071725
0.602717
-0.010292
0.057279
0.055021
0.026304
-1.126588
-0.419933
-0.309013
0.025267
-0.109350
0.019716
-0.104591
-0.108163
-0.116974
0.717248
-0.480745
0.336168
-0.201729
0.075326
0.009673
0.107690
-0.235235
0.287567
0.402603
0.039151
0.037003
0.377394
-0.115383
0.876106
-0.018335
0.038225
0.117796
-0.086107
0.255255
-0.051568
-0.176473
0.378551
0.034254
0.353926
-0.065876
0.076800
-0.323607
0.118054
0.271392
-0.127503
0.071633
0.284999
-0.690954
-0.013794
-0.106311
-0.391024
0.272532
0.121469
-0.230748
-0.180473
-0.591062
0.325288
0.227144
-0.139386
0.137610
-0.140827
0.014928
-0.032628
-0.530558
0.096441
-0.243485
2.056895
0.532073
0.500761
-0.156320
-0.132096
0.490338
-0.044751
-0.182236
-0.082317
0.088039
0.198415
-0.341473
-0.441093
-0.117778
0.007517
0.477324
0.372039
0.119360
0.502547
0.029849
0.345717
-0.006628
0.290160
0.356378
-0.436834
-0.380055
0.330324
-0.056796
0.409962
0.202042
-0.267409
0.055541
-0.145565
-0.385009
-0.188767
-0.058147
0.387382
-0.176180
1.437732
0.549168
-0.181374
-0.192450
0.065320
-0.025128
-0.361664
0.138397
0.018934
0.063342
0.352651
-0.799210
-0.545941
-0.917585
0.000669
