ORIGINAL Mean: -0.017384
ORIGINAL Variance: 1.026883
Output:
0.300208
-0.244955
0.196847
0.044733
0.012300
-0.016640
0.096113
0.330240
0.025607
0.165197
-0.468725
-0.322356
0.296488
-0.010777
-0.165989
0.183020
-0.283040
-0.307364
0.312853
-0.464824
0.066217
0.326247
0.727560
0.133258
-0.355113
0.176436
-0.136831
0.003806
0.171822
-0.449443
-0.627902
0.279706
-0.585849
0.385047
0.126419
0.114316
-0.174632
-0.456753
0.003766
-0.524696
0.398818
-0.289265
0.400408
-0.090708
-0.075957
-0.088809
-0.436854
-0.056221
0.178923
-0.112514
-0.126385
0.945512
0.434152
-0.648465
-0.025798
0.343052
0.009183
-0.239786
-0.113510
0.421082
0.184717
-0.111298
-0.155109
-0.156412
-0.790190
-0.011462
-0.314507
0.418776
0.246250
0.208237
0.678867
0.923333
-0.224933
-0.143461
-0.100847
-0.480271
0.029465
-0.223449
-0.236017
0.389982
-0.403508
-0.147413
0.123880
-0.424944
0.118383
-0.033442
0.054528
0.386271
0.454925
-0.206479
-0.002073
0.695466
0.136114
-0.222954
0.556393
-0.417870
0.664761
-0.214752
-0.018925
0.083027
-0.058328
-0.640297
0.361789
0.074146
0.281377
0.010369
0.294758
0.315360
0.206882
0.357046
-0.326727
0.146786
-0.322786
-0.380723
-0.311573
-0.036284
0.093932
-0.559271
0.458591
0.017743
0.050317
-0.280877
-0.118240
-0.073639
-0.439313
0.400652
-0.249132
-0.103402
0.291617
-0.395072
0.042274
0.042361
-0.015967
0.036386
-0.163132
-0.568639
-0.024148
0.151985
-0.106090
0.024930
-0.131808
0.248585
-0.615314
-0.594838
0.176436
-0.222321
-0.457248
0.283672
-0.540987
0.101799
0.231211
-0.328549
-0.332510
0.104463
0.212286
-0.152583
-0.610339
0.199724
-0.037516
-0.188251
0.037878
0.654689
0.148181
0.245410
-0.294701
-0.378326
-0.259174
-0.231708
0.041648
0.226880
-0.198229
-0.013059
-0.083274
0.048464
0.057366
-0.064230
-0.242729
0.441219
-0.064322
0.265137
0.309603
-0.523510
0.477949
-0.122891
0.048036
0.617540
0.144511
-0.029562
-0.000050
0.255485
-0.080028
-0.340107
0.251983
0.145911
0.202111
-0.249746
0.153107
0.218638
-0.446371
-0.249546
-0.315116
-0.313267
-0.640689
-0.074817
-0.902570
-0.177082
0.984313
-0.315847
-0.447521
0.121099
0.121114
0.343395
-0.238311
0.120631
0.064642
0.211676
-0.237072
-0.129690
0.414137
0.073953
-0.322806
-0.177091
0.064495
-0.152293
0.610203
-0.257735
-0.013834
0.164947
-0.083856
-0.186275
-0.295025
-0.212960
0.062528
-0.266193
0.161205
-0.455558
-0.461065
0.406765
-0.710927
0.491741
0.024283
-0.263369
0.673075
0.060705
-0.014442
0.187495
-0.597377
0.325206
0.094359
0.155505
0.055483
-0.118240
-0.192218
-0.040369
-0.167454
-0.133178
-0.252969
-0.158592
-0.256665
0.407385
-0.177299
0.508071
-0.005766
-0.152936
0.346862
0.009646
-0.211538
-0.081848
0.301984
-0.133918
0.526290
-0.639270
0.070110
0.120489
-0.451577
-0.559051
0.312201
0.159731
0.101575
-0.560380
0.170668
-0.052659
0.086018
-0.183020
0.288100
-0.139100
0.115538
-0.127953
-0.193839
-0.049940
0.038934
-0.443788
0.251790
-0.043361
-0.961961
0.231006
-0.060002
0.093566
-0.201742
0.052318
0.149535
-0.521443
0.202537
0.057184
-0.081664
0.178890
-0.152394
0.164758
-0.021381
0.225061
0.068168
0.330587
0.007201
-0.322653
0.569390
0.007688
0.252715
-0.719545
-0.388225
-0.833149
0.354494
0.345180
-0.418265
-0.067306
-0.284685
0.721159
-0.015929
0.042915
-0.172479
-0.105914
-0.212686
1.873564
-0.258036
-0.561205
0.574584
0.019885
0.568109
-0.858193
0.486610
0.311890
0.361991
-0.303530
0.349552
0.019429
-0.058932
-0.047382
-0.343177
-0.351764
0.281113
-0.292280
0.188205
0.466254
0.112489
0.600659
-0.218174
-0.057960
0.051915
-0.013520
-0.096175
-0.238947
0.123779
-0.028981
0.228157
-0.161745
-0.216159
0.205067
-0.063064
0.231129
0.032471
0.493135
-0.170814
-0.067400
-0.080128
-0.241915
0.030665
0.853542
0.171029
0.061621
0.059832
-0.363895
0.413293
-0.047387
-0.376918
-0.237525
