ORIGINAL Mean: 0.025139
ORIGINAL Variance: 0.923968
Output:
-0.039340
-0.041152
0.180575
-0.352851
0.050813
0.111975
0.130404
-0.237688
0.055758
0.016956
0.355845
-0.538904
-0.348491
-0.079625
-0.212862
0.164113
-0.213567
0.248286
0.188763
-0.265142
0.049141
-0.337466
-0.412150
0.009686
0.159871
0.211893
-0.189760
-0.096029
0.108593
0.297368
-0.306071
-0.324999
-0.433762
0.369101
0.204424
-0.075966
-0.096143
-0.290800
-0.038841
0.016552
0.355802
-0.348265
-0.212660
0.331855
0.143502
-0.003510
-0.034833
-0.421788
-0.337454
0.099900
-0.374433
0.328961
0.164285
0.669951
0.672001
-0.205072
-0.175030
-0.461712
-0.209881
0.084554
0.207109
0.707832
0.131528
-0.237438
0.066313
-0.058578
0.278395
0.384447
-0.532661
-0.083494
0.098525
0.199194
-0.088625
0.121018
0.747485
-0.360331
0.346266
0.133548
-0.211630
-0.204328
0.026340
0.384245
-0.107071
-0.403331
-0.102943
-0.163554
-0.207086
-0.276520
-0.455173
0.525545
-0.313380
0.530428
0.187923
0.116533
-0.061082
-0.455676
-0.484975
0.648824
-0.194978
-0.024165
0.633095
0.041257
0.179519
0.637411
-0.093413
0.123698
-0.230337
0.082145
-0.346009
0.552980
-0.004747
-0.104305
-0.107218
0.135704
-0.034139
-0.194098
0.105491
-0.055050
0.135770
-0.292521
0.043866
-0.348435
-0.093106
-0.295470
-0.021016
0.144164
0.037484
-0.160873
-0.137126
0.187823
0.023186
-0.129685
-0.214723
-0.202541
0.036280
-0.142724
0.173905
0.231689
0.061242
-0.009009
0.044289
0.214650
-0.905027
-0.079354
0.190918
0.590698
0.172185
0.094627
-0.229223
0.126259
0.038135
-0.097011
-0.351603
-0.077153
-0.449811
-0.093926
-0.169762
0.283606
-0.062282
-0.106388
0.118289
-0.275160
0.042741
0.007903
-0.047927
0.248438
0.056690
0.129612
0.333114
-0.347485
0.087425
-0.023848
-0.125303
-0.240799
-0.105843
0.030929
-0.275498
0.384337
0.198303
-0.029265
0.100350
0.175549
0.393719
0.293357
0.118475
0.046083
0.095961
-0.128811
-0.000156
0.078830
-0.001992
0.504981
0.339202
0.079889
-0.002316
0.132468
-0.006974
0.248556
-0.354853
-0.172194
-0.135096
0.149268
-0.142737
-0.421479
-0.122666
-0.013267
0.063410
-0.450889
-0.553286
0.749520
0.035467
-0.381013
-0.164905
-0.116788
-0.249442
-0.132743
0.675274
-0.190314
-0.346410
0.034983
-0.030371
-0.425515
0.013425
-0.711066
0.030356
-0.162080
0.042319
-0.932732
0.077538
-0.014925
-0.174847
0.032541
-0.105963
0.188483
0.100150
-0.250149
-0.864075
0.185321
-0.370791
0.261351
0.066103
0.003688
0.405586
-0.217067
-0.021502
0.088472
-0.140204
-0.324665
0.020900
0.285793
0.370491
-0.203152
0.208318
-0.020418
0.009015
-0.048223
-0.178862
-0.192226
-0.428241
-0.908457
-0.151182
0.421595
0.098405
0.239531
-0.011932
-0.574209
-0.130459
-0.443056
-0.231815
-0.159657
0.936758
0.309454
-0.054946
0.191864
-0.331668
-0.102245
-0.053597
0.072402
0.195779
0.287170
0.074014
0.192100
0.137976
-0.041049
-0.081894
-0.354689
0.054894
-0.597402
-0.055617
-0.038204
-0.039764
-0.290844
-0.022788
0.007509
-0.102253
0.054128
-0.113590
0.090133
-0.042483
0.139622
0.138894
-0.260419
0.015606
0.249387
0.203038
0.221286
0.254768
-0.078610
-0.329325
0.286427
0.116737
-0.443697
0.136143
-0.086895
-0.250364
0.278077
-0.173883
-0.062532
0.442698
0.015732
0.628152
0.210680
0.175326
-0.180854
0.488542
-0.230027
0.025509
-0.101939
-0.378458
-0.061214
0.100938
2.065926
0.043942
-0.479196
0.297337
-0.129420
0.134123
-0.897664
0.032109
0.260510
-0.004906
-0.385737
0.065970
0.127305
-0.191134
-0.064578
-0.395980
-0.230661
0.505391
0.203088
-0.210062
0.470118
-0.063019
0.649996
-0.279352
0.011724
0.105717
-0.097767
-0.217731
-0.821800
0.022373
-0.304354
0.016001
0.180925
0.598522
0.265831
-0.091920
0.022032
0.341218
0.257504
-0.039912
-0.747275
0.217361
0.162502
0.336232
-0.286368
-0.394319
0.739251
0.030657
0.234825
0.282820
-0.235358
-0.726254
-0.319112
