ORIGINAL Mean: -0.020737
ORIGINAL Variance: 0.990381
Output:
-0.388314
0.549297
0.287207
-0.004672
0.032080
-0.005785
-0.185617
-0.126631
0.351165
-0.106348
-0.133449
0.071423
0.190222
0.122422
-0.149059
-0.100685
-0.004674
0.184585
0.028356
-0.020860
0.028325
-0.378588
-0.273971
0.369414
-0.040115
0.453314
0.360912
0.143351
0.178534
-0.486402
-0.567636
0.517037
0.037024
0.226749
0.039653
0.044756
-0.322670
-0.750450
-0.018373
-0.052192
0.068718
-0.245435
-0.079238
0.161862
-0.359443
-0.382625
-0.202514
0.060983
0.206546
0.331094
-0.042227
0.067675
0.153810
-0.851838
-0.140310
-0.322873
-0.399838
-0.521111
-0.185804
0.299615
-0.157574
-0.737833
-0.016454
0.055338
-0.074431
-0.286580
-1.013909
-0.296365
-0.168182
-0.707559
-0.119559
-0.007180
-0.004170
0.054347
-0.052178
-0.799562
0.060521
-0.261883
-0.022618
-0.268224
-0.179819
0.365088
0.053336
-0.086735
-0.046639
-0.299364
-0.033783
0.205352
0.252056
-0.134561
-0.569798
-0.631913
-0.065515
-0.522350
-0.754317
-0.213125
-0.252028
1.191651
-0.071337
-0.216577
-0.295782
-0.103300
0.120271
0.370202
-0.330766
0.597616
0.233907
0.784362
-0.068275
0.123367
-0.050004
-0.006123
-0.011604
0.259384
-0.354269
-0.069842
0.100340
0.239864
0.355194
-0.070035
-0.183293
-0.370391
0.096677
0.547327
-0.170537
0.400491
0.062082
0.006871
-0.152923
-0.303723
0.081589
0.147365
0.188946
-0.376147
0.158657
0.245383
0.006011
-0.719092
0.009963
0.147564
-0.068496
0.709926
-0.570650
-0.085237
0.164067
0.241575
-0.195030
0.299758
0.119673
0.008600
0.052094
0.307129
-0.060656
-0.703602
0.423693
0.093468
0.132684
-0.160527
-0.333070
-0.186256
0.012173
-0.510608
0.425816
-0.179710
-0.061135
-0.045256
0.161702
-0.067033
-0.142086
0.085932
-0.149938
-0.209381
0.131010
0.211500
0.134629
-0.153382
0.283112
0.489052
0.045992
-0.192968
0.189163
-0.200767
0.686829
0.362233
0.077909
0.261860
-0.005508
0.408458
-0.000115
0.031052
0.208182
-0.198938
0.174164
0.081944
0.057431
0.092213
-0.114835
0.041406
-0.030483
-0.185577
-0.423300
-0.110799
-0.284053
-0.006189
0.142620
-0.210393
-0.202697
-0.153409
0.020358
1.015151
0.010198
-0.190555
-0.006913
-0.103615
-0.282340
-0.024984
0.202884
-0.062552
-0.195308
0.326027
-0.233827
-1.093094
0.112684
0.001950
-0.113219
0.023728
0.147887
0.525374
0.159670
0.283955
0.320999
-0.325284
0.070574
0.254068
-0.208131
-0.164472
-0.109205
0.223550
0.254280
0.170226
0.222852
-0.056436
0.219091
-0.550150
0.281157
0.228329
-0.165729
0.146919
-0.232601
0.123786
-0.060787
0.472236
-0.091431
-0.314647
-0.278486
0.003176
-0.015298
-0.143778
-0.398933
-0.153182
-0.564035
0.075292
0.129916
0.030394
0.102627
-0.034514
-0.131003
0.134379
0.160815
-0.209561
0.791775
0.845352
-0.116890
-0.034687
0.038468
0.527624
0.497449
0.218755
0.033298
0.335238
-0.075208
-0.193305
-0.033558
0.006473
-0.005126
-0.011641
-0.114747
0.133476
-0.141290
-0.044858
-0.129173
-0.071252
-0.023630
-0.414168
-0.183747
-0.161870
0.045804
-0.134041
0.280853
0.105220
0.084175
-0.090875
0.338417
0.038116
-0.021903
0.137393
-0.389745
0.056019
0.318729
0.030421
0.157860
-0.469092
0.697989
-0.362963
0.348659
-0.078450
0.169980
-0.837001
-0.265287
0.835101
0.052732
-0.071506
0.042607
-0.271265
0.196652
0.865003
0.040675
-0.048472
0.373200
-0.081449
-0.403179
2.003448
-0.349426
-0.145283
0.248527
-0.123655
0.119688
-0.532373
-0.066247
0.277085
0.063561
0.004386
0.033734
-0.598910
-0.208072
-0.023565
0.048373
0.165361
0.352682
-0.611446
0.192056
-0.245011
0.159452
0.850203
-0.002295
-0.256863
0.031728
0.159623
0.069335
-0.777553
0.065187
-0.602580
0.154657
-0.104178
-0.522567
0.133237
-0.004463
0.314757
-0.245921
0.265680
-0.493661
0.294135
-0.191968
1.068851
0.124554
0.945219
0.166587
-0.557290
0.191146
0.221288
-0.313334
-0.278290
0.999622
0.014925
