ORIGINAL Mean: -0.005581
ORIGINAL Variance: 0.978237
Output:
0.358672
0.264919
-0.199692
-0.158627
0.096067
-0.151000
0.248147
-0.107947
-0.138377
0.251009
-0.650918
0.331748
-0.194558
-0.086926
-0.114520
-0.041020
-0.060498
0.102860
-0.095500
-0.086851
-0.067513
0.004748
0.277466
-0.068753
-0.102075
-0.431912
-0.196359
-0.194637
0.068095
-0.244508
-0.017235
-0.447360
0.340386
0.139070
-0.412940
-0.061864
-0.003756
0.338004
-0.113967
0.352223
0.090107
0.184853
0.079401
0.192750
0.777062
0.564057
0.304291
-0.265945
-0.247126
-0.146978
0.197474
-0.454751
-0.072881
1.215806
0.012477
-0.502129
0.248678
0.398772
0.222148
0.035098
0.240138
0.115030
-0.444888
-0.613051
0.327744
-0.116664
0.342051
-0.141686
0.191950
-0.758255
-0.012961
-0.128980
-0.186080
-0.001005
0.503649
0.151224
0.214593
0.079757
0.028243
0.087860
0.519169
-0.084595
-0.424525
0.686449
0.014243
-0.140283
0.095405
0.101300
-0.853164
-0.268109
0.459356
0.287228
-0.176530
0.348697
-0.475796
-0.167540
-0.094347
-0.409000
0.180641
0.083941
0.239784
-0.153992
-0.008853
-0.006981
0.278666
0.382948
-0.445797
-0.189367
0.231499
0.356933
-0.234626
-0.067148
-0.025737
-0.213254
0.179105
0.009626
0.313825
-0.268596
-0.103071
-0.380003
0.026732
0.188546
-0.295859
-0.762271
0.095359
-0.320330
-0.320350
0.025214
-0.146041
-0.074266
0.017265
-0.094730
-0.500024
0.234469
-0.025986
-0.466729
-0.105408
0.277215
0.396565
0.002257
-0.000528
-0.255102
0.532249
-0.018848
-0.129105
0.378833
-0.216820
-0.454369
0.150162
0.088276
0.310638
0.432202
-0.193958
-0.108838
-0.255948
-0.119353
-0.403989
-0.200979
0.427468
-0.016511
0.510837
0.549228
-0.284429
0.174606
-0.044473
-0.431771
-0.030792
0.113771
-0.152526
-0.400987
0.072435
0.259980
0.038600
0.014980
-0.019486
0.055526
0.042702
-0.574689
0.009320
0.257466
0.087053
-0.490469
-0.535981
0.011992
-0.110977
-0.248422
0.068577
-0.119806
-0.000110
-0.054249
0.015831
0.031003
0.215942
0.033932
0.230391
-0.157019
-0.141125
0.020016
-0.140284
0.335855
-0.010627
0.246964
-0.210970
-0.173052
0.344213
0.050241
-0.364403
0.147291
0.195068
0.135678
-0.009694
-0.246535
0.347910
-0.145507
-0.003488
-0.208742
0.211929
0.059118
-0.409881
-0.229607
0.499675
0.863293
-0.175300
0.241083
-0.731383
0.079392
-0.240162
0.149139
-0.113998
-0.388363
-0.223022
0.384532
-0.009590
-0.074590
0.269479
0.348879
-0.091152
-0.081726
0.055365
-0.293094
-0.268020
-0.112241
-0.075905
0.154196
-0.375527
-0.239358
0.152828
-0.409139
0.257730
-0.025351
0.045726
0.519107
0.046918
0.274438
-0.131186
-0.023057
-0.196427
-0.102899
0.127582
-0.058715
-0.021300
0.150097
-0.104400
-0.086878
0.196774
0.311423
0.110388
-0.196638
0.105649
-0.021603
-0.532851
-0.328982
-0.081467
-0.065142
-0.257345
-0.199397
-0.802033
0.139339
-0.058752
0.166426
0.108921
0.127368
0.077557
0.166121
-0.668139
-0.382469
0.087009
-0.331425
0.283114
0.194246
0.064101
0.035873
0.548486
0.097381
0.872605
-0.319582
0.019473
0.100909
-0.409989
-0.245162
0.257326
0.095735
-0.181547
-0.147452
-0.065682
-0.226604
0.054767
0.054534
-0.326914
0.167233
-0.061780
-0.132267
-1.013722
0.550073
-0.241334
0.010178
-0.244694
0.181227
0.271726
-0.290564
-0.060180
-0.623864
-0.079532
0.081070
-0.299739
-0.017115
0.075576
-0.137581
-0.084926
0.046611
0.265978
1.930692
0.116802
0.228167
-0.414837
0.003313
-0.106502
-0.795648
-0.476251
-0.221746
0.144683
-0.351598
-0.296216
-0.129191
0.075886
-0.027869
-0.511184
0.078448
0.013652
0.343023
-0.315402
-0.400672
-0.268448
0.346676
0.026065
0.378846
-0.035558
0.000023
0.279577
0.101308
-0.100983
0.216827
-0.500437
0.151270
0.737013
-0.026435
-0.047239
-0.311454
0.203108
0.374842
0.170127
-0.067000
0.254457
0.268597
0.232684
-0.551680
-0.083090
0.263371
-0.105155
-0.286401
0.187286
0.240908
0.012605
0.019479
