ORIGINAL Mean: -0.027867
ORIGINAL Variance: 0.937565
Output:
0.505396
0.030285
-0.073633
-0.038792
-0.046792
-0.124078
-0.239204
-0.209823
-0.362730
-0.283911
0.161395
0.459972
0.385485
0.013713
-0.323749
-0.053179
0.252434
-0.205791
0.084307
0.658315
-0.166950
-0.006015
0.558081
-0.184863
0.170774
-0.369089
-0.041737
0.007554
-0.393657
0.279178
0.048722
-0.004776
0.084828
0.434190
0.319355
-0.164120
0.003899
0.352257
-0.074068
0.050127
-0.285417
0.448779
-0.137564
0.215477
-0.591544
0.203043
0.339214
-0.102927
-0.240997
0.242659
0.437800
0.235270
-0.023610
0.829193
-0.136162
-0.219196
-0.024561
0.343146
0.141708
-0.021334
-0.018661
-0.299973
0.129991
0.142556
-0.165913
-0.042802
0.359781
-0.437152
-0.122689
0.169636
-0.360352
-0.385093
0.150188
0.063650
0.051894
0.149400
0.097418
0.283420
0.219120
-0.125069
0.287433
-0.015213
0.171564
0.119777
0.074284
0.267066
-0.136818
-0.377750
0.047176
-0.583382
0.610150
-0.019070
0.442174
0.364584
-0.583279
0.179068
0.077145
0.457026
-0.208107
0.115717
0.557192
0.139676
-0.613285
-0.186807
-0.211875
0.037927
-0.219987
-0.242836
-0.218058
0.256604
-0.089795
-0.191972
0.255337
0.255667
0.234874
-0.102816
-0.304386
0.351763
-0.140368
-0.263855
-0.123400
-0.007211
0.273726
-0.343534
0.160948
-0.412784
0.132761
-0.099422
-0.076247
0.142941
0.035590
-0.323285
-0.073305
-0.550997
-0.051894
0.201009
0.049844
0.346760
-0.027099
-0.076721
-0.118598
-0.169924
0.263199
-0.070124
-0.013797
0.335915
-0.333194
0.033771
0.196014
0.098199
-0.085380
-0.300012
0.213564
0.251041
0.005908
-0.035519
0.366353
0.034632
0.221577
0.022926
-0.224867
-0.835355
0.107561
-0.233276
0.118324
0.370009
-0.000115
-0.141614
0.004755
-0.098181
-0.012653
-0.136728
0.233342
-0.261610
-0.013302
0.130947
0.139093
0.069135
0.087844
0.128430
-0.313203
-0.249035
-0.368939
0.230909
-0.208559
-0.363490
-0.174139
0.331810
-0.000033
-0.226408
0.092592
-0.181197
-0.272160
-0.011471
0.029368
0.463275
-0.165169
-0.090346
0.089552
0.328467
-0.332817
-0.126465
0.278302
-0.197056
-0.247530
0.053371
0.235577
0.307303
-0.107629
-0.371616
-0.091475
0.286775
0.222307
0.050441
-0.050835
0.079609
-0.059119
0.121847
-0.039894
0.140300
-0.003348
0.694822
0.039159
-0.473513
0.039385
-0.279240
0.103842
0.374529
0.227756
0.050139
0.154439
-0.095174
0.176395
-0.244919
-0.042618
-0.015994
0.093710
0.018351
0.312228
0.179325
-0.134383
0.066317
-0.252199
-1.424552
0.119823
-0.262542
-0.095965
-0.058672
0.055507
-0.343728
0.245996
-0.283771
0.134439
-0.093188
-0.121135
-0.138117
-0.438500
-0.100057
-0.487691
0.245537
0.066874
-0.155075
-0.090718
0.162482
-0.028191
-0.154295
0.077688
0.125712
-0.397222
-0.036305
-0.530613
-0.221544
0.335310
0.043162
-0.131975
0.182258
-0.495042
-0.119813
-0.133606
-0.018437
-0.231941
0.187625
-0.128636
-0.225085
0.282716
0.034991
-0.255091
0.382981
0.210988
0.154477
0.147931
-0.490285
0.147066
0.127968
-0.102805
0.068508
0.075113
-0.123650
0.085325
0.167977
0.156650
0.100038
-0.254184
-0.048980
0.031530
-0.120245
-0.000841
0.013530
-0.379623
-0.173200
-0.253811
-0.053058
0.689130
0.033626
0.258968
0.048567
-0.372562
0.058020
0.583993
0.175716
0.012499
-0.055074
0.254583
0.005882
-0.181316
0.408309
0.135391
-0.049411
0.065222
-0.054358
0.168445
2.078374
-0.174641
0.617559
0.000649
-0.191253
-0.142816
-0.991079
-0.357060
-0.187796
0.297236
0.090647
-0.282842
-0.249701
0.037528
0.044872
-0.257672
-0.165586
-0.086348
0.256897
0.004962
0.320099
0.113913
0.610777
0.220096
0.014251
-0.082437
-0.042163
0.126788
0.085605
-0.122070
0.094828
0.226510
0.279362
0.143204
-0.088988
0.042531
0.213690
-0.109120
0.254895
0.104469
0.076944
0.067861
-0.026686
0.032746
-0.100295
-0.151464
0.214459
-0.103437
0.610942
-0.292867
-0.341952
-0.462909
0.006358
