ORIGINAL Mean: -0.026788
ORIGINAL Variance: 0.992019
Output:
-0.358570
-0.098265
0.281427
0.041835
-0.072929
0.148949
-0.319603
-0.378554
-0.545969
0.109849
-0.269107
0.009090
-0.390015
-0.002214
-0.343422
-0.009064
0.181160
0.217582
-0.120802
-0.156303
0.075524
-0.343746
-0.111136
0.245176
0.202930
0.247391
0.364654
-0.032559
0.098758
0.183419
-0.343938
0.333448
0.294150
-0.316694
0.194198
-0.000918
0.027537
-0.194564
-0.011887
-0.177726
0.141305
0.045174
0.354727
0.132589
-0.070929
-0.283126
-0.024826
0.041864
-0.275737
0.281016
-0.383909
0.036401
0.035970
0.380092
0.572803
0.221561
0.181288
-0.018340
0.022629
-0.011447
0.176916
0.175024
0.022844
0.186482
-0.033071
-0.088469
0.151314
0.078149
-0.209357
0.523349
-0.227844
0.293400
0.015562
0.077326
0.071984
0.969093
0.250813
0.103450
0.067206
0.546235
0.086552
0.453273
-0.128711
0.025954
0.108104
-0.264839
-0.289819
0.370657
0.718831
-0.522353
0.333651
0.027314
-0.365293
0.190917
0.130344
-0.439200
0.400232
-0.096867
-0.036404
-0.415196
-0.356545
0.505397
0.031860
0.337752
-0.654634
0.203097
-0.195554
0.092871
-0.363518
-0.054041
-0.128826
-0.066931
-0.628692
0.443785
-0.480791
-0.154846
-0.006150
0.076566
-0.081885
-0.058894
-0.215534
-0.092487
0.241864
-0.021669
0.206602
-0.072108
-0.021150
-0.209528
-0.382567
-0.065794
0.092168
-0.352329
-0.102173
-0.159535
0.023916
0.311042
0.084963
0.191108
-0.174870
0.037544
-0.066228
0.008243
-0.488982
0.004132
0.253672
0.274471
0.122675
0.166954
0.161226
-0.114718
-0.382993
0.179594
-0.094079
-0.400211
-0.189756
0.099658
-0.117263
-0.348464
0.006481
-0.154845
0.073569
-0.973883
0.227191
-0.229263
-0.115677
0.236512
-0.184737
-0.023426
-0.086948
-0.159672
0.127929
0.020105
0.045868
0.416558
-0.137335
-0.097378
-0.005862
0.199866
0.214277
0.093488
-0.041291
-0.001811
0.089642
0.158424
0.084447
0.764881
0.008123
-0.385397
-0.000153
-0.097206
-0.078774
-0.015155
0.477442
0.102335
0.094796
0.149048
-0.055152
-0.109884
0.123981
0.034807
-0.485310
0.219451
-0.353128
-0.312122
-0.146353
-0.170197
0.016491
0.431828
-0.392109
0.095698
-0.015154
0.013906
0.261934
-0.032722
-0.322943
-0.249404
-0.171099
0.207210
-0.313783
0.200895
0.252024
-1.200777
0.052671
-0.267742
0.182680
-0.382671
0.323598
1.198984
-0.028739
0.232865
0.261510
-0.184072
0.201302
-0.031030
0.142936
0.025799
-0.007990
0.021781
0.359094
0.099206
0.151612
-0.113740
0.077627
-0.324186
0.210086
0.106998
0.124555
-0.271109
-0.003402
0.405712
-0.171741
0.621007
-0.291491
-0.105989
-0.196488
-0.060761
0.093085
-0.281226
-0.553164
0.098324
0.198946
0.025070
0.037256
0.041430
-0.215193
0.174690
-0.209182
-0.052395
-0.545242
-0.145489
0.322175
0.032177
0.544451
-0.670427
-0.121224
0.154229
-0.506214
-0.473180
-0.027351
0.497560
-0.302634
-0.006954
-0.067747
-0.537825
0.370369
-0.233115
-0.310182
0.471185
0.836873
-0.167149
-0.133910
-0.001620
0.038457
0.278432
0.136428
0.311482
0.037497
-0.158044
0.348550
-0.238804
0.140873
-0.107332
-0.079858
-0.369482
-0.035798
0.130132
-0.409088
0.057170
0.062001
0.254480
0.158747
-0.236617
0.484862
-0.119538
0.432328
-0.077315
-0.126103
-0.121090
0.607553
-0.202966
0.272513
0.225496
-0.191199
-0.165021
-0.181613
0.968723
0.053742
-0.050948
-0.584491
-0.021938
0.003364
2.105442
-0.116506
0.168935
-0.586799
-0.231213
0.153731
-0.379700
0.403543
0.128331
0.096295
0.251371
-0.258677
-0.080095
-0.245815
0.086615
-0.018494
-0.020630
0.085957
0.172092
0.020902
-0.226614
-0.006464
0.635006
0.034071
-0.063697
-0.057085
0.238033
-0.235626
-0.063057
-0.698218
-0.589119
-0.282587
0.195928
0.104608
-0.043548
-0.041347
0.119551
0.174059
0.112144
0.305036
0.086910
-0.277521
0.304669
0.035023
0.460092
0.159402
0.244989
0.170547
0.079116
-0.624194
0.096767
0.283706
-0.105880
