ORIGINAL Mean: -0.082372
ORIGINAL Variance: 1.088721
Output:
0.469324
0.315439
-0.216434
0.055331
-0.466660
-0.167446
-0.298813
0.145397
-0.311873
0.199766
-0.132383
-0.030153
-0.043492
-0.132987
0.136616
-0.183317
0.927965
1.269093
0.282961
-0.185593
-0.220252
-0.065763
-0.106150
0.074773
0.198062
-0.086585
0.150169
0.271474
-0.105737
0.064582
0.954627
0.308130
-0.081197
-0.491100
0.053429
-0.112271
0.226523
-0.183341
0.038878
-0.155311
0.032078
0.090695
-0.573156
0.129627
-0.145447
0.166774
-0.042885
0.246635
0.158280
0.140553
-0.371670
0.808512
0.082734
-0.188079
-0.559382
0.518147
0.173770
1.160074
-0.287728
-0.326848
-0.215683
-0.224985
0.583380
0.395408
-0.726971
-0.143086
-0.737561
-0.465722
-0.504061
0.660187
0.526424
0.382899
0.121747
0.216307
-0.814490
-0.169490
-0.329145
0.175138
0.163153
-0.350237
-0.121859
0.003270
0.125080
0.406444
-0.000368
0.142292
-0.307001
-0.431606
0.213769
0.146728
0.026094
0.068870
-0.151297
0.111724
0.223485
0.941734
0.467488
-0.189583
-0.425671
-0.100294
0.409990
0.854876
-0.413040
-0.319742
0.258609
0.111798
-0.134170
0.972489
0.224392
-0.899096
-0.028845
-0.058291
0.876470
-0.616081
0.081840
-0.097937
-0.231096
0.464058
-0.337115
0.007264
-0.018214
-0.267026
0.201835
0.077963
0.110779
-0.529728
0.171616
0.722261
-0.003442
0.222920
0.019093
0.515066
0.159629
-0.068529
-0.155466
0.067963
-0.164094
-0.080822
-0.106705
0.223889
-0.132225
-0.389842
0.094525
0.060722
0.279721
0.091461
-0.587945
-0.166698
0.444991
-0.207197
0.152194
-0.206590
-0.151850
0.238560
0.111288
-0.134589
0.032185
0.088786
0.191369
-0.176076
-0.504145
0.021385
0.354675
-0.159512
0.354260
0.270383
-0.031720
-0.258840
0.083328
0.154504
0.252707
-0.042751
0.174704
0.272801
-0.092419
-0.112963
-0.009343
0.142111
0.014902
1.365691
-0.446932
-0.433429
-0.226220
-0.394641
-0.067645
-0.180000
-0.154543
0.677760
0.000040
-0.116498
-0.359334
0.454416
-0.089534
-0.014619
0.060292
0.290673
0.111581
-0.324240
0.449868
0.180438
-0.044611
0.671458
0.099996
0.262173
0.426026
0.167710
0.105967
0.483661
-0.242351
-0.166703
-0.262043
0.621212
-0.011405
0.228230
-0.235944
0.471713
-0.422995
0.096500
-0.206219
-0.257060
-0.359024
0.145283
0.104977
-0.342876
-0.779306
0.743692
-0.105434
1.056739
-0.136806
0.471232
-0.046793
0.092704
0.079787
-0.160222
-0.358941
0.264746
-0.072173
-0.003386
-0.235899
-0.850911
0.140542
0.204526
-0.441629
0.107879
0.179850
-0.150390
-0.531575
-0.216222
-0.013582
0.125374
-0.459738
-0.659935
0.035511
0.044978
0.470956
-0.000701
-0.495627
0.091024
-0.430894
-0.535356
-0.224157
-0.443361
0.038504
-0.202108
-0.066547
-0.169842
0.040979
-0.765709
-0.130205
-0.054016
0.206726
0.254696
-0.052851
-0.383306
-0.102701
-0.311124
-0.151739
-0.225659
-0.412173
-0.753461
-0.152557
-0.173258
-0.132386
-0.210287
-0.232481
-0.319938
-0.181419
0.352450
0.804379
0.054537
0.206419
-0.752980
-0.176272
0.480231
-0.476626
-0.166843
0.249192
-0.034744
-0.206165
0.300847
-0.123447
0.363006
-0.611320
-0.330536
0.017256
-0.137858
0.389037
-0.133282
0.026975
-0.079293
-0.296439
0.010258
-0.163171
-0.255300
0.311840
-0.049945
0.203676
-0.317007
-0.079640
0.217612
0.312689
0.170143
-0.039430
0.142466
0.343751
-0.120073
-0.056156
0.178481
0.299979
0.047098
0.154893
2.026235
-0.478500
0.287310
0.259954
0.005772
-0.615269
-0.697528
-0.296947
-0.284095
-1.404780
0.048388
-0.172384
-0.368896
0.048602
0.167250
-0.136832
-0.201758
-0.297148
0.381352
0.065932
0.761538
-0.125906
-0.559616
0.210881
0.161455
0.202142
-0.171324
0.364124
-0.850012
0.009837
0.117840
-0.486037
0.331215
-0.130613
-0.323988
0.090687
-0.332112
-0.063182
2.051081
0.348022
0.273593
-0.272894
1.269912
-0.314360
0.435754
-0.183890
-0.611923
-0.115001
-0.506918
-0.127639
0.188861
-0.263843
0.133802
