ORIGINAL Mean: -0.003756
ORIGINAL Variance: 0.908081
Output:
0.113517
-0.441300
0.030099
-0.003846
0.049050
-0.186518
0.076297
-0.260502
-0.108044
0.454968
-0.664390
-0.542181
-0.243824
-0.174992
-0.181980
-0.035356
0.107350
0.053524
0.005400
0.471205
0.088466
-0.548666
0.394207
0.207005
-0.061784
-0.056632
0.116366
-0.154362
0.202894
-0.040114
0.496583
0.266154
-0.370113
-0.541964
-0.273430
0.049859
0.187175
-0.449152
-0.017102
0.006670
-0.253289
0.199264
-0.533097
-0.143341
0.609057
0.021453
0.012849
-0.231553
-0.267636
-0.216290
-0.100895
0.075306
0.076768
0.707658
-0.035596
0.135792
0.302037
-0.249099
0.158132
0.233269
0.284667
-0.023377
0.021863
0.132771
-0.029055
-0.096449
-0.227669
0.058617
0.386866
-0.329702
0.414882
-0.713408
0.034526
-0.005927
0.115098
1.019158
0.210274
0.179964
-0.167117
0.931005
-0.113020
-0.131997
-0.506565
-0.349392
0.026058
0.234342
0.226109
0.215595
0.195637
0.370083
0.014799
0.511128
0.042896
0.334700
0.344227
-0.399130
-0.156872
0.283007
0.321199
-0.074725
0.137612
-0.670536
0.578454
0.153928
-0.293816
-0.099208
-0.399450
-0.591242
-0.209967
-0.074444
0.006701
0.140225
-0.268010
0.306818
-0.093042
-0.176035
-0.102909
-0.305778
0.004734
-0.197245
-0.086942
0.096150
-0.305348
-0.266594
-0.072924
-0.008460
0.043774
-0.085728
-0.322346
-0.162137
0.082875
-0.093986
0.283172
0.072125
0.034867
-0.173766
0.162644
0.168441
-0.208500
0.225264
0.176952
-0.083491
0.249672
-0.089561
0.068994
-0.622626
0.440701
-0.391608
0.167755
0.392094
0.148349
-0.010870
0.370727
-0.351455
-0.176559
0.213379
-0.773468
-0.232832
-0.045198
-0.233972
-0.313352
0.366045
-0.221999
0.083201
-0.063068
0.140295
-0.207477
0.405516
-0.111123
-0.453920
0.007816
-0.005432
-0.045221
-0.166040
-0.012259
0.032323
-0.097644
-0.736163
0.031197
-0.060681
0.220452
-0.453634
-0.141669
0.029052
0.103183
0.461821
0.257940
-0.607910
-0.000252
-0.040051
-0.250060
0.179261
0.177131
0.138355
0.104580
-0.349180
-0.084478
0.016147
-0.313425
0.146820
-0.143851
0.173802
-0.349234
-0.329078
0.031195
-0.213428
-0.736162
0.477683
0.007760
0.148807
0.013269
0.197600
0.183159
-0.206452
-0.229947
-0.334678
-0.368373
-0.355750
-0.218163
-0.182406
-0.324576
-0.634280
0.070180
0.020596
-0.539839
-0.223324
0.120741
-0.104351
-0.196709
0.093821
-0.239812
-0.137009
0.091059
-0.255012
0.161357
-0.125454
0.031901
0.253508
0.143776
-0.242597
0.000764
0.654701
0.297080
1.167954
-0.256304
0.161543
-0.438313
-0.718799
0.163096
0.316081
-0.323951
0.388503
-0.503754
0.129376
0.173545
-0.048571
0.410863
-0.106419
0.254003
0.055202
-0.110230
0.525178
0.120921
-0.278604
-0.391392
-0.602850
-0.126321
-0.266997
-0.135187
0.118494
-0.804075
0.267746
0.067683
-0.062893
0.253949
-0.412692
-0.178241
0.377094
0.070679
-0.250216
0.203288
0.711320
0.128218
-0.439553
-0.124380
-0.042281
0.049651
-0.028384
-0.012767
-0.121432
-0.211436
0.068827
-0.073435
0.253023
-0.143605
-0.045409
-0.026971
0.007834
-0.264549
-0.256059
0.086932
0.086875
0.113899
0.564194
-0.060440
0.156639
0.402400
0.039771
-0.001796
0.421131
0.329911
-0.184783
0.610697
0.263663
-0.169108
-0.070798
-0.088989
-0.581628
0.284809
0.142367
0.236191
-0.332472
-0.657347
-0.181126
0.036833
-0.158749
-0.097340
0.132264
-0.009447
-0.032041
0.031660
1.936873
0.541379
-0.077873
0.598986
0.113903
-0.199776
0.247232
0.095854
-0.180763
-0.143535
0.201894
-0.482437
-0.209030
0.137911
0.029676
0.066079
-0.050202
0.266494
-0.123038
-0.255340
0.104588
-0.193019
0.235254
-0.201436
-0.012684
-0.274742
-0.161766
-0.407750
-0.018654
0.879820
0.006061
0.061969
-0.109613
0.320031
-0.050556
-0.095899
-0.234037
0.089286
0.527674
0.464668
-0.363124
-0.117911
0.086713
0.088555
-0.079326
-0.032231
0.035998
0.025328
0.417222
0.079439
0.629885
0.234275
-0.284130
