ORIGINAL Mean: 0.005623
ORIGINAL Variance: 1.485776
Output:
-0.009290
0.016620
-0.087977
0.026797
-0.031634
-0.064791
0.033254
-0.004227
0.020332
-0.008057
0.004625
0.036273
0.021953
0.000181
0.008918
-0.000202
-0.052339
0.046116
-0.040424
0.035979
0.054750
0.024301
0.004087
0.059899
0.008173
-0.011181
0.014766
0.052856
0.002522
-0.000243
0.016146
0.012877
-0.007965
0.012341
-0.016044
0.052427
-0.030650
-0.011688
0.019356
0.039324
0.047059
-0.013477
-0.015985
0.033547
0.046122
-0.004755
0.026424
0.068123
0.002753
-0.006292
-0.015698
0.008481
-0.123290
-0.057966
0.028849
-0.015533
0.048618
0.051771
0.021176
0.021118
-0.024162
0.016255
0.000470
0.019607
-0.008624
0.036958
0.060991
-0.001601
-0.015653
0.035721
0.028348
-0.013264
0.030487
-0.054325
-0.048651
0.138177
0.012351
0.041720
-0.001585
0.007017
0.049263
-0.016450
0.107923
0.023442
0.005743
0.001270
0.053006
0.040802
0.046509
0.004840
0.036613
-0.003744
-0.000424
0.051291
0.013944
-0.017349
0.026032
0.029207
0.033703
0.019168
0.021146
0.011762
-0.100010
-0.007072
0.020683
-0.002297
0.015419
0.012878
-0.039694
0.003739
0.041564
-0.031618
-0.044510
0.036339
-0.025558
-0.032795
0.005321
0.020719
-0.017656
-0.024414
0.024191
0.017293
-0.031533
0.091433
-0.017768
-0.011026
0.053964
0.034945
0.033597
-0.014560
-0.143702
0.047966
-0.022293
-0.000272
-0.064889
0.023799
-0.008201
-0.014537
0.010271
0.048085
-0.133099
0.077640
0.043766
0.017483
-0.046340
0.011957
0.012401
0.039638
0.049862
0.009101
0.041988
0.049319
-0.016892
0.003694
0.010706
0.031922
-0.001313
0.043252
0.025588
0.241074
-0.001684
-0.078849
0.030481
-0.008157
0.004684
0.003093
-0.001794
0.084390
0.027160
-0.006975
0.016087
-0.029158
-0.056269
-0.016572
-0.006246
0.011479
0.011079
-0.041434
0.017094
0.027079
-0.002418
-0.048340
0.013415
-0.024830
0.022116
0.030277
0.009183
-0.011115
0.000426
-0.016273
-0.003830
-0.006405
-0.015971
-0.253936
-0.085818
-0.040558
0.052140
-0.045014
0.025521
0.007451
0.255220
0.007311
-0.002149
-0.025763
-0.025723
-0.039841
-0.001886
0.014480
0.030394
0.002416
0.033561
0.001842
0.024035
0.020378
0.100820
0.011233
0.017999
0.041482
-0.003770
0.042223
-0.008185
0.046185
0.081699
-0.022013
-0.011249
0.009219
-0.012732
-0.061897
0.051584
-0.027466
0.043837
0.029311
-0.041569
-0.009590
-0.026566
-0.022272
-0.022205
0.015495
-0.043890
-0.052627
0.029529
-0.013294
-0.039568
0.016697
0.012279
-0.034367
0.021666
0.033154
-0.012253
0.005667
-0.005767
0.004181
-0.027402
-0.011848
-0.020622
-0.008738
0.874374
0.015174
-0.024766
-0.009734
-0.000128
0.038389
-0.017265
0.033934
0.023310
0.020378
-0.017566
0.015917
0.054339
0.002707
0.035231
-0.036974
0.022588
-0.053717
-0.035604
0.043003
0.016529
-0.037711
0.075073
0.041654
0.008724
0.039903
0.015865
0.023621
0.002119
0.011883
-0.035645
-0.001964
0.006868
0.063843
0.007865
0.052293
0.005568
0.042650
0.027592
0.009216
0.020755
0.022616
0.007686
0.026124
-0.003359
0.135928
0.022321
0.012821
-0.018230
0.023072
0.046048
0.030276
0.085266
0.031703
0.014309
-0.032867
-0.119305
-0.007783
0.044415
0.006298
-0.066269
0.010120
0.022450
0.004473
0.008333
0.025508
-0.018069
0.119258
0.010101
0.651704
-0.046813
-0.007018
-0.030524
0.039888
0.029136
-2.253823
-0.061232
0.006600
-0.000112
0.027581
0.016144
0.999568
0.028003
-0.030983
0.055583
0.027923
0.033207
0.218711
0.041931
-0.049058
-0.030360
0.000075
-0.002371
-0.029664
0.060075
0.039974
-0.020449
-0.747951
-0.008988
-0.041653
0.014340
0.110020
-0.022225
0.034537
0.011098
0.030524
0.026822
-0.051218
-0.013527
0.027766
0.056232
0.045192
-0.002725
-0.164484
-0.031835
-0.009889
0.038004
-0.001775
-0.008472
0.018516
0.027099
-0.037137
0.032500
-0.004617
0.020510
-0.039811
0.027196
0.040882
