ORIGINAL Mean: -0.027525
ORIGINAL Variance: 0.835568
Output:
0.226179
0.106438
-0.170562
-0.312281
-0.173359
0.015917
-0.333971
-0.447267
-0.166377
-0.032533
-0.033242
-0.018712
0.088595
-0.077538
0.300501
-0.014150
0.916803
0.251312
0.335133
0.361670
-0.223837
0.057856
0.235779
-0.298937
0.125104
-0.242631
-0.169660
-0.022771
-0.496389
0.228010
0.614288
-0.479467
-0.250594
0.510130
0.263497
-0.397265
0.043806
0.084332
-0.060561
0.012747
-0.185590
0.020353
-0.145344
0.212505
-0.123643
0.219134
0.176979
-0.076113
-0.322318
0.256465
0.363194
0.073560
-0.051165
0.327741
-0.346460
0.183159
0.069541
0.333130
-0.191382
0.040494
-0.042959
-0.335156
0.284758
0.108170
-0.172966
-0.068820
0.065623
-0.311069
0.165662
-0.199421
0.216877
-0.359947
0.028162
0.264644
0.273421
0.220951
0.251882
0.297545
0.230163
-0.051292
0.452666
0.218517
0.032814
0.223691
0.055575
0.312378
-0.294234
-0.102226
-0.000708
-0.004191
0.408962
0.109937
0.385453
0.202316
-0.455156
0.038150
0.066964
0.071259
-0.254819
0.029274
0.112952
-0.128391
-0.098924
0.268413
-0.368759
-0.100968
-0.283452
0.043020
0.024563
0.447149
-0.181566
-0.127912
0.221661
-0.156830
0.344583
0.377180
-0.024181
0.240936
-0.097329
-0.280709
-0.088485
-0.326603
0.191881
0.105747
0.276685
-0.246249
0.058972
0.071455
-0.069512
0.211737
0.027435
-0.118593
-0.297732
-0.159020
-0.102674
0.072732
0.166325
0.148053
-0.304825
-0.153693
0.073319
-0.501688
-0.532825
0.092416
0.157326
0.141338
-0.335513
-0.011169
0.207443
-0.193965
0.259212
0.150024
0.126288
0.406904
-0.146238
-0.086462
0.234718
0.342406
0.128563
-0.013518
0.145836
-1.138152
0.250083
0.006515
0.352040
0.174624
0.108275
-0.241430
-0.037500
-0.051322
0.071151
-0.059876
0.186815
-0.022269
0.195015
0.057888
0.044510
0.315450
-0.103347
0.133712
-0.187582
-0.106667
-0.038266
-0.220022
-0.116599
-0.435956
-0.092785
0.662677
0.000041
-0.196254
-0.224108
-0.200715
-0.201457
0.026165
0.089139
0.370013
0.104098
0.068890
-0.268035
0.049560
-0.262735
-0.194523
0.276179
-0.026507
0.099151
0.159770
0.084672
0.065163
-0.577304
-0.360360
-0.253355
0.042259
-0.005527
-0.149727
-0.083131
0.079521
0.183289
0.013737
0.284185
-0.062583
0.359260
0.240615
-0.039428
-0.180921
-0.356578
0.106401
0.095450
0.285088
0.025935
-0.011593
0.028270
0.013735
0.040891
-0.136014
-0.066994
0.025343
-0.485541
0.125376
0.345324
0.281760
0.036006
0.225345
-0.135583
-0.219204
0.000561
-0.227640
-0.004594
0.017847
-0.010944
0.067332
0.130548
-0.648416
0.067230
-0.348448
-0.128977
0.065884
-0.375518
0.010048
-0.346243
-0.239251
0.007870
-0.002544
0.120002
-0.001789
-0.098844
-0.207792
0.020839
-0.067364
-0.281511
-0.174912
-0.229364
-0.394630
-0.074574
-0.121987
0.061622
0.024667
0.172377
-0.112230
-0.216095
-0.433296
0.021539
0.033013
-0.215034
-0.223798
0.029008
0.077084
0.013340
0.077408
-0.111671
-0.004114
0.115407
-0.203070
0.190478
-0.238176
-0.222193
-0.158369
0.166818
0.044008
-0.436320
0.100740
0.189192
-0.034088
-0.288873
-0.114510
0.091042
-0.017831
0.086144
-0.125392
-0.211490
-0.010564
-0.158029
-0.258309
0.070338
0.089544
0.105587
0.264813
-0.269682
-0.018202
0.569613
-0.196157
0.294148
-0.006877
0.251099
-0.127114
-0.078739
0.339202
0.036185
0.113370
-0.012528
0.012815
0.187100
2.043175
-0.360283
0.394368
0.211209
-0.050898
-0.379711
-1.266439
0.012404
-0.338670
-0.090465
-0.228059
-0.016196
-0.019211
0.138779
0.113312
-0.059192
-0.242232
-0.379420
0.186448
-0.058650
-0.028496
-0.008079
0.436720
-0.063158
0.030911
0.060122
-0.136600
0.335310
-0.078997
-0.310938
-0.081821
-0.100599
0.330018
0.070341
0.096682
0.178237
-0.228443
0.107776
0.520867
0.032650
-0.063461
0.250729
-0.192927
-0.246221
-0.219852
-0.222458
0.170958
-0.299822
0.160103
0.147524
0.045324
-0.102939
0.106778
