ORIGINAL Mean: -0.025164
ORIGINAL Variance: 0.916825
Output:
0.719163
0.263626
-0.233833
-0.136909
-0.189328
-0.200768
0.414079
-0.039706
-0.067926
0.139653
-0.564171
0.007935
-0.063130
-0.185315
-0.158496
0.063256
0.174968
0.358395
0.237378
0.289541
-0.144119
0.287238
0.514048
-0.123278
-0.164128
-0.438972
-0.157128
-0.131801
-0.074150
-0.166301
0.273870
-0.429739
-0.544561
0.405283
-0.014288
-0.109622
0.052590
0.028269
-0.089868
-0.287376
0.176878
0.180390
-0.205155
0.318217
1.194686
0.565219
0.217102
-0.324818
-0.208000
-0.070504
0.237199
0.071129
0.029755
1.067254
0.130601
-0.079693
-0.073857
0.334590
0.126453
0.062180
0.225489
-0.445190
0.018193
0.044449
-0.265973
-0.159593
0.216615
0.285745
0.162440
-0.473751
0.788051
-0.284343
-0.147908
0.118994
0.403526
-0.238402
0.212449
-0.092542
-0.037873
-0.210962
0.393236
-0.260685
-0.596579
0.118979
-0.053507
0.051119
0.012105
-0.009691
0.215911
-0.058816
0.190912
0.332377
0.162089
0.415050
0.397476
-0.121531
0.348820
0.303301
0.025783
0.208228
0.060941
-0.773252
-0.151656
0.040109
0.324194
0.262843
-0.288465
0.153839
-0.120693
0.278356
-0.285372
-0.034492
0.241680
-0.450429
0.195548
0.042578
-0.030816
-0.172255
0.063888
-0.285184
0.048024
-0.000973
-0.432538
-0.842315
-0.118286
-0.238619
-0.236768
-0.264504
0.061159
-0.097911
0.024935
-0.361629
-0.516420
-0.114112
-0.068623
-0.492716
-0.002922
0.107401
0.200259
0.125060
0.086367
-0.346643
0.219895
-0.047879
-0.042546
0.298821
-0.456117
-0.316956
-0.251849
0.179023
0.006287
0.121059
0.417261
0.097381
-0.169851
-0.286081
-0.163463
0.227340
0.322925
-0.043851
-0.174050
0.516141
-0.165474
0.197367
0.133029
0.116676
-0.147880
-0.065464
-0.091918
-0.397413
-0.159144
-0.025575
0.123857
-0.237574
0.157444
0.181367
-0.112831
-0.301702
0.024135
-0.261236
0.022469
-0.657954
-0.368043
0.349976
-0.012292
-0.216620
0.159251
-0.062432
-0.000025
-0.057208
-0.182913
-0.165102
-0.165032
0.055430
0.198595
-0.099732
0.041348
0.087529
0.257439
0.247420
0.054736
-0.277031
-0.307052
-0.153997
-0.197919
0.056976
0.527881
-0.073224
-0.052401
-0.200894
-0.092733
0.562252
0.155043
-0.067999
0.020360
0.107408
0.021563
-0.022515
0.138230
-0.185556
0.176130
1.013677
0.003070
-0.270736
-0.208305
0.094168
-0.067426
0.073032
-0.031580
-0.523269
-0.359766
-0.081573
-0.070848
-0.326394
0.166940
-0.097001
-0.367704
0.120680
0.077829
0.376838
-0.343675
0.221737
-0.031529
-0.094086
-0.230215
-0.299541
-0.350120
-0.061067
0.423195
-0.096879
-0.208568
-0.126920
0.059347
0.101460
-0.173063
-0.193840
-0.382909
-0.107295
-0.247667
0.090659
0.312553
0.092443
-0.051114
-0.257611
0.110520
0.042241
0.077332
-0.116605
-0.252013
-0.004523
-0.425660
-0.318328
0.200812
0.319285
-0.271058
-0.209194
-0.251232
0.273294
-0.140030
-0.395172
0.077781
0.171438
0.118549
-0.083161
0.126206
-0.293163
-0.059801
-0.185028
-0.146683
0.179443
0.238974
-0.082491
0.278861
0.091324
-0.269866
0.165788
0.069769
0.136990
-0.203418
-0.010631
0.321033
-0.023819
-0.189869
0.091215
-0.000966
-0.217842
0.308987
0.016269
-0.410529
0.252837
-0.119494
-0.241284
-0.728875
0.376535
0.341035
0.123346
-0.284002
0.203590
0.281391
0.286108
0.321691
0.232282
0.406379
0.101224
0.001024
-0.099767
0.045455
0.010390
-0.239460
0.001827
0.219417
1.965645
-0.142272
0.155313
-0.013767
-0.006827
-0.045172
-1.008592
-0.043309
-0.284547
0.004604
-0.427253
-0.250552
-0.242011
0.086700
0.026256
-0.001725
0.077469
-0.481942
0.226553
-0.230650
0.282707
-0.181702
0.197329
-0.070855
0.320795
-0.254168
-0.074121
0.162073
0.057017
0.148819
0.278705
-0.031731
0.036604
0.324610
0.116435
-0.057397
0.031361
0.150552
0.521113
0.090860
-0.104709
0.152592
-0.462203
0.124486
-0.102347
-0.102904
0.274491
-0.178621
-0.178050
0.466407
0.128865
-0.271630
-0.244177
