ORIGINAL Mean: -0.009564
ORIGINAL Variance: 0.790586
Output:
-0.091633
-0.119407
0.323532
0.009108
0.126221
-0.064395
-0.118771
0.096998
0.442651
-0.469614
0.055224
0.022110
0.072339
-0.001110
-0.102908
0.071565
-0.789537
-0.200494
-0.028926
-0.279053
0.041803
0.252525
-0.147027
-0.054161
0.057327
0.179273
-0.241474
0.388885
-0.269096
-0.291854
-0.157088
-0.181129
0.176320
0.276489
0.074045
0.039300
-0.055734
-0.072722
-0.119602
0.035654
-0.146851
-0.299411
0.025048
0.042120
0.057824
-0.254703
-0.138845
0.278501
0.380855
0.170134
-0.335008
-0.076406
-0.044796
-0.186402
0.077709
0.102734
0.115822
-0.106263
-0.147697
0.235341
-0.314647
0.261872
-0.168312
0.172801
0.102110
0.037965
0.002186
0.532975
-0.137342
0.219771
0.175166
0.134146
-0.004702
-0.177490
0.094441
-1.015614
-0.186631
-0.466854
-0.085836
-0.163774
0.036363
0.023996
-0.210313
0.074055
-0.149773
0.075095
-0.273942
-0.109603
-0.077139
0.113666
-0.130088
-0.056683
-0.240950
-0.271140
-0.055974
0.109029
0.000547
0.056635
0.041291
0.065871
0.038454
0.683618
0.032795
-0.151376
-0.187269
0.228152
0.258993
0.194125
-0.245305
0.128060
0.173636
-0.071995
-0.201841
0.120343
0.023321
0.415465
0.243569
-0.133778
0.321243
0.254495
-0.069651
-0.172970
0.000213
0.191012
-0.031007
0.135685
0.224061
0.067213
-0.090323
0.070293
0.044319
0.406703
0.208879
-0.073916
0.015073
0.220103
0.235926
0.165235
-0.121092
-0.280320
0.216621
0.321823
-0.078178
-0.199599
0.191891
-0.060245
0.164171
0.493462
-0.108245
-0.477251
0.034302
-0.038570
0.081515
0.236670
-0.023222
-0.100390
0.184019
-0.025108
-0.345909
-0.151443
0.033687
-0.219753
0.025831
-0.045870
0.119535
-0.236654
0.113911
0.066414
0.373996
0.191464
-0.134846
-0.024182
-0.008221
-0.207675
-0.064688
-0.116564
0.250131
0.348057
-0.117567
-0.094800
-0.231871
-0.000531
0.122901
-0.208619
0.073216
-0.180150
-0.006281
0.064458
-0.000163
0.231298
0.111109
0.186810
-0.118409
0.114201
0.028981
0.276846
-0.160287
-0.046694
0.040164
-0.558778
-0.113194
0.335509
-0.011503
0.185768
-0.174348
-0.026439
-0.095796
-0.281627
0.355565
0.377562
0.227698
-0.302728
-0.181946
-0.018619
0.073033
-0.063573
0.127169
-0.210498
0.108423
0.197769
0.043086
-0.092494
0.015063
-0.111935
0.110758
-0.013777
-0.169582
0.008751
0.336512
-0.095447
0.078845
0.058883
-0.022085
0.244054
-0.142173
-0.069180
0.205705
0.107218
0.191883
0.011327
0.228096
-0.227310
-0.040175
-1.238912
0.184558
0.112844
0.102991
0.081819
-0.361046
-0.286698
0.127980
-0.009678
0.272347
-0.277657
0.206695
-0.085426
-0.058773
0.212031
0.006700
0.317591
-0.058149
-0.151589
0.054402
0.194696
0.185965
0.044246
0.104891
0.085668
0.229467
0.016480
0.421499
0.129782
-0.447409
0.154824
-0.100584
0.057688
0.273871
-0.075294
-0.073437
0.221319
0.043457
-0.054770
-0.022098
0.616173
0.530180
0.024145
-0.013096
0.220904
0.168751
-0.177234
-0.013306
-0.249318
-0.112368
-0.034985
-0.207487
-0.045128
-0.048909
-0.096808
0.100702
0.195152
-0.071977
-0.138261
0.188030
-0.224267
0.170267
-0.137952
0.044860
-0.125569
0.120698
-0.296734
-0.089623
0.035493
0.265231
-0.291367
0.002864
0.155232
0.127245
-0.408076
-0.432648
-0.158698
-0.310088
-0.161458
-0.255249
-0.200296
0.010868
-0.374119
0.029508
-0.247271
0.168056
0.024035
-0.540067
2.137614
0.049180
-0.377145
0.020312
-0.088976
0.075799
-0.822606
0.254588
0.462347
-0.034247
0.026663
0.349857
0.019040
-0.072708
0.170229
0.227529
0.023179
-0.077474
-0.291484
0.229938
-0.315172
0.278289
0.268241
-0.042986
-0.157007
0.051184
0.102623
0.104983
-0.143415
-0.297002
-0.211702
0.096759
-0.168898
-0.419299
-0.178716
-0.226680
-0.079348
-0.141274
0.385403
-0.229415
0.094286
-0.044903
0.107915
0.100260
0.066923
0.075904
-0.158585
0.093355
-0.406157
-0.204105
-0.380055
-0.098710
0.100697
