ORIGINAL Mean: -0.022476
ORIGINAL Variance: 0.811363
Output:
0.207365
0.180129
-0.242411
-0.457702
-0.262662
0.081041
-0.036383
-0.391963
-0.148591
0.107842
0.164037
-0.235822
0.253608
-0.158126
0.358308
-0.035770
0.816192
0.357315
0.393275
0.120746
-0.187618
0.424800
0.184057
-0.316371
-0.041023
-0.276756
-0.108749
-0.032861
-0.323775
0.227638
0.225084
-0.522664
-0.258738
0.481597
0.059414
-0.364551
0.121051
-0.072094
-0.060111
-0.102582
-0.107112
-0.124930
-0.043973
0.407051
0.344484
0.387932
0.113702
-0.214016
-0.315029
0.099537
0.385202
-0.104454
-0.059840
0.415946
-0.459790
0.182327
0.129657
0.324222
-0.193781
0.063980
0.068154
-0.184028
0.088499
0.078695
-0.178542
-0.075210
0.185444
-0.178460
0.109862
-0.032664
0.516321
-0.165185
-0.070950
0.246888
0.427607
-0.189792
0.311704
0.232629
0.104549
-0.093423
0.470910
0.172211
-0.105653
0.182909
0.123893
0.237546
-0.264117
-0.139011
0.175953
0.044627
0.385598
0.413909
0.302633
0.174272
-0.253865
0.012395
0.242209
-0.144445
-0.170678
0.072424
0.184016
-0.263563
0.101525
0.372570
-0.149086
-0.243665
-0.181766
0.042030
-0.043776
0.382586
-0.203061
-0.095688
0.373481
-0.315990
0.303026
0.163238
-0.127942
0.252855
-0.092458
-0.193049
0.011751
-0.312993
-0.013173
-0.046877
0.067433
-0.200901
-0.085453
-0.005434
-0.033770
0.173357
0.022586
-0.243717
-0.208224
0.100116
-0.061016
-0.170857
0.103792
0.346493
-0.202467
-0.044658
0.200673
-0.486963
-0.483710
-0.101030
0.106185
0.183846
-0.416463
-0.151462
-0.059765
-0.064373
0.312462
0.186299
0.122889
0.649948
-0.358957
-0.174284
-0.050102
0.416344
0.195019
-0.030400
0.232314
-0.465136
0.120435
0.124636
0.362913
-0.048726
0.126948
-0.209153
-0.037236
-0.116224
0.086586
0.053336
0.141327
-0.012509
0.180070
0.110539
-0.020528
0.114023
-0.106542
0.060257
-0.060484
-0.025653
-0.120161
-0.127753
0.002007
-0.364753
0.003494
0.419438
0.000081
-0.130950
-0.348174
-0.058817
-0.199520
0.042890
0.192413
0.128194
0.146135
0.097511
-0.007278
0.101368
-0.170160
-0.222477
0.374552
-0.031854
-0.113056
0.206933
0.192197
-0.108174
-0.534999
-0.409063
-0.257706
0.051741
-0.075248
-0.189389
-0.024685
0.146290
-0.006737
0.099712
0.421128
-0.294691
0.331651
0.399994
-0.069638
-0.097076
-0.243030
0.202333
0.075929
0.299585
-0.144516
-0.174013
-0.161753
0.028647
-0.004539
-0.139702
-0.022665
-0.051119
-0.731412
0.157199
-0.061238
0.321796
-0.108036
0.088465
-0.099975
0.512069
-0.146048
-0.291305
-0.057229
0.144152
0.144453
0.270167
0.365787
-0.403887
0.116849
-0.324243
-0.047568
0.145427
-0.394858
-0.009042
-0.202242
-0.322155
-0.101322
0.057645
0.095830
-0.070717
-0.059772
-0.114595
-0.021857
-0.117626
-0.307658
-0.144701
-0.378263
-0.471131
-0.013803
0.106742
-0.056044
-0.241211
-0.034306
-0.075392
-0.171181
-0.393490
0.200515
0.093639
-0.132751
-0.299794
-0.158103
0.298602
0.045895
-0.133997
-0.256762
0.030657
0.096957
-0.091316
0.127121
-0.228429
-0.315314
-0.043593
0.110320
0.206199
-0.119693
0.011525
0.123052
-0.111546
-0.346435
-0.133491
0.087212
-0.070627
0.305433
-0.109826
-0.281333
0.014327
-0.126308
-0.144514
-0.488411
0.221576
-0.070663
0.251551
-0.159164
-0.063014
0.397770
-0.129787
0.368182
-0.025627
0.145436
-0.033101
-0.113518
0.338700
0.028645
0.071466
0.122640
0.013305
0.239878
2.009965
-0.330899
0.170536
0.308074
0.004904
-0.468220
-1.321903
-0.111256
-0.362187
0.172540
-0.422013
-0.026771
-0.085613
0.176394
0.148700
-0.373371
-0.143831
-0.491899
-0.014996
-0.119371
0.220501
-0.126157
0.305007
-0.158440
0.033494
0.001289
-0.187914
0.223746
-0.171945
-0.070446
-0.012212
-0.121297
0.208478
0.055438
0.171710
0.099135
-0.249845
0.279819
0.653730
-0.056522
-0.157954
0.295129
-0.330260
-0.232968
-0.425512
-0.229293
0.089812
-0.353601
0.020444
0.478667
0.444139
-0.296391
-0.027860
