ORIGINAL Mean: -0.039746
ORIGINAL Variance: 1.084587
Output:
0.168321
0.491282
-0.180197
-0.126133
-0.027340
-0.291529
0.571733
0.032355
-0.273633
-0.438209
0.300717
0.229729
-0.276078
-0.041080
0.085306
-0.113927
0.621358
0.135537
0.198010
0.033716
-0.223052
0.627549
0.347643
-0.067642
0.079688
-0.025312
0.175016
0.175706
-0.128544
-0.254587
-0.340518
0.229891
-0.202735
0.114680
0.646577
-0.116337
-0.562608
-0.555312
-0.020853
-0.083461
-1.014487
0.022834
0.150680
0.308299
1.298720
0.070509
0.152437
0.138928
0.370258
0.316669
0.625475
-0.273981
-0.004499
-0.443236
-0.685495
-0.895724
-0.306075
-0.032642
-0.007234
0.283946
-0.329379
-1.157241
0.380843
0.601830
0.241705
-0.102125
0.754763
-0.423484
-0.450691
-0.274932
0.448322
0.122352
0.037259
0.165088
-0.537374
-1.436408
-0.134192
-0.151660
0.114370
-0.352388
-0.041348
-0.038122
-0.528930
-0.208274
0.124124
-0.211900
-0.195268
-0.176811
-0.448302
0.727055
-0.353944
-0.857057
0.169983
-0.142264
-0.047649
0.455628
0.193518
-0.243579
-0.161299
0.106805
-0.433921
0.268345
-0.508076
0.037783
0.111836
0.460067
0.294557
0.342539
0.180926
0.575724
-0.350411
0.096989
0.337677
0.062476
-0.053271
-0.005293
0.682407
1.154027
-0.014371
-0.085125
-0.183286
-0.277836
-0.444717
0.449211
-0.177293
-0.081258
0.221985
0.226604
-0.573903
0.042241
-0.001451
0.389554
-0.233449
-0.387570
-0.035143
0.320692
-0.286452
0.128040
-0.411786
0.130169
-0.142740
-0.144954
0.236206
0.174114
0.299493
0.201731
-0.845668
0.274128
0.219772
-0.148029
0.019679
-0.184103
0.021702
-0.397299
0.279251
-0.171718
0.009801
0.279816
-0.084775
-0.101780
0.272753
0.120696
0.241747
-0.050684
0.337745
-0.899450
-0.172671
-0.134535
-0.099389
0.048184
-0.263719
-0.089247
0.361911
-0.235198
0.129244
-0.003268
0.359403
0.183028
-0.020007
-0.578220
-0.142201
0.000549
-0.201958
-0.374551
0.059861
-0.666276
0.106564
0.370878
0.000118
-0.135328
-0.077388
0.091789
-0.233886
0.065035
0.115779
0.197781
-0.120144
-0.051087
0.604711
0.393311
-0.018156
0.253365
0.375005
0.405807
0.182053
0.072358
-0.487461
-0.599521
0.381391
-0.113628
-0.155844
-0.391171
-0.002640
0.053558
-0.179356
0.468878
0.304663
0.496853
0.207590
-0.221997
0.094836
0.435329
-0.076501
0.204141
-0.035347
0.372113
-0.078859
0.773457
0.316033
-0.150012
0.118398
-0.244086
-0.035732
0.068089
-0.572356
-0.234259
-0.047094
-0.134564
-0.615654
-0.255918
-0.111070
-0.327000
-0.024368
-0.586224
0.334840
-0.189117
-0.313093
0.288132
-0.212214
-0.336698
-0.121879
0.559001
0.275964
-0.156789
-0.000767
-0.129980
-0.457658
0.173271
0.659996
-0.106985
0.383434
0.016624
0.149271
-0.202750
0.149728
0.571952
0.154753
0.258266
0.035134
0.034233
-0.498463
-0.781045
-0.955631
0.614541
0.139574
0.323688
0.633031
0.213291
-0.198938
-0.077063
-0.304642
0.584736
-0.211723
-0.059131
-0.823102
0.286359
-0.029390
-0.061654
0.071315
0.223933
0.238851
0.226011
0.246521
0.247292
-0.143147
-0.041639
0.117310
-0.003606
-0.768185
0.314859
-0.285570
0.119322
-0.090652
-0.112965
0.025716
-0.107872
-0.064883
-0.092618
0.057216
-0.314124
-0.082278
0.249445
-1.293606
-0.300330
0.373708
-0.043401
0.278537
0.541362
-0.374588
0.217056
0.003878
0.715465
0.608624
-0.092478
0.697602
-0.102264
-0.013271
0.055258
-0.766856
0.135612
0.346730
1.962709
-0.152146
0.362321
-0.031968
-0.109695
-0.202537
-0.836955
0.165739
-0.225337
-0.196832
-0.282497
0.027475
-0.306462
0.038269
-0.109920
-0.069369
0.015966
-0.398208
0.810663
0.130416
-0.866420
-0.089088
-0.062695
0.242649
-0.189329
0.129247
0.099831
0.128318
-0.062629
-0.811126
0.003021
-0.435008
-0.095350
-0.152639
-0.027135
0.009535
0.661576
-0.109610
1.497605
0.409898
-0.948268
-0.074419
-0.034458
-0.069702
-0.091549
-0.066406
0.147565
-0.263040
0.113700
-0.020981
-0.092055
-1.115338
0.008138
