ORIGINAL Mean: -0.011966
ORIGINAL Variance: 0.814697
Output:
0.021626
-0.067210
0.317746
0.071128
0.103852
0.001592
-0.148230
0.126408
0.475023
-0.352572
0.010770
0.084614
0.003542
0.071868
-0.093370
0.091102
-0.876848
-0.287436
0.019803
-0.286605
0.047661
0.292775
-0.050555
-0.180327
-0.119362
0.012622
-0.096040
0.235448
-0.326260
-0.301660
-0.215878
-0.339062
0.078244
0.645694
-0.039266
-0.059051
-0.133951
-0.054799
-0.131382
-0.094793
-0.041567
-0.283726
0.013341
-0.066721
0.144962
-0.136918
-0.226021
0.145850
0.260933
0.034162
-0.203245
0.004737
0.094023
-0.307714
0.155983
0.267975
0.068258
-0.162942
-0.078583
0.120003
-0.174924
0.290581
-0.181925
0.134338
0.101615
-0.054957
-0.027023
0.549503
-0.259352
0.206018
0.290371
0.138449
-0.079370
-0.255365
0.317549
-0.391329
-0.096872
-0.372541
-0.000362
-0.140464
0.041116
0.071564
-0.164936
0.115040
-0.056788
0.062862
-0.268232
-0.181866
-0.075594
0.244672
-0.114139
-0.069114
-0.211341
-0.207292
0.062345
-0.143945
-0.062955
0.178068
0.099812
0.134683
-0.034210
0.589240
0.252908
-0.302005
-0.165335
0.224882
0.173056
0.296205
-0.261342
0.284184
0.188839
0.024586
-0.194031
0.118138
0.067566
0.371278
0.067223
-0.275387
0.309153
0.097237
-0.015069
-0.120230
-0.017907
0.010810
-0.115400
0.135619
-0.056605
-0.042454
0.044564
-0.020440
0.071156
0.388350
0.260441
0.108469
-0.124481
0.021586
0.270733
0.206439
-0.000464
-0.213184
0.201429
0.201371
-0.293227
-0.230192
0.054341
-0.005904
0.191800
0.370187
-0.214260
-0.453372
0.240686
-0.200020
0.111632
0.259621
-0.225785
-0.052369
0.136565
0.045397
-0.278799
-0.120340
0.083288
-0.337332
0.062854
0.088478
0.064877
-0.314363
0.043798
-0.118148
0.300246
0.251716
-0.039211
-0.056584
-0.064751
-0.100760
-0.050858
-0.100644
0.005669
0.475055
-0.127029
-0.124183
-0.102796
0.140997
0.189111
-0.213704
-0.090667
-0.288969
-0.029673
0.109978
-0.000153
0.308136
0.097766
0.141740
-0.059002
0.106713
0.067245
0.236194
-0.102183
0.103194
0.040801
-0.580588
-0.164434
0.218549
-0.041544
0.024927
-0.197918
-0.058874
-0.140654
-0.468787
-0.008536
0.324719
0.258280
-0.280654
-0.252695
-0.008720
0.074146
0.067697
0.038468
-0.267458
0.190725
0.190953
0.133069
0.048083
0.033716
-0.067196
0.081951
-0.034457
-0.153913
0.165251
0.292065
-0.176807
0.012329
0.110783
0.067143
0.155832
0.046776
-0.106515
0.245912
0.094272
0.004908
0.352814
0.202417
-0.186275
0.146565
-1.305498
0.140662
0.076866
0.224248
0.263510
-0.279134
-0.240066
0.113218
-0.142992
0.062138
-0.281412
0.049665
-0.211558
-0.123759
0.111101
-0.144323
0.359053
0.019705
-0.152600
-0.086739
0.120817
0.322217
-0.097372
0.017023
0.178173
0.348902
0.005668
0.458127
0.146852
-0.213586
0.119525
-0.093160
-0.139695
0.198186
0.015319
-0.090756
0.219216
0.122563
-0.095808
0.006738
0.481622
0.646137
0.051316
0.161617
0.108562
0.064799
-0.255356
-0.013876
-0.183617
0.073451
-0.105061
-0.232809
-0.017043
-0.155033
-0.051791
-0.060820
0.015494
-0.027457
-0.258041
0.299211
-0.168163
0.104779
-0.044009
0.027808
-0.098512
0.069385
-0.149538
-0.044876
-0.029537
0.181244
-0.178623
-0.081571
0.164260
0.125185
-0.360045
-0.293944
0.019409
-0.221032
-0.263676
-0.071638
-0.161777
-0.155410
-0.210705
0.052682
-0.297367
0.153614
0.052334
-0.511515
2.029040
0.011939
-0.356928
0.050336
0.035080
0.231670
-1.021803
0.175587
0.495420
0.011905
-0.071491
0.498258
0.081889
-0.012994
0.154682
0.175558
-0.080623
-0.215564
-0.311816
0.236279
-0.211538
0.391207
0.331810
-0.132602
-0.102507
0.097794
0.121395
0.036901
-0.255056
-0.206003
-0.234589
0.096255
-0.120663
-0.327208
-0.053448
-0.248859
-0.048560
-0.060449
0.535536
-0.383064
0.168744
0.051703
-0.056013
0.087717
0.006580
-0.006551
-0.075188
0.057013
-0.477904
-0.050096
-0.383118
-0.146731
0.040852
