ORIGINAL Mean: -0.008168
ORIGINAL Variance: 0.918235
Output:
0.123944
-0.419115
0.219306
-0.020859
-0.134323
0.257823
-0.520863
0.320584
0.601579
-0.087195
-0.138998
0.501305
0.344079
-0.090268
-0.162494
0.130709
-0.534237
0.170367
0.269357
-0.273734
0.041169
0.106353
-0.312445
-0.128888
-0.131734
0.036207
-0.094072
0.230152
0.089820
-0.252554
0.044092
-0.362438
-0.272569
0.381642
-0.280109
0.169468
0.036777
0.246019
-0.003723
0.430855
-0.271025
-0.112931
0.262892
-0.018354
-0.822705
-0.121861
-0.400650
-0.108526
0.129354
-0.385665
0.158038
-0.305155
0.407932
-0.198815
-0.056350
0.620476
0.060389
-0.393172
-0.337007
-0.318909
-0.219018
0.341627
-0.562003
-0.436200
0.341745
0.082480
-0.280179
0.081451
-0.191104
0.435314
-0.345705
0.449527
-0.201700
-0.105896
-0.136971
-0.739846
0.097548
-0.160896
-0.271423
-0.117699
-0.396136
0.011427
0.496810
0.069670
-0.102637
-0.117738
0.156819
-0.104536
-0.450249
0.074475
-0.309071
-0.245585
-0.406049
-0.376740
0.223497
-0.453181
-0.308395
0.085096
0.174365
0.270772
-0.122988
0.086139
0.162704
0.141307
0.211617
0.378236
0.316052
-0.211034
0.142762
0.055306
0.370453
-0.172298
-0.481379
-0.150631
-0.186121
-0.338669
0.158009
0.024985
0.021359
0.415835
0.120684
-0.108808
0.240547
0.454663
0.002449
0.083358
-0.145360
0.227450
-0.194691
-0.038571
0.070185
0.365089
0.073159
0.008484
-0.194585
-0.009185
-0.008159
0.412843
-0.417239
0.118998
-0.056063
-0.198636
0.015342
-0.014276
0.097799
-0.014770
0.370618
-0.072938
-0.401513
-0.334581
0.239540
0.042443
-0.183999
0.237353
-0.151690
0.023026
-0.396230
0.018144
-0.595991
-0.101737
-0.564774
0.962553
-0.132133
0.088405
-0.302139
-0.315892
0.072739
0.226567
0.126875
-0.080789
0.053110
0.164284
-0.276638
0.001752
-0.104495
0.035361
0.054298
0.064590
-0.222539
0.203189
0.120207
0.678314
0.327909
-0.291806
0.001181
-0.409259
-0.058888
-0.499547
-0.000221
0.220020
-0.163754
0.270058
-0.158224
0.128330
0.174738
-0.230600
0.067803
-0.044593
-0.097102
-0.490168
-0.599886
0.112150
-0.468490
0.064439
0.216842
-0.111287
-0.130796
-0.478096
-0.346260
0.258795
0.195986
0.118546
-0.326602
0.023917
0.074749
-0.010902
0.174739
-0.244858
0.096402
0.335214
-0.320336
0.303689
-0.378761
0.074614
-0.220091
-0.027382
-0.091339
-0.058208
-0.118115
-0.225191
-0.420118
0.395855
0.118942
0.260847
0.290779
0.268338
-0.237164
-0.151760
-0.057710
-0.130428
0.034602
-0.341326
-0.076598
0.068305
-0.116066
0.349649
0.137985
0.046005
-0.070842
-0.209449
-0.001797
0.031999
0.265164
-0.054962
0.272922
-0.031757
-0.166611
0.194994
0.421365
0.030499
-0.159945
-0.108430
-0.048738
0.244390
-0.095055
0.012498
-0.025239
-0.174407
0.345359
0.048690
0.168143
-0.002441
-0.021515
-0.263788
0.209804
0.459215
0.201770
-0.373049
0.134339
0.925412
0.256886
-0.295496
0.058064
0.279004
0.592163
0.242193
-0.021640
-0.203390
0.163225
-0.011268
0.069684
0.072155
-0.027523
-0.635003
0.243784
-0.110767
-0.268786
0.060414
0.104731
0.021596
-0.016245
-0.025520
-0.069594
-0.781260
0.147678
-0.223545
-0.170759
-0.056140
0.034070
-0.273549
-0.023072
0.108998
-0.477585
-0.143481
-0.380946
0.120188
0.183009
-0.488183
-0.474301
-0.540830
0.008472
-0.263335
-0.413652
-0.140289
-0.159223
0.760343
-0.040828
-0.200763
0.152707
0.020838
0.062501
1.825655
-0.080256
-0.674395
-0.288753
0.174533
-0.004884
-0.317911
-0.117759
0.308876
0.085301
-0.114843
0.446344
0.133332
-0.003685
-0.010892
0.033013
0.329598
-0.201727
-0.258454
0.076615
0.173658
0.093456
0.639767
-0.194825
-0.164566
-0.176201
-0.171047
0.029399
-0.341510
0.486333
0.408683
-0.222258
-0.107952
-0.063940
0.137443
-0.238573
0.229473
0.153958
0.815573
-0.020512
0.140994
0.135529
-0.231587
0.402684
-0.113923
0.255458
-0.118144
0.054353
-0.474584
0.602991
-0.016891
-0.598760
-0.163160
