ORIGINAL Mean: -0.022043
ORIGINAL Variance: 1.000184
Output:
0.423927
0.166219
-0.124958
-0.060083
-0.013677
-0.080663
0.756753
0.260260
0.302119
-0.036856
-0.569766
-0.417165
-0.798524
-0.054501
0.133889
0.113311
0.270998
-0.454301
0.447467
-0.811546
-0.197111
0.607131
0.350416
-0.070683
-0.291330
-0.377069
0.049306
0.051027
0.015925
-0.527292
0.293980
-0.210522
-0.438402
0.479338
-0.497935
0.011481
-0.564995
-0.844915
-0.007214
0.295364
0.283161
0.117182
-0.419176
0.007577
0.257320
0.158715
-0.180028
-0.116431
0.108216
-0.223017
-0.221929
-0.403714
0.363922
-0.380763
-0.890792
-0.008666
0.322178
0.501898
-0.168421
-0.486531
-0.077856
-0.918582
0.099312
0.063960
-0.741206
-0.148792
-1.411018
-0.422284
0.854107
-1.061377
0.386160
-0.263385
-0.207029
-0.084911
-0.476235
-0.836314
0.070643
-0.173858
0.004391
0.678049
-0.164006
0.285826
0.078280
-0.049266
0.014968
-0.247818
0.191009
0.526759
-0.748206
0.958254
-0.461739
-0.302917
-0.530068
-0.170057
0.272763
0.191007
0.504998
-0.211328
0.135607
0.201974
-1.012135
-0.587248
-0.059923
0.208145
0.295507
0.617779
0.189055
0.971763
0.399281
0.304752
-0.309160
-0.011729
0.703811
-0.839315
0.058894
0.604394
0.438858
0.503369
0.071841
0.021521
-0.068815
0.033868
-0.128035
0.227498
-0.218599
0.060324
-0.098947
0.716602
-0.014390
0.061061
0.050983
-0.388031
-0.490657
0.076626
-0.179691
-0.270939
-0.227044
-0.316142
-0.159034
0.416843
-0.109721
-0.152827
0.415661
0.240039
-0.015784
-0.355095
-0.647063
-0.391013
-0.239274
-0.243080
0.400213
0.403693
-0.553786
-0.710804
-0.211674
-0.104052
-0.075883
0.258105
-0.126982
-0.067871
0.880533
0.932870
0.014378
0.296091
0.079582
-0.241362
0.003196
-0.194347
-0.188563
-0.009762
-0.059418
0.044699
0.010656
0.368581
0.223782
0.062551
0.202816
-0.077871
-0.375306
-0.190396
0.238400
-0.289170
0.024169
-0.515388
-0.226613
-0.456114
-0.045097
-0.386702
0.000049
-0.059463
-0.132746
0.044760
-0.124093
0.042881
0.246005
-0.307427
0.083017
-0.040784
-1.011528
0.151835
-0.205671
0.295740
-0.069134
0.301699
1.050883
-0.102042
-0.267527
0.137223
-0.191775
0.557276
-0.072650
-0.372715
0.002803
-0.062322
0.107639
0.207760
0.765551
-0.074085
0.152544
0.228519
0.515910
0.701086
-0.098873
0.253527
-0.710518
0.697070
-0.133341
0.278380
-0.169667
-0.243742
-0.238551
0.400910
-0.009882
0.064358
0.221212
0.230588
-0.230067
0.019507
0.268456
0.971555
-0.178467
-0.493827
0.242377
0.423679
-0.170455
0.042196
0.491790
0.076802
0.270879
-0.482351
-0.423567
-0.358586
0.169975
-0.144827
0.035667
0.003672
-0.389795
0.282750
-0.019836
-0.572697
-0.810792
-0.083724
-0.083062
-0.102535
0.102147
1.043867
0.118278
0.197527
0.670195
-0.234398
0.209310
0.303751
-0.392383
0.120618
-0.131773
0.505785
-0.028107
0.127116
-0.214473
-0.338782
-0.003211
-0.156276
-0.043696
0.285717
-1.230157
-0.289061
-0.019252
-0.153076
0.093014
0.090379
0.193811
-0.155845
0.817315
-0.644837
-0.050787
-0.408437
-0.037706
0.146898
-0.661762
-0.009474
0.572558
-0.027335
-0.044007
0.541225
-0.137025
-0.273369
-0.074717
-0.075644
0.080254
-0.127175
-0.014068
-0.201698
-0.490577
-0.126751
-0.665211
0.080093
0.176614
0.229029
-0.376928
-1.101286
0.005500
-0.203011
0.203087
-0.132369
-0.199860
0.115530
-0.041392
0.181306
0.246250
0.014726
-0.075232
1.720458
-0.013736
-0.032095
0.176453
0.072802
-0.172487
-0.576450
-0.144087
-0.265317
-0.459473
-0.306286
0.260185
-0.204957
0.131826
-0.131738
0.241859
0.149407
0.133149
-0.294039
0.043771
-0.357054
-0.120845
0.102333
-0.072971
-0.143069
0.062860
-0.247106
0.211264
0.245991
0.141606
0.514977
-0.686572
-0.021965
-0.453946
0.276177
0.187555
0.059947
-0.105259
0.874596
-0.309431
-0.182964
0.211486
0.108662
-0.021139
-0.067497
0.240643
-0.389709
-0.208315
-0.708287
0.676832
0.342417
0.733162
-0.268684
