ORIGINAL Mean: 0.019773
ORIGINAL Variance: 0.949610
Output:
0.093853
-0.731182
0.156597
0.115888
-0.212636
0.192736
-0.010792
-0.266969
-0.672652
0.338343
0.400815
0.087815
-0.403680
-0.176582
-0.259252
0.110869
0.168382
-0.142097
0.125318
-0.282675
0.072096
-0.176542
-0.107494
0.242407
-0.016317
0.068250
0.457417
-0.121731
0.161594
-0.126675
-0.379483
0.444929
-0.603525
-0.542337
-0.193674
0.076622
-0.203079
-0.191892
0.024696
-0.281068
0.448914
0.059916
0.157854
-0.066442
-0.599911
-0.073950
-0.079383
-0.240586
-0.432164
-0.174623
0.304389
0.400511
0.169480
0.546975
0.714931
0.403169
-0.181767
-0.652002
-0.012808
-0.158727
0.156756
-0.058806
-0.190082
-0.105221
0.049386
-0.121899
-0.063135
0.139114
0.028140
-0.261945
0.049454
0.928905
-0.032457
-0.120736
0.072821
0.798123
0.265623
0.328481
-0.207437
0.186179
-0.369890
-0.069591
0.450923
-0.079331
0.078630
-0.312475
0.074225
0.522326
0.469339
0.230015
0.123595
0.732002
0.122907
0.336896
-0.328202
-0.032224
0.174744
0.235937
0.239111
-0.177839
-0.682419
-0.832142
0.538849
0.252903
-0.273554
-0.411196
-0.088688
-0.334135
0.211318
-0.193463
0.141088
0.110505
-0.326819
0.627257
-0.181621
-0.515591
0.115288
-0.123205
-0.104683
0.190247
0.018564
-0.027610
0.111698
-0.053221
0.060721
-0.100814
0.091797
-0.113398
0.070327
-0.390147
0.061046
0.188061
-0.589348
-0.030493
-0.029378
0.156090
0.081159
0.100252
-0.108364
0.050448
0.183116
0.013376
-0.178949
0.294038
0.064320
-0.065961
0.301823
-0.548774
0.410228
0.300351
0.156298
0.090281
0.072492
-0.201251
-0.008435
0.096631
-0.546172
-0.107737
-0.021249
-0.225737
-0.384433
0.377447
-0.019432
0.023252
-0.124197
0.017012
0.040242
0.237267
-0.186342
-0.373802
0.028697
0.394022
-0.162420
0.051172
-0.122293
0.033075
-0.130071
-0.347286
0.049217
0.168167
0.166066
0.132022
-0.004200
-0.237214
0.195200
0.244379
0.243234
-0.658713
-0.000300
-0.018344
-0.495996
0.375195
-0.316474
0.120712
-0.039679
-0.289664
-0.187642
-0.007322
0.220147
-0.054940
-0.271451
-0.661763
-0.351891
-0.260749
-0.005351
-0.211087
0.217841
-0.342785
-0.315351
-0.094461
0.013201
-0.032099
0.101469
-0.184251
-0.199844
-0.506498
-0.135384
-0.155181
-0.235878
0.053778
0.178785
-0.756890
-0.067504
-0.218942
-0.262329
-0.153372
0.199553
-0.890271
-0.159460
0.406310
-0.294215
0.034398
-0.004178
0.239378
0.332105
0.102918
-0.146952
0.299835
-0.186891
-0.544472
-0.007992
0.568659
0.181597
0.931163
-0.305284
0.257225
-0.291361
0.308145
0.357484
0.488224
0.404683
-0.094599
-0.493875
0.306952
-0.420170
-0.105218
0.218680
-0.126376
0.008612
-0.250928
-0.156320
0.036541
0.223365
-0.107406
-0.474176
-0.316681
-0.273062
0.086504
-0.276688
0.002850
0.296375
-0.256838
0.098025
-0.364549
-0.347648
-0.240095
0.073611
0.036141
0.219064
0.332920
0.283664
-0.070904
0.097430
-0.636341
0.050933
-0.112744
-0.105577
0.152619
-0.411672
-0.096182
0.004471
0.512616
-0.225908
0.166950
0.063369
0.530634
-0.043144
0.001337
-0.595027
-0.254716
0.066735
-0.100749
0.074299
-0.007182
-0.032356
0.126504
0.073452
0.026788
0.092955
0.356946
0.212668
0.109602
-0.011546
0.129489
-0.162277
0.010441
0.064836
0.294225
0.255945
0.032776
0.443781
-0.569415
-0.229179
-0.105880
-0.173531
-0.313522
-0.074544
-0.125899
-0.109631
0.018285
0.026883
1.890991
1.054496
-0.337023
-0.054511
0.102623
-0.434765
0.190136
0.753660
-0.001238
-0.827421
0.160518
-0.269624
-0.157512
-0.049195
0.076143
-0.445284
0.548998
-0.316522
-0.209635
-0.295122
0.272451
-0.178577
0.514713
-0.255364
0.153043
-0.368068
-0.286413
-0.370497
0.561212
0.774970
-0.054188
-0.489776
-0.176909
0.627690
0.060664
-0.038650
-0.187280
0.223606
0.259460
0.282894
0.518836
-0.274278
-0.478320
0.396857
0.385388
0.185718
0.387742
-0.018138
0.463671
0.280623
0.193870
0.038102
-0.587214
