ORIGINAL Mean: -0.031696
ORIGINAL Variance: 0.833372
Output:
-0.100995
0.033725
-0.154242
-0.277150
-0.263580
-0.097017
-0.421641
-0.302274
-0.231755
0.157985
0.064331
0.149636
0.315168
-0.088484
0.668805
-0.096011
0.654757
0.256346
0.324209
-0.053442
-0.177722
0.215426
0.127269
-0.317590
0.163763
-0.174512
-0.011181
0.269509
-0.407371
0.133785
0.268078
0.010706
-0.164335
-0.119211
0.255109
-0.300649
0.155323
0.074880
-0.045101
-0.112024
-0.354374
0.159060
-0.341853
-0.132681
0.051499
0.075843
-0.070990
0.335578
-0.076906
-0.025735
0.527969
0.038170
-0.243875
0.113127
-0.239961
0.269693
-0.134382
0.503693
-0.221110
0.258948
-0.009063
0.119559
0.008560
0.197416
-0.271655
0.079454
-0.508181
-0.490322
0.448806
-0.502592
0.243565
-0.215182
0.220079
0.103729
0.037178
1.024375
-0.159479
0.308742
0.192402
0.106162
0.271187
0.392009
0.169226
0.345449
0.010312
0.316268
-0.182425
0.130618
-0.262399
-0.039159
0.235328
0.018443
0.306476
0.292486
-0.596866
0.250869
0.110873
0.151126
-0.115378
0.083347
-0.305278
0.087354
-0.236867
-0.187698
-0.496500
-0.233943
-0.282399
-0.057402
0.052301
0.054478
-0.111615
-0.028696
0.289669
-0.066071
0.327577
0.205981
-0.131347
0.717630
-0.152669
0.241987
-0.112551
-0.217298
0.140064
0.413765
0.355462
-0.391205
-0.009528
0.190014
-0.215646
0.542265
0.016670
0.148197
-0.319408
-0.020090
-0.088591
0.344677
0.100603
-0.002342
-0.396331
-0.193099
0.234683
-0.524630
-0.253222
0.141732
0.266122
-0.023598
0.111873
0.053379
0.149449
-0.281136
0.039291
0.045994
-0.325565
0.273833
0.081297
-0.085834
0.468169
0.355174
0.081583
-0.046071
0.240848
-0.932441
0.294051
-0.119878
0.322959
0.179889
0.195696
-0.266877
-0.072845
0.104162
0.214853
-0.144402
0.117437
-0.093510
0.020772
-0.036588
-0.018976
0.144172
-0.211979
0.003465
-0.333611
-0.040966
-0.227366
-0.153431
-0.109828
-0.081197
-0.041558
0.422446
0.000071
-0.248830
-0.265478
0.066354
-0.498806
0.033796
-0.016035
0.432206
0.347854
-0.122395
-0.558553
-0.056983
-0.375312
0.141941
0.248355
0.193118
0.118253
0.223942
-0.071364
0.005148
-0.623897
-0.382033
-0.272061
-0.054404
0.115659
-0.175154
0.010477
0.043290
-0.105222
0.082077
0.315778
-0.048949
0.318011
0.328232
-0.076411
0.018365
-0.292566
0.322146
0.194666
0.413211
-0.280095
0.008770
-0.006854
-0.069417
0.190132
-0.407077
-0.018386
0.221540
0.149238
-0.056098
0.396638
0.021737
0.220055
0.360669
-0.159925
-0.085363
-0.216808
-0.290931
-0.168577
0.226952
-0.071904
0.149909
0.311971
-0.887794
-0.061310
-0.152035
0.249423
0.186347
-0.198996
0.222967
0.198499
-0.324198
-0.364386
-0.086387
0.073718
0.035220
-0.227290
0.129834
0.119966
-0.573732
-0.145698
-0.031182
-0.325993
-0.262689
-0.247743
-0.011434
0.084209
0.071413
0.319773
-0.265965
-0.252429
-0.454642
0.123517
-0.202406
-0.210244
-0.041519
-0.384496
0.233447
-0.139366
-0.137851
-0.465899
-0.166682
0.083356
0.000556
0.275725
-0.419091
-0.104916
-0.180334
0.106454
0.066959
0.206050
0.208500
0.108226
0.093645
-0.491370
-0.148386
0.005394
-0.126282
0.189136
-0.095553
-0.126649
-0.210908
-0.195798
0.033499
-0.044444
-0.058019
0.081620
0.155894
-0.017156
0.218028
0.339830
0.096203
0.210988
-0.002900
0.066892
0.003938
-0.104037
0.331913
-0.012125
0.210166
0.254322
0.014271
0.259993
1.992596
-0.185138
0.225311
0.291536
-0.039115
-0.176970
-0.805651
0.058962
-0.398252
-0.247746
0.219027
-0.015073
-0.220817
0.069901
0.158276
-0.291936
-0.102219
-0.404037
0.339655
0.116642
0.128315
-0.234665
0.321296
0.053418
-0.088257
0.083810
-0.345772
0.469347
0.311574
-0.224728
0.008604
-0.201759
0.358927
-0.092590
-0.135880
0.141974
-0.341241
0.014296
0.632223
0.108036
0.027928
0.055443
-0.247885
-0.315651
-0.414343
-0.272708
0.034349
-0.322977
-0.130672
-0.147789
0.349608
-0.230218
0.199274
