ORIGINAL Mean: -0.037751
ORIGINAL Variance: 0.839212
Output:
-0.009029
-0.098440
-0.251173
-0.363979
-0.349900
0.019119
-0.119491
-0.233293
-0.138105
0.378864
0.132820
-0.260018
0.209428
-0.148933
0.593589
-0.057016
0.573043
0.439426
0.355106
0.231774
-0.184898
0.350425
0.131252
-0.294476
-0.060324
-0.307316
-0.103503
0.171681
-0.184736
0.088748
0.072870
-0.085520
-0.267357
-0.376748
0.097091
-0.251827
-0.133649
-0.041517
-0.072038
-0.311872
-0.028856
-0.000575
-0.068616
-0.016982
0.106513
0.270959
-0.074721
0.097799
-0.094150
-0.283148
0.654750
-0.129396
-0.204413
0.369228
-0.233710
0.124534
-0.190903
0.351076
-0.261979
0.004804
0.137424
-0.338073
0.089928
0.327794
0.017063
0.067025
-0.242049
-0.383070
0.149694
-0.519970
0.340270
-0.156503
0.018084
0.159959
0.362013
0.482653
-0.030030
0.037237
-0.009854
-0.122950
0.183937
0.099913
0.064531
0.014056
-0.087688
0.275989
0.053251
0.044988
0.039407
0.070031
0.189107
0.256160
0.227791
0.283683
-0.296669
0.045991
-0.037035
0.037056
-0.055340
0.094681
0.181480
-0.650130
0.111366
-0.103847
-0.109687
-0.029894
-0.361353
-0.104414
0.166912
0.234782
-0.061023
-0.018712
0.333166
-0.366611
0.331253
-0.003336
-0.056989
0.158590
-0.132887
0.102940
0.067619
-0.254046
-0.150849
0.139379
0.032564
-0.279108
-0.322485
0.211877
-0.209660
0.286882
0.003897
-0.217093
-0.039946
0.351707
-0.119632
-0.141703
0.084026
0.031551
-0.427343
-0.190131
0.338144
-0.461560
-0.217087
-0.179114
0.189187
-0.313061
0.078110
-0.368077
-0.073752
-0.056660
0.105214
0.227224
0.122344
0.278116
-0.201846
-0.183656
-0.202236
0.366692
-0.070397
-0.086636
0.006753
0.355042
0.200785
0.207000
0.377110
0.153366
0.167146
-0.021554
-0.056914
-0.056721
0.232466
-0.018159
-0.059572
0.016807
0.087600
0.047854
-0.196850
-0.198902
-0.185565
-0.157813
0.041390
0.076366
-0.364551
-0.298098
0.063589
-0.141197
-0.013288
0.076899
0.000095
0.012095
-0.662000
0.025887
-0.393306
0.052554
0.130653
-0.113030
0.353714
-0.168996
-0.109894
0.086012
-0.076141
-0.031157
0.354015
0.085833
-0.137794
0.225054
-0.016455
-0.127303
-0.417452
-0.213862
-0.246315
0.239916
-0.022503
-0.230027
-0.033693
-0.036857
0.035216
0.051462
0.590206
-0.380859
0.218195
0.500107
-0.131946
-0.118709
-0.429702
0.289700
-0.027573
0.438782
-0.383966
-0.103485
-0.340071
-0.033501
0.036202
-0.084882
0.157783
0.141791
-0.348304
0.128315
0.233190
0.250014
0.038189
0.396727
-0.104415
1.086827
-0.449664
-0.190243
-0.115116
0.282671
0.037031
0.374412
0.293661
-0.372609
-0.097740
0.025425
0.218260
0.250917
-0.062464
0.090676
0.137894
-0.153820
-0.342063
0.231779
0.047073
-0.046987
-0.103851
0.217858
0.063402
-0.567135
-0.299023
0.061625
-0.399392
-0.588652
0.010958
0.082301
0.346621
-0.010734
0.228321
-0.015540
-0.153580
-0.374418
0.192107
0.158777
-0.114352
-0.190548
0.069802
0.003838
0.094201
0.057456
-0.487112
0.004166
0.190497
0.041019
0.023880
-0.394918
-0.158986
-0.111940
0.107462
0.280864
-0.302991
0.096655
0.049622
-0.015464
-0.528071
-0.080097
0.000320
-0.034011
0.583251
0.033334
-0.390601
0.033775
-0.095540
0.108355
-0.314967
0.307364
-0.082733
0.255773
-0.055961
0.300231
-0.106579
0.388901
0.313263
-0.036646
0.116667
0.150034
-0.052926
0.238063
-0.046994
0.146956
0.080317
0.036592
0.263338
1.907876
-0.065364
-0.209128
0.401465
0.154670
-0.337171
-0.636155
-0.151987
-0.444270
-0.167544
-0.208400
-0.002562
-0.052118
0.203497
0.298341
0.016427
-0.081070
-0.227024
0.182626
-0.181426
0.368418
-0.505210
0.035788
-0.165519
0.221090
-0.067744
-0.439192
0.332901
-0.025551
0.111157
0.226398
-0.014185
0.157532
-0.051590
0.021958
0.214363
-0.475666
0.167987
1.063869
0.268852
-0.399679
0.299905
-0.415787
-0.291151
-0.507170
-0.090674
0.027374
-0.344012
0.036246
0.534229
0.924656
-0.249509
-0.056780
