ORIGINAL Mean: -0.025657
ORIGINAL Variance: 0.878608
Output:
-0.410983
0.057579
0.194233
0.050326
-0.060017
0.145586
-0.330514
0.044124
0.259685
-0.022338
0.011911
-0.470048
0.247044
-0.048684
-0.023262
0.120718
-0.054340
0.094443
0.118379
0.119115
0.047230
-0.131109
-0.088676
0.121044
-0.316308
0.209374
-0.030334
-0.023494
0.472640
-0.123499
0.121546
0.220781
-0.381014
0.038961
0.083885
0.187122
0.171785
0.267385
0.019752
-0.104075
0.191003
-0.009962
0.285533
-0.113687
-0.526554
-0.259989
-0.458360
-0.097863
0.008476
-0.223812
0.122929
0.426321
0.380245
-0.573562
0.110157
0.227498
0.175363
-0.334441
-0.231308
-0.075042
-0.066674
-0.171918
0.147855
0.126317
-0.052541
0.039729
-0.325334
0.092340
-0.108627
0.066324
-0.103298
0.118170
-0.189941
-0.065338
-0.378597
0.101135
0.249481
-0.122863
-0.213857
-0.084007
-0.452752
-0.038379
0.123194
-0.590430
0.108228
-0.146383
0.334318
0.116623
0.397211
-0.323937
-0.050770
0.182453
-0.134436
-0.598042
0.217324
-0.411292
-0.109900
-0.052528
0.197782
-0.034938
-0.163135
-0.561640
0.599629
0.503521
0.020679
-0.030868
0.295328
0.111306
-0.020410
0.005625
0.208058
-0.131505
-0.355298
0.161112
-0.458289
-0.314660
-0.067318
-0.316197
0.151692
0.200316
-0.087265
-0.145708
0.149660
0.276606
-0.241762
0.399751
-0.238631
0.015809
0.080045
-0.245941
0.105061
0.065310
0.280435
-0.036059
-0.068451
-0.088024
-0.044764
0.030129
0.072125
0.256400
-0.037017
-0.208803
0.114406
-0.451499
-0.060696
-0.594332
0.033371
-0.159933
-0.289567
0.108285
-0.034126
-0.204373
0.315667
-0.032532
0.232022
0.192950
-0.758149
-0.320890
-0.540812
-0.172881
-0.502623
0.803415
0.011252
0.149550
-0.327552
0.103356
-0.103468
0.163817
-0.254558
0.105840
0.080742
-0.054087
-0.115259
-0.144130
0.097652
0.053647
0.138915
-0.252748
-0.153544
-0.003014
0.497275
0.041312
0.332301
0.120406
0.058307
0.215545
-0.035959
-0.479371
-0.000193
0.064476
-0.230865
-0.216061
0.060415
0.170033
0.144902
-0.622328
0.214288
-0.047543
0.251105
-0.202204
-0.504733
-0.237059
-0.329832
-0.062936
-0.288287
-0.312608
0.178796
-0.021672
-0.171533
0.121039
0.078038
0.391481
-0.123804
-0.069133
-0.169315
-0.044688
-0.292640
-0.169715
-0.331987
0.244748
-0.347778
-0.687691
0.005394
0.433665
0.054265
-0.355883
0.046789
-0.057150
-0.299366
0.032497
-0.193389
-0.051515
0.186975
-0.006130
0.214914
-0.032200
-0.059013
-0.051566
0.154893
-0.280764
0.006215
-0.261798
0.312446
1.321356
-0.035860
0.411289
-0.170034
0.263967
0.099073
0.162952
-0.257648
0.214088
-0.182473
-0.230880
0.089665
-0.082499
0.187896
-0.050083
-0.042420
0.399710
-0.006352
0.325683
-0.041148
0.057847
-0.216934
-0.168689
-0.175652
-0.048040
0.268730
-0.135042
-0.203969
0.063757
0.283335
-0.217198
-0.137446
0.020554
-0.010051
0.307898
0.133177
0.196636
0.074359
0.277214
-0.031159
-0.354745
0.128817
-0.507597
-0.079072
0.348291
-0.209916
-0.068849
-0.026492
-0.084299
0.012637
-0.141097
-0.106169
0.042362
-0.134093
0.115197
-0.091901
-0.194850
0.173920
-0.080368
0.213176
-0.222978
-0.138127
0.089075
-0.195361
0.106367
0.304695
0.066578
0.228871
0.231610
0.753473
-0.080670
-0.426476
-0.134575
0.383109
0.044243
-0.327665
0.393339
-0.247634
0.237320
-0.123350
-0.259276
0.004869
0.884158
-0.088443
0.004329
0.294954
-0.126426
-0.210999
1.893588
0.358882
-0.379801
0.246256
0.181002
0.088584
-0.009806
0.072774
0.079150
0.408467
0.045644
0.083083
-0.119252
0.029757
-0.052109
-0.106893
0.063448
0.236284
-0.278961
0.029007
0.116141
0.089821
0.767561
-0.193375
-0.374190
-0.154363
-0.110825
-0.299239
-0.358504
0.030958
0.148914
0.441433
-0.199675
-0.188971
0.201579
-0.049162
0.102303
-0.014029
0.655983
0.026917
0.006729
-0.054381
-0.200321
0.155671
0.301072
0.266952
-0.131696
0.150690
0.104114
0.273902
0.197405
-0.100125
-0.210321
