ORIGINAL Mean: -0.028871
ORIGINAL Variance: 1.031535
Output:
0.061354
-0.176972
0.000307
0.154751
-0.264218
-0.163391
-0.100407
-0.164789
-0.642493
-0.120516
-0.233083
-0.230140
0.019066
0.027845
-0.326751
0.069333
-0.016417
-0.175458
-0.320582
-0.101097
0.006195
-0.496877
0.797533
0.127999
0.133531
-0.161293
0.151425
0.057743
-0.011461
0.370663
-0.527003
0.051761
-0.019042
-0.431147
-0.507468
0.094203
0.366770
-0.139097
-0.062151
-0.051348
-0.543067
0.549044
-0.214877
-0.029207
-0.550425
-0.052499
0.247847
0.134462
-0.140847
0.166806
0.283383
0.313562
-0.089016
0.756700
0.469686
-0.200618
-0.628651
0.305832
0.410349
-0.248018
0.056283
0.122152
-0.026078
-0.043333
-0.433872
0.117975
0.190137
-0.136791
0.369620
0.128724
-0.402787
0.225237
0.187877
-0.146480
-0.310467
0.905775
-0.108182
0.230124
0.132165
0.264873
0.001198
-0.113433
0.116601
-0.043707
0.105835
0.415760
0.312643
0.200644
-0.067385
-0.500139
0.270320
-0.133889
0.208698
0.442978
-0.672518
0.307014
-0.101653
0.107069
-0.114599
-0.077770
-0.060516
0.363226
-0.288585
-0.386862
-0.137707
-0.282433
-0.094588
-0.711510
0.139561
0.225887
-0.085419
-0.051161
0.413447
1.003527
-0.229581
-0.238332
-0.223666
-0.335856
-0.107407
0.075189
-0.162513
0.215252
-0.000435
-0.528610
-0.018577
-0.382636
0.233544
-0.156930
-0.045187
0.097116
0.045059
0.609885
-0.464159
-0.389739
0.034518
0.250121
-0.067338
-0.116664
0.103671
0.074479
0.092586
-0.265751
0.765154
0.167687
-0.067645
0.590198
-0.155427
0.103010
0.189829
0.404694
-0.322369
-0.658028
-0.180082
-0.156168
0.046923
0.079583
0.041426
-0.160274
0.279823
-0.089289
-0.289258
-0.373152
0.132215
-0.221061
-0.001856
-0.260081
-0.166478
-0.015307
-0.094193
0.005002
-0.005416
-0.279584
0.163137
-0.230814
-0.171196
0.058750
0.051295
-0.475628
0.244013
-0.027193
-0.190620
0.425882
-0.490178
0.444457
-0.078312
0.463630
-0.073400
0.560778
-0.000046
-0.144830
0.171186
-0.072444
-0.182518
0.053835
-0.016544
0.080794
-0.063162
-0.236230
-0.116615
0.600591
-0.067718
-0.404311
0.058998
-0.176290
-0.219305
-0.030696
-0.267705
0.433218
0.299178
-0.462401
-0.092255
0.574082
0.438772
0.143571
-0.133703
-0.047761
-0.492356
0.280223
-0.306652
0.212201
0.064797
0.058177
0.111011
0.221499
0.035787
-0.897661
0.078189
0.286004
-0.015100
0.269046
0.279553
-0.391202
0.257669
0.449573
-0.142750
-0.302902
0.653202
-0.093886
-0.490106
0.013279
-0.135135
0.325507
0.053148
-0.471751
0.183685
-0.243616
-0.694748
-0.057845
0.034492
-0.190774
0.241102
-0.207011
-0.130818
0.061411
-0.421802
-0.151254
-0.022912
-0.199558
0.083391
0.457498
0.276722
0.123243
-0.156892
0.136986
-0.073404
0.131986
0.030333
-0.239969
-0.319744
0.025597
-0.430685
0.277582
0.075904
-0.340160
-0.004969
-0.102023
-0.550036
-0.268711
-0.058347
0.554630
-0.276120
0.222673
-0.167496
-0.389544
0.218188
0.462097
-0.249865
-0.299709
0.422148
0.013537
-0.030764
-0.031369
0.421685
0.128559
-0.228761
0.063938
0.033982
-0.116852
0.481472
-0.030014
-0.104670
0.260781
-0.315889
0.426080
-0.063904
0.074437
-0.018261
0.192063
-0.169404
-0.115591
-0.058823
0.377508
0.969144
0.020920
0.374030
-0.310584
-0.153430
0.254993
0.400186
0.422309
-0.316111
0.783305
-0.223490
-0.013957
-0.179035
-0.301383
0.055253
0.190895
-0.025116
-0.110370
0.048876
2.097238
0.250217
0.657043
-0.424261
-0.264151
0.248691
-0.289545
-0.205682
-0.136752
-0.064205
0.560561
-0.533995
-0.233876
-0.154459
0.081643
0.045599
0.614468
-0.026508
0.535276
-0.010410
0.587492
-0.084470
0.254430
0.363461
-0.239364
-0.082782
0.002526
-0.172329
0.582399
-0.063875
0.030827
0.225122
0.137138
-0.164029
-0.351579
0.000575
0.224385
-0.177287
0.481000
0.298683
0.543632
-0.175060
0.311358
0.125459
-0.098791
-0.428273
0.576726
0.130968
0.418350
-0.811144
-0.158838
-0.248321
-0.263656
