ORIGINAL Mean: -0.036717
ORIGINAL Variance: 0.906059
Output:
-0.047021
0.173347
-0.173017
-0.143605
-0.199648
0.032844
-0.565812
0.138138
0.354672
0.127045
0.113509
-0.408606
0.467205
0.094528
0.516073
0.133205
0.353982
-0.111942
0.339346
0.208570
-0.174478
0.826053
0.125283
-0.327698
-0.391924
-0.201719
-0.263228
0.190958
-0.056612
-0.207560
0.429750
0.003350
-0.536482
0.038541
-0.016246
-0.134784
0.115175
0.418268
-0.052330
-0.173355
-0.142932
0.013500
-0.041822
-0.339667
-0.976250
0.034798
-0.387669
0.163429
0.208935
-0.374869
0.676566
0.354525
-0.051816
-0.774499
-0.598585
0.141198
0.123500
0.410394
-0.221186
0.011455
-0.062259
-0.031930
0.191669
0.178284
-0.356520
0.173490
-0.192914
-0.324930
0.440610
-0.078410
0.082625
0.525737
-0.002508
-0.115821
-0.229866
0.140241
-0.202671
-0.170986
0.024060
-0.491323
-0.102785
0.116532
0.448927
-0.289271
0.080591
0.071451
0.146284
0.049804
0.457040
-0.073233
0.202710
0.201491
0.286457
-0.218569
-0.271780
-0.013789
0.283070
-0.459608
-0.005903
0.232235
-0.038486
-0.748878
0.280114
-0.410656
0.177332
-0.273381
0.011264
-0.134753
0.120055
0.415602
0.168208
-0.047330
0.227827
-0.464346
0.302238
0.162489
-0.041378
-0.011733
0.071347
0.208434
0.043589
-0.303110
0.173995
0.224489
-0.093821
-0.000216
-0.495403
0.314107
0.109949
0.277951
0.025839
-0.169715
0.145002
0.245664
-0.184274
-0.201747
0.051212
0.038909
-0.438937
-0.163103
0.272223
-0.635259
0.026669
-0.202524
0.038524
-0.417292
-0.116405
-0.012636
-0.242989
-0.109502
0.075415
-0.298284
0.226061
0.156351
0.145118
-0.019728
-0.213494
0.289389
-0.266444
-0.097866
-0.207006
0.524147
0.248627
0.254349
-0.017666
0.546382
0.123263
-0.302726
-0.200963
0.380135
0.129379
-0.241582
-0.012895
-0.382352
0.189205
-0.046621
-0.075609
0.044327
-0.410532
-0.411804
0.228046
-0.222980
-0.048879
-0.269687
-0.140867
0.003697
-0.200419
0.118158
0.000182
0.062502
-0.399355
-0.256790
-0.507527
0.084196
0.027245
-0.272649
0.412372
-0.030711
-0.096125
0.045221
-0.226135
-0.375639
-0.184356
0.196440
-0.482096
0.176861
0.563958
-0.054670
-0.297350
-0.096993
-0.192109
0.092457
-0.078830
-0.043547
0.156313
0.167907
-0.020110
-0.023287
0.383811
-0.213275
-0.224025
0.528848
0.062942
0.150546
0.063557
-0.350616
-0.094136
0.159110
-0.432557
0.058440
-0.187239
-0.030445
0.163575
-0.131025
0.299946
0.023666
0.057488
0.237280
0.326977
0.042631
0.026196
-0.057768
0.249699
0.990696
-0.389650
-0.070963
-0.158656
0.711535
-0.072891
0.171579
-0.079446
-0.663609
-0.199310
-0.002066
0.586711
0.189125
-0.154586
0.150179
0.112774
-0.338582
-0.230003
-0.037552
-0.132515
0.084537
0.161446
0.041486
0.079752
-0.373940
-0.003459
0.004112
-0.287356
-0.445119
0.254383
0.100701
0.181438
0.442819
0.571332
0.107505
-0.150693
-0.434393
0.232323
0.200870
-0.184828
-0.237730
0.353556
-0.162072
0.125361
0.218845
-0.952674
0.046351
0.211642
0.073312
0.297349
-0.200222
-0.569661
-0.357561
0.130539
0.135263
-0.651133
0.106032
0.169832
-0.143969
-0.137981
-0.197988
-0.126476
0.273710
0.181688
0.157823
-0.306236
-0.049700
-0.096227
-0.153691
1.237897
-0.007183
-0.764414
0.126072
0.184908
0.474998
-0.610027
-0.045357
-0.145093
0.473033
0.169315
0.129628
-0.172581
0.629543
0.002333
0.239961
0.128343
-0.090892
0.033995
1.770170
-0.430217
-0.174855
0.454108
0.192729
-0.238195
-0.777735
0.214047
-0.315743
0.002975
-0.146444
0.331396
-0.175595
0.135888
0.052537
0.234695
0.068554
-0.419688
-0.146316
0.112927
0.495635
-0.229305
0.206348
-0.110691
-0.136971
0.161172
-0.462514
0.357690
-0.232798
0.015398
0.375187
0.212735
0.019836
-0.097556
0.031105
0.252407
-0.268622
-0.136604
0.759126
0.062735
-0.260642
0.273596
-0.444588
-0.513596
-0.208066
-0.001076
-0.045054
-0.228423
-0.194513
0.486246
0.688372
-0.263181
0.198701
