ORIGINAL Mean: -0.047901
ORIGINAL Variance: 1.106298
Output:
0.229858
0.050975
-0.170927
0.134873
0.081631
-0.278167
0.581384
0.036128
-0.020074
-0.339300
0.521358
-0.644085
-0.302337
-0.052106
-0.134591
-0.152277
0.191161
0.437476
0.058737
0.040555
-0.147103
0.310454
-0.436506
0.055663
-0.060229
-0.135573
0.560349
0.151945
-0.075745
-0.373586
0.169501
0.299658
0.449323
0.194367
-0.017914
0.086235
-0.433609
0.250291
-0.063427
0.040068
-0.378272
0.182882
0.179127
0.287378
1.169950
0.141689
0.227220
0.164863
0.395129
0.355992
0.171280
-0.249195
-0.096948
-0.182972
-0.940876
-0.821568
0.012038
0.260511
0.125893
0.152815
-0.369747
-0.203940
0.207570
0.412523
-0.390899
-0.192639
-0.315990
-0.412617
-0.923113
-0.958046
0.631941
-0.462122
0.047447
0.074759
-0.462005
-1.328767
-0.156921
-0.392968
0.106391
-0.721986
-0.033959
0.154551
-0.485087
-0.423744
0.080956
-0.148720
-0.157896
-0.157747
0.486997
-0.007283
0.726482
-0.224147
-0.299525
-0.300665
-0.489708
0.439116
0.606309
0.260466
-0.107532
0.129803
-0.549321
-0.116513
-0.601688
-0.035450
0.226359
1.118923
0.277614
-0.610693
0.640105
0.002098
-0.312378
0.060433
0.809660
0.369531
-0.170572
0.622706
0.618560
0.568578
-0.000559
0.047332
-0.161736
-0.101825
-0.349417
0.126739
-0.079361
-0.248337
0.203705
0.035264
0.085664
0.030155
0.001289
-0.087170
0.100216
-0.344625
0.051302
0.228457
-0.255525
-0.148298
-0.465583
0.122853
-0.065244
-0.268449
0.609973
0.421465
0.182390
-0.152324
-0.751667
0.096446
0.684673
0.319196
-0.048176
0.177599
-0.057845
-0.355083
0.356689
-0.196780
-0.286968
0.108444
0.104964
-0.140011
0.435886
0.215128
0.012831
-0.116848
0.303590
-0.838533
-0.115844
-0.145368
-0.167860
-0.140029
-0.399066
-0.164476
0.359449
-0.261802
-0.004910
0.038820
0.481746
-0.053960
0.003202
0.465598
-0.113436
-0.834126
-0.047894
0.109397
-0.012056
-0.515896
0.118657
0.862115
0.000069
-0.120713
-0.358751
-0.121015
0.136344
0.038117
0.111841
0.112881
-0.169074
-0.262897
1.257754
0.571588
0.006584
0.371213
0.768768
0.387079
0.683161
-0.009500
-0.347517
-0.002028
0.679149
0.456009
-0.128377
-0.467329
0.116836
0.228261
-0.094156
0.317793
0.781220
0.362497
-0.187293
-0.139954
0.364657
0.641682
0.009341
0.186970
-0.063916
0.062356
-0.133767
0.775851
0.274401
-0.109848
0.166203
-0.209669
-0.063881
0.323140
-0.384570
-0.014281
0.201982
-0.065382
-0.080251
-0.076235
-0.204530
-0.216969
0.069899
-0.844164
0.263615
-0.225785
0.007646
0.291295
-0.013162
-0.490069
-0.245064
0.317355
0.254192
-0.111429
-0.011129
-0.167710
-0.354610
0.078306
-0.770514
-0.138070
0.563860
-0.307876
-0.012235
-0.309717
0.170773
0.776529
0.105127
0.079254
-0.261837
-0.007297
-0.591141
0.079580
-0.582187
0.258373
0.068463
-0.182412
0.528405
0.554936
-0.275797
0.697394
-0.168317
0.271006
-0.183789
0.149671
-0.457175
0.249863
-0.087424
-0.435461
-0.050241
0.177041
0.237311
0.465305
0.160453
0.696044
-0.463728
-0.001230
0.175802
-0.088744
-0.681094
0.237401
0.068596
0.107444
0.001105
0.057347
-0.039040
-0.295055
-0.437685
0.018759
0.069114
-0.241806
-0.076345
-0.185059
-0.901569
-0.208660
-0.042967
-0.132397
0.220945
0.027535
-0.309401
-0.166363
-0.231700
0.209192
0.282880
-0.136656
0.346258
-0.198796
0.013273
-0.028988
-0.344526
0.153457
-0.351634
1.998036
-0.395218
0.419851
0.091811
-0.188667
0.271247
-0.726605
0.338034
-0.150223
-0.571251
-0.087544
-0.148071
-0.576085
0.028818
-0.266439
0.190368
-0.219119
0.374832
0.308790
0.061263
0.170953
-0.025715
-0.015239
0.293208
-0.227482
0.074432
0.177068
0.300942
0.392019
-0.676242
0.031883
0.624882
-0.045007
-0.083381
-0.112526
-0.018112
0.384932
-0.220796
1.284091
-0.363313
-0.792967
-0.084184
-0.017764
-0.174504
-0.377492
0.704494
-0.700702
-0.309942
-0.391718
-0.224598
-0.070540
-0.028030
-0.019305
