ORIGINAL Mean: -0.024401
ORIGINAL Variance: 0.939758
Output:
-0.435128
-0.163085
0.133602
0.177906
-0.380429
-0.045983
0.125149
-0.048807
-0.357043
0.211443
0.201369
0.133264
-0.089175
-0.094499
-0.323703
-0.018613
0.191063
-0.125157
-0.350141
0.034848
0.078888
-0.495508
0.028084
0.405980
0.134469
0.331682
0.222329
0.169235
0.548776
0.048865
-0.261061
0.241643
0.339995
-0.984894
0.091448
0.139288
0.152427
-0.421545
0.009892
-0.107045
0.059470
0.188099
0.236808
-0.020146
-0.024016
-0.271728
-0.103852
0.353199
0.036364
0.148477
-0.358819
0.683805
0.097059
0.213594
0.685131
0.048029
0.047320
0.130235
0.192463
0.238577
0.098830
0.080426
0.018837
0.420905
0.271947
-0.057211
-0.432941
-0.172692
-0.340559
-0.041396
-0.180080
0.279798
0.081271
-0.002364
-0.629966
0.738810
-0.146992
-0.002278
0.013038
0.062552
-0.216995
-0.155990
-0.222439
0.061529
-0.048328
-0.136646
0.035185
0.303257
0.572983
-1.026432
-0.232342
0.093733
0.092348
0.150299
0.177598
0.196209
0.312203
-0.183408
0.017961
-0.330781
0.141064
0.136993
0.068569
-0.103867
-0.038082
-0.328242
-0.152325
-0.344531
0.168108
-0.825189
0.083911
0.028756
-0.194217
-0.179751
-0.556070
-0.287794
0.165770
-0.207835
0.128194
0.074982
-0.210572
-0.046018
0.051668
-0.277306
0.014327
-0.015392
0.066507
-0.074723
0.142077
-0.114187
0.054139
0.000701
-0.111089
-0.384204
0.093896
0.021943
-0.031293
0.064249
0.164961
0.085150
-0.296851
0.022863
0.425314
0.314058
0.041119
0.144522
0.153761
0.205429
0.639446
0.564283
-0.507520
-0.217874
-0.139222
-0.340762
0.527035
0.094671
-0.319750
-0.392567
0.338877
-0.208572
0.055763
0.080623
0.047042
-0.379747
-0.164023
-0.042502
-0.257274
0.125222
-0.134142
0.019228
0.119880
-0.079280
0.113260
-0.385809
-0.156692
-0.007858
-0.112674
-0.338421
0.281604
0.315718
-0.075114
-0.263319
-0.212621
0.478032
0.160679
0.934409
-0.023167
-0.120835
-0.000162
-0.176745
-0.003820
-0.378134
0.093891
0.085915
-0.034072
-0.098817
0.026263
-0.240390
0.724243
0.296400
-0.193607
-0.212749
0.258463
-0.039384
-0.305706
-0.101223
0.440793
0.344160
0.221973
0.153171
-0.132473
0.283054
0.392074
0.066011
-0.378868
-0.139413
-0.448729
0.525460
-0.017609
-0.002874
-0.500955
-1.071380
0.101331
-0.009134
0.665173
-0.023319
0.056930
0.549039
-0.156675
0.348899
0.249649
-0.302577
0.180862
0.127825
-0.237739
-0.065292
0.493399
-0.028432
-0.315458
-0.427096
-0.010220
-0.169909
-0.130269
0.451417
0.271791
0.064992
-0.256587
0.300475
-0.136852
0.338465
-0.052433
0.283975
-0.207406
0.187273
-0.364421
-0.011621
0.292099
-0.248959
-0.060923
0.017417
0.063459
-0.129827
-0.021010
0.063600
-0.319117
0.038617
-0.097271
-0.204773
-0.717516
-0.072322
0.346220
-0.225060
0.017506
-0.375587
-0.330295
0.240582
0.605802
0.079740
0.020857
-0.044549
-0.322161
-0.096276
0.014044
-0.108840
-0.255357
0.054441
-0.226818
-0.494967
0.038558
-0.047256
-0.041467
0.006947
-0.370629
0.350080
0.221417
0.127012
0.055280
-0.124257
0.376707
-0.028009
0.008492
0.183284
-0.101668
-0.110764
-0.082336
0.255179
-0.388442
0.106411
0.113495
0.009277
0.118972
-0.043128
0.574663
-0.094778
-0.146776
-0.341900
0.253503
0.164354
0.072928
0.158405
0.027311
0.466156
0.059395
-0.009605
0.237885
0.466989
-0.006025
0.091137
-0.081353
-0.055438
-0.193750
2.281444
-0.248971
0.294753
-0.161918
-0.095559
0.831977
0.056006
0.312246
-0.049746
-0.565249
0.402778
-0.450917
-0.335928
-0.239640
0.053410
-0.161347
-0.216092
0.150217
0.043240
-0.055201
-0.362589
-0.175129
0.575889
0.312439
-0.233574
-0.052313
0.023274
-0.399119
0.324591
0.017331
-0.219144
0.265212
0.126425
0.341977
-0.382282
-0.029843
-0.038700
-0.315727
0.231924
0.394573
-0.227241
-0.373813
0.343239
0.091401
0.584825
-0.014280
0.054807
0.268608
-0.428077
-0.824064
-0.264052
0.015747
-0.125389
