ORIGINAL Mean: -0.026223
ORIGINAL Variance: 1.049095
Output:
-0.695178
0.181352
0.121027
-0.031104
0.124250
-0.188063
0.177661
-0.067994
-0.003956
0.078589
0.401965
0.220617
0.152762
-0.047667
-0.102227
-0.176453
0.195183
-0.443098
-0.466346
-0.564149
0.088281
-0.339128
0.027348
0.371789
0.155041
0.433140
-0.918767
0.118715
0.524880
0.251434
-0.736877
0.075500
0.002862
-0.794504
0.020264
0.130701
-0.093267
-0.297841
-0.001975
0.274614
0.205381
0.016597
-0.572642
-0.019733
0.913858
-0.271750
-0.041089
0.212085
0.150476
0.168698
-0.776617
0.565863
0.092160
-0.044680
-0.340069
-0.482364
0.433610
0.188273
0.116960
-0.346352
-0.038482
0.598555
-0.095252
0.256621
0.654297
-0.131332
-0.208217
-0.801851
-0.200175
-0.082300
-0.467853
-0.488409
0.082578
0.049245
-0.510828
-0.031766
-0.202688
-0.344045
-0.072026
0.229971
-0.080000
0.003512
-1.034988
0.148835
-0.032662
-0.047725
0.145296
0.557861
-1.178488
0.091985
-0.267714
-0.221660
0.099076
-0.200729
0.921137
0.228586
-0.293862
0.303271
0.074015
-0.348062
0.846729
0.794352
0.057901
0.150008
0.055261
0.448143
0.143416
0.200485
-0.100127
-0.484772
0.026168
-0.015989
-0.355889
0.621676
-0.519744
-0.272838
0.284995
0.003940
-0.180100
0.161793
-0.263949
-0.099526
-0.114252
0.073538
-0.184145
0.094413
0.026241
0.482747
0.637947
0.041760
0.046663
-0.155430
-0.206437
0.076473
0.180064
0.252835
-0.334343
-0.068747
0.453668
0.118507
-0.026696
0.346346
0.475513
0.157779
0.011264
0.310373
0.039498
0.110550
-0.275809
0.375797
-0.408448
-0.098227
0.518028
-0.681107
0.378645
0.128552
-0.196846
-0.539595
-0.075816
-0.174621
-0.315295
0.254613
0.127081
-0.254909
-0.261573
0.823894
-0.155152
0.229733
-0.075694
-0.088406
0.091999
-0.167398
0.127842
-0.170204
-0.013952
-0.118781
0.248298
-0.394974
0.203839
-0.271145
0.097365
0.287759
-0.303050
0.631592
0.064525
0.744725
0.037047
0.820116
-0.000081
-0.142801
0.297485
0.121813
-0.182022
0.072850
0.043284
-0.126325
-0.053449
-0.001365
0.235718
-0.078805
-0.076060
0.229875
-0.151058
-0.134374
-0.493125
-0.109264
-0.321611
0.304860
0.540728
0.016696
-0.113356
-0.037702
0.327202
0.287639
-0.552296
-0.147229
0.105414
0.258473
-0.789243
0.206676
-0.419090
-1.015790
0.202839
-0.467923
0.775745
-0.468646
-0.089340
0.043990
-0.128300
0.130790
0.352030
-0.297927
0.109401
0.637820
-0.282887
-0.236021
0.453820
-0.215687
-0.008100
-0.596434
-0.025145
0.293248
-0.275077
0.637633
0.270376
0.021942
-0.093550
-0.197167
-0.113981
0.251561
0.188372
0.051295
0.009585
0.160959
0.326732
0.175475
0.318399
-0.230955
0.023233
0.039113
-0.088831
0.118414
0.024507
-0.034848
-0.167913
0.411671
0.014637
0.068814
-0.253302
-0.026732
0.261731
0.471627
-0.039950
-0.187116
-0.181353
-0.238875
-0.729242
-0.013055
-0.100832
-0.175646
-0.235092
-0.155214
-0.215398
0.008303
-0.690781
-0.758464
-0.155857
-0.566465
-0.115485
0.030254
-0.115022
-0.505636
-0.267177
0.290271
0.054336
-0.472492
0.006592
-0.073063
0.319023
0.020323
-0.310230
0.429358
-0.087311
0.085992
0.019623
0.135327
-0.362640
-0.041559
0.201685
-0.083274
0.146368
-0.066976
1.834841
-0.137577
0.139841
-0.345625
-0.023137
0.112837
-0.210626
-0.021171
-0.254858
0.361108
0.501497
-0.052465
0.458744
0.263912
-0.004017
0.282855
0.095712
-0.107471
0.138522
2.179265
0.640345
0.213157
-0.133288
-0.038522
0.284719
0.102246
-0.427629
-0.077316
0.627544
0.200876
-0.415349
-0.220739
-0.227766
0.011350
-0.096259
0.009311
0.425776
0.118931
0.029706
0.196183
-0.282597
0.430889
0.246108
-0.156414
0.036059
0.154458
-0.001721
-0.330622
-0.163367
-0.238194
-0.197745
-0.115254
-0.154387
-0.335345
-0.026824
-0.003115
-0.294523
0.303501
0.419074
-0.355932
-0.283386
-0.004194
0.324887
0.462366
0.598488
0.342542
0.303259
0.269824
-0.738692
0.083760
0.347672
0.214144
