ORIGINAL Mean: 0.004706
ORIGINAL Variance: 0.932014
Output:
0.476883
0.493841
0.163039
0.064581
0.110625
0.010017
-0.185482
0.055513
-0.075782
0.217191
-0.165985
-0.079040
-0.288077
-0.112264
-0.450532
-0.247273
-0.093673
-0.689589
0.221224
0.284939
0.022216
-0.300490
-0.184492
0.193274
0.508298
0.305842
-0.091716
0.236623
-0.054472
-0.013088
0.163026
-0.051826
-0.010384
-0.364846
0.351624
-0.093765
0.138923
-0.760064
0.046300
-0.059413
-0.255905
-0.039099
-0.117271
0.083404
0.350623
-0.249116
-0.121130
0.072122
-0.046789
0.190419
-0.275958
0.449896
0.374353
0.318013
0.200001
-0.263022
0.106558
-0.040992
-0.083859
0.422573
0.086164
0.340311
-0.237609
-0.344132
-0.381121
-0.086875
0.010275
-0.156023
-0.223867
0.223958
-0.191422
-0.635089
0.092414
0.098066
-0.327887
0.220618
-0.128245
0.005953
-0.088077
0.461266
-0.109576
-0.098575
-0.452848
-0.107469
-0.286664
0.016924
0.080920
0.321384
0.098638
0.221684
-0.174197
-0.308628
-0.379894
0.382674
0.299439
-0.339564
0.074688
-0.213644
-0.071891
-0.010447
0.774633
0.176660
-0.318715
0.006036
-0.288500
0.598594
-0.236163
-0.197897
-0.246376
-0.642305
-0.211396
-0.033227
-0.075936
0.273805
-0.154402
-0.069667
0.071090
0.124922
0.012924
0.075384
-0.067339
-0.262200
0.130906
0.319953
0.013853
-0.098826
0.255310
-0.147730
0.060315
0.047500
0.045748
0.090550
-0.254473
-0.593848
0.009946
0.169655
0.105575
0.090102
-0.526892
-0.155764
-0.045248
0.608187
-0.551054
0.498723
0.272212
0.234064
0.526799
0.483610
-0.039841
-0.197385
0.273945
0.033643
0.290207
0.164960
-0.200115
-0.042051
0.637194
0.239313
0.055315
-0.075779
-0.174069
-0.471317
0.097372
-0.255621
-0.281207
-0.107535
-0.156156
0.032607
0.329247
-0.009609
0.031182
0.113823
-0.112647
-0.450905
-0.285252
-0.236592
-0.153987
0.523989
0.311026
0.186956
-0.410466
-0.183711
0.481048
-0.311603
-0.063763
0.239378
0.087466
0.328812
-0.000144
-0.039219
0.348261
-0.023275
-0.044368
0.038400
-0.026319
0.492375
0.014779
0.041346
0.001406
-0.398466
-0.302122
0.079714
-0.573561
-0.123731
-0.820242
-0.094254
0.022631
0.444605
-0.574032
0.116932
0.079265
-0.045038
0.059136
0.346536
-0.308238
-0.041796
-0.451053
0.007395
-0.479685
0.161529
-0.185813
-0.710397
-0.044038
0.063126
0.307224
-0.284789
0.188353
-0.675222
0.113581
-0.098077
0.040245
-0.296533
0.124460
0.153892
-0.036900
-0.270323
-0.167905
-0.083124
-0.129095
-0.654484
0.114850
-0.093770
-0.267518
-1.148919
0.294355
0.048377
0.194108
-0.329785
-0.222692
0.120372
0.303266
0.329912
0.176017
0.062188
-0.221423
-0.087388
-0.210276
-0.112790
0.183488
-0.124353
0.061851
-0.034528
0.082549
-0.291020
-0.205678
0.537331
-0.141980
0.100585
-0.209771
0.011369
0.083558
0.677495
0.243075
-0.491195
0.182761
-0.189399
-0.229106
-0.097919
0.028725
0.279636
-0.197661
-0.115613
0.076425
0.034421
0.518326
0.430968
0.047923
0.126006
0.643960
-0.070142
-0.054223
0.183948
-0.614033
0.332704
-0.255455
0.239840
-0.060924
-0.228469
0.016094
0.161365
-0.137177
0.085426
-0.237390
0.100293
0.083986
0.000530
-0.280061
-0.128501
-0.036248
-0.181830
-0.046961
0.084323
0.632417
-0.338185
0.416428
0.052709
-0.313500
-0.532344
0.263156
0.144364
0.871963
0.316183
-0.285584
0.010293
0.563340
-0.182370
0.066357
0.218638
0.047666
-0.035698
0.246016
2.301663
-0.015217
-0.265805
-0.279991
-0.197241
-0.105120
-0.625889
-0.136955
0.289210
-0.360149
0.143219
-0.031878
0.203319
-0.133472
0.155379
0.245863
-0.168932
0.710625
0.322298
0.182338
-0.129125
0.015079
0.642285
0.079475
0.021360
-0.158030
0.041270
0.153603
0.419269
-0.777541
-0.244366
-0.034814
0.175227
-0.130544
-0.195357
-0.137540
0.175593
-0.003524
0.292301
-0.234898
0.058473
-0.337043
0.387329
0.051731
0.623854
-0.105034
-0.345502
0.152039
-0.228775
-0.274043
-0.248099
0.460042
0.217370
