ORIGINAL Mean: 0.014829
ORIGINAL Variance: 0.870304
Output:
0.206772
-0.472186
0.147423
-0.193498
0.021740
0.023025
0.261569
-0.146763
-0.215235
0.365567
-0.123788
-0.136100
-0.199542
-0.276450
-0.216474
-0.051561
0.110282
-0.049135
0.283642
0.175313
0.067321
-0.076493
-0.815191
0.203179
0.090458
0.047470
0.017122
0.004056
0.349736
0.184341
-0.563694
0.164790
0.021253
-0.318591
0.330719
-0.062860
-0.128755
0.055848
0.048739
0.089199
-0.024373
-0.079748
0.470766
-0.058631
0.088273
0.025415
-0.148189
-0.313350
-0.276798
-0.317297
-0.445787
-0.030622
0.311465
0.492249
0.477042
0.002500
-0.168746
-0.150001
-0.115169
0.357582
0.246436
-0.157827
0.044926
-0.100524
-0.022105
-0.159746
-0.280923
0.063031
-0.146308
-0.112582
0.116534
0.042594
0.017631
0.057677
0.173033
0.447787
0.242982
0.361317
-0.226731
0.198184
-0.320522
0.174812
-0.184880
-0.621760
-0.141608
0.217183
0.234088
0.110302
0.531031
-0.019152
-0.224190
0.305453
-0.006570
0.307505
-0.209316
-0.300187
-0.237069
0.139704
0.209826
-0.058170
0.051302
-0.470005
0.457863
0.256133
-0.310772
-0.224300
-0.358145
0.203341
0.276258
-0.780653
0.071490
0.056231
-0.444787
0.109803
0.009227
-0.647784
0.002324
0.093983
-0.083327
0.089464
0.052844
-0.132038
-0.019131
0.254175
-0.095352
-0.022465
0.057870
0.083372
-0.034310
-0.043089
0.076174
-0.178695
-0.447678
-0.002247
-0.066385
-0.118951
0.060425
0.321178
-0.322052
0.242895
0.058327
0.138463
-0.406680
-0.080010
0.225754
-0.194192
-0.008670
-0.494105
0.084541
0.078631
0.115551
0.240723
-0.491331
-0.019379
-0.341941
0.098598
-0.430489
-0.097997
-0.027519
-0.211912
-0.283473
0.421853
-0.032375
-0.019850
-0.130438
0.561556
0.048023
0.369754
0.020907
-0.305357
0.267652
0.440752
-0.255589
0.117860
-0.041545
-0.065295
-0.306815
-0.165862
0.038971
-0.085032
0.071947
0.394777
0.279693
-0.733282
0.079413
-0.026501
0.203745
-0.751639
-0.000307
-0.013583
-0.210940
0.367095
0.052071
0.081311
0.017796
-0.039308
-0.242359
0.085904
-0.193431
-0.208671
-0.339895
0.056454
-0.330529
-0.331900
-0.389177
-0.174813
-0.204820
-0.041517
-0.489470
0.536012
0.071630
0.083307
-0.169607
-0.238234
-0.279962
-0.355816
0.017405
-0.377202
-0.292824
-0.017530
-0.442216
-0.635836
-0.017383
0.257422
-0.096166
0.069643
0.138447
-0.967774
-0.081940
0.159000
-0.373441
0.051434
-0.000164
0.426902
0.211820
-0.027732
-0.504173
0.123922
0.035955
-0.090963
0.068345
0.345526
0.218394
0.574438
-0.207836
0.296881
-0.416047
-0.248077
0.102805
0.485822
0.561478
0.654681
-0.256783
0.253651
0.132383
-0.040038
0.063232
0.000331
0.286645
0.082695
-0.175950
0.223409
0.183375
-0.082171
-0.435428
-0.358062
-0.168117
-0.171673
0.098264
-0.000321
0.232347
-0.059890
-0.112895
-0.180757
-0.002740
-0.264471
0.131369
0.169779
0.175677
-0.390679
0.298541
-0.060530
0.171439
-0.498561
0.057150
0.065442
-0.024550
0.043281
0.008685
-0.062043
-0.224945
0.342627
-0.494749
-0.455555
0.098501
0.167929
-0.132436
0.140489
-0.278622
-0.057522
0.147793
0.063864
0.179688
0.021454
0.050558
0.221820
0.450446
-0.111496
0.028746
0.314357
0.211789
-0.076141
0.459941
0.048798
-0.246439
0.139171
-0.198226
0.108244
0.159134
-0.124972
0.721651
-0.357528
-0.606685
-0.109350
0.123663
-0.114656
-0.027608
-0.074167
-0.122018
-0.010874
0.265797
1.961723
0.276437
-0.545057
0.316907
0.111852
-0.089395
0.021571
-0.211482
0.034113
-0.192546
-0.068988
-0.167803
-0.032889
0.149155
-0.024793
0.355421
-0.314478
0.044113
0.316341
-0.190275
-0.316071
-0.115860
0.548361
-0.298736
0.087457
-0.322827
-0.355573
-0.194548
-0.443174
0.610410
-0.059513
-0.442012
-0.072888
0.265377
0.077775
-0.114719
-0.040480
0.325057
0.311879
0.833169
0.021867
-0.177003
0.015674
0.256722
-0.092290
0.030900
0.155728
-0.007447
0.433011
0.424074
0.272901
-0.036094
-0.215332
