ORIGINAL Mean: -0.031083
ORIGINAL Variance: 0.881506
Output:
0.115026
0.575805
-0.190233
-0.022581
-0.095032
-0.015224
-0.211079
0.263458
0.130935
-0.048666
0.454880
-0.550481
0.170925
0.103024
0.276739
0.084839
0.639372
0.475996
0.394848
0.369196
-0.179139
0.215200
0.588006
-0.392611
-0.412098
-0.217445
-0.367468
0.071033
-0.042454
0.272463
0.844886
-0.490436
-0.481995
0.419682
0.332583
-0.293899
0.307182
0.643355
-0.013431
-0.249879
-0.222865
-0.053585
-0.281342
-0.096769
-1.109917
0.181727
-0.263818
-0.132654
-0.008705
-0.258575
0.666585
0.597020
0.254269
-0.782303
-0.485946
0.139148
0.774875
0.280101
-0.164605
-0.154878
-0.039517
-0.420511
0.610408
0.181498
-0.443816
0.027169
-0.393110
-0.217771
0.291606
-0.084154
-0.054495
-0.302493
-0.168601
0.034280
-0.385141
-0.444825
-0.001291
0.090201
0.070093
-0.126713
-0.118950
0.040085
0.517517
-0.201540
0.164392
0.197249
0.049959
0.067790
0.488310
0.338533
0.560227
0.240509
0.401186
-0.270682
0.065370
0.204927
0.109826
-0.368041
-0.248131
0.203917
-0.143207
-0.618687
0.355473
-0.270094
0.464856
-0.050465
0.254304
0.370351
0.008171
0.545408
0.085656
-0.052170
0.198612
-0.515460
0.042880
0.066938
-0.073341
0.097651
0.115181
-0.178529
0.045926
-0.369332
0.244895
0.099226
-0.134637
0.082065
-0.379032
0.168482
0.291292
0.061468
0.016798
-0.081649
0.079604
0.113195
-0.217671
-0.378462
-0.010741
0.227105
-0.324568
0.079798
0.059173
-0.502608
-0.087828
-0.329126
-0.160079
-0.589506
-0.425593
-0.035223
-0.105316
-0.148569
0.092457
-0.512969
0.459263
0.421823
-0.055302
-0.000537
-0.246669
0.235078
-0.198926
-0.087047
0.236733
0.541164
0.336003
0.220215
0.002277
0.190622
0.078495
-0.388463
-0.203162
0.164224
0.111233
-0.131012
0.036291
-0.187956
0.250050
-0.029683
-0.048932
0.196982
-0.370657
0.168225
0.174530
-0.135222
0.196056
0.076106
-0.195269
-0.234054
-0.168345
-0.020157
0.000143
0.054303
-0.227560
-0.501298
-0.192230
0.062723
0.078191
-0.182918
0.214836
0.052173
-0.059061
0.084157
-0.281369
-0.081393
0.064140
-0.004285
-0.068908
0.205858
0.362575
-0.192297
-0.404270
-0.588022
-0.195448
0.396410
-0.212668
0.079126
0.132999
0.334750
-0.022306
-0.057532
0.384295
-0.023254
-0.230555
0.468193
0.016431
0.133656
-0.310811
-0.022872
-0.183943
0.211497
-0.200195
0.062871
-0.156830
0.048722
0.127405
0.159409
0.223961
-0.079787
-0.349368
0.269051
0.085668
0.117693
-0.050932
-0.612848
0.149031
0.783819
-0.143844
-0.050907
0.184064
0.442858
-0.010737
0.163424
-0.172358
-0.653278
-0.155485
-0.051685
0.325445
0.151050
-0.510378
0.063005
-0.248916
0.086297
0.097906
0.019298
-0.126305
0.110405
0.273275
0.106762
-0.022347
0.271792
-0.110651
-0.162242
0.031864
-0.597285
0.161803
0.150862
0.069880
0.024530
0.366351
0.243063
-0.136062
-0.587787
-0.004874
0.106077
-0.151116
-0.230061
0.119853
-0.204838
0.048115
-0.227358
-0.639330
0.102263
0.240430
-0.182747
0.131156
-0.279654
-0.720107
-0.172541
0.110438
0.105244
-0.588638
0.038669
-0.126434
-0.118569
-0.131815
-0.217827
-0.058721
0.226892
0.173641
0.218097
-0.256483
-0.039949
-0.113209
-0.056821
0.717501
-0.105743
-0.918506
0.055186
0.091980
0.664271
-0.453515
0.159910
0.068349
-0.080182
0.292142
0.157404
0.184919
0.547702
-0.004102
0.113571
0.232514
-0.120722
0.068479
1.840332
-0.309912
-0.026207
0.203346
0.233760
-0.054274
-1.272062
-0.070347
-0.300901
0.456145
-0.441898
0.395043
-0.213431
0.167887
0.012282
0.026281
0.116780
-0.583567
-0.315878
0.097376
-0.040688
0.046417
0.290732
-0.090410
-0.019959
0.159612
-0.393952
0.169082
-0.074272
0.183343
0.348717
0.211272
0.095430
-0.380950
0.089508
0.299924
-0.129473
-0.030541
0.617374
-0.091970
-0.396933
0.223926
-0.376540
-0.477014
-0.060265
0.152984
-0.101597
-0.215870
-0.073285
0.534456
0.173125
-0.311352
0.149532
