ORIGINAL Mean: -0.017192
ORIGINAL Variance: 0.846131
Output:
0.033124
-0.120800
0.197686
0.313135
-0.162138
0.044361
-0.071358
0.090622
0.037238
-0.061563
0.217171
0.044213
-0.377204
-0.174441
0.010194
0.147101
-0.358869
-0.294026
-0.014766
0.015661
0.022145
0.386611
-0.207475
0.196712
0.297023
0.204871
-0.087911
0.448230
-0.321584
-0.115704
-0.368734
-0.019019
-0.027898
-0.807094
-0.195949
-0.055609
-0.179612
-0.088410
-0.014462
-0.333317
-0.241781
-0.175930
0.243271
-0.304541
0.041679
-0.109513
-0.201617
0.447273
-0.173316
0.116644
-0.322918
-0.047763
-0.017418
0.711378
0.361102
0.306854
0.152853
0.005522
-0.084009
0.136624
0.066645
0.060488
-0.258831
0.298573
0.001739
0.223529
-0.324338
0.305432
0.080468
-0.231744
0.376387
0.184125
0.119176
-0.074842
-0.495580
1.115899
-0.369169
-0.025902
-0.152695
-0.012828
-0.076358
-0.104773
0.054399
-0.059322
-0.432059
0.388076
-0.321072
0.135968
0.075470
-0.040063
0.131311
-0.064960
-0.273693
0.411487
-0.239030
0.342637
-0.103066
-0.313621
0.018986
0.011030
-0.260782
0.666611
0.062744
-0.554548
-0.381470
-0.221526
-0.236952
-0.254186
-0.296635
-0.722689
0.086494
-0.098641
-0.309528
0.442554
0.092279
0.290365
-0.052248
-0.095887
0.143062
0.154179
-0.046141
0.002034
-0.224845
-0.183417
0.088189
-0.189058
0.263866
0.148168
-0.097102
0.203228
0.030990
0.548849
0.213706
0.204068
0.037656
0.042898
0.319477
0.163948
-0.066811
-0.267527
-0.276659
0.266195
-0.241492
0.030459
0.057805
-0.160642
0.436456
0.162015
0.155372
-0.099392
-0.129436
-0.123625
0.185636
0.146563
0.027412
-0.153647
0.477037
0.098395
0.182791
-0.114364
0.209206
-0.212835
-0.263126
-0.210401
0.119186
-0.252410
-0.131011
0.057954
0.380403
0.215141
0.044919
0.301595
-0.202469
-0.123851
-0.170384
-0.054989
-0.273111
0.253874
-0.086644
-0.182115
-0.781848
0.317043
-0.228371
-0.440521
0.070498
0.022833
0.048274
0.103465
-0.000244
0.171977
-0.170342
0.351172
-0.413906
0.050002
-0.075537
0.473915
0.049205
-0.214654
0.204753
-0.544068
-0.247274
0.150510
-0.165681
0.146242
-0.086106
0.043729
-0.070824
-0.100740
-0.289238
0.349173
0.178064
-0.212128
-0.118017
-0.099375
0.068456
0.009999
-0.046131
-0.096856
0.110899
0.320821
0.105001
-0.276112
-0.081597
-0.370252
0.005538
0.431541
-0.010236
-0.342822
-0.122237
0.130164
-0.223814
-0.005888
-0.031020
0.112747
-0.187069
-0.059107
0.384083
-0.004500
0.056601
0.021506
0.239892
0.465876
-0.165684
-0.462042
0.114343
0.019439
-0.061189
0.109610
-0.240640
-0.179190
0.389972
-0.124772
0.129708
0.036067
-0.032714
-0.071364
0.121284
0.272055
0.315092
0.400243
-0.088692
-0.181329
0.041012
0.083551
-0.262467
0.126658
0.110762
-0.191449
0.131843
0.258815
0.296962
0.181841
-0.222615
-0.058092
0.006302
-0.435549
0.434772
-0.108038
-0.152128
0.023357
0.260433
-0.193225
-0.115744
0.461131
0.625369
-0.024795
0.030741
0.236693
-0.121385
-0.378349
-0.139768
-0.116871
-0.225532
-0.006338
0.145636
0.203073
-0.099096
-0.127662
-0.240202
0.073052
-0.162383
-0.012797
-0.169662
-0.123112
0.223954
-0.041262
0.253122
-0.029926
0.079497
-0.287766
-0.181622
0.224478
0.022614
-0.068685
0.404811
0.141719
0.074936
0.062203
0.148520
0.308341
-0.015660
-0.437550
-0.236661
-0.051450
0.221498
0.427000
-0.043997
-0.039830
0.278914
0.054753
-0.408613
2.163669
0.454305
-0.450292
-0.135269
-0.096595
0.096372
-0.291867
0.229195
0.423522
-0.291214
0.309730
0.039358
0.043387
-0.012996
0.330914
0.245218
0.060091
-0.022121
-0.385423
0.061314
-0.080612
0.124333
0.595009
-0.060016
0.192309
0.067319
-0.066687
0.102590
0.407589
0.254314
0.036544
0.037996
0.185851
-0.281832
-0.509230
-0.226908
-0.406795
-0.197592
0.531656
-0.232146
-0.001887
-0.285458
0.146288
0.146472
0.361079
-0.083885
-0.270390
-0.012813
-0.489009
-0.268122
-0.111839
0.070475
-0.040234
