ORIGINAL Mean: -0.026745
ORIGINAL Variance: 0.947289
Output:
-0.329719
0.305349
0.033141
0.113573
0.089544
-0.087118
0.265444
0.150575
-0.017083
0.034579
-0.087499
-0.759106
-0.568662
0.105694
-0.075754
0.016751
-0.321819
-0.765036
-0.142174
-0.527476
0.010526
-0.100484
0.382629
-0.119398
-0.560018
-0.271887
0.077302
-0.141869
0.242697
-0.373991
-0.011236
-0.489493
-0.509230
0.291040
-0.424896
0.056200
-0.311926
-0.046731
-0.110626
-0.022967
0.199968
0.214483
-0.225644
-0.068244
-0.589440
0.254479
-0.091895
-0.165977
0.071916
-0.274749
-0.036801
0.521108
0.107609
-0.157938
-0.088478
-0.168359
0.758003
0.300496
0.294883
-0.043959
0.024839
-0.381160
0.264682
0.029015
-0.299518
-0.020707
-0.843228
-0.378079
0.282511
0.018187
-0.202412
-0.177306
-0.263744
-0.224835
-0.019300
0.126211
0.058622
-0.098683
0.081656
0.764315
-0.208380
-0.117869
0.258484
-0.214923
0.274985
-0.093966
0.427311
0.053549
-0.232556
0.466561
-0.742817
0.326474
0.249708
-0.356163
0.362054
-0.313731
0.501035
-0.898930
0.073074
0.119702
-1.184087
-0.400496
0.407215
-0.281904
0.417170
0.490952
0.313238
0.517578
0.249782
0.213148
0.193669
0.058442
-0.154668
-0.423987
-0.379461
0.115263
0.025040
0.619758
0.269786
-0.103789
-0.046911
0.239076
-0.082836
-0.534526
-0.224201
0.033405
-0.533284
0.358552
0.403493
-0.394427
0.062526
-0.390637
-0.259568
0.363971
-0.082346
-0.312694
-0.039819
-0.039905
-0.254775
0.181178
-0.001439
-0.177465
0.814581
0.000307
-0.330346
-0.131320
-0.208984
-0.099718
0.463131
-0.050572
0.301569
-0.282836
-0.510918
0.389119
0.025357
0.121073
-0.406698
-0.205730
-0.015220
-0.118006
0.468278
0.892094
-0.070786
0.203524
-0.191317
-0.149087
-0.129234
-0.123775
-0.435680
0.029960
-0.005847
-0.203451
0.069156
-0.083820
0.001701
0.112734
0.009465
-0.498377
-0.186203
0.635039
0.426242
-0.120077
-0.064010
-0.078968
-0.129884
-0.000844
-0.063521
-0.436851
0.000045
0.117812
0.024720
0.131865
-0.024064
0.139854
0.180138
-0.542575
0.031872
0.029026
-0.188960
0.367507
-0.110345
0.206172
-0.206501
-0.119795
0.630482
-0.123613
0.256915
0.899064
0.375973
-0.043588
0.029777
0.121859
0.044985
0.265885
0.087298
0.170436
0.663687
0.126589
-0.117095
0.169921
-0.086019
0.481113
0.020027
0.666275
-0.162966
0.166502
-0.205263
0.648268
-0.249295
-0.030454
-0.015079
-0.094719
0.300582
-0.039288
0.277951
-0.005923
0.398270
0.098491
-0.629539
-0.083349
-0.320547
-0.198336
0.288456
0.658974
-0.086535
-0.092541
-0.006682
-0.300147
0.263731
-0.012044
-0.267379
-0.431222
-0.229628
-0.056757
-0.121125
-0.033168
-0.093054
-0.179401
-0.302782
-0.064434
-0.029250
0.113801
-0.366590
-0.016230
0.374057
0.261438
-0.139569
0.710509
0.209106
0.007386
0.234995
0.167474
0.557386
0.053161
0.065053
0.484843
-0.314415
0.849340
-0.014867
-0.365442
0.030001
0.054101
-0.135541
-0.250577
-1.204044
0.001407
0.088623
-0.225114
-0.154890
0.070482
-0.041132
-0.123769
0.401534
0.144452
-0.400513
0.225913
-0.035207
0.082182
-0.195824
-0.286344
-0.081713
-0.058946
0.052323
-0.131793
-0.253403
0.161227
-0.150707
0.319586
-0.051410
-0.028772
0.108178
-0.323304
0.388831
0.242037
-1.265264
-0.315472
0.108283
0.323315
-0.296723
-0.583511
-0.642747
0.018898
0.048100
0.083225
-0.013904
0.324051
0.044655
-0.077367
0.335976
-0.149775
-0.483272
1.811646
-0.012208
0.274974
0.144596
0.121621
0.544469
-0.729814
0.322695
-0.105021
0.169914
-0.130784
-0.071280
-0.235387
0.018233
0.033097
-0.219611
0.028129
0.629735
-0.386199
0.022546
0.654918
0.057475
0.399163
0.140697
-0.168390
-0.123277
0.012120
-0.127323
0.043628
0.187334
0.231750
-0.229847
-0.092277
-0.059630
-0.038751
0.081155
-0.048677
-0.259989
0.394585
-0.389814
0.211528
0.175164
-0.387511
-0.057171
0.139616
0.127311
-0.410587
-0.014380
-0.046683
-0.068975
-0.120428
0.792198
0.032448
