# SOLE Quantized Vector 143
384
124
124
169
25
107
117
149
90
140
101
151
92
103
77
80
180
92
158
197
110
118
113
88
121
134
157
94
166
147
145
104
103
100
162
148
51
122
104
95
145
152
76
114
186
141
140
100
77
78
180
114
144
177
183
159
122
118
109
111
150
153
178
132
142
135
82
154
141
101
124
148
124
64
103
194
127
184
139
76
114
167
187
119
106
73
127
108
128
118
178
110
180
147
146
127
102
107
184
106
132
180
131
170
190
101
152
73
141
84
155
149
47
107
143
122
120
155
125
166
114
99
60
125
118
122
137
106
138
114
165
129
132
99
114
98
100
194
155
119
126
156
158
97
102
193
200
162
150
135
108
149
128
104
129
81
97
103
196
105
118
130
112
171
146
116
145
176
188
198
64
199
122
103
69
107
175
101
154
157
127
116
139
123
141
160
129
167
106
197
115
121
163
162
130
97
141
160
120
111
101
118
141
119
33
117
122
128
91
27
188
141
100
107
104
81
99
177
110
117
162
124
105
141
66
118
104
81
58
136
97
88
127
169
162
129
88
17
167
104
143
163
118
163
107
150
140
124
118
98
179
195
117
131
66
129
118
147
99
106
73
113
155
175
188
136
101
94
115
105
69
175
150
126
114
65
128
132
136
193
144
145
151
164
127
122
88
111
92
118
71
137
102
142
122
126
122
90
163
113
147
176
124
132
151
182
152
170
144
121
154
172
83
136
133
121
181
114
122
201
139
177
145
138
117
175
98
167
93
103
146
112
194
129
53
160
143
140
76
137
167
137
79
151
134
103
143
86
117
161
131
147
174
140
180
96
85
128
93
103
72
128
87
139
185
186
128
120
115
159
136
136
76
170
142
229
118
107
184
130
135
147
110
65
77
