# SOLE Quantized Vector 84
384
99
140
151
84
106
100
152
114
174
89
99
96
141
95
89
167
77
128
156
121
89
135
132
102
90
69
86
169
158
110
129
133
136
153
103
99
97
140
69
169
118
199
128
159
112
156
82
127
147
108
141
115
178
144
120
140
132
137
152
122
105
102
82
160
130
98
133
99
126
124
123
117
42
61
72
144
164
119
116
136
144
114
124
119
101
124
163
142
135
119
104
110
105
92
135
125
141
132
178
158
114
114
177
116
126
150
141
145
143
137
163
26
125
123
108
110
153
115
156
156
72
108
136
144
108
138
55
198
117
138
156
143
104
140
80
83
154
123
117
144
125
103
215
88
50
103
110
37
145
93
144
141
104
89
123
151
60
57
85
126
109
237
138
171
85
126
164
196
97
96
201
111
131
93
171
211
183
70
82
122
140
145
54
102
110
107
75
79
186
98
129
100
110
147
161
79
159
77
128
122
84
122
116
107
133
70
107
140
146
121
156
124
151
105
109
98
137
117
125
178
133
161
133
138
74
114
56
103
85
81
94
143
222
141
149
150
172
119
143
133
67
84
127
161
120
148
143
125
109
139
127
146
118
49
124
125
163
151
137
129
97
140
124
166
133
156
127
135
140
82
89
136
135
80
88
149
119
148
164
144
124
142
86
128
122
72
87
150
119
103
155
110
184
98
146
66
93
170
89
81
189
178
140
138
63
113
119
153
194
87
162
139
143
177
112
85
164
168
101
133
90
117
109
118
145
193
133
78
150
136
87
182
134
146
126
201
141
107
84
83
154
135
141
106
172
142
91
138
119
110
172
122
150
187
155
52
106
94
130
107
133
228
155
87
123
117
136
118
108
144
139
126
160
125
190
120
135
122
130
129
136
163
117
141
