# SOLE Quantized Vector 66
384
96
157
153
71
103
67
136
101
178
69
118
157
127
106
85
151
99
140
133
119
80
183
162
117
97
88
143
178
140
107
89
96
117
176
122
71
78
99
38
145
142
197
142
177
98
163
160
139
193
193
113
149
144
134
115
160
153
173
154
135
64
86
142
176
117
64
121
93
156
136
133
97
76
96
105
101
158
105
180
134
176
213
152
122
103
123
120
109
108
116
101
99
121
77
157
133
186
49
128
149
66
117
138
74
107
188
169
140
138
112
189
63
169
126
81
132
102
137
165
137
65
96
221
133
130
110
96
187
122
139
151
110
58
100
125
122
170
112
116
131
110
150
197
113
100
176
53
126
178
53
168
96
108
146
163
128
178
47
117
114
173
109
157
102
153
123
178
150
112
97
176
51
226
78
148
189
220
112
107
141
114
142
61
86
133
92
108
92
166
70
117
97
106
130
100
135
126
63
128
162
99
150
97
90
147
126
154
200
207
175
125
123
190
136
118
147
160
171
123
169
85
164
135
117
128
125
58
141
168
113
183
115
220
112
111
125
196
141
119
124
100
82
124
66
206
96
136
100
79
133
186
83
117
12
148
97
148
125
131
102
76
139
124
171
156
170
142
154
132
93
105
113
136
68
118
166
155
103
144
127
87
122
72
143
93
186
48
112
159
115
152
124
207
112
119
123
141
142
98
134
174
199
151
149
109
116
128
160
189
62
126
77
120
169
129
81
139
94
105
61
88
113
111
141
155
173
234
33
132
166
63
189
105
222
158
152
146
81
104
98
165
152
132
91
172
141
81
86
132
118
190
113
185
191
210
38
90
114
151
149
164
116
85
128
183
103
146
127
59
130
133
160
148
154
146
128
167
68
135
115
93
91
111
200
