# SOLE Quantized Vector 87
384
95
137
150
58
107
98
176
66
110
119
110
78
95
90
85
165
104
115
106
144
128
122
107
139
108
92
89
156
151
121
143
79
155
141
172
75
116
137
38
145
147
161
126
179
124
165
144
120
63
193
117
126
150
199
136
135
205
133
188
136
155
116
88
155
120
69
160
107
92
72
138
67
57
90
192
176
185
119
122
183
212
109
132
135
84
171
146
142
132
144
151
164
176
140
144
113
116
147
137
92
167
107
184
161
98
161
68
119
109
131
130
54
129
164
130
141
173
122
159
96
70
96
56
74
133
118
50
121
92
143
146
80
104
151
126
60
194
124
99
135
173
112
167
63
109
131
102
74
174
60
153
133
167
109
91
120
52
103
143
118
177
119
150
159
117
80
180
195
113
55
159
113
151
96
133
189
139
79
138
139
134
74
77
178
143
131
139
99
184
89
114
117
173
129
146
101
163
84
148
134
115
133
106
60
118
94
90
209
126
139
125
101
189
88
104
55
166
136
96
148
156
109
138
154
86
162
66
126
78
108
128
119
208
148
116
115
121
161
135
110
83
127
145
155
129
90
125
121
108
169
141
141
102
46
64
130
170
63
110
103
101
147
145
126
133
95
91
147
150
77
93
146
153
118
79
106
108
126
157
147
162
138
117
97
108
36
97
91
122
61
120
113
132
120
149
69
129
137
70
75
181
149
128
168
54
132
133
163
153
159
173
73
128
217
133
103
106
155
213
150
126
120
97
119
147
159
161
111
105
133
84
190
157
190
122
140
145
92
153
91
154
110
95
117
194
149
141
110
124
115
125
118
132
181
145
92
95
114
179
130
155
98
145
158
163
117
125
105
117
137
158
124
171
135
188
135
159
146
121
139
100
200
227
117
