# SOLE Quantized Vector 179
384
129
120
183
90
111
102
128
119
192
77
125
133
127
105
90
166
21
118
165
107
117
168
123
101
111
119
103
180
116
106
110
101
136
174
125
57
117
120
43
134
116
89
129
158
139
117
67
154
174
165
123
125
168
130
136
154
131
130
132
149
93
144
97
173
135
84
130
147
112
145
154
117
68
55
144
125
146
84
121
116
165
141
114
132
80
145
103
132
130
151
124
131
110
111
132
117
147
147
146
160
129
155
172
59
97
156
156
147
91
140
166
83
99
140
126
148
147
106
172
152
90
80
135
147
109
134
94
147
122
147
149
172
136
136
75
125
200
149
115
105
179
152
133
85
150
137
160
198
134
49
159
121
135
153
102
105
127
145
83
114
125
106
169
158
130
108
170
146
188
128
163
113
116
87
119
126
140
158
101
123
101
133
105
98
122
107
125
127
191
153
127
127
114
136
119
148
142
102
136
64
114
142
123
98
110
109
109
89
101
148
185
106
89
127
124
126
136
97
136
172
134
133
141
116
121
113
55
113
166
81
120
131
193
155
121
103
154
154
127
146
201
106
140
59
176
136
138
140
65
143
164
120
119
33
130
97
148
149
119
158
123
133
144
168
175
134
120
141
143
93
147
136
115
105
90
125
150
129
150
139
150
134
126
163
168
122
130
136
124
35
139
110
149
115
121
111
83
134
110
125
158
122
158
114
147
123
138
141
172
89
139
113
136
118
126
155
150
97
101
136
124
106
118
120
127
99
178
54
140
169
69
188
126
74
141
171
143
74
147
206
135
119
185
128
147
161
129
125
106
94
208
120
207
157
123
76
126
110
144
112
109
99
141
92
103
103
81
109
114
147
109
139
142
120
186
132
134
115
133
107
123
93
110
152
