# SOLE Quantized Vector 166
384
146
119
180
90
115
101
123
141
173
100
116
127
135
103
79
166
36
128
193
112
106
137
132
108
103
107
138
177
132
107
128
102
132
184
118
60
134
127
81
124
100
104
123
167
116
145
56
128
163
149
117
132
196
120
136
153
141
114
120
150
122
152
115
160
132
82
146
145
109
142
153
108
50
72
131
128
158
116
104
116
148
141
147
116
87
151
102
136
132
138
106
133
95
99
135
113
145
139
124
165
138
147
169
50
121
162
161
143
98
144
168
97
93
129
125
133
128
111
165
132
105
72
155
157
108
138
56
146
122
134
140
155
131
133
52
70
183
142
110
119
132
162
123
102
157
151
142
180
145
45
158
132
130
144
72
94
106
142
88
103
130
158
170
163
112
98
159
139
174
102
208
110
95
107
109
142
102
168
116
127
111
128
104
115
126
115
136
121
198
150
125
136
125
138
133
144
151
94
126
72
91
127
125
74
108
86
127
99
41
125
184
111
57
158
126
140
135
109
132
178
128
134
114
113
110
91
49
129
149
72
84
137
208
164
137
112
108
163
121
141
188
90
148
65
157
155
140
130
84
162
167
125
103
61
129
92
138
121
120
144
134
140
149
178
188
148
84
134
138
82
153
141
124
81
90
116
124
123
163
132
143
139
163
146
152
109
140
143
136
56
162
105
153
114
117
118
84
140
117
112
158
106
150
128
130
113
146
146
172
124
146
108
94
112
128
140
170
89
97
120
149
112
131
147
138
145
160
44
135
173
74
186
103
59
142
186
144
67
147
196
136
98
190
131
148
141
109
132
103
98
204
121
198
172
131
83
120
102
146
107
109
108
145
109
113
117
79
128
140
151
110
135
127
121
204
143
139
115
137
120
149
95
118
141
