# SOLE Quantized Vector 140
384
116
131
170
74
98
128
113
121
164
96
114
97
139
78
93
163
107
117
214
124
114
135
105
135
96
148
110
174
165
106
125
146
108
151
137
84
124
133
141
139
118
115
140
166
99
98
12
115
138
125
139
145
203
114
141
152
127
118
93
142
108
114
102
160
126
96
97
134
110
133
141
115
42
75
81
132
168
114
68
115
104
119
139
94
89
114
151
158
144
124
112
142
87
65
132
110
157
150
154
142
136
108
188
159
109
138
179
138
117
124
163
43
93
142
99
105
145
105
162
163
88
70
173
196
91
169
76
176
126
138
166
135
135
117
69
116
169
139
112
153
126
114
139
83
140
90
142
98
130
86
147
126
130
133
132
132
52
106
54
113
99
217
168
164
83
121
162
183
132
116
183
133
91
86
148
163
156
123
101
119
139
121
126
116
147
129
125
76
194
119
117
111
115
142
159
90
185
91
140
85
68
129
123
92
104
62
128
128
51
120
156
135
95
113
96
117
120
85
123
179
101
97
136
142
110
88
82
96
83
95
65
130
205
131
148
101
86
148
135
99
151
102
154
161
142
196
118
144
100
168
143
145
113
46
141
112
154
136
125
149
125
149
154
173
113
130
83
126
148
76
117
134
144
73
77
134
128
139
181
142
151
151
121
109
151
83
92
171
97
65
131
114
142
111
123
119
77
169
116
106
183
143
147
99
79
127
116
151
188
112
172
118
147
111
110
122
178
129
84
165
138
144
113
104
134
207
89
114
163
129
91
184
143
43
157
189
130
104
139
147
139
120
162
130
161
137
133
132
128
112
193
127
162
185
100
50
99
85
109
100
118
163
161
62
120
123
112
129
130
157
125
150
125
95
205
144
135
134
142
125
157
145
109
84
