# SOLE Quantized Vector 163
384
148
124
179
78
97
114
163
117
184
75
138
130
84
90
76
155
58
118
171
109
115
154
146
144
142
181
48
193
134
113
98
82
170
138
129
72
122
99
102
165
93
89
108
179
94
74
94
179
194
211
108
116
176
140
135
151
166
129
119
135
62
114
150
167
121
92
103
160
109
181
132
115
94
56
90
78
137
94
82
139
163
132
138
118
72
173
113
149
123
199
125
127
108
117
164
143
210
136
105
135
121
156
136
104
113
142
210
133
103
110
154
27
100
122
134
137
152
114
167
175
87
66
154
185
108
126
168
157
109
168
115
166
123
87
98
200
182
175
91
105
168
163
142
181
209
163
204
199
154
87
138
121
133
87
128
99
109
152
68
111
138
164
188
127
106
141
202
198
198
119
124
125
138
100
72
109
201
156
131
128
91
126
107
112
165
133
117
139
199
121
133
124
139
134
94
150
127
89
112
89
113
146
121
104
169
108
78
125
135
151
151
102
117
125
87
104
121
137
124
167
103
118
156
106
111
143
67
75
160
133
125
139
166
187
110
87
114
153
97
132
181
87
140
64
191
140
152
141
58
153
178
162
146
66
155
123
145
163
138
131
127
133
191
189
148
137
128
158
106
80
166
128
96
111
94
147
140
84
173
152
91
152
144
180
186
141
93
48
104
83
163
131
115
110
130
131
96
117
121
184
139
155
153
165
189
109
100
142
171
65
128
111
161
66
130
135
145
137
78
96
142
125
91
130
128
72
189
121
123
163
76
197
120
62
100
147
117
84
156
198
101
118
161
119
90
150
125
130
144
59
201
86
157
168
157
70
115
97
156
80
120
112
82
78
113
87
125
128
106
123
145
124
117
182
206
130
180
92
158
118
117
88
91
132
