# SOLE Quantized Vector 55
384
165
170
128
87
93
87
152
130
142
87
114
106
107
104
87
158
112
109
192
135
69
138
216
82
80
37
136
169
142
109
139
89
111
181
98
40
121
130
69
138
145
171
125
169
92
195
93
107
160
128
152
143
186
131
119
128
177
171
164
156
116
79
165
183
121
91
64
105
126
102
142
78
51
68
100
114
159
114
130
160
152
134
146
147
110
142
141
117
128
144
129
139
165
117
133
119
199
96
113
194
68
75
156
43
151
162
169
161
116
171
149
29
112
100
110
147
113
142
170
126
89
88
142
116
84
118
43
154
131
129
130
130
112
137
50
44
150
120
100
142
127
97
183
78
75
125
65
75
160
88
141
118
122
149
133
105
83
150
100
129
157
226
167
187
106
132
159
123
111
112
167
74
161
77
166
207
144
119
73
129
125
136
80
85
93
96
82
108
153
104
120
72
111
127
170
106
169
101
143
148
116
130
122
88
140
137
176
172
106
122
125
125
125
163
130
162
158
159
135
162
109
194
143
158
106
113
36
128
113
76
83
128
215
144
151
106
114
172
106
150
38
77
135
106
132
96
124
128
131
152
126
80
112
71
132
125
129
123
85
123
96
130
117
155
181
164
120
149
103
81
147
144
140
99
90
135
136
167
156
89
111
151
87
121
69
112
107
116
144
123
181
134
185
104
108
116
108
171
55
117
169
146
135
147
73
130
154
161
134
92
128
90
141
163
108
109
150
102
83
102
119
127
143
182
133
145
180
94
139
142
96
184
117
144
166
199
143
64
121
79
111
83
159
105
197
142
116
130
123
69
189
174
165
158
156
73
114
86
123
106
138
209
121
94
121
114
171
123
104
146
109
131
166
147
168
137
131
45
98
103
158
107
143
142
