# SOLE Quantized Vector 123
384
54
122
188
71
125
101
155
98
171
98
66
187
112
126
90
155
112
53
138
114
130
112
103
105
99
175
140
169
165
108
107
56
183
163
149
47
178
101
87
129
140
113
176
168
141
101
76
137
142
193
133
116
186
99
192
137
211
102
149
157
122
70
97
120
127
68
124
111
132
89
125
58
70
93
131
153
176
102
136
87
157
154
116
98
105
157
150
180
124
150
131
154
144
62
156
73
168
105
159
87
84
122
195
118
81
157
199
116
126
157
169
121
77
165
101
126
145
113
172
141
53
68
157
188
126
169
59
77
103
108
166
137
91
118
100
129
178
74
92
132
143
167
127
92
146
163
45
157
164
59
177
145
144
150
141
148
148
46
91
105
133
71
196
135
98
52
152
151
96
106
143
42
155
86
153
136
147
152
136
100
142
147
122
192
129
148
136
175
186
102
154
82
175
153
140
125
159
115
133
115
89
173
71
48
213
46
123
190
88
139
141
126
166
114
81
97
136
161
125
182
98
60
125
103
150
129
87
152
125
91
181
112
224
180
121
105
148
140
109
143
184
90
150
108
198
146
141
118
76
182
235
180
77
21
107
115
164
92
157
162
112
154
148
139
154
118
84
139
147
55
138
58
140
92
39
147
148
123
163
135
72
130
87
131
143
128
113
97
112
44
115
171
178
105
125
94
98
112
69
68
166
154
161
108
69
168
84
154
219
129
199
117
129
128
107
76
149
114
121
97
129
170
167
106
108
198
166
81
115
145
97
190
128
130
126
174
117
85
181
148
151
135
155
117
160
159
95
150
146
27
202
55
195
191
148
37
90
124
118
124
89
29
45
107
97
117
140
167
112
125
164
160
126
87
193
136
162
143
172
148
101
140
154
190
