# SOLE Quantized Vector 79
384
75
132
145
92
104
73
169
97
91
74
102
137
101
93
81
132
107
153
98
83
93
98
124
122
111
115
150
179
155
118
83
159
109
128
127
87
110
112
54
147
84
177
132
181
193
132
149
175
185
214
139
123
146
146
103
104
75
171
196
167
56
49
177
216
136
74
120
101
104
123
149
44
80
80
73
111
144
86
149
72
153
135
73
125
90
100
121
109
119
134
120
148
113
91
131
118
176
122
147
124
68
126
141
83
111
177
167
133
115
130
146
63
180
181
105
128
173
147
157
139
48
93
113
143
114
92
108
151
100
131
131
159
138
129
118
217
135
125
118
148
156
118
214
136
136
130
102
145
183
53
132
115
99
73
135
122
104
57
101
97
147
152
165
106
144
87
159
181
108
84
116
54
205
36
100
169
220
82
145
154
114
112
42
99
156
117
182
147
168
84
114
108
106
130
121
115
135
47
248
159
135
156
196
130
173
113
25
184
232
121
113
110
193
177
80
127
153
196
123
155
124
134
139
122
112
54
53
135
138
96
184
102
211
134
57
115
210
123
75
93
73
108
135
109
213
91
119
141
86
144
148
205
117
30
131
105
162
113
128
105
148
128
141
134
144
185
120
160
84
89
97
124
89
142
93
114
111
110
148
140
75
164
51
120
117
110
57
123
169
97
147
149
129
161
123
102
146
124
91
124
157
200
134
104
117
114
90
159
201
66
160
132
122
142
148
40
174
174
101
159
95
123
109
119
185
110
143
62
65
187
90
194
144
215
140
128
140
100
136
87
100
160
110
109
125
145
115
135
152
158
183
103
144
149
222
41
109
122
103
194
128
114
167
99
167
85
119
147
92
187
127
92
122
168
193
132
145
115
98
154
71
98
51
134
