# SOLE Quantized Vector 122
384
53
121
180
76
117
98
149
92
80
95
90
62
156
126
85
144
121
159
137
119
122
130
126
162
113
196
152
174
162
75
61
113
165
142
181
77
122
92
94
154
97
108
71
179
151
74
88
164
154
221
161
121
172
104
165
104
77
104
146
140
98
83
86
161
124
59
140
110
111
137
138
79
69
77
103
123
168
98
123
169
158
90
102
120
108
109
102
147
139
87
93
144
73
74
101
119
123
203
152
72
125
139
179
149
78
182
193
133
104
114
138
101
127
147
133
123
173
175
170
116
40
63
143
189
123
181
107
206
88
125
151
90
86
119
111
160
189
142
100
117
139
187
134
112
169
100
92
181
150
85
158
141
111
69
126
148
164
28
111
99
134
76
209
121
109
60
175
164
124
124
123
104
173
133
132
120
186
142
141
126
136
91
116
142
156
150
136
103
191
96
132
115
125
133
138
123
141
85
146
111
88
127
51
88
171
39
69
168
139
189
138
89
205
93
74
99
131
161
131
168
130
54
153
98
139
87
91
145
133
108
196
119
203
193
88
104
140
168
102
123
190
90
148
112
189
156
111
103
39
175
128
228
91
11
101
124
166
106
144
143
95
144
184
165
153
124
85
137
104
43
99
129
132
162
107
153
115
103
164
148
95
167
99
113
180
140
61
145
93
53
122
137
144
135
140
18
120
91
103
100
176
145
158
183
64
139
43
157
229
114
206
132
147
101
143
77
182
115
118
96
125
106
105
82
141
206
150
108
110
159
54
194
130
134
156
141
107
94
200
143
144
129
141
112
124
140
131
159
84
60
207
85
160
190
162
51
120
122
93
111
158
28
171
77
93
106
123
134
102
137
121
172
109
184
217
142
122
95
162
201
86
122
157
150
