# SOLE Quantized Vector 120
384
52
132
164
82
90
108
156
108
87
107
166
124
125
73
81
141
149
146
119
131
136
86
142
174
136
231
143
183
180
123
155
91
163
92
153
71
164
106
139
159
114
117
144
173
154
87
74
182
161
200
122
136
178
135
155
130
115
143
139
152
102
128
85
163
155
65
136
117
117
138
124
121
84
93
41
131
147
105
97
138
137
159
87
131
86
139
125
157
122
110
144
128
103
102
125
119
135
110
135
67
180
145
160
122
105
161
171
111
98
93
161
69
49
144
91
124
174
139
155
163
55
63
175
178
114
131
110
158
112
140
129
178
127
97
117
132
154
146
110
117
76
175
152
171
151
113
157
153
174
98
139
141
116
93
137
133
117
75
111
95
94
163
196
82
76
135
157
200
131
96
185
129
152
88
71
115
166
124
158
136
110
136
97
127
177
176
148
115
203
71
128
147
131
125
92
124
151
78
136
136
97
140
82
75
121
83
113
131
129
144
114
112
188
164
42
97
119
236
91
158
79
53
140
104
148
85
72
117
111
121
161
115
193
153
83
109
152
144
122
100
138
87
110
138
195
152
131
117
46
190
150
119
112
87
125
128
169
106
137
160
114
141
183
166
94
122
93
142
95
78
122
170
113
64
85
161
150
146
181
148
78
146
89
139
96
147
56
100
109
81
131
140
84
114
141
91
112
112
94
127
133
212
131
122
112
133
59
151
202
84
179
108
147
107
120
69
167
113
113
120
142
110
115
132
148
203
141
123
133
178
91
202
132
114
108
161
167
106
153
126
135
161
125
93
84
147
95
132
139
113
186
109
107
196
186
59
116
103
78
144
157
77
137
108
126
81
130
109
99
128
149
123
78
168
214
163
170
108
183
109
84
124
112
164
