# SOLE Quantized Vector 124
384
66
178
180
94
129
115
157
109
120
126
99
139
155
107
91
138
107
105
147
126
133
188
143
107
90
157
137
165
172
107
126
54
173
157
196
53
157
116
101
113
159
116
183
163
171
129
40
134
137
148
130
165
196
101
172
141
144
103
165
139
137
138
61
44
120
32
120
127
94
87
136
59
53
89
121
171
173
87
128
146
112
91
84
111
92
149
153
155
126
98
101
171
133
68
138
113
144
137
166
94
134
122
204
94
101
158
186
144
106
102
129
122
94
162
114
88
98
118
158
131
75
73
180
190
99
170
11
71
118
140
156
129
115
162
82
65
171
137
103
113
163
164
127
70
72
122
89
99
156
44
153
135
106
115
106
139
139
109
105
109
154
126
200
156
64
58
169
132
106
112
167
65
130
122
153
141
124
144
134
121
147
136
102
160
128
130
165
97
180
114
134
71
160
127
157
108
175
120
152
98
96
131
99
46
151
47
81
138
59
127
150
187
129
159
74
110
126
134
126
179
114
71
133
104
154
46
86
142
87
58
144
107
232
150
114
106
135
132
85
172
102
121
138
130
177
147
109
133
94
188
225
157
75
43
130
111
157
65
157
154
106
151
141
139
148
56
53
163
161
68
137
78
152
134
72
127
165
79
158
142
128
125
90
125
124
95
124
86
69
37
122
131
162
86
114
83
92
118
141
50
181
184
167
147
74
151
101
161
225
150
190
95
137
152
132
73
149
73
111
112
140
176
147
120
137
221
166
39
106
156
82
188
133
110
164
207
193
81
170
140
173
107
158
93
170
162
134
111
97
114
212
142
186
195
140
52
79
121
110
131
182
60
92
128
95
116
130
176
114
123
177
166
109
104
192
155
175
158
141
129
118
66
116
189
