# SOLE Quantized Vector 153
384
160
106
172
81
101
96
146
135
133
110
90
103
150
86
80
184
80
115
221
90
120
176
207
133
88
150
95
173
152
93
71
144
83
164
139
78
112
86
120
97
154
83
161
160
126
124
18
127
165
143
127
179
202
111
129
163
127
124
126
167
149
115
96
148
87
85
109
142
132
147
175
183
36
62
97
120
159
96
66
149
113
111
136
102
95
137
129
168
150
115
133
193
140
107
166
101
229
120
130
153
127
94
186
107
128
140
187
150
129
145
112
113
84
116
105
127
152
79
186
146
97
61
117
140
60
175
62
142
134
120
137
145
112
131
62
20
170
147
107
128
120
161
113
36
189
115
65
188
117
101
162
112
101
142
144
82
58
179
105
94
121
205
183
193
78
101
128
129
156
125
126
121
110
102
147
139
103
159
109
135
132
74
129
102
147
167
182
112
176
146
113
80
150
149
167
106
188
114
100
90
93
117
82
79
54
75
208
100
35
132
160
151
87
159
122
147
119
116
146
166
100
119
146
107
177
91
68
111
108
74
62
110
200
124
136
62
63
193
75
159
147
98
186
119
151
158
101
144
104
172
162
121
96
58
116
104
143
102
112
165
107
159
159
137
184
143
75
130
141
68
153
82
133
102
45
103
163
140
181
105
162
137
148
114
146
103
120
120
104
64
149
83
173
117
92
143
98
164
96
131
178
79
151
132
87
147
115
163
164
144
163
140
132
93
151
125
170
62
84
71
161
154
90
139
117
190
131
120
115
132
85
189
110
34
180
173
169
74
181
178
162
86
178
123
136
144
85
107
142
91
210
173
169
178
105
74
121
97
121
111
133
131
152
74
110
122
124
131
123
147
123
122
122
101
184
180
149
125
134
109
157
128
88
90
