# SOLE Quantized Vector 91
384
67
153
149
94
64
77
137
103
60
88
203
124
135
93
73
167
126
129
91
119
118
54
94
161
134
137
117
182
171
177
65
141
176
89
201
71
165
96
99
135
85
193
121
172
103
106
135
177
125
186
116
132
163
169
149
40
117
157
194
137
125
102
156
135
138
95
91
99
145
133
127
83
104
43
40
178
133
150
142
167
180
155
120
143
95
116
118
166
127
149
143
116
132
155
204
137
134
141
116
74
113
115
150
55
114
148
152
112
110
139
218
70
102
153
74
121
112
175
153
127
53
94
154
99
137
76
106
195
62
149
131
105
172
84
94
194
174
140
123
169
134
130
202
127
168
144
176
170
173
94
112
82
118
10
45
141
123
79
132
97
117
158
144
71
122
157
109
188
115
93
238
95
179
61
40
164
141
77
157
147
99
109
26
155
177
122
142
62
188
79
95
56
122
135
85
121
166
45
166
156
121
116
79
45
186
103
65
215
152
59
99
93
202
176
64
124
125
219
116
146
96
93
150
77
135
82
49
130
97
156
158
123
226
107
78
98
214
144
66
113
102
87
133
131
205
117
118
138
79
162
172
146
93
111
119
103
167
94
130
180
115
152
141
135
103
92
101
149
101
115
119
160
111
66
100
149
146
107
168
70
182
128
76
109
166
72
16
62
63
80
161
147
153
145
147
139
121
104
154
107
140
217
112
165
104
126
108
160
138
88
149
95
148
139
152
36
161
140
152
131
112
154
210
162
150
99
109
71
89
126
71
198
146
209
88
147
147
108
251
83
101
179
100
74
67
155
163
132
136
64
168
126
126
140
223
67
110
100
64
231
145
123
134
128
188
67
138
122
100
198
120
146
96
112
211
125
214
144
173
147
60
114
125
82
