# SOLE Quantized Vector 53
384
165
157
138
81
117
71
143
108
135
82
117
103
131
126
87
149
114
161
171
125
66
168
185
75
89
50
147
169
119
118
159
109
130
202
169
38
146
129
47
158
132
191
112
173
92
188
127
123
157
185
144
125
172
118
107
128
146
153
166
132
82
115
145
158
125
63
151
129
130
107
128
111
65
81
124
109
167
111
176
113
186
123
155
138
98
129
115
146
122
115
134
114
177
102
127
102
192
154
125
181
126
108
146
46
112
164
148
156
144
147
125
61
141
131
118
144
150
145
167
112
70
79
164
163
120
113
74
109
120
157
136
86
104
137
97
104
164
139
126
124
115
81
170
68
69
131
57
121
170
46
128
125
104
119
104
111
100
124
113
154
145
99
193
137
121
124
184
108
121
106
116
47
199
98
188
191
199
141
105
134
113
108
80
127
82
107
91
143
160
81
142
65
98
115
125
146
129
101
179
139
80
124
129
95
148
131
100
140
132
95
123
154
147
108
124
133
148
117
131
178
129
177
126
114
116
107
60
108
167
83
157
116
215
129
117
94
159
144
117
127
90
98
135
54
169
81
126
137
105
133
191
100
109
27
130
109
134
116
118
150
109
125
119
174
192
119
128
143
147
58
120
124
133
81
98
128
116
131
142
128
91
142
90
135
113
138
99
101
124
111
166
65
211
97
118
84
131
126
96
136
170
156
157
122
99
135
134
157
168
77
119
88
125
163
123
107
120
149
111
125
114
147
131
137
145
185
231
96
146
156
93
189
96
203
146
173
141
64
142
93
130
106
153
100
174
139
106
123
97
102
207
132
197
206
185
59
118
103
198
102
110
139
156
134
118
117
157
132
97
132
126
146
158
146
170
125
114
113
102
129
126
78
118
183
