# SOLE Quantized Vector 133
384
152
137
165
107
106
109
131
121
66
123
108
124
151
77
70
117
140
96
165
137
111
109
107
196
149
203
170
188
161
120
85
144
174
93
168
67
122
106
159
139
41
122
152
174
135
90
76
173
132
211
103
132
198
142
150
80
153
121
120
170
131
138
109
170
170
83
127
114
114
101
144
72
85
90
43
149
137
132
87
144
142
95
114
122
56
152
118
194
129
117
178
100
63
141
131
118
167
140
117
68
131
157
146
101
103
136
95
137
84
101
140
83
59
156
133
118
145
126
159
141
66
58
170
183
131
122
117
164
133
159
137
157
99
104
88
150
157
121
129
127
136
161
132
150
183
128
162
191
161
98
121
150
147
78
124
100
145
108
139
100
165
144
185
93
94
145
164
182
150
112
223
170
118
108
68
110
126
146
185
124
86
142
114
127
172
195
154
155
212
83
118
92
115
118
51
150
166
70
164
94
111
130
92
81
75
69
78
142
51
136
128
107
133
155
60
108
102
166
119
176
97
61
141
80
133
123
72
66
117
131
125
123
184
156
78
98
114
143
126
89
177
113
112
109
195
147
118
119
59
188
170
140
110
110
129
106
156
106
138
166
170
133
185
166
116
174
80
152
134
55
154
145
125
28
124
143
104
136
163
140
85
143
152
126
131
144
80
101
109
72
142
106
91
134
141
105
112
115
147
134
149
176
133
163
106
116
75
141
194
114
141
136
128
93
134
100
162
85
137
116
172
182
124
164
192
73
114
153
120
155
103
204
132
94
113
146
143
100
112
152
128
155
132
134
98
145
91
132
136
112
186
162
130
171
177
99
111
96
161
146
118
86
155
110
146
81
122
99
112
138
137
166
42
147
209
173
128
49
170
121
98
140
145
157
