# SOLE Quantized Vector 117
384
87
116
183
81
94
120
115
76
49
106
104
127
95
88
68
155
136
153
144
114
122
108
115
145
137
163
151
170
146
136
96
147
153
122
144
59
128
107
110
127
130
147
156
174
126
90
99
141
85
212
111
126
167
168
154
152
138
141
150
144
147
136
116
182
128
74
142
123
112
174
133
128
77
94
117
193
177
134
135
158
174
195
115
127
94
113
98
166
159
88
161
138
93
153
136
100
198
128
127
50
104
153
159
146
56
156
75
140
77
124
134
51
58
157
96
120
140
132
154
137
50
77
182
145
152
103
95
129
99
145
161
108
104
115
93
174
183
149
103
129
132
128
121
107
210
166
152
162
154
77
119
143
119
97
102
132
103
65
110
103
123
39
190
98
104
141
139
163
136
81
208
128
140
151
94
126
139
140
159
129
103
120
93
126
153
176
136
75
197
80
113
111
176
135
127
142
151
71
142
119
72
143
101
44
111
77
120
177
44
129
128
125
192
120
67
79
123
171
116
177
143
54
144
97
130
80
121
165
117
122
164
112
223
142
133
114
123
148
151
127
190
108
135
100
194
142
134
118
92
188
137
187
88
49
114
114
162
80
97
141
135
140
165
161
107
155
76
131
77
67
141
128
165
14
82
139
87
91
161
152
68
139
104
86
151
94
29
161
179
42
120
124
146
136
134
153
119
113
140
80
176
144
120
94
102
141
81
154
175
148
180
94
145
126
145
107
118
113
225
119
155
143
107
118
124
213
182
99
82
153
102
197
118
152
97
121
138
94
171
140
141
161
121
115
83
157
112
128
126
125
182
117
148
179
155
74
110
117
95
124
67
35
114
188
139
101
129
121
139
127
159
133
90
152
183
157
147
140
154
127
80
144
143
120
