# SOLE Quantized Vector 107
384
34
152
167
75
79
81
169
94
141
89
116
128
136
91
89
138
127
177
90
132
126
108
113
147
121
199
49
180
182
119
91
98
168
115
163
89
117
86
92
148
101
135
130
175
219
79
112
192
186
204
103
148
158
129
141
106
138
163
156
147
100
105
166
178
153
58
103
118
94
174
142
58
81
97
71
124
157
78
127
156
155
151
30
127
70
152
117
133
110
103
120
171
101
83
154
118
178
150
151
78
139
157
169
124
93
166
163
144
109
90
156
75
62
149
75
121
147
106
158
153
41
78
125
169
114
154
107
148
101
152
153
115
122
130
139
165
127
133
151
148
139
134
175
97
151
164
116
141
145
108
115
133
107
109
120
142
79
44
93
93
54
127
180
100
105
128
141
196
137
82
148
78
190
118
128
157
205
103
132
129
128
104
77
155
173
156
176
137
181
88
152
119
129
137
117
113
148
79
129
120
115
137
101
96
159
100
131
150
194
120
113
103
208
134
41
108
127
189
114
166
81
63
158
120
123
101
69
114
118
95
200
104
204
193
84
86
176
119
117
104
142
92
147
139
227
140
115
120
75
173
164
173
108
45
145
123
173
102
133
133
90
152
169
179
127
103
126
139
108
73
118
150
101
73
55
119
146
83
155
129
60
116
87
145
91
64
29
115
157
72
122
143
149
119
125
89
135
117
123
128
130
217
167
99
116
150
74
152
229
107
201
141
161
129
133
49
160
161
104
125
110
180
131
101
139
171
163
114
101
171
104
199
130
167
128
153
92
109
141
108
122
142
116
109
102
141
128
100
109
191
194
109
130
172
185
27
106
124
129
62
126
67
106
86
147
90
121
131
88
175
188
45
105
175
212
143
150
99
162
139
69
93
101
164
