# SOLE Quantized Vector 76
384
133
110
143
98
77
74
131
93
33
88
106
109
127
93
68
167
112
124
109
118
105
92
214
132
131
83
127
176
138
149
79
126
128
115
82
74
156
111
77
138
68
245
109
164
95
130
152
155
108
193
152
142
157
190
150
118
82
167
221
132
127
132
110
159
106
104
145
111
137
139
125
122
105
61
72
191
147
149
150
140
164
115
135
123
93
182
152
156
130
89
156
125
146
182
81
139
144
143
115
119
126
146
134
37
95
113
97
106
122
138
139
54
147
186
109
115
116
97
153
152
58
101
138
90
120
55
131
135
116
158
138
197
71
96
94
164
164
125
119
133
163
91
201
126
115
200
110
149
156
134
123
91
112
118
126
128
117
103
141
120
96
99
181
99
120
108
142
165
135
99
175
58
168
63
84
184
148
88
165
125
90
158
38
151
123
156
109
173
175
70
132
105
96
120
86
136
150
53
124
177
124
112
128
63
105
113
94
178
141
79
110
168
231
164
93
108
102
184
116
179
129
134
151
138
114
33
82
117
119
126
168
98
235
181
93
78
211
135
90
120
90
137
133
92
190
75
96
127
96
148
181
112
101
73
99
101
156
94
129
168
141
144
134
174
126
152
121
122
93
91
99
145
133
49
94
126
82
106
157
155
72
152
75
97
140
159
40
107
149
76
137
121
193
127
120
119
118
121
151
116
154
203
94
164
92
135
132
165
142
89
137
143
159
149
143
57
114
145
197
167
117
190
104
150
124
85
184
152
126
130
105
198
139
232
108
114
145
97
109
86
129
204
95
103
108
157
117
169
117
152
178
182
135
155
222
55
107
98
106
174
117
141
151
170
114
74
140
130
98
146
159
168
106
153
198
126
99
169
147
141
65
114
98
83
