# SOLE Quantized Vector 35
384
207
138
112
56
84
75
127
119
103
90
91
110
96
54
77
145
199
141
213
176
46
175
184
143
131
71
34
185
133
129
77
110
116
125
181
47
74
121
131
151
127
170
79
176
106
166
102
166
152
211
119
162
175
149
119
124
80
191
130
139
100
111
83
142
120
78
161
121
131
76
149
99
108
62
4
118
132
147
141
107
160
104
123
140
89
167
91
150
138
73
136
170
128
182
122
173
196
75
75
137
92
114
109
46
132
171
92
118
120
133
100
16
151
121
108
162
125
91
154
119
70
61
140
127
114
43
130
187
153
183
111
73
40
67
59
107
146
91
68
110
101
174
169
119
230
109
71
109
180
88
120
137
99
122
109
95
122
190
164
119
172
146
170
94
130
127
142
121
162
96
176
182
190
68
71
103
157
135
112
147
65
92
75
72
113
126
105
194
170
65
86
116
29
66
145
154
148
61
127
138
111
106
146
110
67
118
235
164
87
82
78
160
215
198
89
141
154
211
57
142
98
161
168
87
102
109
36
150
111
140
115
129
191
133
83
92
120
174
147
117
93
98
126
84
172
82
99
124
69
152
101
85
125
82
109
123
132
147
111
154
209
127
145
122
110
187
135
122
102
63
104
106
121
51
97
154
191
161
150
103
110
147
69
137
90
38
48
139
148
102
181
61
163
135
112
63
162
105
84
159
161
141
81
68
110
129
108
152
124
51
105
93
166
96
162
121
139
144
136
160
153
116
98
172
100
132
142
146
157
143
81
197
98
190
150
146
155
75
186
54
167
129
122
103
151
132
56
86
126
93
188
172
104
104
206
89
139
81
187
127
125
172
74
176
135
81
175
121
91
255
137
43
104
69
170
184
117
73
96
133
118
132
140
146
