# SOLE Quantized Vector 49
384
199
91
115
106
71
61
132
119
96
90
89
128
104
68
71
111
149
138
168
149
68
132
159
118
134
70
43
189
130
106
125
131
142
128
128
33
121
77
105
136
61
220
124
184
109
174
135
167
146
198
173
139
174
168
127
109
144
194
166
145
101
108
200
221
138
72
131
69
62
75
131
58
88
85
28
122
131
119
146
85
158
89
139
138
37
174
117
125
106
96
167
164
122
148
173
142
173
210
101
159
125
94
102
20
126
156
157
111
87
94
145
47
82
134
129
143
113
158
148
107
66
81
122
139
132
49
100
85
98
156
120
94
142
80
79
133
144
71
108
141
126
61
199
178
162
155
115
125
153
142
143
142
131
123
165
91
175
171
113
130
152
177
165
91
132
115
146
148
132
74
142
73
201
62
105
172
159
116
138
118
72
101
69
70
130
110
143
139
170
72
131
49
52
82
144
157
161
51
122
156
114
140
107
91
130
141
119
208
125
59
96
106
207
204
92
153
154
190
138
168
104
173
121
95
107
133
53
150
131
115
115
117
213
134
80
118
171
122
183
52
44
115
65
71
188
73
125
119
95
139
117
121
129
91
134
111
136
122
134
141
210
131
152
154
127
186
131
157
50
96
110
56
132
88
111
163
152
94
137
113
49
130
104
148
117
105
37
122
156
114
178
75
112
132
118
113
140
99
47
152
151
204
91
161
90
101
68
155
117
54
69
40
119
130
139
93
121
70
141
175
149
136
124
175
201
110
174
140
162
160
72
197
118
198
140
146
186
81
133
73
90
135
109
84
162
137
163
120
99
105
197
175
134
124
223
106
66
97
178
153
179
180
60
201
159
72
144
149
88
239
105
194
100
226
133
100
159
69
113
132
103
55
166
158
