# SOLE Quantized Vector 40
384
165
155
119
83
94
90
126
126
132
101
122
132
165
110
97
145
156
120
222
132
52
195
218
84
95
50
181
166
118
101
140
78
107
195
175
14
157
138
87
139
141
149
118
170
127
191
89
106
148
149
154
157
188
107
106
166
104
169
142
135
88
100
100
121
104
57
151
83
122
114
149
70
52
84
99
123
158
107
159
72
166
112
112
143
113
111
107
135
128
115
109
124
130
101
215
121
199
170
113
189
174
112
162
40
129
119
98
146
126
152
142
62
178
119
129
114
124
132
156
107
85
70
222
152
93
110
59
135
132
155
125
136
102
135
55
69
183
151
84
110
119
114
143
166
64
137
74
120
116
47
166
106
133
118
104
99
93
123
118
140
163
140
191
164
116
125
172
84
122
122
171
50
168
58
201
166
150
155
90
125
118
143
59
122
80
81
80
187
152
88
129
105
74
110
130
136
146
103
157
137
94
118
151
93
154
116
125
102
54
74
117
108
143
160
121
176
110
149
141
155
149
174
150
104
144
52
62
107
136
62
114
124
207
143
130
112
104
166
106
135
95
95
98
82
146
106
129
150
110
161
151
76
104
43
153
119
126
118
116
130
84
130
122
173
175
125
98
148
144
73
111
149
141
138
110
132
123
114
119
115
131
134
111
139
131
138
110
99
85
107
185
125
164
128
113
86
135
127
85
123
205
140
121
137
104
117
126
149
162
114
129
129
147
144
125
125
151
129
95
161
135
99
127
170
127
196
182
73
145
159
121
186
98
169
173
200
110
57
142
72
183
81
174
129
180
131
102
137
86
127
196
141
177
185
151
66
138
93
133
120
127
157
142
136
100
119
155
129
107
135
124
120
150
130
175
129
130
101
87
108
157
113
94
181
