# SOLE Quantized Vector 90
384
100
96
156
107
78
93
163
89
97
97
121
139
124
93
71
150
121
167
100
128
113
48
133
129
134
117
153
176
154
122
135
173
138
100
66
78
111
65
89
132
83
222
153
160
113
112
133
173
105
189
124
159
164
181
133
104
57
145
212
139
150
100
186
124
105
91
104
104
122
163
128
142
99
75
78
204
149
140
144
116
150
139
116
116
78
211
139
171
142
111
162
163
172
165
131
105
183
95
135
95
100
124
150
64
86
139
69
135
99
116
167
61
87
160
122
107
83
100
158
164
48
102
145
94
121
85
110
123
120
160
149
171
105
91
99
148
166
84
144
144
159
114
189
167
122
236
154
170
150
133
139
121
45
60
120
137
165
114
144
109
87
93
163
78
116
149
151
178
147
82
189
40
156
56
113
208
120
88
174
136
100
185
42
124
139
152
125
158
189
69
149
114
87
129
77
130
148
55
179
163
120
128
143
67
113
102
94
156
123
65
102
156
205
173
68
106
121
197
129
172
132
93
150
28
124
84
104
116
111
132
178
88
243
160
76
108
210
129
87
143
117
131
110
115
210
101
129
134
106
161
184
172
97
76
103
116
166
87
151
134
130
142
130
178
103
138
109
125
89
78
132
150
130
49
52
133
143
126
156
142
20
137
103
126
125
120
40
123
154
62
125
138
134
120
115
107
123
121
154
113
164
213
119
157
117
134
91
157
171
118
165
134
164
154
134
47
118
155
201
184
129
200
108
126
151
103
182
145
104
126
88
197
109
222
113
120
123
106
67
92
147
208
93
104
75
171
89
144
88
165
168
151
148
158
217
68
92
102
73
216
156
113
137
174
128
76
131
131
79
137
199
150
98
121
159
143
76
135
151
140
59
130
97
115
