# SOLE Quantized Vector 182
384
162
80
171
94
87
125
113
134
213
88
105
93
125
69
86
182
39
130
196
119
105
185
98
113
108
109
127
184
132
102
163
126
118
147
112
86
161
169
90
129
106
119
116
155
124
107
32
149
160
106
130
107
181
144
138
172
146
124
101
147
102
163
99
153
139
129
80
158
109
114
159
105
54
67
89
125
151
83
59
106
123
87
122
103
78
171
125
145
135
134
125
151
110
97
102
124
184
170
172
177
93
132
173
93
118
97
116
153
89
119
176
35
96
125
117
138
170
114
169
166
100
81
140
161
111
148
89
160
113
146
153
143
136
132
52
94
193
157
119
126
151
101
161
47
159
65
163
135
134
63
155
124
165
152
112
104
59
111
49
111
95
225
143
178
108
111
145
196
182
132
168
137
67
86
122
181
131
117
84
114
113
139
80
124
155
112
111
56
202
151
104
123
105
149
139
106
194
64
166
61
89
122
138
119
100
89
107
106
88
114
186
127
59
73
136
124
100
80
137
176
113
158
120
137
102
103
57
108
116
59
37
146
193
156
146
123
114
136
173
100
166
106
111
135
120
194
137
136
86
137
135
141
126
49
158
97
152
176
136
158
125
143
158
180
141
119
128
118
136
100
124
113
120
114
102
138
136
127
160
114
167
151
152
144
159
92
96
146
136
58
151
122
118
119
134
136
66
160
133
113
180
125
134
94
122
106
160
142
165
91
131
151
125
113
108
156
184
129
76
156
122
126
115
116
140
148
71
86
129
145
70
183
135
23
155
188
133
102
95
174
125
120
183
125
185
157
176
143
76
103
182
134
166
150
101
75
117
93
119
137
101
212
146
64
83
103
66
97
122
166
127
129
140
81
190
121
180
91
143
119
159
148
128
97
