# SOLE Quantized Vector 149
384
144
98
174
67
87
109
137
117
193
100
101
150
156
85
72
173
98
118
184
139
97
191
166
189
134
210
85
187
152
116
87
128
188
134
194
86
102
154
124
160
119
81
121
186
130
77
83
164
205
222
84
114
173
120
121
171
143
131
82
137
89
110
49
101
163
55
102
160
137
167
150
124
64
87
74
83
147
103
96
101
193
155
144
148
73
97
88
159
144
142
145
153
106
96
113
109
187
146
119
97
185
135
141
135
108
108
177
128
76
60
141
66
99
124
124
138
174
128
169
134
74
55
194
198
127
162
159
186
117
133
133
155
120
89
106
181
185
152
123
104
111
194
127
153
218
116
139
178
149
55
162
130
161
86
140
94
113
93
109
99
171
141
174
102
118
171
175
176
184
116
142
157
160
156
90
81
216
160
157
131
98
104
111
122
182
170
164
119
197
99
113
99
187
133
90
151
144
76
106
76
101
140
127
105
126
74
129
134
114
157
153
92
170
38
80
106
105
118
123
163
72
86
131
76
96
115
51
95
158
125
128
145
169
189
96
94
101
165
146
139
211
73
159
80
189
171
112
131
56
164
171
128
128
50
158
93
147
134
137
164
107
142
201
149
148
157
118
125
136
59
152
92
80
80
64
147
131
146
180
112
110
131
148
155
148
135
80
141
119
86
176
47
125
138
151
83
123
99
180
149
169
153
162
123
153
114
100
140
214
88
135
79
99
87
158
122
169
99
80
141
148
112
143
132
128
99
167
67
95
179
73
201
114
65
106
138
123
88
117
180
150
126
160
115
102
140
110
86
120
114
206
126
144
179
166
69
140
103
170
171
120
74
156
87
121
94
111
124
88
131
116
178
89
168
195
175
173
94
184
131
118
69
101
123
