# SOLE Quantized Vector 33
384
192
131
122
57
86
91
108
93
77
91
124
128
143
76
83
146
191
169
213
156
60
123
168
105
137
57
111
171
105
139
173
115
132
165
141
24
129
145
100
158
107
190
122
175
119
170
153
124
97
211
149
138
165
172
110
139
105
173
138
147
114
130
120
144
135
74
148
84
120
130
143
100
102
109
92
149
163
163
169
130
186
134
121
145
87
154
96
113
137
100
178
145
123
169
107
128
166
142
88
149
130
128
114
87
91
150
60
118
131
135
122
27
147
137
128
145
142
131
149
113
67
72
194
149
152
58
130
152
126
169
122
107
103
89
69
136
177
145
100
113
118
86
141
126
163
147
97
122
170
83
149
124
141
164
121
100
140
176
143
145
115
42
187
104
145
130
171
125
152
95
182
150
175
89
126
173
159
147
121
130
76
93
73
108
98
87
92
195
161
57
110
89
100
98
111
174
144
82
114
137
96
115
138
80
143
144
142
153
41
90
91
121
163
136
98
132
136
155
123
166
125
161
150
111
106
98
86
122
144
100
142
125
200
137
110
108
97
156
139
78
120
115
117
60
181
79
127
139
92
150
193
99
123
45
107
117
130
122
101
119
142
140
167
158
132
121
119
135
93
78
100
122
131
80
93
131
141
94
142
116
112
131
74
114
144
116
71
141
94
93
166
106
151
113
119
106
137
121
92
152
161
167
99
119
132
118
151
143
133
85
114
97
151
131
136
153
98
103
210
130
154
135
136
145
128
151
216
113
143
156
112
195
103
214
146
145
97
66
111
66
144
130
133
120
176
143
103
98
96
121
181
168
155
164
170
85
127
92
198
108
87
141
142
234
145
101
162
110
112
140
133
136
136
155
163
137
120
118
89
124
119
113
103
161
