# SOLE Quantized Vector 184
384
120
98
158
66
92
113
128
105
154
116
109
117
122
50
103
169
83
122
166
126
126
158
106
117
124
126
81
180
127
114
118
136
122
117
94
54
127
116
79
120
122
62
139
148
132
172
88
144
66
127
130
115
158
198
140
162
129
143
128
143
155
133
87
190
130
118
113
136
120
102
159
122
75
82
148
173
150
99
58
126
156
112
115
123
37
162
123
144
136
152
125
156
99
161
109
108
136
131
155
151
142
133
189
64
94
116
67
141
96
115
166
61
96
135
128
126
139
104
167
146
110
83
69
106
109
97
83
167
119
158
126
161
117
170
109
53
200
153
95
117
138
148
123
75
147
120
190
103
123
83
141
136
132
161
89
85
110
150
103
122
104
190
140
165
134
119
162
194
197
92
154
196
55
88
136
153
93
132
92
117
90
136
76
96
173
119
166
94
206
160
106
134
101
125
139
127
163
84
126
84
114
142
123
80
121
148
109
98
76
146
162
124
86
89
132
92
139
117
146
155
126
141
126
84
120
134
64
81
71
81
36
124
161
156
132
118
79
160
149
131
164
138
111
147
114
128
135
123
92
161
190
151
118
72
133
145
164
152
145
157
114
143
162
184
129
143
130
126
120
122
130
112
134
113
105
114
145
135
158
131
218
141
129
157
149
126
148
145
108
39
100
125
120
96
130
126
91
171
108
110
156
145
106
106
192
134
200
153
121
112
134
131
142
193
131
180
119
116
144
147
143
82
99
150
127
183
100
104
146
150
92
187
146
30
143
177
120
99
135
184
118
96
150
131
197
196
162
149
114
91
146
151
135
168
80
112
116
92
113
141
157
152
147
147
128
95
86
57
136
156
147
117
176
115
188
136
127
131
104
111
150
173
99
142
