# SOLE Quantized Vector 128
384
111
95
157
43
80
123
142
99
93
123
111
102
137
68
78
165
131
161
193
130
120
106
91
136
125
157
155
164
163
137
158
147
153
130
132
57
164
145
121
144
146
86
101
178
132
133
88
79
70
154
136
112
187
178
150
162
99
108
123
143
168
151
82
151
154
78
157
136
101
124
142
107
61
93
164
158
180
144
67
111
152
146
122
105
68
129
128
138
118
138
108
167
123
147
97
114
141
137
134
114
163
125
187
161
106
147
52
152
79
143
154
74
118
128
106
119
158
118
162
120
100
66
125
121
125
133
73
120
121
136
129
151
123
119
87
87
189
155
126
135
170
142
106
127
183
171
152
99
150
106
167
149
132
143
97
107
64
155
106
110
113
168
169
151
94
101
166
194
144
72
189
143
84
74
133
161
79
132
145
113
124
100
97
155
178
146
158
68
207
116
123
173
166
134
110
121
158
120
108
127
121
145
97
39
139
105
138
124
18
197
132
141
110
119
88
87
131
128
139
152
120
87
130
90
143
122
87
52
99
107
67
131
170
140
126
113
28
176
52
155
140
124
144
151
114
156
112
121
90
195
147
146
108
109
116
129
154
94
104
86
106
161
177
186
117
121
66
119
133
82
156
135
143
104
110
140
177
125
202
133
170
151
180
117
94
142
79
138
114
81
133
139
145
115
143
115
105
159
158
113
179
152
121
132
133
154
138
152
121
172
179
110
128
154
120
151
129
102
175
143
179
144
128
145
154
88
135
98
108
130
111
193
132
58
156
168
120
88
126
139
154
88
140
123
106
145
120
148
158
119
135
161
121
176
99
84
108
85
59
90
178
96
161
143
181
122
124
101
157
131
132
131
132
148
213
130
143
179
141
123
149
177
122
81
