# SOLE Quantized Vector 131
384
122
133
178
70
91
111
132
88
90
109
140
150
108
86
72
141
128
142
171
131
128
105
119
144
155
182
155
172
145
128
110
137
137
135
171
52
135
69
126
154
146
128
156
168
147
96
98
124
92
206
120
152
183
166
147
138
137
115
133
150
141
146
107
158
148
69
119
101
101
129
133
138
91
114
124
177
175
136
115
135
146
166
99
113
58
128
120
152
140
96
160
117
126
160
124
98
183
168
132
100
148
147
150
149
64
160
20
138
86
114
126
71
53
158
87
127
169
116
162
144
63
67
167
173
132
124
127
141
148
159
150
151
72
104
106
135
178
137
107
129
171
153
106
169
178
205
174
213
125
97
140
130
144
134
139
122
145
120
113
119
114
24
199
96
105
136
155
162
167
91
209
154
112
85
111
125
123
159
161
125
100
137
133
150
135
157
146
125
197
83
134
136
140
126
65
164
153
108
167
106
107
144
114
58
121
96
136
116
25
111
132
100
147
124
69
95
145
159
110
189
125
63
148
115
154
97
123
56
140
104
158
100
200
171
140
76
93
139
126
126
189
109
128
81
219
139
124
126
89
183
219
138
114
62
116
115
154
96
123
138
119
142
178
194
112
137
91
151
98
70
157
145
135
35
92
121
120
110
170
165
62
140
131
120
133
148
73
129
101
54
111
146
79
119
132
129
104
126
128
133
164
164
124
112
129
157
113
143
182
122
184
122
151
120
133
138
111
102
218
115
174
118
144
119
137
80
195
153
127
151
132
200
126
119
133
125
154
91
87
153
127
150
136
119
105
155
109
128
147
131
184
156
160
181
150
60
126
105
135
124
75
56
143
176
137
107
137
115
121
122
163
120
107
152
203
155
114
120
150
126
97
105
125
152
