# SOLE Quantized Vector 93
384
39
114
157
94
99
94
156
94
113
79
128
141
137
98
84
135
113
144
91
119
116
114
113
127
115
156
155
180
163
120
85
104
157
116
133
81
101
78
67
125
91
170
137
179
168
97
135
181
170
214
150
134
152
138
120
45
70
126
182
144
69
94
137
235
137
80
132
98
90
131
131
116
73
84
81
123
150
88
139
123
153
131
101
106
90
119
130
141
146
145
111
123
126
68
124
130
192
117
164
97
96
141
159
103
102
180
208
120
129
111
176
84
127
171
106
87
144
122
150
167
46
87
135
153
121
117
97
132
106
138
153
184
107
98
118
194
154
136
119
124
173
138
204
132
112
158
82
173
179
121
147
105
156
125
142
139
105
33
95
96
85
147
171
91
134
70
150
193
106
81
139
33
200
76
118
174
195
85
159
142
123
136
67
147
171
139
175
166
171
88
134
111
76
137
97
108
143
55
216
149
124
140
149
101
120
107
92
196
222
126
120
144
206
186
74
107
132
219
103
148
121
92
123
132
106
93
64
124
131
110
190
98
220
204
58
116
209
111
63
83
92
103
112
131
221
109
118
124
78
160
155
161
110
38
123
109
171
108
135
122
99
132
141
115
126
189
113
136
121
91
60
96
106
90
82
132
123
118
148
162
31
158
65
134
124
125
43
148
147
81
148
159
127
172
128
115
136
127
132
112
147
221
132
157
91
135
91
159
206
87
163
135
112
143
124
40
172
133
106
120
99
151
138
123
147
101
152
102
85
184
82
196
155
206
127
141
162
107
111
97
140
154
113
87
118
149
153
153
128
149
184
162
148
157
220
35
77
124
127
160
138
89
138
78
93
88
124
144
98
195
178
112
103
129
174
111
145
120
134
138
66
68
41
144
