# SOLE Quantized Vector 130
384
123
125
176
57
92
120
135
72
111
122
128
183
123
88
80
131
125
164
170
140
132
138
136
143
147
173
87
166
135
124
96
126
133
156
74
50
122
114
103
146
124
99
152
182
154
114
115
121
83
207
120
138
176
171
147
159
111
129
115
148
140
82
67
217
126
53
157
117
87
197
135
100
62
125
175
161
190
124
110
118
187
151
104
125
64
114
111
147
145
119
155
147
125
134
98
85
194
151
141
104
167
138
166
189
67
153
18
146
62
107
109
63
66
148
97
108
187
119
161
120
77
68
177
172
131
132
103
173
135
110
156
152
105
126
120
83
179
156
115
122
202
184
97
116
176
191
168
162
127
136
172
143
166
135
120
119
114
99
109
128
135
39
198
132
96
137
174
168
165
79
200
160
122
77
133
127
142
156
160
137
114
116
131
101
138
171
152
123
197
90
162
134
190
141
113
151
160
113
93
93
109
150
150
49
143
107
169
114
31
142
141
123
148
93
69
75
125
135
124
184
140
66
134
122
135
88
120
55
137
87
141
111
193
149
149
99
57
137
134
102
173
119
136
99
176
147
137
114
91
181
155
191
121
37
126
127
155
83
113
132
135
142
179
165
123
151
92
141
89
76
146
125
155
71
93
112
81
93
169
161
94
131
149
121
165
156
113
131
139
58
105
138
93
125
134
134
118
137
141
116
155
160
138
159
137
143
119
145
186
140
173
132
136
147
124
155
92
79
224
134
173
65
137
111
111
81
214
137
141
160
126
196
123
106
119
123
97
87
86
153
124
120
136
98
125
162
92
116
115
126
174
126
158
185
122
67
116
110
155
124
98
51
138
185
119
122
111
117
145
124
162
120
138
180
193
164
135
111
151
128
115
114
145
192
