# SOLE Quantized Vector 145
384
150
135
177
48
106
91
132
99
93
100
127
159
122
84
68
158
100
91
193
115
119
134
80
120
154
163
80
177
134
159
85
65
159
147
167
45
175
107
120
154
119
112
119
175
150
101
108
127
111
204
122
112
185
173
159
139
124
132
126
157
144
123
95
168
109
84
183
121
113
122
131
100
92
99
129
158
166
144
115
100
176
180
106
108
75
156
110
129
143
161
112
190
127
169
110
107
147
150
123
120
185
136
138
131
71
160
89
150
110
126
116
61
87
131
100
129
160
164
156
130
78
67
161
165
147
114
133
139
103
144
131
143
131
84
89
127
195
130
96
101
145
178
104
89
245
188
140
199
139
78
149
154
148
99
117
118
125
166
107
136
142
45
189
115
95
127
135
170
187
85
181
131
124
90
85
96
108
167
165
134
89
131
127
157
137
133
149
146
192
94
150
141
143
122
103
175
156
111
103
99
97
140
168
41
108
107
135
134
17
147
153
114
149
170
81
91
135
137
111
177
112
87
125
158
134
86
101
67
158
88
131
123
192
162
120
96
81
142
151
114
195
105
143
55
190
144
109
112
56
160
150
180
123
63
113
115
147
118
124
154
112
158
183
136
117
90
104
144
129
84
142
116
141
86
90
137
147
132
184
132
107
154
138
136
144
150
77
101
168
67
130
92
139
114
129
130
96
108
146
148
144
152
126
151
156
149
140
143
144
104
153
116
134
93
147
165
87
75
214
136
179
112
104
116
154
95
202
120
95
139
110
200
121
95
130
115
134
81
184
174
132
137
151
124
104
166
142
119
159
109
201
102
163
185
142
65
119
104
114
153
99
78
109
209
125
106
104
140
153
134
147
144
116
148
214
131
155
156
154
125
110
82
146
164
