# SOLE Quantized Vector 190
384
102
91
169
115
91
93
126
124
179
92
141
111
131
54
102
165
81
122
157
106
115
169
115
143
133
191
79
198
134
120
122
134
143
92
89
67
113
103
110
130
88
76
137
157
131
111
54
212
166
187
121
118
154
163
134
132
128
155
123
145
89
122
109
202
131
123
103
132
121
122
158
126
85
80
46
135
113
86
68
127
141
111
125
114
37
167
100
142
133
146
120
131
126
132
124
130
152
135
132
131
111
157
163
27
104
133
178
141
82
101
171
51
100
140
131
128
159
120
170
172
79
81
121
144
116
100
138
159
106
159
124
170
140
141
111
164
194
144
105
108
95
164
151
109
165
127
173
172
140
74
127
119
130
140
112
80
135
171
92
109
112
186
150
107
130
122
150
190
194
114
118
147
111
86
85
139
140
133
108
120
56
133
76
92
185
143
171
117
196
132
105
147
81
126
95
146
169
65
128
78
116
156
117
125
126
138
92
142
140
163
161
104
126
144
113
124
131
140
135
169
85
115
131
74
132
134
47
95
101
113
71
122
155
170
69
106
166
149
147
97
177
124
121
128
175
130
124
124
48
148
159
139
139
79
153
131
168
182
154
162
114
137
167
170
109
150
146
128
119
138
134
140
99
123
109
144
183
130
149
146
181
135
76
177
151
132
120
131
103
31
121
93
106
110
124
129
102
125
114
152
134
183
134
80
202
126
141
147
163
48
108
120
134
130
135
136
162
115
90
163
126
98
111
140
157
163
83
125
141
165
71
195
140
33
121
160
129
106
207
190
108
142
150
116
122
176
148
134
128
96
194
157
145
173
136
83
117
96
144
134
162
151
134
106
96
64
84
85
95
150
132
134
100
158
187
130
140
101
131
97
113
116
101
155
