# SOLE Quantized Vector 157
384
150
125
167
42
98
124
128
95
110
100
129
123
113
79
75
170
52
143
190
135
113
135
109
116
132
128
132
170
120
136
107
98
156
163
133
40
132
119
68
135
128
75
140
187
116
146
105
93
87
177
129
103
170
196
136
190
102
108
113
163
143
154
80
179
121
98
150
154
110
115
143
113
54
84
201
123
175
127
77
92
178
160
143
116
75
139
90
136
139
148
124
153
138
150
119
106
163
173
116
150
140
127
161
160
103
143
77
138
94
156
138
32
96
130
113
137
145
116
166
118
108
73
126
108
136
116
102
107
112
152
125
143
124
115
93
95
198
158
127
93
156
159
110
101
196
182
165
155
138
102
170
153
119
162
75
82
135
163
106
133
139
139
156
156
108
129
172
186
188
78
155
144
100
79
91
167
108
148
140
126
103
115
100
135
166
130
154
97
200
127
130
122
156
125
115
142
153
102
119
105
108
153
140
49
131
128
120
95
38
178
159
117
109
101
120
88
151
143
135
154
154
135
121
113
134
93
79
68
150
83
65
138
173
174
129
116
38
168
116
152
147
115
132
87
109
136
126
116
88
163
157
125
136
69
123
115
144
118
108
132
163
151
167
172
141
127
103
122
123
86
165
120
137
114
92
137
147
139
193
123
157
150
193
157
157
144
92
130
95
76
144
123
195
120
134
132
93
150
134
137
172
111
118
148
174
124
134
146
102
132
130
107
116
136
123
190
118
62
196
144
168
97
120
139
127
112
167
61
109
150
83
191
128
52
151
136
108
73
158
181
155
87
157
149
112
154
100
139
130
89
151
133
145
183
96
102
116
98
96
103
127
113
162
160
163
121
93
107
162
142
130
141
166
114
200
113
165
151
127
110
150
138
114
81
