# SOLE Quantized Vector 30
384
187
132
106
37
84
97
139
100
106
112
116
112
124
56
94
148
182
144
229
133
64
175
175
106
110
38
133
165
129
131
150
114
102
161
118
20
121
124
91
129
113
148
115
188
136
217
133
77
87
157
153
127
168
183
120
128
125
162
140
143
144
118
133
180
129
80
139
120
116
113
161
74
59
99
142
127
172
156
117
126
186
111
127
131
91
148
117
137
131
142
137
131
149
162
113
117
158
142
108
173
104
102
149
105
125
134
75
139
119
144
128
58
154
126
133
117
140
143
152
109
106
72
123
112
108
65
79
150
116
162
120
117
70
127
64
91
178
152
92
133
167
87
142
119
136
168
98
57
146
101
160
126
125
168
82
70
94
207
129
133
124
183
166
175
154
125
175
142
142
74
179
146
147
102
142
196
134
123
116
120
103
112
68
113
142
93
154
142
165
95
93
104
118
108
179
126
161
99
119
142
130
123
136
66
119
160
118
112
46
90
99
131
128
121
112
137
135
130
140
138
134
179
133
120
84
110
72
115
105
79
55
131
172
124
131
106
40
166
125
133
35
126
122
126
108
86
131
130
126
170
159
87
120
73
121
125
131
122
106
122
122
144
167
143
137
138
97
132
98
96
113
115
133
100
94
122
127
149
153
116
173
148
115
100
102
148
107
129
111
107
172
114
165
116
121
143
117
177
105
122
166
151
97
128
123
114
169
153
86
128
122
97
118
184
118
161
110
153
165
147
166
92
150
171
143
104
173
106
126
148
110
188
110
141
152
176
123
65
133
56
134
64
132
112
189
142
111
127
96
144
149
159
115
140
122
101
106
77
149
129
127
173
126
149
143
115
169
104
144
158
129
136
165
98
171
110
128
130
73
124
170
171
112
103
