# SOLE Quantized Vector 142
384
173
108
158
53
98
135
165
106
105
126
113
125
138
56
77
150
102
112
205
164
119
117
101
156
126
135
115
169
142
121
96
94
173
143
129
43
93
131
114
119
109
83
149
179
122
151
98
102
75
165
118
106
191
184
141
186
132
111
109
164
163
93
102
182
119
91
129
162
124
149
159
118
67
90
163
141
172
154
61
117
160
118
125
111
69
152
132
148
151
143
171
149
129
134
130
143
172
128
126
127
135
106
172
144
112
123
41
125
132
115
145
54
101
144
141
130
139
117
158
109
115
64
130
129
111
124
78
123
106
126
125
132
128
123
86
63
194
152
124
138
170
193
104
124
198
152
146
84
173
119
196
130
94
129
83
77
116
146
122
106
106
182
170
174
102
135
186
198
167
88
192
188
72
111
102
144
90
141
145
148
115
100
94
116
168
124
149
75
213
126
113
94
157
137
107
128
156
100
144
89
120
133
158
48
112
100
102
105
12
164
152
127
60
100
96
90
113
103
123
146
122
115
135
133
103
136
75
56
113
105
43
135
164
119
138
101
12
180
116
135
133
138
137
123
114
149
134
126
101
187
178
134
114
107
104
109
146
107
118
143
106
148
198
136
130
140
68
134
128
85
142
112
141
76
72
103
132
130
178
119
185
148
177
111
149
164
134
155
98
78
146
154
134
114
132
134
99
174
101
127
173
123
131
166
141
118
136
145
123
165
141
111
126
143
125
175
127
87
164
167
186
73
91
153
136
97
153
81
122
148
86
192
129
36
150
169
134
82
114
163
122
85
147
137
175
144
133
129
126
95
140
100
143
174
90
121
96
88
152
127
159
114
134
107
167
117
106
95
153
138
166
173
130
116
221
148
179
127
138
120
160
140
143
96
