# SOLE Quantized Vector 189
384
118
75
165
114
103
89
128
122
134
98
136
142
105
53
96
163
82
152
155
109
115
160
99
131
141
176
59
195
128
116
101
130
144
88
90
52
113
121
120
122
79
90
122
149
130
116
49
206
138
175
119
125
164
173
153
125
162
153
140
151
118
140
115
185
116
132
116
138
119
109
151
141
96
74
41
170
113
94
78
123
137
117
117
128
40
176
112
166
135
98
140
115
97
159
134
140
147
122
134
129
108
157
160
14
96
131
121
114
117
104
147
48
69
149
121
141
143
113
167
165
78
85
90
140
116
82
127
170
114
172
121
190
102
140
99
126
189
113
95
106
93
178
148
109
162
135
181
185
125
70
110
129
135
133
120
81
135
167
109
113
143
171
148
107
114
148
135
183
198
123
146
163
92
64
95
118
112
138
107
123
48
142
67
86
161
130
159
120
200
125
114
115
119
120
89
156
170
70
138
76
111
172
142
114
102
144
102
119
101
125
159
145
126
151
117
112
129
159
142
172
113
114
130
104
121
151
57
88
94
104
68
117
167
176
83
104
171
142
172
122
181
136
104
115
173
120
134
127
54
148
179
131
133
99
147
133
166
174
146
163
116
132
158
176
105
168
145
127
111
135
154
129
109
79
112
140
150
140
140
130
168
143
76
184
152
86
136
149
126
25
114
114
113
111
125
128
96
130
115
137
142
163
109
110
193
125
153
146
152
60
100
111
143
127
138
144
144
105
111
158
136
115
112
152
150
166
88
140
134
150
78
196
156
40
123
156
151
104
164
191
127
151
145
104
127
188
157
144
144
88
193
130
145
170
141
89
117
94
132
146
124
159
128
144
111
62
86
87
108
148
135
117
88
135
193
143
111
94
123
101
110
141
121
164
