# SOLE Quantized Vector 137
384
94
160
180
74
107
116
118
109
197
91
137
135
137
109
83
155
104
145
179
150
114
72
97
119
102
176
156
174
164
102
93
85
146
174
135
52
90
58
98
146
136
97
139
173
137
92
61
132
155
187
90
125
189
93
129
149
183
98
113
145
114
94
106
195
168
57
91
142
109
123
130
102
54
99
126
132
176
98
132
156
178
188
116
120
84
62
115
140
130
134
160
158
63
70
150
101
146
91
144
105
40
123
179
119
87
189
151
155
120
156
182
48
87
144
100
135
143
116
174
134
66
57
171
182
136
169
62
144
121
123
170
170
49
105
83
119
181
139
103
140
128
133
115
93
157
171
150
188
157
139
152
129
136
87
89
138
133
92
88
93
193
64
175
115
103
111
171
152
132
93
198
79
136
43
157
144
139
166
112
140
128
104
157
144
117
144
111
112
198
109
124
93
119
142
120
139
148
120
204
80
86
128
149
65
89
96
167
97
63
206
136
135
139
101
76
100
148
110
114
184
92
66
133
149
112
137
70
167
127
96
167
121
201
145
153
112
113
160
121
173
229
61
169
85
202
144
126
145
79
187
159
145
91
33
130
120
153
94
119
115
133
124
135
146
133
117
86
136
138
33
144
173
128
63
106
147
160
106
156
166
67
152
121
158
111
147
83
87
145
61
138
136
151
104
129
65
99
120
98
96
170
131
166
113
107
157
66
142
207
123
196
44
128
127
135
113
135
69
103
48
144
153
86
112
158
210
169
65
105
177
86
191
130
99
118
189
154
78
132
167
160
108
170
115
133
132
123
119
115
117
196
138
196
183
141
43
105
110
126
128
157
27
92
128
127
127
123
133
113
121
122
113
124
139
224
147
185
123
158
113
118
127
96
189
