# SOLE Quantized Vector 194
384
96
97
176
105
107
113
118
128
197
92
112
118
125
90
108
177
55
123
173
108
118
190
115
100
99
122
83
183
127
101
116
118
125
149
97
48
118
125
74
121
119
73
131
144
135
136
41
161
139
142
132
119
170
133
132
160
141
140
138
140
124
134
78
180
131
111
119
143
118
123
156
123
58
61
109
169
138
83
101
124
145
137
118
119
71
161
107
135
132
150
106
139
105
109
129
121
144
130
173
165
119
148
198
1
99
134
151
147
92
130
172
93
96
136
124
135
131
110
170
155
96
84
114
147
98
133
53
160
113
149
148
181
136
166
72
93
200
152
103
114
153
138
127
68
105
107
168
145
129
46
149
123
138
148
99
104
114
140
87
119
119
144
151
161
131
114
152
133
174
133
159
119
84
113
152
124
108
152
67
123
94
139
82
98
128
113
152
96
188
173
117
126
100
132
148
137
155
103
132
66
114
135
119
110
114
136
105
96
73
142
188
110
92
118
145
127
142
93
140
175
136
127
120
103
113
125
54
111
91
71
74
127
181
154
129
114
150
157
139
135
186
112
144
111
149
144
139
138
72
154
173
137
105
49
143
126
159
168
136
161
106
138
129
174
147
140
127
132
143
123
132
135
116
122
98
123
140
133
144
136
192
139
85
159
149
111
153
144
119
14
107
128
140
101
123
106
81
142
106
85
162
141
143
92
141
145
161
153
173
93
139
127
130
152
123
151
159
117
88
142
111
105
94
125
126
156
134
67
143
164
73
184
137
48
143
196
134
88
151
197
126
112
184
132
184
174
152
139
106
90
205
123
185
155
98
71
125
101
118
123
125
129
143
109
105
96
81
85
126
166
115
133
142
110
175
136
132
116
112
107
140
125
108
172
