# SOLE Quantized Vector 154
384
126
103
171
78
100
134
119
129
178
90
123
121
132
83
90
173
84
140
223
114
108
146
121
116
107
144
102
179
155
116
131
109
129
160
128
82
159
131
139
148
115
107
150
163
96
108
21
111
138
106
121
120
204
122
126
169
127
121
85
138
95
134
115
148
134
102
122
130
117
154
138
108
44
77
88
113
165
116
58
129
110
145
144
112
83
121
135
153
129
155
85
151
137
83
153
105
147
138
143
154
108
126
180
153
120
127
185
138
101
122
186
31
78
136
120
114
130
126
165
166
97
69
205
179
103
159
84
160
104
137
152
158
135
120
63
118
172
143
112
146
115
131
138
113
153
113
158
101
130
74
163
126
122
132
100
121
90
125
39
105
104
227
165
169
87
136
173
188
148
105
185
138
83
93
121
169
150
134
97
121
129
149
112
108
139
108
127
71
203
131
113
121
123
148
140
101
182
85
130
85
60
127
106
84
112
67
88
101
49
143
163
130
86
114
101
122
123
88
125
179
103
123
128
112
125
105
67
95
112
81
51
135
202
153
144
123
73
135
119
121
172
95
132
135
146
196
140
135
96
157
144
137
121
50
153
120
146
153
138
147
89
145
160
168
130
150
103
143
129
67
126
125
134
73
94
140
121
136
185
145
149
133
142
135
149
115
90
137
131
76
151
110
152
104
126
104
64
161
107
122
178
136
139
106
129
109
101
147
179
101
158
134
144
103
107
137
171
97
87
117
150
107
92
120
127
207
71
91
141
145
104
184
123
25
156
204
120
99
100
165
143
106
180
133
164
142
133
144
111
76
188
120
167
185
104
74
112
88
116
133
140
182
134
94
107
123
105
127
134
159
133
133
140
102
200
133
143
110
142
128
165
125
82
90
