# SOLE Quantized Vector 135
384
79
141
179
79
79
99
112
105
136
87
143
134
148
85
76
165
131
105
163
109
111
114
114
189
124
226
162
185
160
119
77
106
114
124
163
73
124
78
130
118
136
95
147
183
113
64
70
131
184
228
124
163
169
114
140
154
151
112
98
158
76
137
71
174
171
60
127
88
136
131
149
109
70
102
66
98
149
92
99
127
139
133
153
124
77
77
111
171
117
127
107
57
119
75
133
100
99
123
107
88
112
155
152
159
96
178
194
119
72
92
182
87
128
147
100
119
158
126
168
162
68
50
172
195
103
153
128
149
126
154
146
163
98
84
117
188
191
80
120
141
85
171
128
166
206
109
156
228
140
104
172
94
157
165
197
110
108
77
89
75
95
137
192
89
132
119
166
176
131
113
202
118
165
63
113
100
188
151
154
124
110
108
145
142
187
166
168
178
193
93
97
157
165
138
66
136
148
67
153
102
88
166
113
99
112
69
117
119
116
142
134
127
146
147
78
140
120
123
122
175
74
61
139
134
166
108
74
119
155
147
146
110
193
161
58
78
118
165
126
104
206
101
132
108
228
170
143
118
56
176
191
51
114
32
109
90
156
107
101
166
105
150
200
150
132
145
84
165
128
95
102
127
117
92
86
160
145
165
174
154
137
118
106
105
87
135
102
117
102
83
144
106
139
152
142
154
122
130
103
149
143
160
138
117
100
137
126
151
209
95
168
122
111
84
155
103
189
114
85
146
144
118
164
141
147
159
138
82
116
167
80
197
122
93
129
142
128
93
167
165
165
143
142
96
90
130
111
85
197
111
186
76
148
188
159
48
133
103
135
158
107
49
167
74
112
101
125
118
71
138
99
141
74
155
239
166
173
74
171
117
103
132
112
94
