# SOLE Quantized Vector 29
384
207
111
112
48
82
83
140
104
87
112
109
117
147
51
90
140
168
162
245
138
55
175
132
97
116
18
113
171
123
129
160
139
103
146
122
26
134
124
117
141
114
182
120
168
120
205
117
78
97
109
151
118
168
177
125
129
104
161
145
148
136
96
118
152
118
66
122
115
124
84
151
85
76
86
104
128
166
151
115
136
156
118
141
119
87
138
116
150
137
129
147
134
143
183
110
110
162
135
140
168
110
103
154
93
106
112
73
142
115
131
135
78
132
130
136
122
137
140
146
134
96
83
125
144
110
52
113
183
115
171
140
111
85
122
55
96
173
124
92
139
148
80
164
111
159
119
120
13
142
109
154
148
134
148
78
116
120
177
114
113
119
200
164
161
152
137
172
182
149
60
189
181
132
104
155
190
135
108
102
120
94
140
63
92
111
91
178
97
176
82
95
122
95
102
153
132
118
83
105
138
90
123
127
74
116
135
137
118
54
103
98
136
167
84
110
114
131
102
134
146
123
176
121
126
97
113
72
125
123
107
50
132
187
135
131
118
79
158
140
128
88
133
117
119
91
112
129
128
132
163
178
134
102
81
138
126
137
151
125
109
107
143
157
150
100
143
125
126
107
90
94
105
122
104
93
132
120
145
155
110
158
140
136
110
101
104
101
125
98
97
158
101
163
102
128
114
114
169
98
111
170
167
101
131
135
132
191
147
122
111
138
126
130
163
128
159
100
144
155
146
170
108
115
174
130
128
133
120
136
169
129
184
136
122
164
192
106
91
114
39
124
95
133
106
200
148
115
118
92
115
149
157
109
135
115
99
91
65
124
132
148
208
108
150
126
110
159
102
138
176
153
125
140
85
161
110
135
99
77
125
174
214
104
76
