# SOLE Quantized Vector 112
384
73
82
164
85
103
123
121
111
160
98
116
96
156
96
95
167
104
133
160
106
114
150
138
122
89
131
114
167
169
117
119
136
110
140
138
98
146
147
103
140
113
163
142
157
97
106
43
126
137
114
140
142
184
124
140
152
112
133
130
138
105
125
102
139
131
105
135
110
120
154
129
113
50
75
75
158
170
115
88
145
117
121
136
103
104
129
160
157
139
109
87
148
139
75
165
108
151
151
172
129
97
103
204
151
110
119
167
132
114
129
181
44
84
139
99
108
137
127
162
158
75
90
170
159
103
166
62
178
119
131
169
133
122
141
80
103
166
112
125
143
135
112
181
64
76
117
137
89
138
96
146
107
117
114
136
160
70
43
66
111
87
220
156
161
79
128
150
199
112
112
198
97
118
100
158
195
167
85
99
127
148
157
89
112
149
132
108
52
194
102
122
89
110
162
150
68
187
75
131
108
77
112
110
80
117
51
112
144
115
96
153
139
132
109
95
101
107
120
127
173
99
96
132
130
124
93
78
105
81
102
90
124
228
149
144
119
149
127
115
108
120
108
132
185
144
186
126
125
99
163
143
129
103
44
140
115
174
129
143
137
96
150
143
169
113
129
97
132
134
85
97
141
147
56
106
147
98
130
178
129
131
144
95
107
136
113
73
150
105
72
135
121
142
117
130
111
87
165
103
77
183
169
146
117
77
138
117
159
201
109
183
134
150
160
109
79
183
116
95
129
106
138
88
104
129
198
103
102
156
121
84
185
139
109
158
203
144
113
94
104
151
143
142
117
161
143
87
144
99
107
177
152
161
186
133
34
96
96
91
137
152
180
146
60
126
118
133
119
112
148
166
152
133
91
188
128
120
117
156
139
134
142
102
115
