# SOLE Quantized Vector 155
384
211
95
160
52
104
87
129
115
124
117
120
141
131
45
73
155
69
130
210
124
115
135
91
140
131
94
110
177
131
121
139
125
151
134
103
66
134
127
119
143
99
125
132
156
135
146
94
102
105
107
112
115
182
188
127
133
133
130
127
152
144
135
95
184
137
91
125
150
123
97
161
104
84
75
142
142
160
140
53
131
138
92
119
113
63
183
139
154
130
183
132
155
100
169
138
111
133
154
153
163
142
131
163
96
94
127
63
135
109
132
164
98
97
139
139
130
154
132
157
154
116
80
103
150
121
91
122
156
125
151
138
166
134
118
78
115
194
163
102
130
158
128
138
112
223
99
181
78
142
119
157
132
120
133
102
106
92
177
94
98
102
201
151
166
115
115
168
234
181
70
188
196
66
53
113
151
99
118
110
118
99
131
101
138
154
120
196
88
222
125
104
144
118
127
98
136
132
94
132
85
99
144
109
59
112
91
88
97
48
144
161
139
68
101
109
81
113
80
141
159
105
145
127
112
137
128
75
54
120
92
25
133
177
171
136
118
68
166
131
116
172
150
136
100
102
151
119
133
107
160
211
161
103
107
135
106
150
147
129
137
117
147
181
159
111
116
108
129
147
97
129
136
122
107
109
119
148
153
179
121
222
149
205
114
134
115
114
130
113
70
127
123
113
87
127
120
76
168
115
144
169
147
142
151
142
112
190
136
134
143
144
134
136
135
121
178
102
68
144
134
178
112
103
149
147
94
91
113
122
163
108
188
144
24
152
187
133
104
118
157
101
117
141
125
201
168
126
128
141
91
154
140
144
166
81
122
86
74
135
123
149
173
156
86
146
104
72
89
153
146
146
147
124
94
214
122
135
131
123
115
171
221
128
75
