# SOLE Quantized Vector 58
384
166
143
115
51
109
78
157
99
110
117
79
152
112
73
85
151
108
146
149
121
89
144
158
111
111
33
90
161
144
108
126
91
158
149
93
50
127
151
46
173
127
174
135
178
180
237
163
97
91
137
147
99
158
214
131
96
144
174
186
147
158
133
65
102
148
71
157
112
130
62
143
94
45
84
167
152
174
132
127
130
228
121
92
164
84
127
133
150
102
111
173
160
112
171
97
115
146
107
160
153
150
120
156
96
128
173
21
129
132
145
123
53
111
125
132
130
176
105
153
103
94
100
86
67
137
67
54
157
112
145
125
133
71
147
86
41
159
157
137
126
146
95
185
106
99
178
103
35
154
101
167
159
113
124
97
90
79
97
158
140
156
193
137
178
115
99
163
186
127
55
195
184
139
99
127
183
147
82
123
135
114
79
37
115
118
108
157
104
188
89
121
117
146
115
177
115
137
89
124
150
132
145
112
66
149
136
88
149
127
134
130
107
211
94
113
86
148
148
113
137
162
185
119
141
35
122
35
111
104
53
77
149
186
140
151
149
113
137
131
98
47
109
123
124
81
78
136
113
125
159
161
179
117
107
119
120
146
113
132
131
120
145
143
146
163
167
137
125
127
86
95
105
123
83
69
122
62
139
157
138
150
147
146
142
77
82
115
107
140
113
153
129
208
126
162
69
116
165
81
80
187
177
110
115
94
103
143
154
120
135
137
104
104
234
120
126
103
140
178
114
134
75
117
170
117
116
201
82
123
172
123
190
132
162
110
169
121
78
84
71
146
81
118
113
174
146
73
135
122
139
130
105
105
161
154
119
113
99
190
138
116
173
100
175
198
103
129
85
143
141
150
123
176
150
214
102
129
143
104
113
140
162
122
150
