# SOLE Quantized Vector 63
384
167
190
128
86
89
76
138
110
52
77
116
145
85
77
66
144
119
203
135
37
84
89
152
157
120
73
78
187
150
126
61
96
102
117
139
61
111
118
88
123
91
226
83
170
125
152
119
160
145
190
111
153
162
179
90
111
131
206
200
105
110
96
82
215
94
90
86
111
127
107
128
101
100
67
40
143
128
87
150
58
147
114
101
148
70
156
131
136
118
154
125
105
152
152
124
145
89
164
117
118
150
130
115
29
126
187
122
121
141
92
134
39
89
150
128
131
128
130
149
126
63
93
145
87
102
43
94
144
122
163
127
157
59
76
86
113
142
85
139
142
151
135
214
137
176
143
77
74
170
42
123
122
167
119
140
102
210
126
135
121
125
167
163
118
110
106
153
154
136
93
164
126
199
110
75
103
176
92
132
141
76
130
27
201
127
95
144
161
165
71
99
79
81
80
133
132
152
55
173
164
131
138
138
89
104
142
81
167
167
67
96
200
239
218
80
122
154
196
130
150
111
165
159
105
67
88
52
146
115
120
140
107
215
157
90
123
199
134
53
62
54
143
106
84
195
56
114
117
86
132
173
147
122
100
101
112
145
126
118
136
175
139
139
128
119
218
152
171
92
116
115
55
135
18
47
153
114
73
147
140
22
137
53
116
170
61
43
134
119
100
170
100
192
128
128
34
146
110
205
129
166
247
80
168
97
114
121
164
129
59
93
169
173
130
160
65
103
105
143
148
127
196
116
193
132
128
174
111
64
129
84
197
133
208
115
142
138
93
65
75
84
159
98
121
108
157
86
124
164
112
196
106
119
121
232
94
97
100
199
201
62
175
68
176
158
73
144
116
72
231
115
100
96
119
176
153
133
98
121
108
83
91
69
135
