# SOLE Quantized Vector 73
384
110
178
139
68
79
97
184
66
90
102
110
139
158
91
85
151
94
129
119
159
110
141
133
116
110
76
117
159
138
109
126
138
128
154
183
51
114
107
25
114
128
181
140
185
147
188
155
112
74
174
148
120
142
209
138
152
125
160
194
149
143
95
101
177
92
66
144
135
94
103
133
57
45
91
192
163
183
97
139
124
201
136
105
126
89
173
132
140
121
105
125
146
161
137
104
135
209
138
148
119
143
126
169
142
100
183
68
138
126
130
131
47
107
139
125
108
92
102
156
123
76
107
104
61
123
100
47
78
117
164
148
118
57
137
123
76
177
160
153
121
173
98
177
76
73
199
107
62
162
98
150
138
143
115
93
108
114
115
127
141
75
135
154
167
118
110
167
178
111
65
136
66
171
124
164
220
159
80
128
123
125
117
35
158
149
126
147
96
171
90
132
69
139
129
147
105
154
92
100
147
117
137
101
48
126
147
108
120
140
169
132
113
195
119
106
84
136
159
124
150
178
151
138
101
81
120
94
116
110
72
124
108
213
106
119
117
126
132
85
155
47
147
107
133
131
84
147
112
120
153
153
116
114
50
111
120
159
79
137
114
115
148
127
145
137
147
122
137
108
100
93
142
162
82
112
140
90
141
156
136
103
138
139
128
101
163
91
101
133
89
134
121
156
119
144
146
133
160
130
85
187
187
122
158
91
122
119
163
122
150
134
76
135
222
104
105
88
109
219
163
122
131
166
149
116
181
217
78
110
128
98
189
118
198
137
141
115
84
105
81
174
105
102
87
133
150
139
128
95
123
142
100
131
190
149
88
71
115
137
146
147
129
120
174
169
111
128
116
122
136
143
98
172
122
166
123
154
152
116
129
107
136
128
116
