# SOLE Quantized Vector 125
384
123
78
158
104
105
96
78
120
239
116
111
217
82
85
84
188
108
154
183
126
145
84
36
165
62
145
175
165
198
163
73
162
92
148
28
107
108
137
111
36
62
134
209
145
131
96
19
98
176
144
169
191
176
102
95
114
172
169
168
173
119
85
171
154
30
79
150
97
113
105
205
38
73
101
89
161
162
87
80
70
49
179
87
86
59
100
215
157
105
179
133
85
195
96
130
73
141
148
81
124
86
110
203
115
119
228
244
165
71
133
175
169
138
201
101
47
36
118
186
188
94
69
185
132
17
154
27
8
118
155
167
138
57
199
81
145
173
79
91
209
223
79
125
62
184
205
14
87
148
64
102
37
130
186
103
111
104
224
75
31
97
192
163
197
118
124
148
141
115
80
196
74
121
84
102
152
159
131
125
58
143
101
152
116
178
143
233
102
156
144
28
65
176
172
132
68
220
73
144
122
137
192
63
85
112
41
138
98
62
143
130
109
54
246
71
184
150
99
139
179
49
83
212
105
141
59
101
136
58
116
103
65
226
197
115
74
90
181
109
37
98
193
235
171
228
147
99
163
102
176
247
115
77
19
121
89
156
61
124
135
93
175
150
169
174
131
30
153
161
143
114
204
147
84
58
70
133
83
171
250
196
88
106
4
74
165
140
113
192
19
102
148
204
83
49
153
115
184
89
113
142
127
188
97
93
167
153
186
185
162
221
149
201
148
138
65
160
104
96
113
137
83
92
138
174
128
103
37
66
109
129
187
86
79
154
175
161
91
123
141
122
163
139
158
108
123
134
94
151
149
200
44
184
126
89
38
98
104
185
131
131
97
191
27
164
120
132
163
114
131
119
197
104
160
169
172
103
130
102
114
131
133
48
99
