# SOLE Quantized Vector 36
384
157
199
111
64
74
66
150
124
95
75
200
76
128
62
90
158
202
91
194
185
58
100
144
143
133
102
57
189
134
166
91
94
121
132
106
30
150
135
122
154
84
161
186
184
124
163
122
156
173
213
167
99
170
136
110
137
136
166
113
141
78
121
98
155
140
70
137
103
137
74
146
82
95
81
16
85
134
139
144
52
161
111
136
105
79
188
74
127
99
142
190
83
142
124
88
147
175
60
80
144
50
123
106
69
133
121
180
149
58
119
150
53
121
134
109
129
146
139
153
140
69
58
97
164
112
62
127
149
87
178
111
135
91
71
70
186
156
101
134
138
103
78
178
192
237
146
68
132
161
146
171
135
89
119
120
81
151
144
107
104
98
182
196
109
162
148
150
152
132
98
183
110
211
123
122
144
179
132
114
161
78
103
68
87
145
114
115
214
160
66
107
91
67
108
148
149
140
56
163
137
122
109
95
106
215
146
104
116
120
107
80
113
194
187
79
179
141
159
124
141
94
160
133
131
104
104
31
161
153
134
114
133
187
114
52
96
125
144
167
115
97
94
83
95
196
106
134
116
64
151
102
46
133
83
120
113
134
157
108
72
126
136
191
128
136
153
151
170
106
96
97
109
63
81
78
136
198
208
135
135
92
122
59
126
33
167
47
139
40
119
197
92
187
123
135
69
143
130
100
172
112
207
84
98
128
123
62
143
135
41
96
102
111
106
130
112
179
191
107
143
143
84
153
167
120
101
131
117
111
184
99
195
107
181
114
159
187
75
120
61
153
115
136
95
121
141
103
139
77
126
187
150
122
107
207
71
132
84
197
184
71
162
98
117
160
80
168
101
102
247
99
110
110
126
208
114
182
88
124
115
123
56
45
131
