# SOLE Quantized Vector 45
384
170
135
123
37
85
95
139
84
82
93
97
128
102
82
83
150
133
138
186
136
73
138
157
104
112
34
130
161
117
128
155
107
123
180
115
34
113
144
42
150
99
173
114
191
107
218
160
89
79
190
146
139
153
198
111
149
119
160
153
143
126
106
129
146
121
82
154
108
107
103
146
91
67
98
177
124
182
134
135
128
207
121
142
138
94
164
116
115
142
124
158
132
174
156
146
118
182
143
110
160
131
116
140
133
116
144
52
137
129
147
132
10
128
112
139
122
125
122
160
106
91
84
138
83
120
71
76
122
126
146
131
92
91
113
89
74
181
149
109
122
144
110
159
104
115
156
57
88
160
87
153
131
117
166
104
87
91
151
138
143
128
128
166
154
141
117
191
157
143
70
163
131
169
73
149
241
143
115
133
138
107
128
63
110
128
103
109
128
171
79
117
87
111
114
143
131
143
79
150
151
112
114
129
65
106
137
127
144
98
99
114
139
144
100
119
115
144
139
148
152
145
188
136
143
68
133
66
124
139
89
91
125
191
153
118
131
72
154
144
144
26
124
111
94
121
73
120
131
119
151
152
121
129
52
100
110
133
105
102
114
114
140
149
163
153
131
120
146
102
77
108
112
147
93
101
151
92
136
149
122
130
148
128
104
117
139
88
109
125
109
161
103
161
120
124
128
133
166
135
126
188
154
112
140
112
107
169
154
104
124
113
102
129
192
129
152
107
135
206
128
141
109
134
149
133
155
218
78
128
141
94
187
104
179
136
149
126
66
84
74
123
81
118
108
181
145
90
115
85
121
142
145
136
167
141
101
104
98
157
135
117
156
143
173
131
120
139
102
131
153
156
145
186
126
158
122
124
140
90
125
146
130
130
122
