# SOLE Quantized Vector 110
384
69
57
164
96
102
92
146
106
177
98
137
117
95
128
89
168
88
104
127
105
126
119
197
135
87
142
142
162
173
107
144
101
142
156
163
61
86
134
75
145
122
149
109
152
134
104
50
118
133
142
144
128
180
110
162
91
102
137
204
146
131
133
120
120
158
72
173
142
134
100
134
114
54
60
122
184
169
99
145
138
174
160
102
139
109
106
132
186
136
55
130
99
201
89
205
123
166
150
152
105
131
84
210
89
106
189
161
135
43
135
189
142
102
139
122
125
102
133
174
116
67
83
121
112
102
183
20
81
117
124
162
171
46
138
85
91
209
207
130
145
169
131
152
102
95
116
159
136
133
86
139
65
146
127
184
156
99
134
103
91
82
132
164
162
88
173
137
143
95
120
185
26
157
111
175
156
148
117
126
111
147
49
85
176
115
153
158
38
169
114
97
24
131
155
131
93
165
124
141
103
107
121
128
46
108
92
91
96
100
141
134
136
178
144
96
125
136
126
126
165
130
81
156
115
150
103
83
135
94
91
162
104
230
135
149
88
168
164
109
124
124
105
187
141
192
148
151
111
98
177
175
142
68
65
121
126
166
64
124
113
114
139
122
156
154
158
61
182
133
89
55
106
135
28
130
142
124
200
172
153
73
130
129
94
97
136
142
146
79
47
123
166
99
127
139
33
104
145
199
63
191
116
169
119
38
167
48
168
171
138
200
69
159
174
98
56
145
92
117
112
122
135
81
132
184
170
182
85
121
131
93
188
130
157
126
206
143
86
130
118
141
126
145
102
95
145
135
122
95
14
197
60
179
175
156
71
110
110
124
70
155
79
118
83
195
110
152
113
96
129
84
130
130
92
169
145
181
124
154
151
106
122
120
139
