# SOLE Quantized Vector 54
384
159
112
138
105
104
81
134
124
131
88
73
116
139
118
90
149
107
155
184
167
63
159
168
62
85
38
103
167
131
100
107
82
64
197
164
25
71
133
59
116
112
193
109
169
88
204
101
102
145
138
170
153
181
124
141
147
142
150
167
140
100
75
161
151
133
63
117
93
132
110
129
132
57
79
119
127
163
113
165
142
160
65
151
128
104
176
146
147
123
63
59
74
184
119
49
118
144
193
127
197
101
87
155
16
130
173
179
167
82
167
153
59
144
136
121
115
112
123
168
123
90
82
155
146
112
107
36
126
111
165
149
96
92
124
72
64
163
114
130
135
150
92
174
59
12
166
86
97
151
79
131
124
128
136
125
110
91
142
100
148
103
158
192
149
112
153
174
104
98
121
158
33
175
114
204
221
153
137
94
147
118
122
93
154
95
102
87
158
156
99
135
56
56
121
133
134
153
116
120
129
90
109
125
79
121
135
131
130
97
56
130
130
140
139
126
159
119
75
146
174
112
187
129
131
116
104
62
113
138
64
121
108
224
85
134
96
149
131
131
171
45
108
104
71
164
84
132
151
117
143
133
56
103
51
118
106
130
105
85
149
118
123
107
181
178
92
124
163
145
73
145
159
146
68
124
141
142
137
141
129
74
140
103
115
186
107
98
130
108
114
179
87
226
61
123
136
111
145
117
127
166
157
146
144
96
132
147
159
154
95
107
84
129
181
141
103
121
122
103
181
121
185
145
182
140
171
228
82
203
150
97
186
89
179
151
205
190
60
122
90
135
78
157
104
179
154
66
127
104
140
202
164
194
189
177
79
94
97
179
93
143
169
166
120
82
120
163
143
96
138
123
144
149
143
196
132
110
138
115
125
146
87
131
186
