# SOLE Quantized Vector 20
384
181
154
118
58
65
87
133
98
92
98
158
108
182
77
100
144
225
149
215
181
52
114
180
103
141
79
57
180
106
149
156
100
89
117
147
5
98
140
137
137
114
171
106
166
75
142
109
161
110
198
168
129
174
146
134
144
102
167
123
153
115
104
117
139
115
90
141
100
123
133
130
89
109
93
41
165
139
185
155
115
177
120
164
146
79
225
116
157
158
130
224
127
138
175
113
159
175
87
75
123
160
148
124
52
99
130
99
124
160
128
110
47
114
126
140
141
107
91
137
145
70
62
150
167
126
66
137
185
142
202
108
142
84
97
45
159
176
149
93
96
135
94
146
154
191
158
95
117
145
71
135
111
134
121
142
99
158
197
138
137
77
78
208
108
146
128
171
125
151
112
196
128
163
105
128
130
132
143
111
145
70
134
83
112
97
128
65
202
152
67
123
83
97
92
98
165
164
76
131
117
107
124
105
92
111
146
133
155
27
55
68
129
174
145
87
126
110
171
118
159
143
137
142
145
112
132
79
124
106
140
128
130
212
168
79
99
114
154
146
126
166
110
126
99
165
78
115
139
85
163
183
44
117
62
118
140
127
138
115
141
107
137
163
124
120
111
112
106
103
72
89
103
115
163
33
133
173
75
136
109
125
146
51
132
112
112
86
124
107
78
180
82
117
104
122
98
133
125
88
151
144
179
68
139
99
129
174
142
132
80
93
150
148
104
130
136
112
174
164
168
158
160
136
166
164
102
125
171
136
147
104
194
138
190
118
155
151
72
97
49
170
145
136
101
157
161
95
102
119
123
190
177
131
136
179
84
132
73
202
97
96
153
136
244
125
88
190
114
107
162
158
134
119
119
118
110
126
97
98
145
115
138
89
154
