# SOLE Quantized Vector 48
384
196
131
124
79
81
63
113
105
75
81
152
106
142
79
68
161
146
142
178
158
68
79
242
114
132
50
94
178
118
142
127
97
137
140
84
48
111
129
98
141
82
234
85
171
96
158
151
136
117
206
156
153
168
180
138
121
81
169
183
148
119
116
126
123
105
98
155
112
126
142
138
128
110
80
56
151
143
153
148
102
173
107
145
127
94
184
131
144
167
111
167
148
162
175
87
140
174
139
80
156
149
127
104
34
109
119
101
124
138
153
128
46
140
160
127
142
113
119
148
142
67
82
144
111
115
33
144
166
123
177
120
159
71
73
71
145
168
119
94
119
133
115
181
129
155
183
85
141
173
146
116
89
136
137
140
96
155
174
151
133
57
100
182
103
130
131
151
140
166
90
155
83
179
60
104
187
155
123
155
123
71
154
46
120
102
121
106
208
160
58
126
78
88
101
86
163
144
66
124
163
119
121
151
68
90
125
131
170
99
44
92
134
196
166
96
135
127
197
110
184
113
174
146
105
138
100
67
117
144
114
135
111
212
166
93
87
157
148
132
109
69
127
132
54
188
58
102
136
100
135
169
101
120
81
104
97
131
112
105
132
141
135
144
189
131
138
131
113
106
92
95
139
120
106
67
123
103
102
153
138
80
156
74
105
146
126
52
119
137
96
170
113
166
106
105
139
122
124
148
163
162
199
88
123
121
124
141
154
113
73
98
161
151
118
148
109
96
178
184
207
144
212
116
158
138
86
199
153
114
144
110
197
129
215
119
122
156
77
105
76
134
172
116
101
135
150
109
120
100
127
185
164
146
146
211
81
108
84
162
132
93
171
169
203
110
81
144
147
96
147
141
146
111
92
191
123
104
165
121
146
102
109
92
110
