# SOLE Quantized Vector 65
384
118
156
139
97
100
59
182
103
91
66
80
108
109
88
79
141
113
102
128
134
80
100
133
112
108
100
142
181
142
97
115
140
139
143
160
83
132
101
56
134
70
192
38
184
192
151
155
177
197
216
161
138
148
148
105
60
80
151
192
153
67
94
166
182
139
61
121
102
77
142
155
109
78
87
68
90
142
77
151
110
158
115
82
141
70
105
125
134
161
122
107
149
100
107
85
134
175
143
139
138
110
134
121
74
114
206
173
124
135
127
122
68
146
156
119
130
210
144
156
139
54
87
90
160
111
82
110
148
87
149
130
138
178
101
106
171
134
75
113
156
158
111
210
100
133
141
101
141
203
56
127
132
138
132
135
94
74
134
103
110
117
157
173
108
149
32
152
156
133
87
93
81
219
70
138
171
231
97
131
105
102
45
57
95
149
113
188
171
155
79
117
130
109
119
133
128
132
53
193
165
132
157
143
137
172
120
103
203
235
110
121
134
171
157
100
140
166
193
133
143
124
164
131
148
48
143
45
141
161
79
165
102
201
126
55
100
191
116
89
114
45
106
127
85
213
76
129
132
78
128
175
202
127
43
128
91
147
138
132
195
181
131
161
126
162
158
142
161
111
102
45
124
118
116
64
139
116
158
144
152
71
146
62
132
96
119
70
167
97
107
166
122
149
156
123
125
150
132
65
146
156
214
131
131
82
105
146
160
186
69
126
160
109
134
154
57
165
179
97
167
105
158
134
131
206
95
170
83
103
172
90
196
117
208
142
127
144
88
108
87
51
128
119
78
160
131
130
110
94
150
195
121
144
143
222
51
100
120
181
132
63
138
151
107
95
88
136
159
84
187
127
55
118
168
130
144
95
111
80
145
89
90
26
144
