# SOLE Quantized Vector 3
384
102
117
119
14
80
106
129
78
110
116
120
113
143
75
144
152
173
162
214
132
73
175
143
86
118
72
91
175
115
131
151
109
114
139
125
21
142
127
62
121
129
134
138
169
154
180
101
144
105
141
164
126
139
162
120
156
119
171
89
146
133
95
118
182
129
101
122
106
132
103
160
94
80
117
169
160
157
138
131
137
195
159
130
139
88
170
109
143
134
142
142
171
154
149
114
125
158
119
121
149
127
111
158
118
86
113
64
139
121
137
134
64
128
111
139
139
135
157
150
159
94
68
120
165
147
87
64
163
115
170
130
128
99
143
90
123
181
148
94
103
199
52
129
94
177
106
123
87
138
80
161
142
124
176
114
75
100
212
116
127
130
114
185
163
184
138
196
137
142
100
227
108
137
98
154
172
121
120
93
124
112
114
67
99
141
113
133
147
142
86
86
122
95
119
128
131
223
69
120
116
121
123
130
117
118
192
122
131
46
98
83
131
141
60
118
112
137
137
147
130
156
154
129
120
80
149
90
120
68
75
86
123
186
125
122
127
85
150
144
150
162
135
124
150
78
76
116
135
104
178
179
96
115
35
131
147
147
153
131
113
109
145
163
141
124
134
137
115
100
89
104
92
126
91
109
122
165
126
134
111
177
137
87
109
121
132
101
124
99
63
151
120
152
99
123
104
132
187
89
149
165
158
86
101
107
109
182
147
134
111
125
117
117
176
127
178
128
123
158
128
153
121
116
148
116
145
127
137
126
174
115
183
124
120
160
172
100
82
131
41
141
108
140
112
206
178
96
125
84
106
158
153
86
156
117
98
118
75
204
113
118
142
123
195
123
114
173
76
135
155
143
98
188
84
125
114
118
136
57
128
155
220
101
154
