# SOLE Quantized Vector 59
384
140
138
130
44
94
93
155
79
96
93
123
127
110
84
84
150
103
159
141
136
91
151
161
101
111
44
128
161
126
124
133
109
125
170
117
45
112
137
26
136
106
187
149
185
125
212
173
107
78
178
133
127
145
209
123
110
122
156
174
141
141
121
125
170
123
82
135
105
118
123
144
94
69
93
188
142
182
132
135
135
207
136
122
131
83
160
127
120
127
136
163
145
153
144
127
118
161
147
125
154
134
102
150
122
111
140
31
131
104
151
138
15
126
127
120
113
122
118
158
101
88
97
129
63
120
84
66
136
115
149
138
107
87
130
109
62
167
158
120
131
161
107
176
87
84
173
87
86
155
99
151
129
126
150
100
101
97
123
141
140
120
131
150
152
138
110
182
170
132
60
177
99
166
81
145
238
151
91
132
126
118
130
49
120
135
112
125
117
179
84
125
81
110
118
146
120
145
78
127
154
121
117
137
52
117
139
128
128
131
103
122
143
163
90
115
106
148
153
132
154
143
180
141
116
81
105
70
120
121
82
110
116
200
122
126
122
107
149
116
127
24
122
121
108
122
71
135
123
119
150
141
136
122
52
109
110
145
97
105
115
134
140
134
167
148
129
130
143
103
88
103
118
141
82
97
134
97
134
155
128
127
147
127
112
129
136
88
120
138
104
145
117
159
122
129
125
133
167
108
110
181
171
121
171
110
115
157
160
106
128
128
92
135
213
125
123
103
139
217
149
125
115
128
141
140
151
212
81
128
138
90
187
123
188
132
140
152
76
92
82
136
104
107
103
181
147
109
116
118
124
134
151
138
172
150
86
96
103
144
124
150
146
139
172
162
115
134
107
118
154
168
125
187
132
168
121
122
146
105
129
125
132
115
121
