# SOLE Quantized Vector 165
384
184
115
169
95
83
103
92
131
222
88
124
184
148
85
76
187
34
113
213
174
117
148
101
135
102
101
148
179
140
111
67
84
108
191
118
106
187
108
65
124
100
91
176
167
203
123
66
128
205
178
122
103
171
112
137
151
161
146
126
170
75
102
100
170
129
70
123
161
102
188
229
99
78
70
131
110
155
107
104
146
161
136
53
121
58
174
120
141
114
177
129
167
145
145
145
56
208
155
87
146
126
151
156
81
104
89
185
134
62
148
173
133
61
125
153
135
77
78
191
158
96
72
191
107
97
144
120
97
130
132
148
139
117
160
66
208
185
155
89
161
212
80
108
167
242
158
112
192
186
7
86
90
115
203
87
77
119
179
97
49
148
79
165
157
178
117
175
128
163
88
167
139
133
48
89
183
152
174
124
129
104
138
150
82
134
144
164
67
192
134
54
83
128
158
111
137
154
66
164
83
144
155
178
109
118
26
155
50
75
162
163
85
105
134
93
170
174
146
121
184
93
125
209
123
149
99
69
149
159
80
117
120
175
181
109
100
103
195
118
142
205
126
224
49
228
142
63
161
82
149
157
147
105
7
138
55
139
133
109
207
141
122
158
229
206
109
77
122
125
66
159
150
78
156
77
99
136
98
141
205
207
95
162
94
133
178
108
64
146
17
144
129
153
117
92
115
91
138
169
151
156
54
181
77
142
100
92
138
192
139
203
73
158
105
108
141
186
83
118
88
142
78
185
100
108
40
134
42
51
185
114
190
81
74
114
153
132
72
242
209
74
161
180
134
134
112
148
108
30
84
203
165
215
111
111
66
146
109
174
95
61
68
154
68
160
110
50
153
105
134
107
105
132
47
235
175
97
45
105
116
129
69
52
50
