# SOLE Quantized Vector 113
384
138
76
166
95
85
128
139
87
36
124
154
136
98
58
76
173
136
130
187
108
123
128
119
146
119
130
164
165
151
117
97
158
86
110
114
75
113
111
134
120
160
151
143
161
95
128
91
102
61
133
154
148
178
177
161
169
117
94
145
138
145
122
96
155
134
72
130
128
124
108
146
184
72
69
119
184
178
161
76
138
119
125
163
123
93
112
132
176
151
154
146
196
141
170
109
123
176
155
169
101
84
87
198
135
87
106
103
124
132
119
165
106
88
167
114
102
156
119
153
165
94
84
161
143
133
101
113
143
124
122
147
160
66
127
87
150
183
145
109
132
182
132
141
144
157
134
181
19
168
126
157
139
135
118
124
133
69
118
109
87
94
176
165
149
105
130
174
206
123
60
185
215
94
106
102
176
122
100
131
133
121
135
87
96
174
142
214
52
228
97
84
151
85
142
83
104
130
87
152
112
101
102
105
55
125
71
141
101
58
116
136
125
161
87
87
45
127
115
121
164
139
84
132
105
87
104
104
59
98
143
66
127
187
166
160
124
107
180
116
81
138
154
145
162
96
171
117
144
138
193
199
126
73
113
102
110
169
110
127
119
112
141
195
145
75
120
67
139
101
91
141
112
136
53
62
121
143
133
197
146
185
137
153
81
131
109
77
142
92
59
144
174
118
131
132
185
104
146
69
80
170
148
138
129
107
142
147
152
180
165
191
125
132
167
124
127
145
151
176
140
166
82
108
132
128
89
93
87
123
166
106
188
185
74
136
189
100
118
208
116
77
150
121
113
141
157
81
165
99
101
134
159
121
172
100
98
82
78
75
174
186
128
103
74
189
111
133
97
146
136
160
168
93
83
239
154
152
155
121
144
147
158
126
16
