# SOLE Quantized Vector 178
384
118
117
183
82
113
94
130
117
187
70
128
129
132
93
90
163
32
124
157
108
116
164
114
114
125
148
89
187
120
107
115
112
143
154
134
73
123
119
51
144
108
87
130
164
134
99
83
171
192
186
116
121
157
136
133
142
134
134
121
154
73
142
99
176
135
97
132
146
117
146
149
117
80
66
121
97
139
75
104
115
164
135
111
130
71
146
103
136
130
141
123
132
108
105
125
129
153
139
138
147
134
159
156
80
96
156
173
143
93
133
164
59
99
140
124
150
164
117
172
167
82
77
138
164
120
134
130
158
116
153
137
173
132
123
96
156
195
146
109
99
181
166
145
89
186
132
156
220
139
48
146
130
133
151
121
97
131
132
77
107
122
117
165
134
137
113
179
173
197
122
141
120
128
75
116
121
173
149
103
124
92
122
100
99
149
114
132
123
192
140
128
131
108
138
107
151
133
85
136
67
120
147
125
120
112
117
113
107
147
152
178
105
103
125
124
109
141
106
133
172
128
125
139
113
124
115
54
106
172
90
131
128
178
161
98
107
149
155
139
122
208
104
126
63
183
142
133
133
57
140
165
131
135
35
139
113
151
165
126
155
118
133
164
176
158
144
135
137
135
95
145
135
101
109
90
134
156
123
152
139
136
136
119
172
160
120
97
143
131
50
139
105
129
119
122
108
104
126
122
153
154
139
147
110
166
114
140
139
178
69
131
118
138
102
129
153
150
94
84
124
119
114
106
113
138
85
162
65
141
162
68
191
128
72
139
148
133
82
154
199
132
131
172
124
132
162
133
131
116
96
206
113
189
153
139
72
122
109
155
120
103
103
141
79
96
94
87
107
106
140
120
134
128
134
187
135
140
109
139
110
113
94
114
164
