# SOLE Quantized Vector 67
384
112
134
150
82
91
64
185
105
101
72
122
90
161
126
79
184
84
153
129
89
73
240
235
77
87
54
153
168
124
109
95
149
131
192
115
64
118
96
28
151
161
201
140
164
84
164
124
130
154
179
123
146
161
127
149
67
67
133
189
157
115
107
130
123
161
68
150
98
138
121
133
144
46
62
130
129
167
98
177
146
184
137
179
149
97
79
110
136
144
89
147
159
182
112
174
123
166
193
139
162
122
90
157
47
107
113
115
158
98
149
128
75
156
118
113
164
164
114
173
114
59
91
120
108
101
138
80
176
111
114
134
106
127
108
95
77
167
140
130
134
107
116
186
63
92
150
56
155
161
95
151
105
102
161
166
114
105
123
135
135
104
97
175
138
130
94
159
105
111
102
146
42
206
104
212
198
154
116
110
107
128
107
67
92
82
115
107
96
168
80
136
115
116
129
115
128
120
91
152
150
95
97
121
106
100
116
203
156
167
76
130
150
169
107
149
119
192
141
151
174
147
169
117
149
163
117
50
122
169
94
162
108
223
67
95
90
195
163
194
127
99
84
168
66
161
90
91
136
115
128
150
97
97
28
110
104
146
105
90
134
117
130
113
147
184
204
129
136
140
53
128
83
109
134
24
148
117
143
147
102
75
143
91
155
62
133
82
138
159
102
162
84
186
142
122
91
139
136
159
123
213
134
134
177
47
147
136
162
172
104
151
142
99
161
132
84
147
136
117
141
97
151
78
114
191
151
220
103
150
135
75
188
133
219
160
148
195
73
71
103
167
115
141
84
156
147
120
104
126
152
182
212
189
199
198
41
138
100
95
169
102
126
161
122
123
119
133
121
62
130
180
142
163
93
141
139
77
122
111
127
104
51
173
130
