# SOLE Quantized Vector 146
384
178
159
166
87
111
102
126
113
120
115
114
123
106
70
63
122
105
90
202
150
111
115
110
140
163
174
103
184
135
124
142
121
131
120
159
47
139
66
147
138
98
132
120
170
153
98
83
146
126
195
119
150
194
164
139
116
135
140
132
166
133
150
90
130
111
77
134
112
113
149
135
54
92
99
74
155
145
124
102
154
150
120
91
121
51
143
132
163
137
152
120
114
95
174
149
107
164
122
123
134
189
137
132
99
86
191
70
129
91
97
126
65
108
149
115
126
150
138
159
152
79
66
163
181
126
101
135
138
123
154
139
150
94
83
93
151
185
143
85
110
138
207
118
166
215
163
212
227
144
72
164
135
150
148
104
106
172
186
117
125
108
92
176
95
83
121
144
172
197
100
184
151
105
40
59
79
118
164
176
133
75
107
130
89
127
141
163
150
194
93
146
113
116
117
87
172
163
93
135
78
97
137
90
75
65
100
123
179
23
133
150
123
151
213
72
111
107
140
111
173
112
87
134
127
145
92
102
70
141
87
125
106
208
158
110
85
104
137
119
72
178
111
108
62
209
132
138
117
68
168
187
162
128
77
114
112
145
112
135
127
127
138
172
121
110
184
91
139
105
92
129
173
145
39
118
123
115
122
169
143
92
134
146
132
163
157
108
139
166
64
134
143
72
140
120
145
100
101
116
150
151
175
105
137
143
128
101
140
161
82
140
122
149
93
145
135
95
82
176
147
192
152
103
155
179
101
194
159
134
151
122
203
125
85
120
129
122
86
119
172
110
147
142
138
117
164
136
120
175
138
206
127
152
179
164
85
102
103
167
162
65
96
134
182
120
90
107
127
120
137
120
133
83
161
186
166
128
93
151
116
107
107
159
194
