# SOLE Quantized Vector 31
384
180
138
113
21
95
102
134
86
115
99
130
121
141
69
97
147
181
152
215
149
64
158
141
95
118
56
112
163
118
134
137
76
126
180
142
13
133
128
69
135
111
143
123
190
147
210
151
87
82
187
154
119
161
181
113
124
133
166
125
142
127
109
126
161
122
72
161
117
125
116
157
80
73
121
163
118
180
135
136
123
209
143
106
128
90
147
116
128
134
137
162
152
146
148
115
116
180
130
105
158
144
106
145
145
110
138
68
131
117
149
129
24
128
120
138
131
118
150
154
107
92
68
149
119
131
82
85
140
123
152
127
104
88
122
78
94
173
144
105
127
150
82
133
99
143
188
60
88
149
82
152
134
136
167
92
79
116
190
137
143
127
112
168
162
148
117
180
148
147
74
168
133
167
84
162
207
150
133
120
126
104
124
73
98
128
84
128
146
159
73
102
96
97
115
147
140
163
97
146
135
112
125
146
67
110
151
120
114
53
106
95
124
117
92
100
135
133
141
134
142
129
176
142
116
84
111
74
116
129
73
91
124
178
129
119
109
37
154
106
133
57
125
120
108
135
79
130
133
115
162
196
102
129
46
122
116
132
113
114
117
126
140
167
160
140
134
121
135
100
75
115
102
143
97
93
126
114
132
143
114
153
144
109
109
105
146
102
121
113
106
166
116
174
110
117
107
132
169
95
134
168
151
110
124
155
109
177
145
109
119
116
92
133
179
125
166
99
124
196
135
154
134
154
146
131
158
198
84
126
151
114
189
100
168
146
163
109
61
112
63
126
71
134
115
193
148
82
118
97
109
149
154
136
163
124
95
107
95
183
118
118
145
120
176
139
124
152
109
144
147
132
138
182
100
167
123
119
142
80
132
158
144
114
144
