# SOLE Quantized Vector 191
384
92
114
178
101
90
108
133
113
196
66
115
114
120
80
107
178
74
127
150
139
118
169
122
129
129
192
49
195
122
110
129
109
137
108
125
60
118
144
89
128
96
64
125
158
95
91
58
199
159
203
125
120
149
151
152
159
140
149
123
146
72
149
91
198
135
124
116
152
117
131
140
119
85
63
68
118
122
73
70
123
159
117
139
130
49
174
103
150
137
155
126
117
116
117
143
152
145
146
134
135
129
152
172
58
94
115
183
126
74
115
170
27
90
124
124
149
148
102
170
176
75
78
90
164
101
130
147
161
119
166
133
195
167
124
113
167
202
149
101
97
144
141
147
93
156
102
210
181
144
66
116
126
166
133
153
96
110
138
66
114
95
166
156
116
138
140
180
188
188
130
91
148
120
96
139
105
172
140
82
124
67
107
76
118
167
137
121
95
194
139
128
113
95
128
96
146
147
74
131
74
116
149
110
140
138
143
128
134
162
143
160
108
113
106
122
100
138
138
130
162
119
113
140
121
126
137
53
93
118
133
99
125
156
158
81
91
166
158
136
114
210
112
121
119
170
130
134
139
55
146
158
118
139
55
148
138
166
202
137
154
114
133
174
184
120
141
161
136
128
114
136
135
108
117
91
127
175
117
147
134
144
149
80
184
154
101
115
131
106
31
123
101
96
115
134
119
106
123
121
148
143
148
138
99
184
138
139
148
178
51
112
121
157
114
128
147
154
136
73
133
108
124
101
125
130
142
127
132
156
162
71
193
157
41
118
160
141
101
178
201
118
129
158
126
138
172
154
140
126
81
194
132
159
166
127
72
117
96
134
103
98
125
135
101
92
74
95
81
100
143
126
114
119
123
186
131
131
101
132
91
115
109
106
134
