# SOLE Quantized Vector 17
384
147
135
110
15
83
112
135
80
109
108
134
111
144
65
119
149
204
160
223
135
66
179
145
87
117
68
101
166
116
138
144
88
111
165
132
10
135
118
84
133
110
116
124
186
150
199
126
106
83
175
155
119
156
166
112
147
134
164
113
146
129
111
124
167
121
81
143
111
126
125
163
93
69
119
155
134
177
147
142
118
213
153
118
135
99
160
103
134
138
135
162
165
152
149
112
124
176
125
109
148
143
115
161
149
98
118
83
137
108
144
126
51
142
120
137
137
127
145
151
123
94
66
135
141
132
88
90
150
118
160
127
119
98
135
84
94
180
158
104
121
178
69
122
98
163
154
77
99
141
87
163
142
135
183
89
83
111
213
131
135
134
94
174
164
168
123
181
132
142
90
191
135
159
97
174
195
136
133
104
128
104
119
79
104
137
102
134
155
145
79
96
109
98
118
159
139
180
101
132
126
113
122
147
90
115
171
135
122
34
89
78
128
122
86
111
136
133
151
144
130
147
153
130
113
89
131
87
119
101
81
91
126
181
133
112
108
38
160
122
143
103
122
121
140
125
73
126
135
112
174
187
98
123
27
124
141
134
129
116
112
114
140
170
145
128
132
113
128
98
73
105
97
127
103
93
120
130
122
139
114
163
143
90
107
114
142
107
120
102
85
155
117
154
108
118
107
134
180
105
124
170
142
95
116
141
120
170
140
126
112
124
104
119
176
126
171
115
119
189
125
158
123
132
144
129
148
160
126
137
159
121
187
108
150
157
165
97
63
120
50
145
76
141
116
194
160
87
121
86
113
157
150
128
155
118
88
117
88
174
117
118
133
126
186
134
120
162
93
149
152
131
116
177
96
141
110
117
127
64
125
158
179
98
137
