# SOLE Quantized Vector 139
384
107
118
170
76
99
126
108
130
148
107
121
118
155
87
88
170
115
123
201
133
133
139
190
123
85
172
118
169
167
124
109
108
81
156
145
65
162
144
124
86
106
101
165
162
129
113
22
105
147
138
142
195
195
104
153
150
113
111
133
151
147
129
131
161
124
105
142
139
97
175
161
140
45
97
93
137
165
111
78
126
99
126
113
95
102
111
142
164
144
106
130
177
178
83
150
75
174
144
138
146
134
93
200
108
120
107
193
109
89
150
168
102
88
154
91
104
77
94
177
142
93
58
190
161
76
182
47
106
133
120
150
156
173
131
66
76
184
101
121
128
144
144
116
55
131
126
134
197
157
103
151
80
125
178
119
113
47
145
83
94
114
198
180
167
77
114
127
137
138
121
178
84
116
85
150
163
116
146
133
130
141
98
117
131
167
159
192
65
169
139
108
52
131
159
132
98
204
115
151
98
98
119
86
55
57
89
163
134
44
83
155
160
59
179
100
155
92
137
124
165
60
90
141
119
180
49
77
121
100
77
84
95
211
143
138
61
79
173
74
68
118
118
172
147
176
170
110
142
89
191
189
97
90
58
138
99
148
90
134
172
103
167
159
177
156
145
54
142
118
103
142
95
144
65
100
95
147
131
188
112
124
135
105
94
120
136
113
126
112
65
131
109
115
123
87
196
97
181
103
103
139
118
149
113
105
170
136
168
165
138
173
134
140
118
116
104
175
77
85
124
150
158
111
147
119
203
134
74
137
137
98
189
125
53
192
191
171
81
155
152
146
111
171
131
143
140
92
117
88
99
208
157
169
176
108
61
94
100
81
120
118
114
190
71
138
121
121
125
140
140
147
160
104
41
155
165
102
105
146
119
149
120
48
105
