# SOLE Quantized Vector 164
384
137
119
185
75
111
101
129
115
165
72
128
133
135
102
79
155
46
118
179
107
110
150
127
125
127
157
106
186
123
110
107
112
146
167
146
71
119
115
77
140
102
85
125
177
123
94
89
153
187
198
113
124
174
124
133
142
133
125
112
158
77
143
100
160
140
79
139
142
116
156
145
112
70
64
120
83
149
91
102
115
164
140
135
134
82
139
100
143
132
147
131
137
96
95
130
125
160
141
122
134
139
153
144
112
99
163
204
148
88
128
161
68
105
143
122
146
163
118
171
166
85
65
175
179
117
138
135
151
121
153
135
166
133
100
90
166
188
147
112
101
172
175
131
99
205
135
150
219
148
65
156
126
136
143
119
98
134
137
81
109
133
118
184
129
130
121
189
165
189
117
139
139
142
102
101
111
186
166
123
127
98
121
120
107
150
120
142
135
194
124
133
126
122
136
110
152
126
88
133
75
104
140
129
104
111
89
113
112
120
144
172
107
107
131
109
114
126
123
124
171
123
117
141
112
129
107
65
117
178
97
138
131
184
160
95
100
116
155
136
123
213
87
135
47
195
147
134
136
66
148
173
128
127
28
128
106
144
147
120
151
125
130
174
166
163
147
118
133
139
65
144
134
105
99
82
138
140
124
166
140
117
138
141
160
155
121
96
133
137
65
157
107
135
125
125
123
94
120
120
151
157
131
155
125
146
102
117
141
186
82
139
109
129
84
131
144
160
84
95
129
139
118
112
122
141
85
168
66
128
178
70
194
124
78
131
151
133
77
156
204
137
117
173
125
124
151
121
118
112
102
210
116
188
159
147
72
121
110
160
113
101
82
136
85
103
104
96
124
113
135
112
141
122
140
197
141
145
106
145
119
120
87
121
140
