# SOLE Quantized Vector 185
384
94
107
165
55
97
116
133
92
161
100
115
120
107
59
113
172
72
121
168
128
131
178
93
113
129
129
66
178
118
120
112
127
114
133
99
39
122
117
65
123
117
58
143
158
142
166
88
143
53
148
125
114
150
197
142
165
127
147
123
148
146
139
97
187
130
121
118
139
114
103
157
113
81
86
169
161
156
102
68
127
171
138
118
123
47
169
109
132
133
146
115
152
116
148
120
114
141
132
146
141
142
145
187
101
80
132
74
140
95
119
161
50
89
132
126
133
133
120
168
146
98
85
71
107
115
107
93
159
121
160
142
162
112
169
126
63
204
155
93
113
156
143
116
67
136
123
179
134
126
76
146
135
135
161
93
90
114
154
100
130
114
130
144
153
147
115
176
180
202
96
169
181
62
94
129
176
109
135
100
122
85
148
81
102
167
110
172
108
195
148
120
138
97
123
125
139
159
82
123
79
105
144
121
87
114
150
102
106
81
151
165
109
88
69
142
93
142
110
141
158
142
132
128
103
123
133
72
82
82
77
60
121
163
150
124
119
82
143
137
148
172
136
120
133
131
122
138
125
92
155
192
149
132
37
130
145
163
159
135
153
110
141
157
174
123
132
140
127
127
119
130
127
131
121
108
114
138
135
161
125
223
141
131
151
155
137
148
143
111
18
85
135
124
90
132
131
89
166
117
110
160
137
119
107
197
136
189
150
138
100
131
126
142
183
123
189
121
108
179
149
135
94
101
128
131
177
124
91
145
158
88
186
143
46
144
156
132
94
141
187
133
104
150
131
193
183
156
139
124
100
152
138
153
173
78
99
122
95
123
119
137
128
143
195
123
98
77
62
137
155
141
119
183
118
177
127
129
139
99
107
140
150
103
142
