# SOLE Quantized Vector 47
384
180
125
132
70
97
82
121
91
77
78
134
159
155
92
71
148
144
122
178
176
66
141
185
98
134
46
106
171
110
142
130
122
136
165
154
34
126
150
72
146
93
221
116
178
94
173
168
120
92
203
160
137
161
191
124
117
124
168
170
143
115
101
128
176
121
82
156
96
116
142
127
72
100
93
115
151
163
154
168
115
197
129
139
132
91
165
112
120
134
84
183
134
166
171
89
132
162
167
102
158
171
134
109
70
91
141
71
126
91
139
138
18
133
147
134
123
108
154
150
115
68
85
186
111
145
54
117
141
115
160
133
111
107
85
82
154
177
160
112
117
122
105
167
99
131
171
85
134
155
101
139
114
142
153
122
106
146
143
134
149
102
55
176
98
137
149
166
143
149
89
171
93
182
62
127
207
160
130
136
130
82
99
53
132
100
100
78
148
170
58
126
96
87
101
104
169
132
75
139
148
92
126
142
63
104
135
139
163
85
89
111
145
182
140
106
127
130
156
127
170
124
173
142
81
115
90
88
122
158
102
144
118
216
125
108
110
136
147
147
133
92
120
108
48
175
74
124
127
100
137
179
106
124
53
119
104
132
113
101
151
125
133
144
175
132
129
130
139
89
84
95
111
150
94
82
140
89
118
145
129
83
149
88
111
144
119
43
154
133
105
165
80
158
127
125
120
127
120
119
150
176
175
102
122
124
114
134
150
112
82
99
109
150
150
138
133
86
128
219
147
138
120
140
153
124
156
240
100
133
144
115
194
115
221
138
129
117
71
95
78
155
139
119
103
161
152
93
119
113
131
178
159
167
176
190
83
108
96
160
135
113
151
150
212
142
98
150
129
107
134
143
132
145
121
181
126
122
137
104
148
105
94
82
145
