# SOLE Quantized Vector 64
384
121
144
129
81
86
56
162
114
89
67
128
103
129
73
76
147
120
201
132
116
76
196
167
125
119
98
52
187
150
134
138
113
146
123
113
71
106
128
76
152
125
199
148
176
147
153
128
161
183
202
119
157
151
166
153
75
124
173
179
123
90
80
126
171
159
93
103
91
104
71
133
86
88
70
41
106
132
87
141
113
149
112
100
101
87
163
118
144
116
100
168
87
166
136
93
135
166
73
132
138
129
112
117
48
130
130
161
148
117
129
141
40
140
140
87
144
135
104
163
161
61
86
101
113
108
71
115
161
118
186
131
58
76
81
103
156
131
70
125
118
123
114
220
81
166
154
93
153
202
141
114
125
147
137
134
104
95
87
127
117
132
191
170
92
125
78
133
161
118
90
137
105
222
74
124
175
185
90
133
135
90
103
50
116
149
132
160
165
167
72
117
68
64
102
136
130
148
62
100
161
134
124
115
96
104
158
190
166
210
105
97
149
241
187
87
138
158
239
114
169
81
165
133
98
158
89
37
153
140
105
143
103
203
149
66
101
199
116
98
61
36
112
100
94
195
72
109
140
72
136
109
105
129
76
117
113
148
127
97
132
155
140
125
191
125
149
165
147
128
88
127
128
84
76
81
152
140
164
157
137
46
133
64
151
89
55
5
121
123
118
167
81
146
127
124
125
143
141
148
149
131
206
95
169
103
135
99
162
139
50
114
102
136
140
142
69
143
159
112
108
115
198
129
167
133
120
152
136
109
147
76
198
138
201
121
146
117
92
109
78
151
137
109
102
111
137
125
98
116
158
187
131
105
127
230
58
100
102
141
127
74
166
173
144
107
77
147
116
59
237
119
95
109
92
152
129
140
78
132
87
88
147
142
141
