# SOLE Quantized Vector 160
384
187
133
170
76
110
76
152
119
119
100
162
143
122
76
65
150
64
84
184
124
117
132
136
134
159
147
29
188
123
141
115
83
158
126
172
49
112
86
125
153
93
131
108
166
169
106
90
163
143
181
105
122
188
180
131
112
111
151
138
154
147
162
107
210
124
89
150
144
99
169
138
81
103
81
84
150
139
129
101
135
172
129
91
124
61
166
107
127
137
180
100
121
106
182
109
121
155
124
117
152
175
145
125
72
91
172
99
135
86
97
118
69
105
136
105
135
167
133
156
140
84
77
122
150
137
92
144
159
102
153
124
182
125
94
86
110
188
152
89
95
109
215
131
86
223
140
185
187
151
89
146
136
155
118
117
95
127
189
116
131
115
107
170
113
76
132
130
182
216
105
190
153
111
69
41
98
107
156
158
128
67
130
114
99
132
114
150
178
199
104
144
132
130
117
100
177
162
97
77
81
92
139
108
64
74
118
143
136
44
156
169
116
154
186
80
110
117
138
123
168
101
120
131
106
92
128
83
82
152
76
114
126
200
185
108
90
126
134
118
75
190
124
126
48
188
133
131
124
50
150
142
179
132
86
123
110
139
136
137
140
146
150
179
116
132
129
122
118
136
111
146
156
123
49
116
120
121
122
175
112
119
137
142
155
148
112
98
139
172
65
140
110
121
122
126
137
81
103
99
170
127
170
109
142
177
126
156
141
132
72
125
76
140
84
134
149
95
73
175
150
179
111
107
149
163
132
201
142
123
160
104
201
119
79
143
131
128
82
140
182
119
146
152
127
110
166
143
124
168
134
213
140
152
181
167
93
117
100
170
129
90
126
99
198
113
79
89
131
130
140
148
111
95
165
207
145
147
145
152
128
108
82
123
175
