# SOLE Quantized Vector 0
384
126
126
132
69
92
82
145
103
135
91
125
132
130
81
86
164
105
146
166
132
116
151
130
125
119
111
111
186
142
124
130
125
132
145
128
56
125
123
131
151
123
139
128
177
136
142
106
150
136
170
136
125
160
148
133
137
132
152
156
151
112
126
113
176
131
86
140
118
120
134
149
99
70
65
99
157
164
128
119
125
180
132
137
128
73
145
130
151
137
136
140
140
129
141
131
122
167
142
141
143
136
129
154
89
104
143
124
140
104
128
160
49
106
140
120
128
147
130
165
145
86
77
136
165
120
110
102
166
120
155
28
151
110
129
69
126
182
137
112
132
120
142
161
107
123
144
140
140
154
85
154
138
127
136
124
118
113
152
110
226
118
131
180
146
121
128
177
194
160
93
194
117
115
88
132
177
146
121
124
128
102
116
78
109
146
127
141
113
62
89
118
111
117
5
50
125
180
70
139
115
174
135
126
79
121
110
119
138
99
122
143
126
148
137
128
116
138
150
130
171
124
135
153
118
108
114
57
94
132
86
125
126
193
150
107
106
121
153
124
115
155
113
126
115
163
114
131
133
84
169
163
135
107
50
126
121
224
136
124
137
121
144
164
170
143
149
110
137
123
81
126
125
131
75
86
136
139
126
188
134
132
146
130
132
126
117
81
131
119
79
148
132
148
122
131
111
114
155
112
127
172
197
133
130
106
131
146
158
191
111
158
109
129
149
132
125
127
126
147
139
141
129
121
190
143
196
107
107
128
181
100
1
121
127
142
185
131
155
137
105
143
133
153
142
174
148
110
131
120
109
203
143
151
83
152
66
116
103
138
135
125
145
141
108
131
103
163
113
118
111
137
128
145
125
190
135
141
116
130
124
128
131
123
162
