# SOLE Quantized Vector 100
384
80
101
144
52
95
111
160
85
103
136
115
112
102
71
85
154
126
145
136
132
133
106
121
136
114
123
93
158
173
137
118
126
137
113
128
68
128
128
82
129
133
136
136
167
169
161
103
104
70
140
130
126
158
194
127
118
143
145
175
151
172
117
81
128
135
73
122
106
119
117
141
78
57
107
153
188
183
131
96
132
163
141
78
129
68
126
151
145
137
127
107
136
143
158
122
101
154
149
159
99
142
112
203
141
106
145
28
141
112
108
137
84
78
141
112
101
133
124
158
122
83
89
96
98
108
125
46
133
130
139
140
116
81
162
120
54
183
147
115
134
130
112
148
118
114
161
129
76
151
100
145
131
125
114
97
127
85
87
126
112
118
169
151
147
89
138
153
198
121
61
205
155
112
84
125
170
112
88
149
125
133
109
80
130
164
142
190
50
197
100
107
119
162
137
133
92
165
90
138
125
108
129
125
42
110
97
98
148
90
114
124
136
152
86
75
63
128
140
119
148
116
87
137
133
108
101
78
102
71
85
97
112
203
170
138
116
94
144
119
132
90
128
143
175
124
133
120
115
101
192
179
178
95
82
100
132
169
77
129
127
128
155
156
171
117
135
77
130
110
93
120
132
130
84
90
127
98
137
182
138
144
149
140
99
125
103
123
108
115
66
117
139
125
126
139
105
111
157
123
70
175
174
132
134
110
150
160
161
149
165
200
128
135
216
130
103
114
137
186
137
151
120
129
144
145
209
116
77
92
130
106
191
126
126
123
184
125
98
89
89
145
108
112
120
149
152
129
115
125
126
129
133
105
192
127
84
114
105
95
129
148
104
144
143
174
111
134
99
134
140
162
142
151
141
188
143
134
151
128
137
119
165
140
131
