# SOLE Quantized Vector 151
384
128
130
197
72
99
89
191
106
114
73
136
128
133
131
81
173
72
139
190
20
94
137
230
105
115
171
137
177
129
79
88
133
136
181
207
7
38
94
91
118
161
91
130
174
116
77
46
124
142
198
115
140
198
103
160
138
156
123
144
157
118
112
85
161
174
74
159
134
92
133
109
95
42
61
141
115
164
69
134
118
199
169
149
140
111
110
115
194
146
136
110
64
151
115
84
144
79
85
157
103
125
128
170
129
92
191
172
177
48
182
121
63
118
171
111
128
162
47
163
143
70
53
99
206
112
171
69
151
84
135
151
217
147
80
55
152
201
108
123
108
151
198
111
14
197
188
109
199
122
53
150
101
169
64
118
104
62
133
50
133
172
103
218
168
81
127
156
143
149
142
150
44
152
168
200
82
143
172
128
133
114
100
117
121
114
133
159
108
180
125
157
161
121
144
162
149
151
153
150
58
74
131
140
57
100
102
76
112
63
85
176
78
91
85
101
93
91
69
133
163
161
93
97
197
149
135
79
155
183
82
137
124
206
175
111
76
109
116
129
158
220
77
132
58
195
163
180
131
71
163
152
88
103
61
108
119
148
105
110
140
131
135
167
116
162
126
90
165
108
60
152
121
113
110
56
133
124
138
161
97
22
153
123
127
148
71
139
151
190
71
162
108
63
110
165
92
84
140
130
93
201
130
141
171
87
131
188
146
170
132
130
108
99
94
141
136
122
117
97
139
161
162
48
130
185
183
184
120
83
156
106
189
182
76
104
184
108
69
89
187
134
43
186
109
122
152
128
109
134
106
226
105
180
187
142
66
122
115
217
86
53
56
106
90
100
128
118
142
138
136
78
180
113
114
203
129
149
183
166
136
127
113
224
152
