# SOLE Quantized Vector 75
384
116
120
150
80
80
94
140
77
54
85
141
139
101
97
74
147
109
150
112
154
104
121
154
116
133
74
100
170
129
98
140
66
99
139
156
56
95
149
51
144
89
229
154
170
96
154
163
147
77
191
123
133
152
202
143
133
98
157
196
142
126
84
129
166
113
84
146
102
136
209
118
125
83
64
125
191
167
144
167
114
202
118
122
132
94
185
127
129
113
128
140
127
143
151
104
140
169
129
132
106
157
138
141
79
81
129
43
122
97
119
155
25
76
131
112
125
145
126
149
123
55
108
146
86
142
77
91
178
112
160
149
151
119
101
110
117
188
172
120
131
133
89
186
155
108
164
130
113
158
76
147
143
123
94
133
139
91
61
143
132
74
56
179
102
130
113
163
172
107
89
176
92
175
102
138
202
145
95
143
129
103
141
29
171
113
131
62
91
185
68
146
97
90
115
96
143
125
62
167
145
90
107
96
67
109
123
124
178
131
73
122
157
215
122
95
89
125
173
121
161
166
134
152
70
116
107
92
120
124
120
180
111
236
158
101
122
187
143
120
131
120
124
93
83
175
85
128
123
97
144
87
172
102
54
86
110
155
94
133
126
150
130
127
190
126
118
126
138
120
79
101
112
154
63
116
159
136
125
141
117
71
138
104
106
163
118
33
96
129
87
129
118
139
119
154
114
135
112
157
114
181
176
106
160
88
119
85
156
155
118
134
107
160
167
152
84
94
148
231
164
115
192
153
134
104
179
221
116
103
137
88
193
106
240
98
120
163
93
166
88
157
169
99
92
139
165
102
131
124
127
170
127
166
191
205
94
84
107
123
139
156
122
110
196
124
89
105
116
92
140
192
128
134
127
203
148
142
137
145
138
67
100
169
123
