# SOLE Quantized Vector 95
384
48
167
171
76
101
102
119
98
154
76
66
150
116
126
87
161
84
143
98
156
100
158
112
85
96
115
133
166
156
130
4
82
122
165
170
50
129
84
37
136
107
170
160
163
131
124
115
136
135
160
154
86
161
121
144
88
162
136
196
135
105
91
79
231
168
78
176
88
126
182
112
132
54
70
128
162
171
119
181
78
191
216
112
119
109
192
155
166
174
35
191
168
147
105
114
110
89
152
179
108
110
134
190
76
88
131
114
194
80
164
188
65
33
143
104
112
98
151
166
159
50
94
155
128
117
158
44
144
96
150
180
158
83
119
99
108
159
81
145
144
135
68
180
118
74
202
91
157
136
145
144
153
49
81
91
159
134
13
95
118
138
92
176
123
115
55
147
155
59
106
209
27
177
72
218
170
150
105
99
116
139
185
66
185
116
142
78
46
183
89
162
83
143
154
108
112
129
100
157
146
88
98
145
66
114
83
197
120
162
116
140
115
189
94
97
99
132
193
111
179
138
99
129
211
120
146
73
134
135
95
198
110
239
124
136
117
205
113
182
219
136
80
112
109
196
121
119
103
86
163
132
132
85
31
102
114
170
114
115
156
44
130
108
144
165
182
126
144
135
47
112
131
151
34
85
164
149
178
137
160
26
154
81
130
155
179
70
102
124
87
133
104
177
137
155
101
110
141
122
77
182
148
167
92
21
148
66
153
202
128
194
100
133
180
93
59
139
172
124
64
92
125
176
122
155
192
201
67
135
141
95
190
120
211
88
181
187
90
58
115
175
122
140
97
159
157
109
147
164
69
184
52
189
198
191
51
110
119
92
128
60
78
135
100
98
121
142
133
132
129
145
81
144
177
168
117
155
115
157
119
82
88
127
205
