# SOLE Quantized Vector 177
384
121
150
179
84
104
104
144
121
177
65
94
134
91
82
86
161
42
124
142
122
117
120
121
126
136
171
68
193
124
122
88
80
127
124
104
70
83
44
75
152
102
95
102
167
82
87
83
185
184
197
114
130
162
151
140
165
108
135
127
149
59
130
139
216
139
114
98
126
138
125
129
112
100
61
88
90
128
89
80
131
152
132
145
122
63
149
124
136
127
149
116
111
87
119
142
146
122
101
117
154
106
147
146
72
109
156
184
145
112
139
174
23
106
136
111
150
162
126
165
193
88
73
93
174
105
119
162
172
123
151
122
224
149
100
104
171
187
130
93
111
156
182
161
130
176
118
199
212
147
121
134
105
101
112
142
95
134
147
63
108
117
172
162
120
116
140
206
209
198
126
151
124
108
59
84
103
175
139
112
116
85
117
97
97
158
110
105
114
197
134
137
147
81
132
65
152
136
72
145
79
117
155
160
125
132
137
103
147
162
167
159
87
86
156
117
102
145
130
138
169
111
127
141
113
125
133
47
77
153
136
120
127
173
168
108
91
151
159
124
149
188
85
122
81
184
118
140
137
58
146
207
82
150
64
134
123
150
179
112
139
76
124
173
157
137
185
140
153
112
96
156
177
100
101
106
126
189
95
166
152
118
161
116
179
192
132
101
166
135
63
139
108
136
125
119
100
94
141
119
185
139
162
132
150
177
118
150
142
163
40
122
113
158
80
127
150
144
133
76
112
122
150
75
130
160
88
160
124
148
156
78
194
147
62
115
146
153
87
117
197
105
135
157
126
118
169
160
156
148
128
187
147
162
168
156
72
121
93
147
113
108
130
114
70
102
82
110
105
104
131
99
147
126
173
229
121
138
114
150
90
112
88
124
149
