# SOLE Quantized Vector 1
384
161
116
117
39
75
83
116
90
99
128
121
126
144
59
125
145
168
161
221
128
62
173
117
88
115
45
109
181
124
138
149
135
121
116
117
27
153
125
98
128
121
175
133
147
124
166
84
138
142
94
164
123
146
155
113
141
119
158
115
140
131
103
129
187
118
78
104
109
137
58
156
96
88
90
122
168
146
121
122
115
170
135
145
118
80
149
117
152
131
135
148
162
154
175
109
110
155
125
159
158
114
102
162
78
87
117
26
140
125
136
154
98
135
124
138
127
147
139
142
169
90
77
130
185
131
53
80
186
117
169
144
119
104
135
58
126
176
134
91
123
205
53
159
79
221
82
162
25
138
96
149
152
128
145
101
111
102
180
89
98
102
177
176
178
172
139
185
199
139
80
217
132
130
99
152
156
122
102
80
120
100
143
53
91
132
119
158
100
151
80
77
123
85
109
125
120
178
59
98
119
91
130
134
95
103
149
127
116
60
118
89
149
166
63
94
90
125
107
145
125
122
160
116
102
77
128
74
125
100
102
59
129
187
125
133
136
139
155
163
117
154
146
113
155
50
106
121
129
97
173
175
113
85
87
149
131
154
176
134
111
72
147
168
156
97
157
155
114
104
105
92
83
123
76
103
134
173
127
146
116
180
137
87
119
107
91
102
120
77
75
161
113
159
96
128
92
119
184
100
131
175
176
103
110
119
124
195
141
122
110
136
123
130
179
139
175
121
150
115
137
158
103
91
167
112
144
114
150
118
185
127
181
143
84
157
214
103
112
102
28
112
119
137
106
209
181
136
122
107
114
153
159
71
138
108
97
94
62
182
135
138
191
114
125
127
104
166
75
130
177
156
102
158
66
134
102
141
116
76
118
172
246
108
114
