# SOLE Quantized Vector 50
384
178
90
118
84
95
60
146
117
119
84
139
130
144
73
72
144
146
181
186
168
51
174
131
118
126
90
70
186
138
125
67
141
130
129
141
55
141
72
94
161
60
191
77
187
124
161
120
161
184
215
137
123
164
154
95
72
99
191
157
116
74
117
102
136
111
62
131
115
118
154
142
116
91
73
29
88
133
93
133
105
176
115
128
120
66
174
124
140
159
109
130
71
163
137
125
140
214
148
111
148
160
114
105
49
133
112
188
137
123
68
116
45
91
100
131
132
157
109
160
140
57
76
112
143
106
76
126
132
94
159
122
73
81
81
88
139
133
190
120
132
140
183
198
104
188
112
51
124
165
102
114
147
57
136
83
89
153
172
126
124
136
187
171
93
133
145
159
141
140
97
91
133
214
92
106
159
208
116
132
120
78
117
59
87
134
129
140
80
166
71
114
60
99
99
165
141
141
45
137
160
127
101
174
116
84
116
179
181
178
33
103
180
226
135
93
146
136
219
141
155
104
174
136
39
34
135
40
156
133
112
115
116
192
238
64
110
156
138
180
128
30
104
101
80
178
84
90
142
77
136
132
76
133
77
124
112
138
139
112
170
94
120
148
107
141
200
161
131
69
69
137
96
115
68
63
205
86
133
140
140
74
132
76
167
109
106
65
139
110
116
191
131
170
157
116
71
155
94
87
152
187
193
93
95
104
106
96
152
147
40
94
62
129
124
146
88
132
151
109
164
134
137
159
158
98
102
185
150
117
151
79
197
89
190
121
143
105
82
105
70
125
122
114
71
128
148
122
147
185
192
202
175
108
116
227
75
113
101
207
113
114
176
122
117
72
79
153
151
75
235
88
69
110
133
175
142
165
79
117
138
108
88
160
143
