# SOLE Quantized Vector 83
384
91
144
147
93
108
87
157
120
126
101
117
72
82
109
88
158
77
82
140
86
107
132
167
105
72
64
119
163
156
99
125
87
90
157
91
70
101
119
49
140
135
178
109
160
94
182
87
111
145
114
132
153
172
138
126
121
176
165
197
142
122
95
143
165
114
85
72
99
133
129
134
89
33
53
107
150
160
111
138
171
137
115
146
114
114
130
161
146
124
170
70
161
149
93
151
107
207
71
143
159
44
107
187
56
138
180
188
157
132
137
169
88
99
114
102
135
143
176
173
132
81
104
123
91
92
119
25
192
139
120
146
105
91
156
77
67
166
131
99
144
144
104
201
107
40
124
103
107
169
85
165
115
88
165
124
136
78
95
108
113
151
225
158
182
94
116
147
146
85
103
173
78
145
85
131
201
141
88
88
146
141
110
80
106
114
124
113
71
154
120
121
125
116
146
157
81
165
90
119
152
119
142
111
74
168
90
141
223
151
117
138
133
146
192
125
140
175
157
124
173
118
160
140
174
94
128
41
136
82
93
114
118
238
141
151
111
175
156
82
113
29
103
152
148
136
105
128
117
125
159
127
93
94
58
119
118
151
99
110
129
118
143
101
153
185
161
90
166
133
90
136
137
165
95
103
155
105
190
162
114
133
142
86
109
38
116
114
113
107
89
135
113
188
128
114
141
104
160
97
73
155
151
134
115
33
144
115
173
158
104
169
88
142
183
81
59
149
150
98
91
97
126
125
169
136
148
174
94
154
120
66
184
124
168
148
191
165
81
162
94
146
110
138
104
156
151
96
131
167
85
181
185
158
163
175
65
104
100
115
132
137
174
118
97
124
102
160
107
90
141
106
142
162
88
168
139
144
85
120
122
121
119
184
151
