# SOLE Quantized Vector 132
384
145
145
171
95
105
109
124
103
44
116
111
139
120
80
69
118
134
130
170
139
114
107
103
162
160
187
164
180
144
124
86
148
154
106
171
62
142
103
151
153
117
139
135
166
134
94
88
152
100
207
115
137
194
154
140
81
147
123
137
148
133
139
108
182
138
69
110
117
102
147
135
133
100
96
69
174
154
142
100
132
136
98
107
119
56
148
123
174
112
84
165
113
100
156
146
119
198
126
117
80
128
169
144
115
79
161
31
141
34
115
122
79
72
170
118
112
152
155
160
157
63
66
162
187
126
106
119
168
129
165
143
136
81
120
89
153
165
146
123
128
160
173
120
142
203
166
171
211
147
151
130
139
155
105
113
117
118
130
126
110
130
83
205
95
96
148
164
170
155
111
241
165
103
60
104
122
119
155
171
122
85
154
120
129
138
191
131
102
203
85
141
94
159
116
54
163
157
78
190
96
102
149
128
70
109
78
119
110
25
109
129
104
142
164
59
109
117
167
106
191
129
61
144
88
159
110
102
61
122
123
145
106
205
140
86
85
111
125
112
100
179
114
119
89
212
142
120
123
75
185
211
155
109
94
116
107
153
99
107
156
128
128
173
180
111
158
77
157
99
57
164
161
143
84
104
142
85
114
160
159
79
128
146
113
127
120
69
112
116
56
127
120
107
113
135
110
111
122
173
131
162
152
126
130
109
128
58
141
191
122
160
123
148
97
138
113
125
104
182
129
178
148
141
151
141
76
158
163
124
160
134
203
130
111
113
134
143
95
98
157
147
157
131
129
95
148
118
130
112
141
191
191
148
175
165
94
114
103
140
128
121
73
150
159
138
88
123
115
124
132
160
106
57
172
220
177
113
85
163
97
93
164
162
148
