# SOLE Quantized Vector 121
384
63
133
175
75
104
99
139
94
71
84
77
139
168
107
86
148
136
89
119
120
124
38
91
135
121
219
77
181
167
122
82
138
195
111
135
72
114
133
116
134
98
108
115
179
148
63
79
169
156
226
116
121
171
119
132
104
132
150
142
200
111
137
46
132
111
84
171
121
103
224
126
87
75
80
67
115
155
80
110
94
146
84
95
132
99
117
133
161
128
113
212
186
130
65
133
135
162
199
143
64
67
146
167
152
88
125
196
146
73
149
142
82
78
157
92
130
183
148
161
163
41
57
116
206
103
151
113
139
104
136
146
197
168
103
117
189
158
116
171
124
119
119
149
75
197
128
123
173
120
112
116
129
104
116
179
125
135
74
76
96
115
142
189
111
93
163
154
194
148
104
95
119
173
112
121
80
201
129
150
139
121
118
98
177
171
182
154
135
182
90
156
75
202
141
120
121
153
76
153
121
84
127
115
102
134
83
104
229
155
62
117
71
171
139
54
85
98
164
111
161
107
52
139
121
156
78
79
121
117
130
182
108
197
149
63
85
142
140
113
69
181
119
143
129
206
151
125
131
69
176
213
135
100
46
109
120
167
106
158
113
119
145
196
138
132
157
97
110
112
42
114
109
125
29
52
112
101
109
165
129
39
135
85
128
136
108
106
160
140
70
125
95
148
155
138
83
127
113
105
123
149
181
159
142
98
149
95
157
212
102
172
109
145
85
130
71
163
144
96
128
130
158
101
113
138
202
147
135
121
146
66
200
126
126
126
140
156
104
106
139
164
135
126
139
74
152
123
127
108
89
201
111
134
190
161
42
101
115
106
153
113
49
109
59
174
92
127
129
124
152
157
131
83
131
234
151
124
187
181
112
85
182
158
141
