# SOLE Quantized Vector 57
384
163
111
132
52
95
72
142
97
85
100
109
112
126
64
76
144
105
149
182
150
90
137
128
104
111
16
138
168
132
122
143
147
116
139
121
55
134
148
74
150
97
218
142
160
82
204
133
86
94
101
142
123
158
203
119
128
124
156
184
141
148
112
127
173
118
86
121
111
122
98
131
87
87
65
129
159
164
158
109
130
139
118
146
109
88
150
139
130
139
119
116
137
142
179
119
109
153
138
162
171
133
96
155
68
103
122
46
133
123
133
152
62
106
122
119
93
127
151
153
140
92
109
135
113
108
61
89
190
127
154
148
92
102
125
80
87
166
124
105
141
167
99
201
89
111
101
126
29
139
128
149
149
107
141
97
136
72
102
115
116
90
213
144
140
133
137
174
203
127
60
202
161
135
90
154
205
137
75
99
126
108
139
35
100
123
112
153
69
203
82
120
113
98
109
156
117
108
69
136
161
106
126
119
57
118
128
118
136
125
106
136
135
157
111
119
84
131
127
137
146
128
180
131
113
107
112
83
118
121
117
63
121
210
138
136
132
143
157
125
107
59
134
102
117
78
116
133
118
132
155
174
150
99
99
116
125
151
151
129
125
107
148
142
161
102
122
131
143
105
112
106
95
147
68
112
148
135
162
167
110
169
139
138
106
100
106
64
139
94
105
127
107
136
106
131
134
106
167
108
109
174
185
112
112
93
135
171
157
112
121
140
122
156
191
121
131
103
122
170
147
140
103
127
162
133
128
176
95
154
135
107
183
124
149
169
184
139
105
117
57
136
131
101
107
198
159
111
139
115
105
145
169
123
148
136
95
74
72
95
137
148
205
125
128
144
105
141
98
124
163
165
121
147
99
169
113
122
136
98
124
153
205
115
86
