# SOLE Quantized Vector 103
384
84
131
171
82
95
94
140
76
80
109
143
125
126
96
74
146
127
126
114
154
126
109
118
154
134
145
113
169
150
114
106
116
133
122
142
64
124
105
85
136
105
185
135
166
121
107
121
145
85
202
113
149
161
181
144
121
133
132
174
152
151
118
101
176
131
71
134
100
116
139
129
91
87
99
123
205
176
131
142
127
182
146
121
122
83
132
113
145
132
107
146
140
133
143
121
118
180
145
135
69
150
145
163
133
63
143
50
129
95
109
145
69
77
142
113
121
136
124
155
120
48
87
124
116
147
124
94
132
110
137
167
126
97
119
110
134
189
140
128
135
121
117
149
118
157
165
151
153
162
104
136
123
124
92
149
146
97
59
122
107
107
36
174
95
117
133
145
180
132
78
212
95
152
95
125
170
129
113
159
128
111
108
81
130
141
155
113
104
198
70
132
115
122
137
119
135
153
68
127
116
84
128
114
50
114
91
129
173
85
111
120
113
179
113
73
83
125
183
113
166
123
64
138
96
101
91
108
168
113
126
179
105
239
149
107
103
162
142
112
77
190
134
130
112
201
135
124
121
86
176
169
149
88
42
100
119
168
70
129
143
139
144
159
161
111
132
92
138
87
74
109
135
148
35
92
141
117
134
153
137
69
146
115
105
110
119
60
127
124
49
108
143
112
143
144
110
118
108
121
87
174
158
118
160
89
154
114
156
178
141
186
108
139
155
134
86
122
108
229
134
137
166
137
114
155
216
190
121
104
135
97
195
122
195
124
130
135
100
124
115
156
168
105
120
121
153
106
125
155
141
167
140
154
185
180
68
107
115
129
117
110
54
149
203
144
96
120
109
98
121
162
133
111
152
205
153
136
112
162
129
65
105
147
131
