# SOLE Quantized Vector 126
384
84
127
168
85
97
120
115
112
164
98
124
94
144
82
93
171
109
143
182
135
116
129
118
131
94
154
108
168
171
116
136
138
101
142
134
93
139
143
130
133
134
136
149
156
99
96
22
121
134
123
141
147
192
116
134
151
137
117
106
140
108
111
130
173
127
95
109
124
117
133
138
114
48
77
69
148
174
109
75
118
108
126
135
95
96
125
152
149
146
106
128
149
115
69
141
103
142
131
160
128
119
100
199
168
109
135
182
140
109
127
169
38
84
142
99
112
133
101
165
163
76
76
163
174
91
171
68
153
123
131
165
145
137
125
81
106
164
136
118
151
137
101
157
58
118
79
138
96
130
103
142
120
149
129
144
149
50
74
53
100
84
213
165
170
77
132
150
190
112
112
192
112
104
79
155
178
159
107
95
126
146
124
116
123
147
138
122
69
201
111
103
94
126
154
144
76
193
82
150
97
73
121
104
84
102
45
134
130
78
131
148
152
112
112
91
110
116
110
116
178
100
89
138
154
117
85
81
101
76
101
84
121
215
143
142
109
117
139
136
99
139
100
153
178
145
195
121
140
106
169
128
149
99
36
132
112
165
122
123
161
120
150
151
161
108
128
85
131
137
72
113
130
146
68
83
132
132
149
181
138
141
153
115
102
133
72
81
151
104
65
137
117
142
112
125
117
85
165
106
90
176
147
150
108
72
136
110
156
205
119
190
131
151
132
113
97
183
127
95
162
122
143
113
100
137
200
78
112
150
126
88
185
144
68
154
200
133
110
137
130
162
133
151
113
158
142
106
133
137
94
180
143
162
184
111
48
102
92
86
103
125
159
164
66
113
122
127
120
118
153
137
127
126
106
197
147
154
109
149
128
145
154
112
98
