# SOLE Quantized Vector 23
384
136
170
117
60
101
59
164
107
104
86
94
97
155
72
113
144
224
166
213
129
46
187
98
125
117
118
107
185
128
100
76
114
108
132
166
44
83
94
112
134
54
121
115
179
179
148
103
189
192
223
164
117
161
109
87
93
161
160
124
157
62
57
183
224
117
65
159
99
108
64
179
87
82
103
29
83
138
91
147
72
161
152
109
118
77
98
86
151
157
114
151
86
74
118
123
175
184
111
100
135
97
123
135
109
107
186
194
145
139
116
86
95
159
125
137
143
210
211
157
136
62
52
51
220
118
88
130
185
71
147
117
142
119
106
82
151
136
94
55
145
149
95
153
101
247
112
13
190
128
63
110
164
84
97
143
61
60
188
109
103
211
134
200
142
179
68
154
122
134
98
122
129
196
59
191
118
188
142
85
109
95
64
84
105
153
99
149
174
137
80
80
137
91
110
128
143
161
56
192
150
120
152
137
175
115
131
135
148
137
92
79
66
122
141
103
168
171
228
135
135
157
136
132
165
53
141
56
141
137
110
133
114
181
190
51
101
115
145
116
155
151
103
137
121
187
92
125
151
76
149
147
197
124
31
132
124
134
178
148
126
139
129
197
146
150
194
133
136
100
69
110
72
86
119
98
131
222
111
107
123
106
150
57
123
95
75
78
145
136
90
178
121
163
131
105
51
175
138
47
168
160
155
102
109
121
109
130
143
198
80
129
118
101
80
152
124
182
161
80
154
142
120
135
128
191
108
93
161
82
172
106
191
103
175
165
138
151
74
229
57
81
85
147
101
180
131
93
137
88
132
197
111
124
125
186
62
122
102
215
138
43
119
114
126
75
96
186
138
115
206
130
46
122
114
144
130
109
119
48
138
121
142
66
147
