# SOLE Quantized Vector 61
384
140
151
144
71
104
76
127
88
67
74
130
104
131
91
75
133
116
120
139
146
85
162
160
99
130
55
101
171
120
152
138
90
85
158
136
47
130
118
54
149
92
229
130
173
113
175
179
138
97
198
143
154
152
202
157
103
152
170
175
134
121
65
171
219
128
88
150
74
107
111
126
103
104
93
120
171
165
149
172
159
200
169
117
107
96
188
127
103
140
89
182
141
148
164
190
142
175
110
128
145
119
121
120
59
87
127
77
126
96
146
166
11
137
134
101
142
99
120
152
136
66
100
190
83
146
67
110
132
128
154
144
87
100
75
102
111
168
126
105
116
126
98
187
57
104
191
94
149
164
161
127
103
146
144
122
133
107
97
143
143
95
52
167
86
137
148
157
163
125
90
208
86
184
12
106
234
141
104
134
140
93
121
71
133
108
101
82
108
186
66
127
101
94
106
76
158
139
74
158
154
102
132
114
41
146
147
176
166
120
150
113
158
184
161
115
123
126
199
109
182
101
163
152
158
143
115
90
116
139
99
161
109
221
130
124
118
173
140
133
62
81
86
118
59
181
66
121
134
107
145
179
148
116
48
109
99
146
105
105
148
133
137
120
154
122
104
137
140
105
81
123
155
151
100
126
153
118
122
147
120
91
166
92
121
104
115
24
123
119
104
146
128
139
118
115
167
123
137
54
141
153
198
116
151
107
119
176
152
122
87
121
52
158
163
136
111
87
116
227
153
115
147
141
150
130
160
233
99
180
139
86
193
136
231
131
129
107
80
141
85
139
160
107
82
184
159
38
121
151
68
169
138
169
182
194
80
94
104
119
95
109
140
139
221
155
97
146
106
99
139
171
178
142
151
152
112
108
93
133
114
84
124
142
158
