# SOLE Quantized Vector 2
384
125
116
108
26
75
103
129
91
109
126
131
108
140
65
134
146
178
165
218
142
65
172
139
88
115
61
100
177
125
129
131
116
109
119
134
25
115
119
76
116
115
137
121
161
136
181
92
147
117
113
170
117
145
164
120
142
113
166
101
143
139
99
123
190
130
99
114
100
127
84
156
92
81
107
148
165
151
126
118
115
181
143
130
126
75
163
128
144
133
136
146
153
145
160
108
125
148
136
124
152
142
96
162
84
100
134
44
131
124
137
140
69
138
117
138
128
133
137
149
152
102
69
111
159
127
76
58
172
109
168
118
120
110
153
74
97
178
135
91
106
202
70
137
88
185
106
143
56
140
86
150
144
134
153
102
80
97
204
103
121
118
169
182
179
170
134
187
160
139
95
225
119
116
99
151
174
111
111
90
121
111
126
57
89
147
115
128
122
142
102
73
115
75
120
138
119
213
68
124
124
123
130
145
105
112
175
117
119
47
103
79
140
131
75
109
111
135
143
150
122
139
159
123
110
69
137
71
125
64
87
60
122
188
136
134
126
82
157
140
137
148
140
120
166
70
89
123
140
99
181
180
99
106
73
139
154
151
145
131
122
96
146
163
147
122
155
127
108
97
99
103
88
128
99
132
130
151
125
141
114
161
146
93
114
128
116
115
131
85
79
169
127
142
98
123
97
133
194
90
137
164
155
76
119
114
123
203
150
111
114
129
121
123
189
125
172
127
146
124
160
155
121
129
179
132
138
106
140
133
164
122
184
121
94
163
193
104
87
115
33
121
101
143
117
201
174
115
124
103
125
148
160
69
139
116
104
110
69
192
126
130
170
132
171
124
108
189
74
137
171
153
98
178
87
132
105
126
121
64
125
162
230
100
130
