# SOLE Quantized Vector 16
384
156
122
101
31
84
96
133
99
100
119
121
110
147
62
114
146
210
156
230
128
62
170
162
85
114
64
109
168
127
134
140
108
116
141
125
11
123
126
100
116
103
122
140
177
137
207
117
104
82
137
166
112
160
170
132
127
120
178
113
141
135
94
125
171
122
78
138
108
126
100
155
93
63
120
127
137
168
155
121
109
176
133
126
137
82
148
113
149
133
148
145
152
146
159
120
124
145
139
103
152
126
102
169
109
123
133
48
136
118
150
133
64
153
121
132
128
132
149
151
118
101
65
146
131
131
80
74
176
117
158
118
107
94
139
70
83
182
145
97
127
176
86
130
112
146
136
91
56
147
93
163
133
141
183
83
86
120
200
119
123
102
165
177
174
166
134
182
140
138
77
194
151
132
105
160
171
119
123
102
123
102
121
69
109
134
101
158
128
153
101
91
110
111
113
152
124
185
84
126
131
125
126
138
69
137
176
122
110
35
92
81
132
111
92
109
126
130
138
150
138
126
156
125
126
85
130
66
123
98
90
65
125
176
138
131
117
32
158
121
138
107
120
118
159
101
92
121
127
102
179
171
99
110
68
128
142
133
137
119
104
124
145
172
150
131
146
109
127
99
73
112
106
133
90
107
120
146
122
150
112
160
145
118
108
104
145
117
136
108
92
164
113
147
110
116
103
131
175
83
119
163
150
94
121
141
127
180
155
103
127
126
113
120
178
130
163
110
147
161
144
173
103
129
176
120
134
120
119
137
152
125
186
107
123
162
193
116
66
123
42
112
64
145
114
198
153
101
129
85
125
144
156
106
135
115
108
115
77
172
137
135
162
123
191
134
112
182
88
144
168
139
112
171
104
146
109
115
125
68
128
166
194
119
133
