# SOLE Quantized Vector 4
384
104
126
122
35
92
90
117
75
81
108
134
125
134
90
147
149
180
162
211
143
68
150
142
82
130
87
92
177
106
137
164
115
114
145
156
16
142
139
65
126
108
148
117
157
127
161
105
165
102
154
170
125
137
159
115
153
128
174
94
150
114
108
134
183
116
96
99
100
131
97
150
84
102
124
153
176
155
147
153
114
201
187
143
142
84
167
99
144
129
141
153
154
170
151
102
127
163
135
105
143
129
117
153
116
79
135
47
131
125
140
140
49
134
124
144
147
137
163
150
150
77
66
157
166
172
81
80
179
112
168
131
137
99
138
86
151
189
133
89
92
195
59
125
118
190
124
132
126
147
70
153
136
134
148
110
96
129
176
105
131
128
54
196
141
183
142
204
132
134
95
214
86
150
77
147
156
135
134
91
123
96
116
74
94
116
110
111
157
141
67
94
114
90
123
84
150
223
65
106
110
99
129
139
105
131
180
123
122
39
95
74
130
149
49
109
106
141
134
136
143
153
150
132
114
70
133
88
119
99
99
111
117
199
127
119
135
112
140
144
136
204
134
119
122
100
84
116
136
87
170
168
67
109
37
135
145
146
158
122
120
96
139
169
149
122
138
143
113
117
67
106
109
124
73
119
129
164
110
135
108
153
133
96
120
119
114
97
123
101
56
161
117
158
102
121
83
142
156
90
151
173
147
102
124
124
110
168
145
143
108
118
103
129
152
127
174
121
139
188
130
152
122
127
139
132
149
125
140
128
160
121
185
117
150
161
167
110
78
132
44
124
134
145
120
184
163
123
120
95
125
165
150
110
161
129
96
132
80
229
137
105
132
130
244
133
109
178
76
127
151
127
117
178
94
125
115
108
143
59
128
133
189
115
175
