# SOLE Quantized Vector 11
384
87
141
129
46
111
82
124
102
161
98
140
107
128
122
149
157
168
178
199
126
70
182
148
63
103
97
86
182
117
128
143
116
139
165
179
16
138
142
67
140
104
135
130
147
147
156
71
176
174
130
171
105
149
94
116
116
112
170
105
134
85
99
114
171
129
83
137
100
156
121
148
83
87
104
111
143
142
119
163
133
180
200
117
147
93
140
110
145
129
166
128
136
132
105
123
138
132
139
133
159
101
121
169
53
92
133
107
141
146
136
143
80
130
122
136
157
146
172
156
154
75
60
169
223
138
117
53
194
117
163
129
153
115
155
89
143
160
125
93
110
178
70
140
101
159
117
111
119
154
21
151
130
149
137
109
104
118
154
84
124
152
85
205
153
155
123
204
108
110
128
209
77
165
75
180
84
160
146
55
114
115
127
79
93
91
96
100
123
136
73
108
108
73
130
92
142
203
81
112
112
88
127
146
138
134
161
120
106
85
95
85
120
118
71
109
129
142
137
132
142
129
148
136
132
56
100
66
123
108
79
136
120
206
105
124
118
165
141
171
106
214
102
126
114
115
98
122
134
65
165
155
81
96
34
153
141
147
181
144
142
121
130
168
147
162
159
152
122
127
70
110
117
110
77
103
131
158
103
123
125
152
150
56
135
110
126
131
131
97
64
166
133
167
105
117
53
139
148
73
142
164
153
134
100
95
122
165
145
184
89
139
94
136
134
122
142
156
150
79
139
127
95
114
133
136
193
122
137
134
179
118
182
112
144
154
205
103
75
111
55
112
120
176
117
217
152
121
128
80
97
203
137
139
176
149
64
158
83
230
121
90
114
137
155
93
112
175
97
116
140
141
112
169
105
109
120
112
129
73
135
134
158
130
244
