# SOLE Quantized Vector 173
384
166
99
174
81
101
96
128
104
127
91
119
105
112
78
78
161
39
105
157
140
116
123
102
127
152
117
118
182
110
117
120
120
143
135
135
62
109
120
69
139
108
130
150
153
140
123
105
161
109
173
106
113
164
198
143
140
141
122
130
166
137
153
133
158
140
99
126
148
118
133
160
112
109
73
132
172
146
138
111
122
173
128
105
126
55
168
117
126
138
153
177
115
121
182
94
129
158
133
122
140
127
164
139
77
81
117
49
139
84
112
158
50
93
140
130
159
141
120
169
138
92
87
107
109
148
97
143
137
116
153
131
181
96
121
97
128
204
165
115
110
126
165
130
115
191
137
173
195
158
75
142
120
132
181
113
94
120
169
125
116
133
64
153
119
137
122
172
186
202
113
209
159
93
37
70
166
98
147
132
128
70
128
101
74
134
117
122
119
212
124
115
131
101
128
63
172
150
81
141
66
95
155
104
84
97
115
103
157
54
156
174
109
93
97
114
111
133
103
143
170
131
129
156
94
104
142
75
75
149
97
109
127
195
163
104
111
132
153
148
122
215
121
124
53
187
121
123
135
74
143
199
116
127
60
120
96
146
147
134
145
146
131
168
166
150
129
127
135
145
84
154
105
114
95
112
134
160
111
148
128
150
125
155
150
148
132
86
145
120
37
129
104
142
108
129
116
85
133
142
169
158
132
122
146
162
109
159
132
148
94
120
104
143
122
147
169
120
99
203
143
151
115
114
125
133
122
154
89
136
151
80
194
128
84
139
133
118
82
105
194
112
156
146
125
151
171
134
119
129
104
175
126
193
176
141
111
131
104
164
112
157
121
131
163
132
85
74
91
111
141
136
136
123
151
196
147
111
120
134
114
104
107
97
141
