# SOLE Quantized Vector 102
384
74
122
168
58
97
111
143
62
86
110
121
117
114
93
81
154
122
127
111
140
130
111
108
138
126
138
129
161
149
126
109
114
135
138
134
63
134
105
61
136
122
157
143
173
120
126
129
130
69
205
120
138
153
186
146
137
129
131
161
152
147
125
93
159
131
67
140
111
119
142
132
103
71
104
173
190
191
129
133
131
195
158
123
131
82
135
121
149
133
118
135
151
139
132
135
104
162
134
139
73
141
127
179
178
69
145
38
131
90
120
146
50
95
142
109
126
145
121
160
113
59
86
122
109
140
124
77
125
118
124
164
133
96
129
124
105
187
142
123
140
136
111
140
111
138
175
133
134
162
93
151
135
120
111
131
142
101
69
123
114
121
45
170
117
120
129
164
185
129
69
201
97
149
86
134
178
137
108
158
132
126
112
88
144
146
147
123
103
198
76
130
117
146
143
122
122
153
78
149
122
89
125
115
51
128
87
116
159
90
119
124
126
167
85
82
65
136
156
115
161
140
68
137
132
105
102
100
142
112
118
162
107
225
140
115
108
128
146
105
109
161
122
137
128
178
127
118
121
100
179
165
161
95
27
88
119
171
65
121
139
142
143
156
153
118
124
93
136
104
66
119
138
154
38
91
130
107
137
156
133
107
145
121
104
117
133
87
112
127
50
105
147
137
134
141
104
123
131
119
80
182
157
131
144
99
148
124
155
179
152
191
102
133
182
133
102
118
117
236
148
134
131
116
99
137
207
179
97
111
137
96
192
127
182
118
131
134
95
117
112
138
143
106
108
145
160
106
122
142
118
143
140
154
194
149
65
107
116
118
127
113
48
136
183
154
113
127
108
118
127
155
138
147
152
192
152
129
142
145
134
83
112
135
124
