# SOLE Quantized Vector 44
384
202
141
110
56
86
72
167
105
119
109
85
127
121
56
83
164
135
162
203
148
72
169
180
105
106
34
94
163
133
113
149
92
88
163
126
44
130
125
63
118
133
171
111
184
203
233
145
89
98
149
148
128
165
203
135
128
121
167
167
147
154
91
116
166
116
66
146
134
128
87
177
81
53
101
154
132
172
112
112
110
209
96
79
132
77
144
125
142
140
127
148
161
141
176
153
117
190
156
136
176
135
89
144
103
131
160
57
142
100
140
117
63
132
113
132
131
137
112
161
113
98
86
62
60
107
80
67
123
122
142
128
108
70
119
80
38
170
142
125
138
160
83
164
102
123
167
68
64
132
110
145
139
157
140
105
59
100
181
145
132
106
187
148
180
139
133
144
155
135
57
135
118
157
66
171
224
123
103
125
118
109
65
54
142
135
110
183
109
168
89
106
98
100
121
163
120
166
98
151
140
139
119
105
70
108
136
164
125
93
104
111
165
168
112
116
131
135
133
134
140
137
192
138
98
90
122
63
107
117
40
54
119
173
119
136
102
78
158
131
148
23
130
126
112
109
68
113
127
144
153
133
120
118
82
116
97
135
112
113
140
143
142
150
123
150
144
130
128
100
89
101
105
141
124
68
121
111
147
144
113
142
148
155
122
133
90
84
116
108
110
179
117
173
125
119
133
126
170
97
120
190
156
109
134
114
104
173
150
108
147
125
95
112
203
141
148
98
140
177
155
157
143
151
172
137
107
174
113
110
158
119
189
117
149
137
165
124
71
126
60
134
72
122
104
174
150
114
134
84
129
142
156
119
150
134
113
92
94
166
133
134
181
132
137
158
115
125
114
136
147
142
119
158
82
194
126
126
142
91
117
159
147
98
90
