# SOLE Quantized Vector 80
384
68
115
163
75
127
70
147
92
121
79
112
106
122
126
87
155
94
174
104
64
103
154
129
121
100
108
116
173
145
121
64
105
158
161
132
75
132
149
35
175
145
183
95
176
138
143
155
161
176
204
141
130
148
134
138
144
131
159
187
145
82
121
89
163
126
76
103
79
119
118
125
108
77
79
112
120
160
106
171
157
188
180
125
108
117
172
120
122
130
120
143
116
122
88
114
121
191
110
158
125
107
129
159
85
96
114
200
122
144
121
158
89
178
160
80
125
141
108
161
129
45
96
163
146
143
134
105
177
86
142
143
105
62
116
126
148
181
118
125
109
129
141
200
89
92
137
61
169
175
64
161
120
79
84
128
142
131
16
115
126
193
105
165
114
129
102
165
165
101
109
131
74
215
120
145
175
221
97
129
129
128
84
65
141
132
100
124
112
167
79
152
78
120
135
137
123
131
77
106
150
104
119
139
90
159
108
114
198
220
136
134
96
250
109
112
106
118
169
109
160
109
136
129
140
128
63
65
142
150
97
202
122
222
127
108
113
214
145
89
124
109
106
125
90
185
104
135
122
69
144
163
153
103
8
131
118
162
104
126
129
86
145
141
162
172
160
136
141
99
72
76
128
123
122
86
151
70
103
159
120
99
166
51
122
135
165
57
151
117
94
139
133
196
136
132
44
135
113
57
96
161
181
151
135
74
122
93
163
199
70
162
95
123
158
112
63
156
104
115
107
82
119
112
115
152
173
222
83
128
184
64
192
142
226
161
141
202
91
180
96
159
152
128
102
167
141
150
144
55
117
196
69
166
192
208
37
110
123
141
132
133
102
104
117
165
97
142
120
88
125
142
168
148
180
195
113
135
139
149
153
74
119
174
179
