# SOLE Quantized Vector 37
384
145
158
116
51
96
53
182
109
86
62
144
143
102
78
97
140
191
147
202
128
47
207
165
109
126
109
129
184
129
105
94
139
112
148
185
35
77
75
103
135
22
143
139
188
216
152
133
156
200
222
174
107
165
122
99
59
103
140
145
160
60
31
157
228
143
69
187
94
100
101
165
112
78
105
43
69
145
103
146
98
159
125
80
113
94
117
105
132
115
195
100
64
142
115
123
147
177
116
107
158
96
141
116
100
114
180
187
151
125
156
108
96
140
138
118
128
218
225
159
134
52
59
53
198
96
100
129
180
87
154
114
177
90
95
81
177
135
144
87
139
116
106
168
126
227
159
1
186
158
70
147
120
127
95
150
76
113
196
98
116
137
150
194
133
170
63
141
145
134
103
107
101
217
60
166
161
197
139
116
106
93
119
63
77
149
76
169
153
139
70
112
120
88
123
134
147
140
76
179
156
130
145
149
152
135
140
72
67
153
109
94
92
136
141
85
186
154
222
137
137
131
159
129
136
105
146
55
143
175
76
138
107
183
150
30
84
117
130
79
97
97
92
126
85
222
84
113
142
63
138
142
183
136
37
126
103
131
163
159
125
149
140
185
129
157
188
145
146
119
91
94
69
59
157
109
148
193
143
136
126
64
173
60
123
60
142
86
123
122
117
183
145
172
134
123
103
136
144
46
178
137
181
118
115
121
114
125
143
176
55
132
132
94
95
143
113
174
170
84
151
138
185
168
133
190
104
130
121
64
196
128
194
115
185
136
146
111
73
147
66
118
87
148
96
163
137
106
130
86
173
202
63
134
134
199
58
128
105
162
123
54
136
101
93
114
101
142
169
105
200
168
51
122
119
168
126
128
131
71
128
124
121
21
146
