# SOLE Quantized Vector 127
384
149
95
163
51
105
105
157
98
102
126
118
120
114
43
81
149
129
136
210
142
122
137
48
141
128
126
116
170
163
137
83
137
134
123
157
55
119
130
148
150
119
125
166
160
137
144
80
93
89
109
110
124
187
172
150
137
118
132
127
162
158
115
122
154
130
69
115
124
117
121
148
111
82
95
130
165
174
163
74
138
125
157
113
95
70
162
145
150
152
133
117
161
129
165
117
110
132
147
163
125
137
106
189
135
86
122
47
145
137
92
156
92
80
141
124
96
143
136
153
153
101
78
137
173
112
113
109
163
119
147
153
127
80
129
83
104
178
160
98
151
157
147
127
102
200
121
135
34
150
103
153
147
94
133
92
133
81
120
109
92
102
178
162
140
105
163
173
223
152
70
239
221
75
115
123
140
97
114
129
125
114
156
113
57
152
124
198
46
225
99
106
149
128
130
104
126
121
100
122
98
94
136
107
48
98
82
105
131
38
168
148
133
106
76
78
69
136
81
119
156
95
93
137
143
105
123
96
58
111
116
55
128
185
178
143
111
64
159
131
116
162
139
147
144
115
176
112
121
108
190
211
189
94
106
136
119
159
132
140
142
111
147
186
147
82
117
88
127
128
92
137
125
122
75
100
120
147
142
188
115
185
137
171
93
131
125
95
134
122
68
108
157
88
96
133
136
87
171
95
114
175
171
148
131
133
151
192
141
169
157
188
111
144
153
121
152
111
135
161
128
181
100
82
131
148
109
127
99
122
157
124
188
141
45
160
188
124
112
113
123
123
120
130
122
192
146
145
112
126
138
149
114
131
172
93
93
88
75
107
100
171
127
107
107
155
113
114
110
156
138
198
131
109
128
214
128
139
135
123
142
156
165
120
100
