# SOLE Quantized Vector 108
384
34
183
179
69
119
99
130
86
147
95
144
64
132
110
84
157
114
227
99
108
134
165
164
171
105
173
136
175
167
101
118
79
146
144
128
99
146
153
70
159
147
141
148
167
106
96
99
170
178
201
97
136
160
114
136
121
156
132
157
151
98
111
58
195
120
28
106
131
139
145
124
122
60
86
106
136
172
88
143
193
157
216
138
147
83
112
116
142
121
141
121
120
64
59
171
131
152
51
137
83
152
136
181
140
84
181
143
145
77
69
139
66
114
118
51
140
221
159
166
127
42
80
175
158
119
157
90
148
144
109
156
212
57
139
136
95
166
157
115
144
121
116
159
127
141
182
116
148
138
64
161
132
76
127
207
152
169
44
103
94
162
84
190
108
107
131
161
166
124
91
169
98
182
100
144
111
208
119
109
135
136
40
95
140
134
149
113
52
187
78
125
153
167
139
139
112
127
72
190
145
92
139
96
94
132
94
174
151
178
174
121
181
195
114
90
86
185
180
89
151
120
63
148
144
139
37
72
154
125
127
207
105
227
155
112
87
185
171
87
127
203
70
165
120
206
146
125
98
89
169
160
174
92
11
110
136
173
97
142
119
114
134
151
106
134
173
120
152
135
74
136
112
133
25
91
127
207
182
159
112
88
129
84
146
36
146
80
79
95
63
117
150
154
131
125
25
137
116
27
92
156
198
162
151
87
159
46
163
228
91
208
59
142
148
83
58
149
82
110
85
101
22
162
92
94
204
216
96
80
172
77
193
114
180
142
147
115
99
191
127
174
153
125
63
152
148
144
119
125
126
187
138
173
193
185
12
112
118
127
125
146
41
112
125
123
107
158
121
83
125
132
58
130
176
180
183
161
95
144
132
72
65
120
167
