# SOLE Quantized Vector 99
384
139
95
147
77
106
75
144
88
115
132
80
90
109
59
82
151
128
142
165
163
126
91
169
141
115
106
125
162
153
122
169
143
103
110
106
71
142
90
108
143
98
175
87
155
168
143
108
103
89
125
129
129
169
184
129
146
147
124
173
156
164
123
118
176
129
76
117
123
138
101
161
48
83
85
123
193
172
143
85
182
149
115
87
108
87
163
144
156
140
163
135
176
132
168
151
104
139
156
179
121
142
95
199
120
86
131
35
113
94
124
149
113
92
150
118
120
131
103
158
123
76
94
86
120
114
114
106
144
104
138
156
133
139
134
97
93
191
148
103
149
178
118
166
99
156
77
198
51
154
134
155
132
155
104
106
154
49
92
106
85
98
173
143
159
113
136
136
230
133
52
177
124
120
77
129
173
126
72
127
125
125
84
75
117
156
155
215
57
215
93
102
131
141
146
132
99
146
90
112
131
116
141
104
46
126
70
58
181
102
135
135
140
175
81
83
70
112
82
121
141
102
92
146
123
58
97
92
99
92
108
76
116
201
126
136
100
129
173
137
103
139
158
153
172
105
152
110
101
114
180
123
166
73
87
138
117
178
113
138
139
114
158
177
122
86
97
94
122
110
107
82
145
133
85
125
112
119
156
174
120
167
177
159
96
117
114
108
128
119
55
109
132
134
135
124
107
107
146
94
80
170
174
141
175
97
144
186
152
165
173
211
101
148
186
123
110
124
78
178
146
152
100
76
116
141
103
74
140
129
151
106
188
155
114
179
189
115
120
141
81
125
154
102
108
189
151
121
127
141
106
139
144
118
153
110
82
91
88
68
129
191
137
140
94
159
102
117
93
130
148
171
102
117
133
190
128
133
124
128
141
132
204
140
83
