# SOLE Quantized Vector 85
384
131
137
150
90
86
82
148
88
69
120
98
117
139
61
80
149
112
146
157
158
116
90
116
130
112
76
188
165
147
105
149
143
93
113
108
76
143
132
84
126
128
203
150
159
106
164
125
114
88
114
138
139
161
196
155
187
128
139
181
147
152
117
151
223
121
75
113
142
103
108
142
126
73
76
128
191
169
146
101
143
136
114
145
113
85
144
129
157
156
103
121
155
131
165
145
114
165
130
179
125
98
78
190
102
89
135
57
112
128
126
162
105
122
123
109
115
127
119
161
145
86
109
97
108
131
81
88
159
105
127
165
130
117
117
94
74
174
125
97
148
195
94
192
98
123
103
170
47
151
156
140
163
98
134
120
148
65
68
116
94
66
195
145
148
129
105
148
218
117
54
182
136
123
86
156
213
117
62
105
136
120
144
50
147
158
148
166
74
213
91
120
117
143
144
119
97
129
69
130
147
111
125
93
57
133
98
136
148
124
114
139
131
167
99
105
63
117
156
130
156
130
120
127
156
90
130
92
103
111
129
75
116
213
147
148
128
159
161
115
121
121
129
106
163
98
137
131
123
135
175
136
151
80
103
104
117
175
127
127
135
93
145
159
191
89
126
112
136
115
110
113
128
163
13
112
132
171
156
165
102
129
133
169
109
63
117
43
119
106
77
124
155
136
107
131
153
120
163
102
79
169
168
128
135
84
144
149
154
160
161
176
119
134
199
131
107
129
135
178
141
141
121
99
148
118
76
119
116
165
145
99
186
145
150
157
182
141
119
169
77
64
150
98
108
182
160
103
142
117
91
131
169
126
151
132
81
52
86
74
138
151
167
125
113
153
102
131
83
130
152
166
100
115
104
199
123
123
108
126
113
130
199
125
56
