# SOLE Quantized Vector 13
384
121
134
118
55
85
104
98
119
177
108
130
97
160
107
129
173
155
128
219
141
65
219
139
83
87
78
82
180
134
110
161
122
88
142
125
40
134
154
86
127
105
140
123
142
71
144
33
157
167
97
173
143
158
105
105
144
133
172
107
144
108
120
134
178
111
113
117
102
139
120
146
146
76
69
84
150
138
103
125
92
149
146
160
110
92
145
136
145
148
125
148
150
151
108
109
122
182
102
131
180
127
90
176
39
120
114
121
130
120
146
165
59
130
112
137
137
135
124
161
164
97
63
167
169
110
114
32
185
124
169
128
124
125
146
62
86
176
136
89
108
193
46
152
84
145
95
116
124
132
79
149
114
142
144
135
109
95
192
81
118
103
187
189
190
118
159
183
117
119
141
204
70
126
47
178
143
128
128
50
113
125
101
82
90
112
124
70
126
125
110
90
89
60
129
103
105
226
83
125
120
105
114
112
120
87
165
166
126
60
112
89
130
120
117
134
139
132
132
143
137
108
162
144
131
117
84
59
111
54
103
84
122
212
133
153
114
131
170
147
122
145
112
148
163
79
109
121
158
85
170
145
73
97
67
162
147
147
156
130
109
103
137
137
164
156
143
130
116
117
90
108
96
144
100
115
152
182
134
142
111
170
149
73
110
148
101
121
142
51
85
174
130
174
108
108
64
138
169
62
139
176
137
114
109
74
155
156
160
122
101
129
101
164
143
100
148
158
161
56
130
128
161
133
177
124
176
141
160
137
134
105
181
101
98
168
203
110
80
150
54
133
108
173
108
186
152
132
133
88
102
193
171
111
150
126
69
131
65
199
111
123
196
148
131
120
108
201
89
104
158
139
107
176
83
100
120
133
115
82
116
160
208
98
186
