# SOLE Quantized Vector 7
384
127
133
114
63
81
77
123
107
94
118
150
128
143
70
128
142
201
139
198
145
61
159
173
115
132
117
85
193
123
129
161
113
117
100
123
28
121
117
125
132
99
164
116
154
113
134
68
212
175
163
169
139
152
134
106
141
111
173
113
153
100
114
102
178
124
96
103
86
124
112
146
76
103
98
44
165
115
123
137
121
159
140
157
134
75
173
104
142
137
121
171
115
147
151
124
160
180
115
111
150
131
126
134
36
105
117
107
125
96
108
125
75
134
126
142
140
152
151
147
176
75
68
155
193
152
63
97
181
118
184
107
160
116
126
64
167
166
142
102
90
160
96
164
148
219
121
130
145
155
111
152
126
142
168
149
81
145
213
113
118
114
143
193
124
136
131
169
135
131
119
198
110
167
82
120
117
135
123
94
115
74
113
45
80
138
132
119
155
143
52
95
125
70
112
83
146
227
59
99
119
115
136
128
131
122
184
126
147
71
77
69
139
173
145
99
129
114
201
142
134
113
150
116
106
79
137
72
130
83
114
92
123
202
147
78
126
178
141
150
100
156
131
102
137
108
84
127
135
62
168
149
78
118
96
147
146
148
168
142
94
89
137
183
131
107
189
141
107
97
118
100
98
94
102
104
153
180
113
133
114
121
142
65
149
100
115
89
124
85
65
187
132
116
125
123
89
150
142
97
166
157
203
81
108
119
119
121
146
136
63
96
120
117
118
135
124
162
147
110
161
153
127
148
176
130
117
120
186
122
169
111
192
124
143
153
179
90
90
148
40
137
146
140
105
146
160
91
115
112
119
190
133
79
142
186
84
127
69
220
135
119
169
103
193
95
78
187
88
93
153
132
99
109
130
136
121
129
117
86
126
112
177
89
200
