# SOLE Quantized Vector 193
384
77
105
181
109
109
101
120
115
190
75
120
121
123
103
118
174
55
123
173
107
119
182
117
97
110
145
73
184
119
109
119
117
122
153
98
47
118
123
60
118
112
65
135
148
141
127
54
167
137
163
130
119
159
133
138
158
132
147
129
143
97
141
83
174
136
103
119
137
118
137
154
117
63
74
118
145
137
84
109
123
159
151
119
125
64
156
92
137
135
141
112
133
112
106
122
124
137
142
157
143
124
162
195
40
90
142
149
147
94
135
180
85
96
136
130
145
138
105
173
154
80
82
133
144
110
143
83
166
118
150
159
183
143
160
97
108
204
142
105
108
165
145
123
64
105
109
153
178
134
33
144
125
136
148
100
110
124
124
76
116
116
101
160
144
160
111
176
139
177
124
135
131
104
102
153
122
132
157
83
123
84
142
94
100
120
112
143
107
184
157
126
122
104
137
113
147
146
89
128
67
118
141
119
112
115
125
111
101
114
151
182
103
112
91
132
119
145
92
136
177
136
116
132
114
118
125
46
110
134
87
109
122
176
152
108
117
163
145
147
135
225
109
138
93
177
143
136
137
61
146
167
132
111
27
138
124
161
182
133
164
118
133
138
184
155
144
141
136
140
93
130
134
119
115
102
123
149
131
140
139
168
135
94
170
153
110
163
141
128
4
108
116
132
106
126
94
90
124
104
97
160
133
161
102
161
141
164
149
195
85
141
122
138
143
122
158
159
111
100
134
112
105
100
111
130
128
112
72
143
182
73
185
143
62
142
187
131
89
150
202
128
121
187
130
171
174
145
139
110
97
205
124
202
158
100
75
135
106
131
116
119
102
141
148
91
94
73
86
114
158
117
124
148
113
177
134
122
127
110
107
124
104
106
171
