# SOLE Quantized Vector 169
384
194
81
165
81
97
102
128
112
113
110
134
131
113
40
72
181
56
143
184
100
112
142
124
131
126
87
143
179
122
118
136
137
106
123
107
72
135
120
93
130
137
130
115
147
114
143
84
119
102
94
128
134
165
193
128
158
139
106
129
139
139
140
81
167
145
93
105
143
114
77
160
159
74
76
136
156
156
124
64
133
124
99
138
121
57
147
116
153
131
158
130
168
103
179
110
120
140
163
167
165
131
136
172
66
93
118
39
138
90
127
170
81
98
140
127
130
161
122
161
159
118
84
112
131
131
90
126
178
132
164
136
169
106
136
81
116
201
144
108
123
129
117
150
101
199
122
208
83
143
100
149
131
137
149
110
98
86
163
95
101
73
196
139
162
124
122
158
222
194
75
190
202
57
85
103
173
98
108
94
112
92
150
77
110
163
121
201
66
226
137
86
164
101
124
85
130
134
73
146
92
90
133
106
74
109
114
88
86
77
151
168
107
102
64
128
73
140
92
141
163
118
157
120
92
97
148
70
74
134
101
25
134
184
157
148
123
107
175
152
135
179
152
119
112
90
157
129
134
110
153
188
109
104
109
138
106
156
155
125
127
99
142
175
190
107
137
123
122
110
127
156
108
110
89
88
125
158
148
174
138
212
142
178
135
142
110
95
145
81
64
141
114
127
110
132
152
85
163
111
131
176
146
123
116
169
131
219
140
123
133
143
117
124
151
119
186
125
104
130
156
161
102
110
149
126
147
94
75
130
164
100
187
160
24
162
185
121
109
125
161
104
129
147
134
164
171
123
130
125
102
139
160
134
169
89
114
103
77
101
124
169
183
118
101
140
97
76
77
127
155
148
101
126
101
219
127
117
145
117
113
161
189
81
40
