# SOLE Quantized Vector 119
384
90
145
167
100
90
101
170
105
83
115
128
150
147
78
72
141
143
74
132
117
132
97
117
172
142
210
128
182
169
129
111
99
138
86
155
62
131
83
149
129
123
140
120
165
155
81
65
176
134
197
108
152
187
148
132
95
146
134
169
163
135
140
70
155
144
73
109
82
98
121
126
67
93
89
38
168
142
100
104
121
130
128
86
126
64
112
133
179
121
97
117
117
135
146
156
126
166
138
132
71
153
133
158
109
98
130
93
127
81
87
129
77
49
154
100
108
142
114
156
156
51
69
156
168
112
125
105
111
129
161
134
148
112
105
97
121
172
139
121
115
90
184
147
175
164
124
168
176
154
122
130
130
179
83
156
120
85
121
119
106
126
141
178
87
65
109
140
180
142
95
199
132
146
94
89
97
132
126
173
101
100
130
89
152
158
176
160
166
197
69
126
149
123
119
97
130
173
80
148
117
97
155
113
68
118
90
100
155
89
85
117
111
198
192
43
90
108
213
118
156
100
54
150
133
175
86
98
120
101
117
155
106
209
174
81
92
151
142
110
113
138
122
111
130
200
144
144
109
66
190
206
129
105
100
112
132
165
86
134
126
118
143
182
138
87
144
79
147
120
99
109
167
118
40
84
144
142
150
172
144
52
140
108
141
117
97
79
121
108
67
129
139
90
151
144
103
109
102
118
117
148
202
111
142
102
145
96
153
177
104
174
124
161
106
147
76
149
111
144
137
160
119
151
150
123
207
147
148
127
147
112
202
136
127
130
152
156
106
182
124
178
164
119
104
82
149
117
109
156
104
189
133
106
191
189
68
125
102
119
142
126
85
130
145
102
81
135
119
90
119
157
127
67
155
215
171
152
122
163
112
80
128
121
143
