# SOLE Quantized Vector 32
384
182
147
121
41
88
92
139
80
91
88
115
142
136
80
93
146
186
172
214
161
60
132
154
92
132
59
108
165
103
124
147
99
111
181
158
7
126
121
74
138
101
165
139
184
141
185
156
104
81
210
145
128
162
178
112
127
132
160
138
154
121
103
143
145
127
69
147
107
117
139
153
71
82
111
146
132
178
136
161
120
211
140
109
132
92
159
107
134
140
146
171
155
167
154
110
129
174
129
99
152
141
124
130
137
90
127
54
147
115
143
120
29
119
126
136
150
123
130
155
101
67
70
153
132
136
83
108
138
120
155
128
123
109
104
79
111
178
152
108
125
138
102
132
103
158
163
73
132
151
86
158
131
120
150
106
87
116
183
135
146
125
48
183
135
154
143
179
138
147
88
162
108
182
77
177
204
146
142
121
140
96
119
69
121
109
90
106
163
158
62
124
113
93
111
127
160
146
96
116
139
99
122
135
77
137
134
125
150
47
65
97
122
140
100
100
132
140
149
136
150
151
167
145
105
80
113
90
118
148
83
122
120
189
127
95
109
66
153
141
127
111
127
102
75
165
83
137
131
112
150
167
79
126
29
116
111
132
119
108
114
132
138
168
151
142
124
124
139
102
64
115
93
132
94
83
131
134
120
127
117
114
134
96
119
101
113
92
133
123
96
161
97
156
115
121
112
138
147
85
147
182
158
110
147
132
110
156
139
130
117
116
98
140
153
134
165
95
113
218
136
152
123
141
127
128
159
211
124
122
152
117
191
103
200
149
142
115
62
115
62
131
87
133
108
182
150
103
112
87
130
164
150
156
170
143
89
114
97
187
117
117
136
126
197
122
116
153
110
127
141
146
114
167
97
153
124
115
137
81
131
136
113
117
149
