# SOLE Quantized Vector 141
384
192
105
158
62
104
93
131
110
102
119
102
131
115
49
75
148
101
146
225
116
109
116
92
133
135
118
130
173
139
124
128
139
144
132
139
56
139
102
143
138
117
121
151
158
137
151
76
84
89
108
119
117
187
178
146
133
143
121
118
154
141
142
95
163
139
79
97
136
123
103
153
122
74
99
131
145
169
149
57
130
121
100
109
104
60
145
136
167
134
137
129
143
106
170
107
112
145
142
153
136
128
123
176
126
94
136
5
146
109
118
156
82
79
132
126
109
157
108
162
152
107
74
116
161
119
108
109
149
135
154
146
145
109
123
80
96
189
166
103
141
140
116
127
121
217
119
165
70
145
109
157
148
128
144
95
116
75
124
96
88
93
186
159
149
116
149
179
229
161
71
200
215
67
56
125
139
97
123
116
115
102
142
105
125
139
138
186
59
227
113
107
139
126
133
91
132
127
92
157
95
91
147
105
59
107
92
97
106
34
149
152
133
87
74
92
77
117
79
135
156
105
117
133
118
135
132
82
66
134
105
36
123
182
148
140
111
54
166
131
126
197
127
114
117
108
164
120
134
106
179
199
156
100
109
134
115
152
138
128
120
113
141
182
185
104
128
106
131
141
77
140
136
140
77
119
120
123
151
175
129
181
136
219
112
120
132
111
134
104
76
122
140
111
108
130
98
88
165
126
130
179
140
139
120
140
132
185
135
155
162
171
131
147
140
130
170
111
102
153
135
189
106
119
148
125
133
89
123
124
158
127
188
138
28
153
193
146
106
67
140
139
109
139
125
184
157
122
124
106
105
150
152
141
173
82
118
92
76
117
110
144
149
155
99
163
111
89
102
154
146
153
118
115
111
205
137
115
128
127
114
166
219
126
86
