# SOLE Quantized Vector 43
384
198
133
119
64
91
63
140
104
79
102
116
117
122
69
79
148
128
152
220
140
68
153
144
102
117
17
119
169
124
136
140
143
106
146
117
42
139
136
91
141
113
210
125
163
113
208
137
74
97
113
161
116
165
193
121
119
120
157
168
150
137
110
111
185
109
72
103
107
123
90
146
81
78
85
114
138
167
152
104
110
148
115
142
111
80
154
126
140
137
156
126
131
162
184
112
117
176
142
148
174
128
91
148
83
115
123
54
134
125
139
145
80
131
124
126
117
133
132
153
135
89
95
124
113
116
60
102
179
127
154
136
127
112
108
66
97
186
131
95
135
156
80
186
129
152
112
106
15
153
131
157
142
127
149
98
117
82
122
113
109
83
210
152
162
146
117
172
195
130
48
162
169
144
79
144
204
135
93
105
132
96
111
55
121
110
92
181
74
190
84
102
102
126
113
140
123
120
68
119
148
108
129
128
60
129
132
121
115
97
101
121
127
168
95
108
97
129
102
143
148
119
188
124
131
84
122
66
117
143
103
49
128
188
145
134
134
114
159
123
117
70
129
118
107
80
117
122
125
133
152
166
132
100
98
113
116
139
154
129
112
117
151
163
150
110
139
138
127
113
102
107
99
126
100
100
137
123
159
162
113
156
146
166
117
99
106
96
106
78
105
161
123
160
115
127
130
109
151
99
115
173
169
120
138
113
127
192
154
112
127
138
127
133
175
123
147
105
161
168
148
158
117
133
167
125
100
130
86
123
163
124
183
130
138
155
192
138
96
118
47
110
110
121
113
201
149
109
127
112
121
141
141
120
137
125
109
92
70
114
135
131
211
127
148
147
107
151
102
129
167
153
119
146
87
159
104
124
121
86
123
167
186
132
66
