# SOLE Quantized Vector 98
384
78
134
156
92
104
116
127
111
173
98
131
122
134
97
92
155
87
134
149
131
102
145
110
119
89
96
133
167
166
109
130
131
132
143
133
92
147
142
81
168
123
186
125
157
101
127
63
120
137
106
140
110
179
134
127
146
136
138
145
124
93
102
115
170
146
97
95
104
125
119
122
92
46
72
79
156
165
111
104
133
131
144
134
111
98
123
153
138
124
152
106
123
119
76
163
115
148
133
175
141
107
110
195
132
116
135
157
131
126
123
179
33
105
144
106
113
123
124
158
149
71
103
170
143
112
147
52
170
110
137
164
127
115
152
84
129
160
115
123
157
132
89
203
90
50
106
131
47
144
85
152
127
128
124
124
161
72
29
60
118
111
228
141
168
85
126
158
197
94
102
203
89
123
87
161
209
183
71
83
116
144
167
69
112
129
108
82
65
190
97
116
116
120
154
154
70
173
72
129
120
77
138
131
88
130
62
60
136
135
130
153
120
129
104
103
101
136
130
125
180
108
124
129
144
78
85
66
104
81
95
94
134
228
159
149
140
170
120
132
98
93
110
114
179
131
170
146
131
99
151
133
165
109
48
144
122
171
135
140
152
121
141
130
186
121
157
111
140
131
92
99
137
150
59
110
161
91
137
170
142
128
152
83
112
86
106
92
132
108
87
142
126
171
118
143
82
90
160
103
70
190
180
143
109
69
118
119
155
196
97
175
107
144
178
113
72
176
162
92
140
94
108
114
114
140
195
102
84
149
128
92
183
132
140
141
206
113
112
91
90
126
138
139
117
174
133
125
145
136
82
169
129
156
189
150
39
103
97
102
121
136
201
139
58
140
113
141
115
99
145
129
132
147
127
187
124
152
93
143
132
130
146
138
132
