# SOLE Quantized Vector 175
384
159
116
166
104
96
81
137
131
126
99
155
129
115
65
75
162
50
120
156
96
117
134
104
143
150
154
88
194
130
126
120
123
157
97
107
75
113
109
108
134
94
113
130
158
142
115
64
191
162
154
115
120
173
180
136
137
124
155
140
158
120
135
93
156
139
100
115
137
113
121
150
129
97
66
56
140
118
117
87
131
135
107
115
142
51
165
109
147
138
148
131
140
90
174
113
133
147
129
115
139
154
167
138
30
115
143
132
133
63
104
150
64
104
147
126
142
161
147
166
160
92
83
109
123
127
81
146
161
109
166
115
175
128
122
93
133
188
132
108
104
89
190
159
117
185
143
180
200
145
88
135
132
143
135
106
79
135
187
110
112
117
178
152
110
100
123
149
187
209
116
186
173
99
65
29
114
109
136
141
127
61
125
84
112
154
132
153
142
201
120
118
137
112
116
72
156
169
67
142
85
105
150
117
96
121
118
99
136
102
154
162
95
149
177
102
119
126
160
135
163
96
132
138
110
133
115
48
85
132
96
87
129
186
132
87
111
161
140
128
95
174
112
113
78
177
120
123
123
59
148
163
117
135
107
129
111
148
157
125
149
119
134
168
157
135
129
129
134
98
108
153
128
93
121
93
134
153
115
169
135
139
136
136
176
161
96
94
131
111
51
149
80
120
115
128
122
81
115
109
173
135
162
113
129
164
107
130
142
139
58
106
116
133
99
129
139
146
95
127
144
159
121
107
165
166
132
113
114
140
162
84
199
135
62
131
155
125
91
138
188
118
152
150
138
112
175
135
135
144
104
191
154
144
172
173
111
138
93
144
143
103
157
128
154
139
64
79
96
100
145
125
133
92
177
200
140
132
118
147
110
106
114
99
135
