# SOLE Quantized Vector 138
384
111
104
179
109
122
151
133
122
81
108
94
135
96
104
80
156
105
134
206
136
118
130
84
121
92
145
129
168
155
63
131
92
106
167
124
51
97
83
108
106
93
90
160
170
160
125
21
114
134
162
142
150
201
99
157
158
176
109
153
144
128
108
89
152
115
59
86
110
84
159
160
148
33
76
114
153
166
92
119
127
114
115
93
106
109
138
139
165
154
86
184
190
95
90
100
123
152
151
156
111
107
105
191
101
102
130
201
124
122
129
151
97
40
166
136
134
132
137
169
138
80
60
219
167
98
164
36
116
130
133
157
138
139
137
51
99
177
116
104
116
137
111
108
118
125
138
94
136
148
70
181
151
131
125
92
110
172
142
103
90
155
131
183
151
88
136
168
116
121
130
174
139
109
107
117
134
99
164
134
149
135
83
129
115
125
137
143
35
188
119
99
148
145
131
168
117
164
103
145
109
90
127
69
83
118
56
161
122
33
88
155
87
107
170
91
124
150
117
124
167
150
79
158
148
73
74
87
186
106
74
121
114
206
150
130
129
107
181
109
115
146
102
130
108
162
155
100
149
95
194
103
159
80
43
81
96
145
95
108
139
176
136
154
116
154
93
36
136
162
42
164
106
143
29
26
133
87
138
145
159
87
158
96
105
204
69
137
120
79
42
143
126
149
159
111
103
93
121
24
66
202
87
152
136
48
120
106
154
208
160
202
113
137
111
132
97
181
88
108
128
159
147
108
120
170
243
165
34
162
172
56
188
140
77
147
190
125
76
158
169
134
90
173
160
164
150
110
139
47
110
208
117
178
173
126
84
113
111
85
143
87
58
164
87
131
124
108
153
134
112
97
221
99
128
182
167
133
88
118
143
134
99
138
134
