# SOLE Quantized Vector 186
384
99
88
172
90
105
115
122
88
135
87
130
141
77
78
113
170
68
123
168
126
117
170
103
117
140
135
87
179
105
122
98
105
133
134
89
41
119
124
64
114
110
78
150
154
127
149
94
155
58
175
135
114
147
196
148
157
117
142
122
146
124
122
96
201
127
123
114
139
123
118
155
136
81
94
153
178
153
131
93
119
167
142
134
123
47
176
91
136
147
149
131
154
110
151
96
123
145
141
134
125
138
162
178
98
70
117
58
137
97
132
162
42
85
143
134
144
133
126
170
141
86
89
109
110
139
108
112
167
124
154
150
178
119
169
120
93
215
138
98
99
126
150
113
69
133
144
173
148
143
73
150
139
140
153
113
100
127
140
107
126
125
77
153
132
166
129
181
177
193
102
166
186
81
79
119
163
110
146
110
129
69
144
86
100
139
115
146
103
197
141
118
123
104
128
86
159
156
65
122
76
107
147
125
90
118
134
106
78
71
148
171
96
112
58
126
95
142
108
139
179
147
120
131
105
111
138
67
84
127
100
85
122
167
148
114
120
117
141
157
139
205
134
123
102
161
129
126
132
78
147
187
143
129
32
116
124
161
167
120
176
123
136
161
182
121
139
145
141
117
100
130
115
131
114
108
115
154
131
147
142
197
130
113
152
156
132
142
139
123
3
95
115
114
110
132
128
95
141
105
116
156
119
134
114
192
129
174
148
167
97
124
120
136
168
127
187
120
93
204
133
135
64
102
117
139
162
109
76
136
178
83
188
154
63
132
150
135
93
138
194
120
128
155
138
177
188
117
132
114
97
162
151
183
179
95
107
126
100
138
130
138
117
123
218
111
92
78
73
129
150
122
113
162
132
169
140
115
131
102
102
127
132
115
132
