# SOLE Quantized Vector 136
384
84
162
184
74
103
98
125
97
180
90
114
132
141
112
82
142
114
151
170
125
111
105
98
159
116
203
151
180
152
91
77
161
133
154
131
67
100
63
106
138
124
92
121
176
108
73
65
144
169
221
132
128
177
100
124
109
99
102
113
160
92
68
112
169
126
45
59
103
114
65
138
103
74
91
103
104
161
92
115
106
141
183
130
121
76
110
121
156
142
121
84
86
121
74
77
112
128
222
122
91
109
122
166
151
81
191
172
169
104
133
143
69
111
148
103
125
152
146
179
136
56
55
156
206
99
174
107
154
111
127
156
154
130
98
115
163
173
79
114
141
132
221
116
97
184
163
105
190
152
91
149
151
122
71
165
131
126
104
72
95
119
86
211
108
112
123
192
156
128
109
138
76
160
124
167
106
183
162
129
120
122
103
148
144
152
142
132
157
189
104
135
94
140
129
114
137
141
91
131
97
80
127
106
90
133
67
101
117
102
210
134
110
136
103
73
112
147
127
121
189
107
61
151
120
99
116
94
130
148
128
175
103
200
165
85
94
110
171
144
133
215
112
147
89
208
165
121
136
64
169
149
174
105
18
109
123
156
105
105
123
78
142
180
160
150
139
91
140
130
58
167
184
120
85
100
158
179
144
170
145
113
129
114
129
124
115
71
138
108
66
121
118
139
95
122
89
121
118
135
140
171
147
165
130
107
142
84
154
212
113
180
76
151
87
142
107
158
53
102
198
141
119
125
96
152
203
173
100
158
138
71
193
105
102
156
143
136
88
124
170
139
128
148
77
94
146
118
140
147
68
209
116
176
193
148
55
119
111
151
70
128
33
146
93
82
116
139
138
91
135
98
149
104
224
197
184
148
72
158
133
103
101
203
148
