# SOLE Quantized Vector 9
384
91
133
123
44
82
73
137
97
141
91
134
132
154
90
141
161
191
165
191
88
56
170
134
97
117
132
91
191
121
132
159
128
132
119
153
33
128
128
93
136
106
134
118
164
141
124
79
200
204
181
161
127
138
110
112
137
119
183
94
136
59
101
132
180
127
94
129
108
139
109
154
87
96
96
68
115
122
104
138
121
181
156
141
129
94
158
102
145
125
149
149
128
146
105
119
153
133
122
121
148
105
115
142
81
98
139
197
134
131
123
145
80
166
133
135
147
151
159
153
188
72
59
136
224
145
90
111
185
108
173
115
139
143
112
90
217
166
120
101
90
184
75
164
93
228
77
98
154
156
59
147
127
145
121
165
82
113
181
84
111
131
142
198
136
164
138
193
139
126
130
164
81
193
97
154
99
189
127
83
113
96
124
70
111
155
125
123
189
126
63
98
107
74
125
80
138
207
60
130
118
114
134
145
152
139
164
95
174
138
81
73
129
145
119
95
133
117
155
144
128
115
149
125
124
87
134
68
124
102
113
121
122
192
140
66
124
175
137
149
99
177
127
116
137
119
91
125
138
61
162
146
90
117
47
148
134
149
192
131
121
88
139
195
132
129
166
148
114
114
93
99
103
103
102
81
137
174
111
128
109
132
143
45
129
120
88
73
128
108
75
186
111
156
116
120
84
153
151
73
174
149
190
115
94
121
106
144
143
175
65
109
108
116
101
149
134
176
149
60
142
130
123
95
151
136
120
119
158
119
191
94
189
122
140
143
173
114
86
168
51
130
127
151
109
155
157
120
132
87
106
199
145
96
150
171
73
122
82
219
136
87
130
132
115
113
88
185
93
99
151
135
126
131
91
121
108
133
128
86
120
120
181
108
190
