# SOLE Quantized Vector 6
384
133
135
117
59
74
79
121
96
107
113
137
134
140
74
130
152
191
143
203
134
54
162
151
101
134
94
91
187
113
137
151
119
109
107
131
26
122
130
114
135
87
177
117
148
113
136
75
194
144
159
160
140
149
144
109
130
123
166
115
150
114
98
108
173
130
98
128
88
124
71
146
104
112
91
61
189
127
158
151
102
175
155
160
135
76
183
106
151
135
141
145
136
153
176
116
146
167
117
105
157
124
130
134
43
87
118
53
132
108
121
115
65
152
128
137
141
143
143
151
165
74
69
138
186
160
55
108
178
123
187
114
159
108
129
65
182
178
144
88
85
161
63
150
121
216
129
155
147
151
76
136
133
141
144
153
90
122
228
126
126
132
91
192
118
147
139
176
125
137
125
219
107
155
85
121
131
127
133
98
119
74
114
63
107
120
138
110
165
146
58
100
113
70
111
74
157
222
60
112
118
101
123
137
123
124
164
131
147
36
98
66
136
164
103
99
126
128
166
147
151
136
148
125
125
77
155
91
126
81
118
104
122
215
125
90
126
173
133
139
105
188
142
126
121
107
81
121
130
76
168
158
91
111
78
146
142
143
169
134
114
102
136
172
162
110
157
132
111
100
102
108
99
104
94
106
137
191
125
137
124
128
135
70
128
98
107
69
101
95
56
177
99
149
117
125
94
141
142
104
163
157
170
84
109
108
125
133
147
136
75
109
117
127
122
140
136
144
167
150
150
154
127
131
166
152
130
118
183
130
159
119
191
114
159
144
164
118
84
144
44
125
152
139
106
147
159
84
111
90
122
191
164
90
147
179
82
139
69
218
115
99
157
109
237
108
83
186
93
100
154
157
88
125
99
116
113
123
94
78
122
112
169
103
177
