# SOLE Quantized Vector 77
384
114
109
145
98
86
69
164
111
61
96
107
126
152
68
72
126
114
105
103
157
94
142
126
114
127
99
51
184
159
139
80
99
69
100
118
67
156
147
84
149
103
216
91
171
166
156
130
185
142
190
125
137
161
178
141
84
114
160
191
134
115
146
114
162
144
84
117
77
119
84
127
83
91
65
37
161
134
130
158
124
155
112
71
116
77
161
109
130
117
61
119
173
151
154
117
162
177
98
151
105
114
126
132
22
120
129
92
147
105
79
136
48
124
138
103
119
114
112
142
146
57
98
110
109
116
64
94
138
123
161
132
130
134
98
102
142
133
124
120
128
120
100
217
111
137
134
125
74
179
110
127
136
138
146
142
132
115
50
149
119
90
157
178
85
107
115
133
169
118
86
184
92
189
123
58
159
168
75
161
119
89
91
27
108
141
141
153
158
183
82
115
75
88
100
128
128
152
55
129
138
123
120
134
67
117
113
105
202
172
101
108
114
228
165
60
104
126
212
104
170
81
136
144
87
88
107
48
131
104
102
159
115
230
158
88
126
212
105
94
112
39
136
107
109
191
92
121
103
76
152
140
166
110
89
138
114
160
109
134
183
132
127
129
165
114
148
128
152
41
98
116
129
117
80
60
151
103
128
162
131
41
161
62
123
145
93
36
108
141
94
152
97
152
142
128
99
135
113
144
111
145
226
97
174
96
129
113
158
160
78
119
50
144
150
172
44
140
174
157
122
117
162
122
157
224
141
129
95
131
141
75
199
115
216
108
150
221
102
75
75
87
172
96
91
131
143
90
110
119
164
193
142
97
138
237
70
104
111
120
84
172
154
124
171
142
65
144
123
77
252
176
162
96
135
159
146
169
91
144
99
66
55
163
157
