# SOLE Quantized Vector 27
384
138
161
116
74
94
98
123
129
146
96
153
88
138
109
113
166
187
169
227
153
65
161
186
77
86
76
72
173
135
141
195
88
93
163
154
16
149
171
110
121
99
128
105
157
64
168
57
116
131
117
172
156
182
105
110
144
175
162
117
136
112
93
179
178
107
93
104
108
133
120
140
80
51
90
68
122
154
132
135
115
147
136
165
115
102
157
128
146
149
158
177
153
161
103
131
133
164
109
97
174
120
97
181
60
141
133
173
150
111
152
156
59
128
110
124
132
132
133
163
124
98
59
179
156
105
126
49
169
133
153
124
132
120
136
58
58
168
150
96
133
154
64
145
71
90
79
73
120
139
76
150
102
159
166
116
113
93
181
89
121
134
188
197
183
121
137
176
104
119
118
199
95
137
73
193
149
132
139
58
131
121
109
104
119
103
109
81
113
133
109
103
68
97
123
121
113
193
94
128
124
99
128
128
92
117
172
149
113
47
72
89
152
94
146
131
162
132
127
143
154
108
158
139
130
80
112
47
114
91
104
90
127
205
155
143
104
81
173
131
128
120
78
140
153
125
113
136
147
93
169
136
75
101
61
146
142
128
141
113
139
127
139
138
167
170
148
112
145
110
68
125
87
138
106
104
132
164
144
144
105
126
144
83
111
132
98
106
113
74
96
178
108
155
104
103
89
134
163
68
128
150
141
115
108
96
150
155
164
129
103
126
109
150
128
95
134
146
176
78
145
141
118
142
182
149
168
137
134
145
127
108
183
108
121
151
210
123
62
123
58
165
71
178
106
194
148
116
136
77
91
190
131
155
155
130
81
131
71
166
123
136
191
148
154
96
113
212
101
116
151
128
98
168
90
106
128
145
111
85
121
163
151
95
175
