# SOLE Quantized Vector 10
384
86
119
128
38
95
75
116
97
138
89
117
119
169
101
147
152
181
148
202
113
65
172
150
95
108
117
73
187
119
119
130
127
134
147
143
30
138
118
75
136
118
131
131
162
153
135
81
186
197
163
173
117
139
98
113
145
124
178
95
135
71
109
137
176
132
96
115
96
143
111
160
104
91
99
105
120
133
110
154
118
184
163
116
134
104
150
105
141
135
128
166
111
141
96
106
138
140
143
133
153
111
126
152
75
85
144
188
135
129
142
156
98
146
132
129
152
134
151
158
188
72
62
154
223
143
101
92
154
101
184
134
139
108
121
100
198
170
126
103
105
192
59
151
102
192
97
100
149
140
66
157
118
138
148
146
91
116
158
81
119
131
95
204
132
175
127
198
116
112
140
166
77
190
88
171
119
185
137
56
115
106
113
87
95
134
112
118
178
128
67
95
98
76
126
96
141
204
81
108
117
102
126
129
154
140
178
143
133
121
128
80
119
157
100
113
134
121
132
135
136
125
146
141
132
74
121
81
121
101
92
142
118
195
125
97
110
165
149
179
121
206
118
116
119
126
90
116
139
64
161
168
70
107
19
149
139
147
184
140
128
96
139
174
171
141
170
148
123
123
83
87
108
110
80
112
145
169
104
117
120
157
137
48
124
114
125
86
149
107
71
166
121
158
109
120
71
147
153
70
166
163
166
120
87
87
108
151
140
179
75
121
110
130
117
132
141
169
115
70
140
121
136
132
140
133
157
124
151
140
184
94
186
118
142
165
179
108
82
144
52
136
133
162
115
190
152
111
134
77
95
215
136
124
165
152
55
131
83
216
105
115
112
106
118
86
102
178
83
110
146
123
120
147
127
124
108
135
103
80
127
123
200
95
196
