# SOLE Quantized Vector 147
384
159
129
166
82
86
89
148
125
115
109
117
91
97
68
66
143
111
97
193
112
118
77
129
153
155
195
49
189
144
136
105
122
134
109
160
50
96
96
156
142
130
111
96
173
146
87
64
161
159
195
119
129
199
151
128
114
110
150
136
158
129
184
115
164
132
85
142
139
106
162
129
94
86
83
48
131
135
110
90
88
136
127
109
123
64
114
106
149
125
159
117
130
130
155
138
140
169
121
116
119
162
136
135
91
109
197
103
131
97
67
120
71
89
147
105
126
192
123
156
151
81
62
153
185
110
108
132
137
127
169
115
153
149
83
84
130
180
139
119
108
106
189
130
153
227
154
181
185
147
127
156
135
156
129
114
96
107
169
109
121
134
159
193
104
68
116
133
179
200
105
176
149
124
71
73
71
123
156
171
114
76
135
105
111
155
154
175
160
195
92
140
138
123
123
100
160
166
95
122
92
104
154
127
71
120
117
113
162
56
108
142
113
146
216
66
110
107
159
125
159
95
88
129
118
154
94
83
79
142
102
111
121
190
183
85
79
104
135
107
80
163
115
111
80
194
154
143
106
50
173
188
171
133
113
133
128
150
120
124
92
88
150
191
158
117
150
100
111
105
111
144
162
121
61
104
144
105
141
183
125
72
140
141
167
151
109
113
129
159
80
145
112
88
142
130
150
95
111
99
161
140
194
105
129
156
140
123
146
148
79
130
100
138
75
148
126
129
100
133
151
187
138
111
163
147
117
171
155
145
156
107
204
110
70
136
147
112
90
123
164
148
134
147
101
66
147
110
111
177
108
211
133
121
177
178
87
124
94
160
163
77
115
135
158
113
83
125
120
121
145
129
109
72
168
183
166
165
118
157
115
110
80
124
172
