# SOLE Quantized Vector 19
384
168
126
117
53
87
89
117
88
89
99
132
133
136
75
108
145
221
161
216
151
53
151
151
93
138
76
112
173
107
142
159
103
108
146
162
11
138
133
110
144
92
164
93
168
125
156
128
139
96
195
155
123
165
158
109
139
137
175
122
149
115
120
143
169
117
81
115
100
130
109
149
83
100
116
92
169
158
164
173
109
201
162
126
144
93
161
100
140
126
129
169
129
160
167
100
129
171
134
92
135
130
133
132
91
81
138
75
128
119
140
125
56
136
129
138
146
134
163
146
125
70
66
167
165
164
73
123
170
111
172
122
144
90
105
66
148
186
136
93
107
137
83
129
133
187
147
108
133
156
77
148
132
130
146
128
97
142
195
131
140
142
33
195
120
162
136
165
118
148
103
196
114
170
85
157
162
142
148
108
129
80
108
80
102
108
103
92
178
153
62
106
109
87
108
107
170
169
90
123
120
95
129
141
100
130
163
127
136
20
91
75
125
159
118
97
139
134
153
132
156
147
138
136
103
83
123
94
125
123
104
135
122
204
127
99
114
96
155
132
128
173
128
116
91
172
84
126
139
87
159
174
81
114
34
124
138
131
140
114
123
99
135
167
142
118
133
115
119
113
71
112
115
117
81
100
132
156
106
129
106
117
136
58
119
113
115
83
124
117
77
158
101
164
100
122
96
140
131
103
145
164
156
84
135
135
123
148
138
145
92
112
96
132
134
131
156
106
128
201
128
158
123
138
142
146
143
148
145
139
154
122
192
106
197
148
150
127
67
134
50
125
131
142
114
167
159
99
116
97
131
185
139
148
158
163
82
124
89
189
136
101
130
127
236
142
101
180
101
125
145
125
118
138
122
151
124
119
124
75
121
119
143
117
168
