# SOLE Quantized Vector 62
384
169
117
131
96
76
61
117
101
99
86
133
123
121
91
68
167
116
145
148
172
91
65
213
117
129
57
109
177
125
147
119
133
97
130
87
67
127
118
79
141
79
247
116
167
96
149
154
145
118
201
168
148
158
190
148
100
50
164
210
139
126
143
130
155
110
99
111
95
136
145
138
132
111
73
70
171
141
151
151
126
163
97
146
129
87
222
137
145
158
113
167
119
177
186
100
118
176
153
105
151
156
121
115
24
102
130
112
117
135
129
142
71
147
154
128
116
83
115
152
148
64
98
152
92
117
55
132
148
118
175
129
149
101
86
94
152
173
100
105
132
154
114
198
128
126
184
101
163
157
113
121
85
77
125
145
107
150
148
151
127
48
102
183
93
129
123
151
149
142
84
147
68
185
67
110
209
146
101
167
133
80
157
47
163
119
133
124
177
169
64
134
74
92
111
87
147
148
52
116
173
126
116
131
65
82
121
84
181
131
52
108
139
238
175
103
131
109
192
119
185
105
164
145
103
117
82
80
116
134
115
149
99
225
165
86
97
195
145
125
117
58
140
128
66
188
70
107
140
99
134
150
111
112
73
97
93
143
104
106
138
126
145
140
185
134
123
133
121
129
106
87
154
120
100
46
134
87
112
161
145
94
146
74
107
149
141
49
124
142
86
153
126
165
117
107
133
123
120
149
146
158
205
96
158
106
124
139
162
125
82
114
122
150
142
151
80
106
145
196
203
129
188
138
149
141
86
203
146
121
134
96
196
123
223
112
111
152
87
99
81
121
195
103
89
104
155
116
148
83
155
185
157
143
153
221
78
99
93
140
135
102
163
155
192
112
76
146
144
80
148
169
173
112
135
181
124
102
156
127
149
83
110
102
104
