# SOLE Quantized Vector 14
384
121
134
125
58
94
106
134
114
152
107
107
92
178
91
130
164
143
149
212
154
53
177
147
73
98
67
43
184
132
127
163
166
105
140
118
52
121
140
96
144
139
159
124
145
140
141
41
166
170
92
180
121
169
115
122
141
119
144
80
144
98
66
103
175
126
94
110
86
146
109
159
100
52
77
69
147
144
96
110
104
139
108
130
125
85
155
139
153
140
114
134
137
143
105
144
143
139
161
174
171
84
112
162
111
111
163
96
151
147
149
145
48
128
98
132
145
180
122
148
187
77
73
154
209
124
103
41
219
110
168
146
162
122
147
58
128
142
128
97
132
197
48
174
86
169
77
147
60
120
82
143
133
133
108
166
105
90
161
62
119
87
199
185
194
133
133
181
159
121
121
208
97
115
74
173
167
141
108
52
120
124
124
66
95
119
101
96
119
129
82
85
111
89
125
138
97
232
55
129
102
92
121
82
143
120
127
121
111
64
90
98
146
119
113
118
123
134
104
140
165
138
164
118
152
44
147
58
113
74
64
72
140
193
130
132
144
155
127
156
148
131
102
136
168
75
132
134
132
97
144
107
101
115
50
142
120
154
194
137
127
116
137
163
110
134
149
155
116
134
85
102
96
113
105
81
141
187
122
133
117
174
141
63
136
134
72
120
122
77
77
184
102
167
90
128
83
101
190
64
132
199
173
113
114
97
97
147
142
157
83
134
137
121
139
126
164
186
156
63
150
128
128
99
128
140
157
89
146
153
171
104
180
131
81
148
207
109
106
129
50
148
113
171
105
196
161
90
116
94
92
185
155
99
146
124
61
128
67
211
103
121
218
135
124
101
119
170
101
107
168
133
87
180
80
147
113
142
107
78
125
167
202
114
137
