# SOLE Quantized Vector 174
384
171
118
173
99
105
91
137
118
139
94
149
140
105
74
75
159
41
103
153
118
116
147
106
134
152
129
92
190
117
125
110
104
149
111
126
69
101
110
97
137
89
132
138
153
136
123
87
177
126
167
98
127
175
190
142
129
129
131
142
161
136
152
121
189
137
103
127
131
115
116
152
112
115
58
83
168
129
136
95
121
154
107
117
132
55
187
107
142
133
147
147
128
97
185
128
131
139
131
115
145
137
161
135
45
92
143
90
136
88
108
145
67
88
152
125
141
143
132
163
157
93
86
93
119
135
75
151
154
116
166
122
175
121
120
89
137
188
149
112
103
112
171
147
107
192
129
201
184
146
94
133
134
118
146
115
85
154
180
127
117
123
117
151
119
115
120
154
182
211
113
211
176
86
62
43
136
103
143
137
120
64
143
82
105
141
122
126
155
209
125
124
134
85
114
71
172
157
71
132
71
95
143
121
89
120
112
114
115
66
140
165
100
98
156
106
121
137
155
130
178
123
132
147
73
123
134
73
79
134
103
103
129
201
177
98
99
156
143
130
108
208
134
121
60
182
115
127
131
72
144
178
132
126
82
120
105
143
151
134
157
138
133
166
152
138
131
125
125
122
98
151
131
114
68
92
113
148
129
159
128
141
136
140
157
157
113
74
131
109
40
136
99
141
127
126
125
76
120
114
171
136
138
108
133
163
109
142
140
147
72
121
118
145
96
138
149
128
94
169
145
156
114
135
145
157
121
147
124
139
155
83
197
128
76
140
136
135
86
144
193
114
166
145
128
125
173
117
136
136
88
190
144
169
172
164
115
126
97
157
131
119
141
129
165
113
70
84
103
107
144
130
126
97
143
208
146
136
110
144
109
102
111
116
123
