# SOLE Quantized Vector 74
384
113
126
148
81
104
90
150
62
37
102
116
108
122
83
80
146
101
129
119
150
108
140
145
114
118
71
131
160
128
121
122
96
143
160
151
67
137
144
28
140
143
196
119
178
173
179
167
135
86
192
137
138
140
205
138
124
121
152
194
151
132
122
106
145
115
62
132
102
115
123
143
113
68
97
170
175
183
111
156
121
186
114
75
147
88
112
112
118
130
91
136
177
125
142
126
115
207
167
145
120
145
108
154
121
79
147
43
139
100
132
106
46
109
151
104
117
161
138
156
120
58
108
148
91
141
83
88
109
109
158
150
92
91
152
131
89
169
166
106
122
168
91
174
84
72
138
126
91
158
86
130
139
128
103
94
119
94
112
146
141
141
53
175
127
123
114
166
158
118
70
134
101
178
93
126
224
179
90
134
140
114
131
59
176
132
124
147
142
170
76
119
110
133
120
146
126
147
77
146
159
111
132
143
57
154
120
128
148
140
98
127
125
212
101
97
80
142
168
119
180
153
141
151
101
124
69
93
123
114
61
164
100
220
143
139
107
151
128
107
112
54
131
123
99
162
74
144
136
120
151
161
154
110
24
108
112
160
74
102
124
118
139
134
180
133
102
121
157
117
84
113
136
171
90
99
124
105
124
148
148
124
129
89
106
114
121
50
93
132
76
124
128
176
101
119
127
135
130
103
91
185
186
137
150
114
121
117
159
160
123
156
66
153
207
132
103
92
151
239
141
117
142
130
113
146
188
213
81
100
140
102
193
114
226
142
119
140
89
169
86
144
150
102
98
157
158
110
126
135
123
164
155
150
189
162
75
89
124
148
108
120
112
123
194
145
104
131
116
106
135
154
111
159
152
187
150
79
153
110
117
85
119
132
132
