# SOLE Quantized Vector 114
384
90
133
157
59
90
133
116
87
83
133
101
144
89
75
75
170
135
149
168
154
117
108
82
137
112
146
140
162
168
131
63
66
152
113
157
64
130
99
108
96
112
110
108
182
92
126
96
101
65
165
139
136
169
183
145
212
129
116
137
153
166
142
121
162
100
90
161
106
94
95
137
108
45
81
160
179
182
146
82
107
158
133
169
108
82
178
134
163
148
122
103
196
102
144
137
81
156
160
136
83
99
104
199
151
100
148
146
133
123
153
159
95
64
125
119
119
79
108
157
124
94
74
178
107
128
115
60
116
105
162
134
115
109
109
95
115
209
92
110
114
157
120
121
130
145
164
167
109
152
83
158
138
125
117
80
116
126
114
114
110
180
178
143
153
95
140
143
181
107
59
195
124
114
91
110
169
99
117
157
127
130
110
104
138
214
161
187
84
212
113
100
60
174
127
110
96
170
88
87
137
106
128
103
19
122
88
135
149
39
168
127
158
171
119
98
64
127
195
131
145
134
77
114
107
119
108
98
85
69
122
74
134
182
169
134
127
60
166
88
155
100
120
147
167
96
157
109
126
87
197
170
180
89
82
100
125
164
77
130
183
197
167
160
151
90
130
44
113
129
90
125
115
148
93
105
166
150
191
209
123
167
164
173
119
116
122
79
123
113
72
146
155
182
138
147
181
118
136
141
61
176
130
127
177
106
140
123
165
124
182
172
181
100
177
94
130
139
80
184
118
158
136
108
150
143
130
112
45
62
118
72
192
147
91
138
159
119
92
215
124
136
112
129
146
95
147
118
121
186
124
132
136
114
186
106
90
78
95
22
130
165
86
172
159
178
119
142
119
162
137
177
174
126
121
176
123
173
134
134
169
135
201
137
67
