384
0.25225699
-0.11947032
1.58289528
-1.46298277
-0.45706034
-0.74749827
0.02522863
-0.68914175
0.51345998
-3.06179619
0.00152957
0.07493102
0.09519465
-0.70941818
-2.71581507
0.73782098
-2.26890039
-0.13467294
1.39423621
-0.28438601
-0.50643653
0.30039686
-0.00880431
-0.09360479
-0.04536986
0.80941552
-0.29754323
3.20593572
-0.27184772
-0.49768865
-0.28970355
-0.21970475
0.25053927
2.13774729
0.24737197
-1.57264924
-0.12100855
-0.17521881
-2.78773069
0.34234357
-0.36470437
-1.17728400
-0.04674433
2.70627928
-0.12578915
-0.93850875
-1.07809985
0.70097685
1.62369275
1.93651032
-0.40364879
-0.09957780
2.54515600
-0.23668909
0.14728430
0.19192296
0.06505889
-0.08421445
-0.43163469
0.82111681
-1.41900885
0.20121881
-0.38126144
0.44220102
0.33930236
-1.34696031
0.15799722
0.37496760
-0.34228539
0.38950878
0.95902646
-0.22603473
-1.59667742
-1.75741100
-0.20691565
-2.50360751
1.16824651
-1.02294040
-0.72425950
-0.18058518
0.99002683
0.16435938
0.19565555
0.17033115
-1.25751448
0.14615071
-0.76996553
0.40959173
0.11776745
0.26248366
0.04232823
0.11739376
-0.44583684
-0.91698068
0.02121557
-0.09295313
0.43735737
0.18501836
-0.15620469
0.16009614
0.14607018
0.68424374
0.90106612
-0.44281253
-1.61802602
0.48109594
1.05060303
0.54045331
-0.54784739
0.00416279
0.92305154
-0.82356739
-0.31551048
0.40174282
-0.17558868
0.48428047
0.48380792
-0.13642089
2.35355902
1.05454957
-1.19877875
-3.46291327
0.64690423
1.39938045
-0.30495405
0.27080294
0.19803637
0.31767860
-0.19095771
0.68322694
0.19049682
0.51922333
0.06489746
-0.78422886
-1.05566406
0.52825761
1.65895522
0.26056367
-0.42725438
-0.75063473
0.60983878
0.64545190
0.18913275
-0.40425026
1.06751239
0.09691171
0.30381885
1.25815046
0.54488093
-0.86297917
0.76207346
-0.05923462
0.11119854
0.21064974
-0.13082518
-0.83253723
0.07956995
0.12578362
-1.29182816
-0.52742028
0.06355578
-0.28184807
1.53570294
0.03354384
0.06763391
-0.09175977
1.68479538
1.02012682
1.68623853
-0.29369372
0.14693415
0.15202916
0.39079049
-0.36366755
-0.37836456
-0.23025477
1.60133171
2.07394814
-0.12935978
-0.03393967
-1.67152083
-0.09142859
-0.20915413
-0.29202896
0.59424067
-0.23312366
0.19365798
0.10246737
1.82823348
-0.12031156
0.14888641
-0.03296451
-0.08050045
0.20770532
-0.24500391
1.34343600
-0.04315686
-1.09498096
0.06575609
-1.47046387
-0.65114909
0.31996953
0.01690338
-0.65804410
-0.23519062
-0.53883088
-0.21142060
-0.21561827
-0.22220695
0.21534114
1.20800614
-0.28666472
-0.29097241
0.04126773
-0.53429174
-0.38057068
-0.04993502
-0.07028770
-0.12351547
1.18987691
-0.14685424
-0.62541133
0.34569854
-0.21706471
0.01809874
-0.28353193
-1.74942172
-0.29905266
1.37454057
-0.85519886
0.27268931
0.18257961
1.54517782
0.43455827
-0.90833569
-0.77450728
-0.32350004
0.74982017
0.10435738
-0.06929801
1.16489673
-1.13158679
0.19149244
-4.45256758
1.85880899
0.51699942
0.15284464
0.23212720
-1.71126294
1.07634938
0.61417985
0.00635820
-0.06269795
-2.74971867
-0.00590361
-0.60181504
0.89582115
0.51990855
-0.21565664
0.31219101
-0.03756689
0.12529677
1.26983845
0.51879543
0.96479958
0.26539308
-0.26321542
0.14005846
0.15130772
-1.74993265
0.43363002
0.08481382
-0.64101017
-0.39358807
-0.63500535
0.28580210
0.15976530
-0.04969293
1.03426838
0.33197641
-0.14690113
0.28839359
0.17983004
0.88897437
0.36592233
-0.09619714
-0.44405907
0.07250676
0.12070331
-1.74716926
0.79846919
-0.28321534
0.10082169
-0.07687552
-0.19177113
-0.06317250
-0.93539345
-0.22107960
-0.11039236
0.63650602
0.79748714
0.03995612
0.75698912
-0.04623198
0.25374338
-0.70678532
-0.14700392
0.74407381
1.59174144
-1.27248514
0.30112243
-0.26327765
0.03652856
-1.21603990
0.08786081
0.44505292
0.86987829
-0.60133368
-0.91231561
0.01148345
0.60920346
-0.14292440
-0.21586844
-0.17194384
0.18313144
-0.59488434
0.27328581
-0.85328549
-0.00587139
0.68889380
-1.59325087
3.61175990
-0.11240390
-1.38864064
0.08813439
0.62066209
0.06467306
-2.79201746
0.38102776
2.09200478
0.11909165
-0.30618310
2.47754908
-0.03706391
-0.05709691
0.64105207
-0.09625910
-0.26694062
-0.21583934
-0.35746229
2.25393748
-0.17147705
1.64134932
0.86321473
0.53054816
-1.55266273
-0.18727781
-0.98840129
0.43521070
-0.21081671
-0.37113973
-1.26488090
0.10593599
-0.59812486
-0.33879203
-1.31888092
-0.43762571
-0.12273440
-0.42564261
0.19688401
-0.22191305
0.17982835
-0.17383069
0.17208585
0.95253956
0.36160833
0.23677434
-0.30176458
0.45715183
-0.25681594
-0.43728089
-0.56515551
-0.09672248
0.16900727
