384
-1.46718979
0.05847936
0.46101102
-1.00036871
-0.65499783
-1.51533127
1.12100792
-1.71783018
-0.51128185
-2.99257326
-0.36315024
0.11860631
-0.37669808
-0.96047741
-2.58202600
0.10600735
-0.58789515
0.34214029
-0.81542158
-0.61405545
-0.96049380
-0.40890786
-0.05888376
-0.15512815
-0.94430423
-0.35640693
0.29787016
2.81909370
1.46274209
-0.28523761
-0.61452740
0.42372644
-0.26400602
-0.00973299
-0.01841940
-1.12960839
-0.25399336
-0.21932544
-4.07094860
0.52147663
-0.60479629
1.33987844
0.04924900
2.90810943
1.78984952
0.10943918
0.58778733
1.29466939
1.56888056
2.35741997
0.29471105
-0.15010084
0.98675919
1.00356817
-0.69192219
-0.33382809
-0.73263991
1.18611717
1.86339569
1.08238935
-1.98187685
-1.08559990
0.67397350
1.21109068
0.21062842
-1.48983383
-0.10527679
-0.75652432
-0.66856641
-0.06559616
1.14890146
-1.16041493
-1.31701505
-1.32060623
-1.50276136
-0.94563955
0.90141523
-1.15864766
0.58823228
-0.77393162
0.69656199
0.09188911
-1.51002479
-0.09570621
-1.06030166
-0.38047975
-0.19238985
-0.51001763
-0.25277707
0.08506629
-0.11424612
0.27238971
-0.20492962
-1.01625514
0.04694141
-0.26892400
0.65907753
-0.07954753
0.52032632
-0.11628190
-0.82310462
-0.06645673
0.70251220
-1.22967744
-0.95111227
0.67366827
0.54292601
0.13875060
-0.17401999
0.06554788
0.48844904
-0.90209740
0.72180891
1.47276950
-0.63024980
-0.00476895
0.61402667
0.25999859
1.58649755
0.30288115
-2.21621990
-1.91162276
-0.21191165
0.40510756
-0.39732414
-0.98423213
-0.54936606
0.31474680
-0.77768987
0.08866732
0.08077566
0.42369413
0.13363989
0.02482110
-0.26961613
1.22091532
0.18531770
-0.03683849
-0.28857085
0.54845399
0.38540667
-0.13688423
4.74686575
0.11001894
0.10686553
0.03122436
-0.35641882
0.22801590
1.52806497
-1.02719891
0.11723065
-0.36463949
-0.40258244
-0.75361216
0.09570244
-0.17048150
-0.33026859
-0.98437434
-0.74002099
-0.86208999
0.25745940
0.65393817
1.03048992
-0.61335385
0.42773342
-0.56633043
0.85585457
1.45079017
-0.54054093
-1.21364427
-0.16445249
-1.01622701
2.12460375
-1.26905394
-0.39081451
0.57121730
2.54608393
-2.55205059
0.47670498
0.70981836
-0.78550148
-0.21623352
-2.36851120
-0.39385077
0.75878471
-0.29142007
0.74516362
0.26627856
1.10735285
-1.20106947
-0.39702103
-0.28060505
-0.30766654
0.05196545
-0.10170158
-0.71779370
0.20273525
-2.22733283
1.65981948
0.86681837
0.18959521
0.76558316
0.93647909
0.04653680
0.62293112
-0.20157260
-1.41297007
0.77424133
2.87058997
-0.09084439
-0.41019836
-0.25193557
0.89839095
0.67199421
-1.33306026
-0.02719018
0.69640601
0.93055683
-0.14198391
0.75515145
-0.11906320
0.34635085
0.29561028
-0.08764766
-0.21413216
-1.01716447
-2.06007028
0.18021682
0.26531792
-0.87730479
1.54012680
-1.41578805
2.28795433
0.08449435
-1.95139146
-0.35972983
2.25690627
-0.14642552
-0.72647232
-0.48376173
-0.76172161
-0.54224443
0.18054794
-1.04159844
2.34914970
-1.00926471
-0.23484689
0.34959981
-1.15649807
0.89633131
0.27699912
1.05969024
-0.61151165
-2.69227886
0.09641057
-0.63613236
1.87655592
-0.41967067
-0.01135226
-0.31530881
0.28153580
-0.02103831
0.36592954
0.08550957
0.44965309
0.78066993
-0.22608155
0.87358469
-0.60592574
-1.06839335
-0.86274260
-0.04879497
-1.07967186
0.19469556
-0.47781301
-0.39375082
-0.23063530
-0.24625199
0.55756050
0.31818861
-0.73199642
0.98653412
-1.06494188
-0.21499035
-0.15060729
-0.24126038
-0.97586501
-0.07461667
0.56715029
-0.86601996
0.52874953
0.28745082
0.00957609
0.91889971
-0.29588041
-0.36108565
0.48965448
-0.11512980
-0.50454724
-0.11508396
0.79278082
0.98936105
0.17206284
-0.33705041
-0.15040477
-0.39553174
-0.52081043
1.69879293
2.00170422
-1.72166371
0.87165838
0.04861881
-0.30371252
0.39951667
0.56229895
-2.42461061
1.25445604
0.63188809
-0.74047732
0.42389256
-1.83004081
-0.06345412
-0.26867229
-0.25550732
0.78128177
-0.25344852
0.10095519
-0.91586971
-0.86312872
0.80688131
-1.06046724
3.65579891
0.43118444
2.39807820
0.34259158
0.01269990
0.16487698
-1.52220738
0.11012652
-1.13787150
-0.38252020
0.88166976
-0.98505574
-0.26339120
-0.03804983
0.46700710
-0.17614318
0.20580080
0.33064431
0.41747829
1.50257742
-0.34661785
0.43947184
0.59091061
2.58460712
-2.39030671
-0.51101583
-0.31542867
-0.33978006
0.90403086
0.00522164
-0.37501651
0.54115933
-0.40602988
0.53715646
-2.38486195
-0.12736873
0.52017164
-1.00584328
1.63487303
-0.01627672
-0.49922487
-0.15604010
0.54936790
0.89714271
0.11394697
0.24012393
-0.18116605
-0.81557232
0.72202951
-3.13920164
-0.41662967
-1.05919564
0.08458929
