384
-1.16270745
-0.13085341
-0.00098020
-2.48821974
-0.91969824
-1.47096956
-0.32969657
-1.70229626
0.13871557
-2.15467858
-0.15237793
-0.11960796
0.56150544
-0.74543715
1.04172540
0.67489398
1.44903266
0.26969463
2.03114200
-0.20574875
-1.72428346
0.60058594
0.30137846
-0.90098751
-1.11323655
-0.30606824
-0.76041448
3.27475595
-0.48356387
-0.24782260
0.02384323
-0.01106437
0.07740011
1.06561196
0.20150152
-2.71093774
0.14162526
-0.13097912
-2.92634821
0.21114820
-0.14444327
0.07487866
0.03884065
1.84889722
0.68478507
0.19992042
-1.30805230
1.60485172
1.89536381
0.95858449
1.25045848
-0.28992665
0.58498526
-1.62651265
-0.40463367
0.22890168
-0.06049067
1.37978435
-0.91319299
0.19560172
-1.58333397
-0.25515780
0.12778397
0.66651583
0.10379560
-0.88825059
-0.17641424
-0.87209505
0.40672016
-0.22750470
1.77094102
-0.33684102
-1.02984357
-0.79595876
-0.63246810
-0.46792448
0.26034558
-0.48934817
0.70656526
-0.13174918
1.54016113
0.48699558
-0.32231432
0.16479650
-0.65653193
0.30170602
-0.62555420
0.37148720
0.18142433
-0.00536400
0.52045536
-0.22904706
0.17557448
-0.87197483
-0.30172274
0.28101447
0.16359459
0.20323941
0.14654522
0.69561577
-0.23374934
-0.05412229
1.33587289
-1.46602798
-2.35084438
0.21979432
0.83307379
0.18232393
0.01557313
0.37827384
0.77030414
-0.41561306
0.24638581
0.10288531
0.02363187
0.67170781
0.08842991
0.31250721
1.64414096
1.66556907
-1.54971075
-3.62752914
0.35581210
2.62219024
0.41177472
-0.73181200
-0.98796064
0.36255366
-0.74362296
1.53097951
0.15687269
0.15143958
-0.28138077
-0.19739142
-0.76730305
0.96314681
1.15181172
-0.03278181
-0.69337368
-0.63704813
0.88018548
-0.95741194
1.24940467
-0.36398929
0.88324612
-0.42974764
-0.38555968
0.28980774
0.32498199
-0.85326618
0.80039108
-0.27347729
0.13553266
0.27979597
0.24194583
-1.00987315
-0.16131227
0.40945438
-1.29631674
-0.25589818
0.03590347
-0.90474343
2.08854675
0.10126133
1.30218947
-0.01797187
1.91712642
-0.33329898
-0.44062674
0.32733637
0.52663159
-0.70826781
1.69899166
-0.55586463
0.59530807
-0.12718359
1.56873941
0.52252781
-1.97536731
-0.36231863
-1.21135056
-0.20379375
-1.12510395
-0.44830927
0.17580211
-0.44604221
-0.14057925
0.68588513
-0.00328434
-1.69100904
-0.92157668
-0.41474697
-0.71491253
-0.06736474
-0.43641716
0.69879758
2.08385420
-1.28491199
-0.28117424
-0.29757363
-0.71851200
-0.05048048
0.01775134
0.71739340
0.16782093
0.68662924
0.21178724
0.06573167
-0.20041877
0.00109033
-1.32883751
-0.12408087
0.40617803
-0.38040501
-0.40839154
0.17892906
-0.18121482
0.05059412
0.18429674
0.21449322
-0.08447540
1.00535619
0.34626770
0.04944259
-0.74544901
-0.09454702
-1.28555024
-0.18961461
-0.75694513
-1.00336325
0.39526743
-0.53423226
1.85099447
-0.04011883
-0.85906065
-0.48707995
1.03010285
0.57542408
0.69976544
-0.09596965
1.07322299
-0.26753783
-0.32385755
-0.47367480
-0.05863929
-1.04947960
-0.33669227
0.30879495
-1.77529919
1.84236515
0.55507076
-0.79333615
-1.15367746
-2.99774885
0.57253671
0.31318113
1.06135225
1.53193915
0.31851718
0.00687878
-0.43909335
0.62061560
1.26583982
0.58848703
0.36305332
0.58143246
0.54916239
-0.12820011
-0.06562284
-1.24553359
-1.12543118
-0.26880533
-0.50254095
-0.66035390
-0.22160518
0.47833690
0.56651765
-0.33139238
-0.29488236
-0.21708140
0.40188745
0.25916058
-1.09558201
-0.09698822
-0.18788952
-0.03724928
-0.58180958
0.29298019
-0.28516233
-1.57479346
1.03636062
-0.10332714
0.41772380
-0.52436686
-0.42414263
-0.78375906
0.51985049
0.69571251
-0.80325586
1.05168462
0.95731252
0.52739513
-0.20746742
-0.56742001
-0.56779826
-0.54528654
0.31462881
0.68243474
1.40481746
-1.47277021
-0.18646538
-0.24614163
0.12498093
-0.29677045
0.09990945
0.35626599
1.12135172
-0.17674468
-1.59621978
0.16473536
-0.36663917
0.10606803
0.06098525
0.33139664
0.06667428
0.40059924
-0.03057638
0.31907421
0.15887818
0.77256680
-0.94279420
3.17811298
-0.27227548
0.38616431
1.02086830
1.40872896
-0.27552089
-2.55455446
0.21617134
-2.09735012
0.10391602
0.13749228
1.87469459
-0.17317092
0.85788286
0.65494400
-0.23455182
0.15729083
-0.69749510
-0.46024397
2.40445852
0.10611810
-0.10313475
1.02270985
0.65409184
-2.00549364
0.07262003
-2.49945283
1.21494889
-0.31090724
-0.18378989
-0.44507134
-0.30322817
-0.14361709
-0.57775462
-1.40959120
0.68658519
-1.24370289
-0.50413054
0.48493358
-0.06946142
-0.10601965
0.53494632
-0.01715386
-0.05658048
-0.56445962
0.09851456
-0.34834078
-1.31058538
-0.02036104
-0.26417574
0.99808764
-0.46067739
0.93517637
