384
-1.34186637
0.17583914
1.39703465
-1.35142493
-1.34557498
-0.80548823
-0.43686497
-1.27266204
0.11269354
-2.24155855
0.20667966
0.08312016
0.28158054
-1.18349111
-2.84982061
1.01094151
0.07558292
-0.32144505
0.95411420
-0.25768399
-0.47300267
-0.19340396
-0.19797830
1.68078518
-0.22765362
2.69413042
0.46623233
3.11666107
1.73702502
-0.24591672
-0.70724308
-0.29881859
-0.19171375
-0.22702038
0.48448026
-1.51333606
-0.06061165
-0.69179618
0.08825612
-0.27808335
0.11390703
-0.90163070
0.25865987
3.03989434
-0.41577375
-1.77653074
-1.59226537
0.08012277
1.55208540
2.75610733
-0.11714727
0.96687639
2.25057030
-0.75910437
0.32701823
0.35408279
0.32192835
-0.43456113
-0.82731009
0.83410943
-1.44194555
0.12289795
-0.78291190
0.63608801
1.18899751
-1.87714815
-0.01400026
-1.08937907
0.23320365
0.03810379
1.18321371
-0.25923091
-1.60938430
-0.72173232
-1.70166588
-1.63090301
1.17622554
-0.98521876
-0.78812629
-0.00923289
0.29889143
0.06252595
0.69693911
-0.09888273
-1.41288412
-0.69707477
-0.47514594
1.18403411
-0.30922428
-0.01310871
-0.28508171
-0.97924012
-0.12135407
-1.46830392
0.06254765
-0.77758849
-0.39442393
-0.07504946
-0.56505471
-1.11470783
-0.22676666
0.73528141
1.32387710
0.85328889
-1.73644280
0.69202250
0.90539187
-0.25623778
-0.76603556
-0.98608834
1.50069225
-0.55864078
0.00083494
0.52306932
-0.77734154
-0.23895057
0.40934798
-0.02262196
2.21717834
0.94711089
-1.65011477
-4.30285406
0.60927129
1.84969676
-0.70132518
0.69859505
0.00109529
0.28392276
-0.06839931
0.71315354
0.48341882
0.47933689
-0.40711266
-1.20097733
-0.29456857
0.82360029
1.74572480
-0.65496612
-0.21146496
0.37194067
-0.58811629
0.59510410
-0.01560557
0.51804084
1.08037126
-0.25655261
0.38606894
1.37743545
0.32833225
-0.32898757
1.21073830
-0.94926465
0.39789501
0.51292348
0.94860756
-0.50251341
-0.27383146
-0.70354390
-1.08180404
-1.45534050
-0.44884574
0.25505003
1.76591837
-1.06992459
0.10306713
-0.13065940
1.04285181
1.31031251
0.08860615
-0.42464578
1.02364361
-0.13654229
1.01609266
-0.89113855
-0.20924427
-0.39262956
1.65241444
1.29320216
0.72118378
-0.11245116
-0.97690213
-0.27950507
0.45953774
0.18743339
1.61601162
1.04350233
0.55145311
0.68720949
1.78809786
-0.97823197
-0.85512578
0.40526277
0.51420259
0.28484046
-0.86098593
0.45317745
0.55797279
-1.67555690
0.35046795
-0.70691252
-1.09742630
1.04243588
-0.21130967
-0.80640221
-0.22299923
-0.80896437
-0.14684749
-0.11925802
-0.33111495
0.19538087
0.17135586
-0.00972674
0.24737348
0.25897041
-1.38831186
0.32918942
-0.21476091
-0.07542154
-0.16257274
1.30457282
-1.49529958
-3.70817828
0.31653553
0.07690961
0.52041727
-0.28245878
-1.50098252
-0.24117753
0.74253005
0.52612686
0.48262292
-0.97723413
1.79335177
0.45981872
-1.92234945
-1.38179743
-0.26249489
1.02454805
-0.03155310
-0.33609492
1.07354057
-0.75184768
0.10136174
-1.11552620
2.74744534
1.15516555
0.41847131
-0.26428446
-1.99509740
2.62285805
0.86303681
-1.05439746
-0.76369214
-2.65170383
-0.51159257
-1.03488410
1.53428876
-0.58234328
-0.74915236
0.52427131
-0.31337672
1.18700325
1.98445153
0.30407730
0.10840428
0.23972732
-1.21090162
1.02810776
0.00052343
-0.89966398
-0.72176832
-0.00751705
-0.29001671
-0.49577126
-0.58150733
0.89215159
0.23306055
0.50776649
1.26858711
0.72636294
0.12461686
-0.26719734
-0.30002308
-0.63794458
-0.56289607
0.10208903
-0.35611743
-0.15646103
-0.35302246
-1.22924590
0.45434004
-0.29921564
0.15478167
0.66971660
0.76288497
0.35193309
-0.17711197
0.06698912
-0.35008115
0.58704579
0.40876538
0.43482822
0.27553943
-0.14990383
-0.38896495
0.24063775
-0.02189273
1.28021848
2.23554015
-0.89976537
1.11597753
-0.08506572
-0.91404343
-1.22605133
0.75067586
-0.69239444
1.67958903
-0.19650578
-1.17609811
0.25374445
0.88171136
-0.14053950
0.50200206
0.36177367
0.25705805
0.42993829
0.07207875
-0.63782954
-0.16673134
0.54200977
-1.32422662
3.80961347
-0.16543837
-0.97484881
0.02989146
0.37749869
0.00246534
-1.91791368
0.53829336
1.02258646
0.50926262
0.40384659
0.78926373
-0.44214144
-0.52966797
0.05582848
-0.23342617
-1.18694019
0.95476985
-0.23932099
1.59036410
-0.71986961
0.55947006
1.65882850
0.86138439
-2.20102668
0.13870975
-1.39791775
0.09985512
0.41515115
-0.28292787
-2.18616557
0.53859836
-0.74939901
-0.21460868
-1.46987462
-0.03465206
-0.27219719
-1.55850935
0.27236283
-0.39702988
0.18018860
-1.49563873
0.37634602
1.52929485
1.04991615
0.61671019
-0.73869008
1.18529570
-0.29569814
-1.39264584
0.05317524
-0.21966830
-0.46203956
