384
-0.68582737
-0.09234892
1.26289535
-1.40594268
-0.11529125
-0.02010196
0.76025116
0.46292412
-0.25496778
-1.68446016
-0.18837544
-0.20362559
-0.04957947
-0.94990367
-2.63548541
0.70826435
-1.49912453
-0.27279925
1.94283390
-0.24053007
-0.62716794
-0.38618082
0.02094989
-1.37918043
-1.19185579
0.10316795
0.17425761
2.39530635
0.58128309
-0.39050961
0.28843191
-0.32292125
0.25574821
2.74719286
-0.08617824
-2.52987814
0.20420338
-0.44787604
-1.44978118
0.07023817
-0.33034182
-1.29938817
-0.26016313
2.23782682
2.03212261
0.24915117
-2.07016754
-0.21237004
0.70227432
0.73654532
0.28362820
-0.81310833
4.34594727
-1.21172798
0.63710487
0.17777054
-0.24900740
-0.81093049
0.39659661
0.27217206
-0.16967826
0.14544284
0.32631630
0.38443589
0.15985256
-1.17754030
0.30575413
0.20521712
-0.71758771
0.38823459
2.00200558
-0.52158678
-2.25083542
-1.47766042
-0.21631044
0.18812367
2.00012183
0.11624710
-0.43224204
-0.06754912
0.35870805
0.51316047
-1.90606558
-0.97084892
-0.54054302
0.15870288
-0.33790472
0.57103860
0.02996540
0.13497639
0.28419864
0.14212584
-0.08591534
-0.99197161
0.34518045
-0.42541686
0.03325436
0.33252084
0.33280763
0.27397498
0.18487406
0.01584645
2.70876884
-1.30714941
-0.97451490
0.09379557
0.10046512
0.51592332
-0.43758076
0.86200130
1.09392822
-0.43571991
-0.64888090
-0.02429704
-0.35976464
-0.47170702
-0.14315972
-0.02554944
1.66978252
0.41198856
-1.01869559
-3.59235287
1.05237257
1.02156949
-1.03795028
0.65051186
-2.18866205
-0.06985870
0.05290191
0.38191062
0.10718557
0.27569088
0.24888319
0.32160771
-2.47956586
-0.21919203
1.12917256
0.22034159
-0.81124312
-0.45551640
-0.51264668
0.28719977
-1.11161280
0.82721663
0.54173744
0.21576247
0.12569247
0.55665284
0.45036942
-1.00266147
1.05640936
0.46660301
0.01157208
0.19779292
-0.77894127
-0.67912996
-0.39076388
0.02484500
-1.10282755
-1.06721544
-0.40991959
0.38293374
1.40662742
0.60641581
-0.66831374
-0.28465471
0.81104410
0.35622078
0.60052860
-0.77531731
1.22335565
-0.95560139
-0.76077580
-0.37925661
-0.10269943
0.20534003
-1.23889124
2.33974504
0.35943916
-0.32695913
-0.17676836
0.13729483
-0.73727429
-0.42189986
-0.18214425
0.22208163
0.42997721
-0.05008095
1.76535201
0.12929732
0.06490895
-0.24583948
-0.00271231
0.51092899
0.33961606
0.24900372
0.39234287
-0.59038687
0.26578817
-0.77645159
-1.17692137
0.00325734
0.19089825
-1.85447574
-0.30564713
-0.75297594
-0.04537103
-0.32804084
-2.85295820
-0.29515570
1.07733655
-0.32881570
-0.69788772
1.13316035
-1.28157687
0.80723488
0.36965728
-0.11850026
0.20614155
1.34876847
0.75500047
-1.27709007
0.55216169
0.28849563
-0.48214018
-0.48059791
-1.55175686
0.75416905
0.62337357
-2.33498526
-0.65929878
0.03643890
2.14424729
0.44166303
-0.46310115
0.10812005
-1.05494821
1.18859124
-0.52462995
0.01460767
0.44728050
-1.10659194
0.42173934
-2.56782198
1.17040467
1.11193335
0.38697395
-0.27695316
-1.50967336
3.04958272
0.06743106
0.38277259
-1.63917804
-1.91810107
-0.20717621
-0.84619379
0.73356652
-0.34895575
-0.84754568
0.11585345
0.06914701
0.61821240
0.70213175
0.38979036
1.29825115
0.20493673
-2.21489191
0.18928327
-0.04979032
-1.65931952
0.31682608
0.28542265
-0.74728417
-0.78800946
-0.70987850
-0.25530070
-0.37047255
-0.25801533
0.60454881
0.78855920
-0.41983598
0.56608111
0.04735747
0.38821211
0.43621796
-0.42356637
0.14305392
0.00425838
0.06352034
-1.88713813
0.63059270
-0.30349657
0.22472042
0.38266852
-1.14682913
0.05265431
-1.49296427
0.79189467
-0.01209446
-0.85620427
1.28510618
-0.38663751
0.52483082
0.16921589
-0.12330353
-0.58150578
-0.07125619
0.74266112
1.26656008
0.71456480
1.90885115
-0.12123847
-0.14371489
-1.06439161
-0.25242531
-0.13843235
1.76980007
-0.42590046
-0.60535538
-0.18787563
1.92646790
-0.38315329
-0.59111875
-0.47895989
0.10875387
1.42677546
0.12827721
-1.36350942
0.42539233
0.76461917
-1.43444979
3.30305147
-0.40249455
-2.01305890
0.31993881
1.85138130
0.55782944
-3.23320198
0.12694900
1.46224380
0.01917641
-0.66116548
3.56006098
0.04335138
-0.10478531
0.27149999
0.07194113
0.26292774
-0.44557482
-0.29895380
2.16980171
0.12216410
1.50555658
1.50359035
-0.20706612
-1.66779041
0.24601148
-1.17784607
-1.01093328
-0.32906073
-0.25561506
-1.28875983
0.16888449
-0.54649729
0.24994512
-0.20259857
-0.58520079
0.27517191
1.01658916
0.03016602
0.25973141
0.10669805
-0.13792783
-0.38976231
0.93562675
0.17115611
0.16337124
-0.46372691
-0.36261839
-0.17548083
0.97670490
-0.70515633
-0.39187461
0.06090569
