384
-2.04826212
-0.08477985
1.64052415
-1.56851470
-0.06933263
-0.74345434
0.74699247
-1.63809395
0.58664495
-1.67249966
-0.85235262
0.81263959
-0.21380889
-0.05925035
-2.10607147
0.74824041
-0.44101432
-1.03201890
0.28612930
-0.19104743
0.04975712
-0.21393013
-0.34643334
-0.63477647
-1.60774815
1.29178607
0.16091929
2.26092339
2.01851487
-0.55753040
-0.28549907
-0.98851889
0.76463115
1.90687513
0.29172403
-2.22639179
0.69579089
-0.36587894
-2.28646851
0.03212974
0.15963462
-0.41630214
0.65685445
2.20523477
0.36703974
-0.75259542
-1.44205141
0.24559769
0.39762640
1.79029894
0.14624891
-0.33037224
3.21842861
-1.61395001
1.77586484
0.12178984
1.14234555
-0.70940328
0.58091944
0.79947180
-0.17103358
-0.80297983
-0.42996255
-0.10885330
-0.02836655
-1.64010596
-0.05177368
-0.47130877
0.11380598
-0.53585428
-0.16723150
-0.96570146
-1.58736956
-0.95770800
0.09329036
1.39268446
2.62900305
-0.71511310
0.22970587
-0.57072723
0.78772295
0.35554436
-0.33560112
-0.82337219
-0.64539903
0.39746037
0.61026382
1.44405675
-0.10671883
0.30794924
0.04659592
0.35984120
0.21619056
-1.83070922
0.38577282
-1.52833831
0.54846758
-0.31555232
0.84965211
-1.11656535
-0.60543734
-0.17604721
3.66864967
-0.27088523
-2.56339598
0.39340341
0.97441500
-0.32823962
-0.02433594
0.79645771
1.13214350
-0.09418121
-0.69602740
1.00820422
-0.74671173
-0.04617598
0.23276785
-0.21276107
2.41677284
0.36434260
-2.07711911
-3.30528164
0.40391892
1.66420317
-0.04902235
1.13035965
-1.90945148
-0.70875394
-0.68815684
-0.53834915
1.06009471
0.12869622
-0.50734770
-0.27664179
-0.78380698
0.01684484
1.37508905
-0.74333942
-0.99132651
0.11015092
0.21329293
0.54169321
-0.03696287
-0.49466595
0.24688855
0.48555434
-1.14034224
0.39732116
0.98349750
-0.94779861
1.35545731
0.46219581
0.22525065
0.30147859
0.18300369
0.54080498
0.28119332
-1.12525713
-1.01822281
-0.63278615
0.07560121
-1.57460403
1.86718869
0.19854125
-0.81439048
-1.04818046
0.66127312
0.63746083
-0.89285874
-0.61324233
0.20960885
-1.18266487
0.74202788
-0.58031058
0.34905389
0.10698003
0.51857322
1.30171156
0.21140540
-0.77835816
0.78158140
0.26710224
-0.15452760
0.87626326
0.03357306
0.55009228
0.11080605
0.65062582
1.61041737
-0.72498953
0.70622307
-0.63974738
0.65180165
0.68873847
0.17175367
-0.18474475
0.84981441
-0.34581643
0.06314740
-0.34605768
-1.07318485
1.23675597
-0.78956884
-2.21845937
1.17197776
-1.13292444
-0.07488545
0.85045129
-1.09241676
0.15030019
0.34806481
-0.02177347
0.52350247
-0.19694282
-1.29407299
-0.86008441
0.23358431
0.45152837
-0.09606062
1.47608995
-0.82218432
-3.74483013
-0.07060525
-0.34530795
0.29732612
0.01607415
-1.12874222
0.65898627
-0.09594867
-1.01415753
1.46308494
-0.88713646
2.64428449
0.72184992
-0.19181548
-0.63010055
0.55022007
0.33675879
-0.26343834
0.20806620
0.76965380
-1.03923106
0.61492753
-1.12661862
1.94170201
0.48615044
0.35377094
-0.28009993
-1.43046153
2.95820379
1.47360754
0.71533072
-2.80660582
-2.94358659
-0.58131993
-0.34927154
1.98003387
-0.98715758
0.80247366
0.46793410
-0.21545020
1.42657447
0.56109720
0.15781862
0.71806490
-0.13321079
-1.22489905
0.30891103
0.25709277
-2.01505327
0.27910930
-0.96552610
0.32984871
-0.49298975
-1.22978079
0.51472503
0.27340877
-0.07471958
0.97569251
0.18399838
-0.77192557
0.05466047
-0.56594253
0.07046115
0.20783639
-0.00266150
-0.20396087
-0.42535537
-0.22705492
-2.31137013
-0.36622944
0.58730328
0.69165272
-0.63061833
-0.13813207
-0.46561119
-0.83071470
-0.43600237
-0.80726105
-1.64326072
1.04336262
0.35779402
0.89989728
-0.28111857
-0.81543326
1.09228146
-0.60869819
1.45927811
2.49924922
0.01569754
1.96164227
-0.15728138
0.03003559
0.00029945
-0.58572257
-1.44083107
0.56651855
-0.19565633
-0.19449858
-0.42132306
0.03259024
0.58551419
0.54323196
-0.59596205
-0.27851000
0.97083467
0.25867265
-0.64298463
-0.18293276
0.23885247
-0.85252053
3.42920041
0.00034694
0.06003449
-0.04159784
1.28004801
-0.15715879
-2.37624335
0.73414886
0.53910482
0.31114584
0.19075015
1.48747063
-0.15076670
0.43579194
0.86752492
-0.45414376
0.61950332
0.25410640
-1.39030087
2.03975201
-1.00227821
1.85887814
1.74139655
0.55582708
-2.49764442
-1.05960786
-0.22384518
-0.13156700
-0.06043537
-0.54116040
-2.72869015
-1.14686000
-0.28941965
-0.43380809
-0.60648638
0.16881885
1.06138229
-0.44378257
-0.07659400
0.50002611
0.43781555
-0.05508646
-0.56995475
0.89292520
0.21009335
0.46754211
0.21254948
1.21797681
0.53897899
-1.48231864
0.16723952
0.35417795
0.85499990
