384
0.28499335
0.27067906
-0.16561520
-2.20510101
-0.97176635
-0.81331986
-0.45632136
-0.40484095
0.86356860
-1.89104140
-0.01955800
-0.03336113
0.20578396
-0.41087088
-0.60415983
1.47059405
1.75011325
0.31592855
2.54920530
-0.29843035
-1.62112784
0.32625067
0.62710398
-1.63084280
-2.51495743
-1.88746357
-0.23556933
2.40992188
0.10672504
0.49146643
0.07544196
-0.19833228
-0.35590523
2.95524144
0.22977807
-2.99204683
0.00665732
-0.02380122
-1.51577830
0.21216214
-0.61642319
0.33271047
-0.10958740
1.91564000
-0.87622726
1.15627635
-1.24933517
-0.40081817
0.41257012
0.55752873
0.87038136
-0.23001309
2.75744677
-1.74408066
-1.21059406
0.39661643
0.03796813
1.34908056
0.28076938
-0.26796687
-0.52678657
0.58358824
0.33310694
0.76594090
0.00242731
-0.83427590
0.61116171
0.01158433
-0.22697780
0.22758316
1.06310630
-0.69395989
-1.54351830
-1.07154274
-0.97979176
0.71396095
1.71961892
0.79983860
1.23846066
-0.10791875
1.25710475
0.74448180
0.83979285
0.12979332
0.12196356
0.03708576
-0.23587765
0.33764285
-0.75624222
0.28797966
-0.18786709
-0.65484875
1.08624887
-0.29085386
0.23335981
-0.55030280
0.12556212
0.65671414
-0.47345263
1.36997461
-0.65784162
-0.59028399
2.63718128
-2.61936378
-0.67995232
0.10930276
1.19744217
0.16635346
-0.08796875
0.77581316
1.03400826
-0.05981120
-0.31256673
0.50065798
0.47534555
0.00768968
-0.78559220
0.42634284
1.61552548
0.19963953
-0.86642122
-3.54527664
0.68149638
1.73985469
-0.20557618
-0.30506018
-1.82951951
0.50977319
-0.07993953
1.05918920
-0.07713500
-0.35285324
-0.10422232
0.13385989
-1.91875911
0.08925390
1.30583632
-0.15449122
-0.42436546
-0.00679842
0.24729496
-0.64167649
0.36702716
-0.51264882
0.00404719
0.22092758
-0.78144163
-0.40578148
1.10330772
-1.00836134
0.48819762
-0.82028466
-0.25678420
0.75905645
-0.56763369
-0.66126174
-0.28084576
1.00172961
-0.90778846
0.10983029
0.29345241
-0.13455570
1.40590036
1.02156055
0.25153387
-0.40974072
0.95797682
-1.41653490
0.18988061
-0.19738609
1.24018788
-0.61603665
1.14052033
0.13494800
0.87708133
0.18995120
0.28082383
1.36138463
-1.28251576
0.02694742
-0.63847190
0.69845110
-1.11879909
-0.15165198
-0.38325369
-0.80331075
-0.14803338
0.52058506
0.23072827
-0.74947798
-0.74029577
-0.68758821
-0.52658546
-0.09345013
0.04775310
0.39029118
1.52611399
-0.26815951
0.00880921
-0.41913396
-1.21338499
-0.73913854
0.74587530
-0.68140465
-0.34681639
0.46334434
-0.13410003
0.09807375
-2.53629589
-0.74458426
-0.80772567
-0.25505358
-0.64052963
0.48146471
-0.33892393
1.11462641
0.22715016
0.08341792
0.18032750
0.64004785
-0.43366140
1.24251938
-0.10571449
-0.29322255
-0.56451750
-0.17882356
-1.59912348
-0.56962615
-0.63048625
-0.92375851
-0.28282407
0.25812876
2.12802362
0.00641328
-0.16984564
-0.97664857
-0.39364293
0.84167373
0.47637713
-0.42322218
-0.17808394
-0.01702282
1.08742368
-0.72053576
0.77309215
-0.55542576
-0.06291915
0.20171498
-1.09480631
2.15575790
1.30671012
-1.28936052
-1.81445336
-2.49786472
0.06795463
0.10844567
0.12597251
0.48763686
0.14356497
-0.17445949
-0.20827444
1.31025720
0.72691178
0.68299377
1.34969318
0.45161152
-0.79630852
-0.32268548
0.58334482
-1.12601960
-0.23089340
-0.27403703
-0.44541219
-1.62503672
-0.41034299
-0.25686640
-0.02249099
-0.21782449
0.52321345
-0.77278686
0.01354652
0.09987035
-1.50451851
-0.58372712
-0.50956547
-0.12951624
-0.04983041
-0.01750455
0.07397020
-1.07750535
1.21922028
-0.56569797
0.53824532
-0.71294332
-0.66494352
-0.39240351
-0.32213107
0.95186055
-0.07267182
-0.13223006
0.65522361
0.05903180
-0.08404666
-0.51556289
-0.12002158
0.76146275
0.82725769
1.32236850
0.64802444
-1.13457227
-0.09282103
-0.45796692
-0.48237073
0.43812886
0.24585058
0.14648581
0.55282557
0.58891845
-0.94107473
-0.54673886
0.48701748
-0.42155078
0.63246620
0.89335406
-0.45683020
0.70546901
0.27517837
-0.29311448
0.36800367
0.34206477
-0.84822464
3.12303114
-1.04416025
0.73358124
0.99983919
2.15705347
-0.26612180
-3.86189890
-0.68412000
-1.71274757
-0.51358819
-0.95496392
2.79633188
0.06582841
0.52202976
0.21734147
-0.44692338
-0.22849259
-0.48158425
-0.67793900
2.38522673
0.36770982
1.12964654
1.39411068
0.62939179
-1.89118290
0.25897101
-2.58071947
1.01794279
-0.36622769
-0.56433362
0.30139801
-0.03048166
-0.08293784
0.40865779
-0.44422233
0.87518287
-0.48474053
0.44652766
0.34539312
-0.12858507
-0.12309076
0.80435276
-0.77999437
0.13082182
-0.46861756
-0.04246018
0.22574088
-1.56512451
0.49576765
1.75598240
-0.14623819
-0.59559423
0.61678976
