384
-0.45107898
0.07718872
0.60001463
-1.27591610
-1.01716852
-1.77538967
1.57479048
-1.27847481
-0.36928025
-3.10123301
-0.07749610
-0.51768559
0.45962322
-0.04877663
-2.67734814
1.55582142
-1.20501947
0.34539598
0.01964873
-0.53918016
-1.50211620
1.54760408
1.46837521
-1.41892385
-2.24191499
-2.02969646
0.33962810
2.21176577
-0.23532909
-0.52421665
-0.45935848
0.29100847
0.04005305
3.51503611
-0.18375611
-1.77580857
-0.13119619
-0.44310468
-5.51517296
0.64445561
0.46094322
2.00558805
0.16390550
1.97856486
-1.20324469
0.98764110
-0.11008394
0.05820481
0.72733134
1.41390204
-0.14868519
0.50590932
1.81957829
-0.06867886
0.57449925
-0.84215105
-0.83792508
0.12578981
1.67637587
0.81069219
-0.35413286
-0.28897676
0.02978247
-0.07363177
0.91477960
-1.66111386
0.30510896
-0.82144523
0.27532145
-0.09260398
0.28379899
0.22524719
-2.26965666
-1.83176935
0.04635715
0.04772568
2.13339329
-0.83676195
1.35285771
0.25116882
1.55197608
0.12080982
1.41760015
0.56768525
-0.86610526
-0.67826986
-0.48703703
0.22320998
0.43011704
-0.53910482
0.26856172
0.43002367
0.74123383
-0.43208122
0.63430846
-0.14784515
0.51758975
0.89179850
0.29412860
0.94120526
-0.08855331
-1.03526068
1.62588072
-2.22211552
-1.16311884
-0.21080752
-0.18301475
0.81689435
-0.41691613
0.56747812
0.00403470
-0.73695767
0.38152683
-0.27413785
-0.41747442
0.98026764
0.49123630
-0.19265507
2.48548222
-0.38179976
-1.88939595
-2.01899147
-0.11332864
-0.55884391
-0.74266481
0.28244108
-1.31835103
0.66461849
-0.46994442
-0.38238868
0.16859919
-0.30712819
-0.01012065
-0.53910774
-0.90391237
-0.69845074
1.08183801
0.16850567
0.04473300
0.15211390
-0.29047710
-0.16846883
3.16946173
-0.89990491
-0.49893716
0.30442965
-0.99719089
0.37176010
0.91142011
-0.45970118
0.62206411
-0.63859105
-0.35641146
0.45979735
0.52447408
-0.38990775
-0.31367549
-0.07336867
0.18193610
0.19833723
-0.32648450
-0.86172146
1.28242612
0.26618794
0.06363511
-0.47497621
0.85315681
-0.62903988
-0.46857965
-0.70907360
0.25403103
-1.18134248
2.16078210
-0.32666418
1.15293157
0.96614754
0.72828543
-0.64571911
-0.48823023
-0.58201039
-0.02528900
-0.28700992
-1.69403076
-0.49488893
-1.27296853
-0.35538882
-0.29564103
-0.43985245
1.11116266
-1.31532168
0.21225914
-0.18300810
-0.16658911
0.03279825
-0.17907871
0.02692900
-0.21678996
-1.00832582
0.32565910
0.59930134
-0.90411413
-0.85795665
-0.10003921
-0.59340006
-0.38514280
-0.16781929
1.03145790
0.39105272
1.06623864
-0.71886623
0.06183361
0.29943919
0.56592989
-0.28537586
0.58348101
-0.24159646
1.76031625
0.17823637
0.64185894
1.25574720
0.51879913
2.27632642
-0.30156806
0.28945896
0.48792210
-0.15150000
-2.14455414
-0.16671242
1.11690938
-0.92372650
0.93595678
-1.10965610
2.62187958
-0.83979964
-0.91371846
-1.03375816
1.84243298
0.96088743
0.91603720
-0.01452487
-0.40575072
-1.21785879
1.11453974
-3.44080424
0.91828811
-1.04623020
-1.01927745
0.22874135
-0.35293713
0.00626600
0.30554909
-0.42950416
-1.72936499
-2.75107050
-0.49340904
-0.65826589
1.01470041
-0.62553048
-1.05691290
0.08821689
-0.15163420
0.13421488
-0.41201293
0.26448029
1.53427279
1.04270482
0.01705581
0.21070065
0.16817340
-2.06032109
-0.00907969
-0.61366147
-0.53238302
0.07858412
-1.42986786
0.55282259
-0.15738750
0.20473674
0.53445196
-0.72790354
-0.72807240
0.42538649
-0.50956613
0.73200583
-0.91118252
0.06855354
-0.63578612
0.13429916
0.42539087
-0.71927732
0.94043380
-0.60079992
0.80605876
0.38280073
-0.31628382
-0.51240379
0.30997744
0.23051566
0.43213150
-0.13304168
2.33985782
0.08896738
0.17692274
0.67920065
-1.12135553
0.51646513
0.10964117
1.89391875
1.21172667
-0.65195024
0.62899184
0.19428854
-1.61851144
0.90836412
0.11042437
-1.20127833
0.53606695
0.11088841
-0.29027745
0.18072662
-1.69894743
0.31089601
-0.68857074
-0.38938433
0.86848783
0.32119140
0.63621718
-0.34547418
0.30167001
0.09479770
-1.45640922
3.30302525
0.12464410
2.50226450
0.88444000
0.56256384
0.92186487
-3.02819610
-0.77922785
-0.67930061
0.54367840
-0.34826979
0.69725388
-0.61262691
0.38462976
0.52798194
-0.11023913
-0.66009825
-0.02592589
0.33640888
1.48372030
1.16345179
1.68177485
1.96903193
1.92309916
-2.38462496
0.28918329
-1.54071140
-0.46028778
0.56010973
-0.35528144
-0.04582515
0.45272860
-0.07681309
-0.06782604
-0.48177642
0.06436212
-0.17991778
-1.81195760
0.05597788
0.71283025
0.19787344
0.95502591
-0.48227194
0.18232797
0.30657119
-0.70205337
-0.08734440
-0.46446085
-0.02622789
-1.30071211
-1.06102240
0.62037110
0.02867413
