384
-0.33198449
-0.10350693
0.60230911
-1.33103728
-1.33221638
-0.92790395
0.32894412
-2.82960033
-1.02242100
-2.37227035
0.17228138
0.14480042
-0.36614776
-0.85218650
-2.95875359
0.52199024
-0.52767354
0.30533832
-0.45044160
0.35378438
-0.64772636
-0.09383170
0.36365908
-0.33899763
0.30166247
-1.48145008
-0.38157362
2.33340693
0.04184753
-0.82564014
0.16723841
-0.84881836
-0.40348887
0.62219667
0.38769308
-1.97101796
-0.45079497
0.28686419
-4.25448990
0.45440659
-0.54371196
2.78582096
0.35724694
2.31026626
-0.87341446
0.70535636
0.95775163
0.53326368
-1.41308713
1.73059511
-0.13516054
0.13616732
1.33777428
4.05868721
0.40741685
0.06435028
-0.40688202
0.80110234
1.88757026
0.37375724
-0.06878653
-0.60303140
0.01692040
0.53011864
-0.42418092
-1.22630394
0.25179222
-0.72299182
0.20703855
1.11427689
-0.57562995
-0.04157829
-1.22832417
-1.75201213
-0.09628507
3.47154665
2.14827108
0.44367626
1.07876706
-0.18733175
2.02860260
-0.13484521
-0.15175092
0.12100268
-0.92476016
0.79034936
-0.03696758
0.01554659
-0.40253884
-0.00591727
0.16552073
-0.01809741
0.20633565
0.64198840
-0.33128411
0.32311600
0.56588548
0.01773356
0.11647091
-0.59539342
0.40577960
0.26618177
0.72237706
-1.35363925
-2.57563639
0.01127570
-1.17092633
-0.15932679
-0.43374765
-0.25505620
0.74742138
-1.41460085
-0.71212393
0.07223886
-0.44933105
-0.07886845
0.23876533
-0.02273802
1.14651132
-0.13648486
-1.99909222
-1.08379662
0.24950621
-1.16447568
0.38771898
-1.39246130
-1.01624084
0.69186443
-0.43606538
0.88254690
0.56801605
0.31330848
-0.12779054
-0.73741496
-0.48722744
-0.15729631
1.64885616
0.60675329
-0.22902577
0.06946655
0.06414020
-0.53219044
3.20311284
0.36933467
-0.28020304
0.49739894
0.02101383
-0.20394690
0.82999575
-0.71740764
0.51323670
0.41784561
-0.07519995
-0.46689987
0.07004032
0.31223834
-0.50495857
-0.92484128
0.41869760
0.12136096
-0.74813950
-1.98770106
1.39385366
-0.72644401
0.05364281
-0.20282421
0.96642858
1.21346939
-0.57871515
-1.08583403
0.66458476
-0.49144095
1.29352105
-0.35827717
0.13451441
1.02087224
0.45733368
-1.84103549
0.40917128
0.02954622
-1.36119175
0.17432719
-2.71715117
0.59876567
-0.40382504
0.09140816
-0.90819174
-0.51638365
1.55756307
-1.65086424
0.50474614
-0.43112779
-0.51731688
-0.35060382
-0.44264036
0.81211305
-0.08500785
-1.81741405
0.54153997
0.47346857
-1.05337250
-0.57244503
-0.44521779
-1.66956186
-0.25845394
-0.07275109
-0.05454161
0.69146144
0.09033453
-0.76412076
-0.16574021
0.39831316
1.19867277
-0.07731564
-0.92266899
-1.08192015
-0.08725964
0.61977208
-0.19079788
0.91973269
1.04794276
0.31446037
0.65640223
-0.80325580
-0.16432144
-0.28438967
-0.98447454
-0.22571656
-0.10897321
-0.22812995
1.42167759
-0.93830717
2.96748519
0.41214812
-0.74354696
-0.16520181
1.62052035
0.40018797
-0.11001377
0.03905848
-0.10589504
-0.10450140
-0.96924609
-2.50774789
1.29844522
-1.19442260
-0.00836837
-0.14493692
-0.84482849
0.90508550
-0.56486654
0.61118364
-1.41541171
-2.04836416
-1.16947174
-0.49487206
1.46712875
-0.93489534
0.12985028
-0.02782621
0.30708757
0.11370227
-0.03596044
0.84914643
-0.05826543
-0.14225569
-0.04920253
0.27756077
-0.11167839
-1.34324443
-0.74841201
-0.21870327
0.71888149
-0.90173173
-0.16258076
0.85691798
0.10463360
-0.04327450
0.35912514
-0.29220703
-0.78989482
0.27603453
-0.33718204
-0.59739155
0.48258767
-0.14452702
-1.30829334
-0.44040668
0.01980547
-1.14352739
0.03753930
-0.13973227
0.15380350
-0.25431949
1.44442916
-0.18611345
0.17995790
-0.44898549
0.40083110
-0.38225052
1.47054815
0.65517640
-0.60735714
0.44661599
-0.54802573
-0.24168777
-0.58872873
1.55922222
0.75136060
-0.28478438
0.17475772
-0.28495276
1.76432025
1.08120716
0.67154294
-1.20061779
-0.94716346
0.27707487
2.82708931
0.50162584
-0.69991875
0.88477331
0.34142378
0.17583735
-0.32722670
0.70442545
0.63914180
-0.16210832
-0.34826076
0.12721561
-1.09516788
3.59107351
-0.60876507
3.08077121
-0.83959997
-0.20675552
0.48742524
-1.94847143
0.51702583
-1.11492264
0.39699674
1.14143896
-1.57666421
-0.48988119
0.15004259
1.01862884
-0.36083156
0.08655929
-0.05102579
-0.01038074
1.14374447
-0.01905925
1.05768800
1.73468149
2.12490034
-0.92854249
-1.22384048
-1.13579106
-0.06374819
0.14998199
0.38730627
-0.16516125
-0.24775293
0.93610132
-0.04893532
-2.16971517
-0.31145784
-0.33420491
-0.99252576
0.32311493
0.87595356
-0.00619737
0.16878346
-0.01534981
1.03210962
0.54125112
0.19504789
0.11740784
0.47687450
0.27991283
-3.33517361
-0.38741118
0.56246436
-0.07169806
