384
0.13521275
-0.24588341
0.42389226
-0.83930391
-1.41297245
-1.49796045
0.07857400
-1.92368245
-1.30797577
-2.19350290
-0.29693630
-0.26221827
-0.01451562
-0.96209693
-3.32283163
1.07323599
-0.44457805
-0.05848084
-0.53530312
-0.13120134
-0.63782203
-0.49820906
1.19184065
0.10847732
0.14248872
-1.25356996
-0.01955616
2.65026999
0.57636595
0.56919730
-0.66899461
-0.02622961
-0.00076382
-0.74395585
-0.63633054
-1.48734307
0.38315383
-0.23483308
-2.82939386
0.28636822
-0.82831919
3.21522665
-0.26277176
1.95793605
-0.90221006
0.05491477
0.66808248
0.73464757
-0.56344694
1.79812956
0.66279167
0.38729650
1.62155771
3.40272379
0.59776783
-0.13437243
-0.63936728
1.08250976
2.56379700
0.10473930
-0.02248472
0.06089310
-0.25096592
0.43318719
-0.61150265
-0.67367095
0.23526193
-0.45886517
0.24621645
0.15543228
-0.15684769
-0.08630866
-0.64131039
-1.84319842
-1.53915763
3.46938181
1.02380848
0.58153874
0.59882295
0.16561350
1.00073504
-0.18071228
0.19406542
-0.12834416
-0.97724777
0.75024331
0.65599352
0.77541292
0.06869262
-0.53841174
0.38750440
-0.03536974
0.25278342
1.48766768
-0.65162343
0.29060441
0.22617558
0.21338429
-0.36408311
-0.25482374
-0.03052968
0.50308502
0.34620476
-2.50816774
-1.83844316
-0.20723817
-0.42622483
-0.61855745
-0.08418529
0.27491492
0.29342639
-1.01354933
0.25675473
1.60897124
-0.53563547
-0.36028987
-0.16661930
-0.42798772
1.36376536
0.66651440
-1.92896986
-1.48993433
0.14064874
-1.03906643
-0.23133296
-2.01903915
0.08416781
0.09501211
-0.32329297
0.83497691
0.28599900
0.95013332
-0.78049815
-0.88944829
-0.94707859
0.49408236
0.98328483
-0.04538050
-0.25083944
0.12849621
0.47880769
-0.50902283
4.04220963
-0.02428098
-0.17726105
0.99331528
-0.24652486
0.29392916
0.76639926
0.08683586
-0.14908260
-1.02829254
-0.21891430
-0.13977709
-0.02111927
-0.00038752
-0.15799503
-0.34537396
0.35482365
-0.21328163
-0.44257575
-0.78896236
1.44893992
-0.79765320
-0.22376153
-0.26912898
0.39105684
1.02891183
0.18274629
-0.79613847
0.64439154
-0.96694434
1.10749626
-0.89156657
-0.60700297
0.77601510
0.56148058
-2.19373250
1.02113652
-0.09464686
-2.10589981
0.41077748
-2.48279381
0.32250327
-0.12540998
0.77238190
-0.26461661
0.62695867
1.30452549
-1.60240817
0.12363957
-0.31517002
-0.44694951
-0.23164952
-0.58411729
0.44151524
0.60480148
-2.06980324
-0.05759965
1.34973836
-0.11228915
-0.44565621
-0.00194151
-1.79424572
-0.32149979
-0.20981647
-0.47322193
0.68422782
0.35712278
-0.66989887
-0.49394226
0.55270380
1.42068195
0.50029755
-0.95867705
-0.54630995
-0.72892433
0.77815640
-0.33444282
1.41525435
0.01902924
0.31534329
0.64527345
0.13415864
-0.19669069
-1.31241286
-1.28034711
-0.29103214
-0.25882590
-0.04448055
1.11088657
-1.66767502
2.95067215
0.73608798
-0.97426146
-1.37073219
2.29901314
0.20338273
-0.51773018
-0.11132568
-0.52108324
0.23434842
0.13276252
-2.00681877
1.71781218
-1.44779849
-0.86918616
-0.03634412
-0.87910330
1.09945488
0.72354454
-0.21596906
-1.51453459
-1.51124668
-0.78597051
-0.74485636
1.55638754
-0.94505835
0.03554367
0.55554539
0.17491719
0.85836196
0.15495166
0.62932885
-0.06809674
0.32390484
-0.20592086
-0.16148642
-0.47818741
-1.02972531
-0.80756682
0.23032121
0.12690756
-1.08260846
-0.46853155
-0.04518816
-0.63022542
-0.30770707
0.80673289
0.74819177
-0.77257174
0.66745824
-0.73310888
-0.84205520
0.16953400
0.42900616
-1.21031737
-0.29273009
0.28726953
-1.43294632
0.26034042
-0.10159070
0.89008427
-0.03955078
-0.45430952
-0.12460547
-0.26488969
-0.20524079
0.32189280
-0.34200019
0.70922351
1.03081656
-0.93574858
0.49982262
-0.49706912
0.18424228
0.05528584
2.02970791
0.39020488
-1.07894802
0.24496067
0.20753305
1.71957183
0.57539749
0.40004900
-1.96394432
-0.37456715
0.23838669
1.91421402
0.53510112
-0.62322402
0.85791272
-0.32996288
0.60518634
-0.05958763
-0.58890969
0.38817236
0.32732040
-0.03438559
0.03293894
-0.64280462
3.83323765
0.29459041
2.87171173
-0.56069994
-0.39823514
0.23387405
-1.70184112
-0.25712454
-1.15812945
0.01518127
2.08632684
-1.80034494
-0.34466738
-0.28003621
0.80569255
-0.15206893
1.13775969
-0.14548212
0.32699150
1.37272930
0.74620706
0.18093154
0.75244248
2.60389662
-2.00884318
-0.57500547
-1.65589392
-0.29659128
0.62980545
-0.15081239
0.37020344
0.31458545
0.57401234
-0.19980067
-3.00020790
0.16371936
0.06086053
-0.83786476
0.50743026
0.42584261
0.55551493
-0.61219257
0.34904736
0.96358907
-0.04449654
-0.39742184
0.56388283
0.51247001
0.36971387
-3.48210597
-0.19535877
-0.41445881
-0.62382400
