384
1.19196129
-0.14158067
1.24602795
-0.81233585
-0.64369935
-1.00745201
0.25900966
-0.53857505
0.14552158
-1.86577702
0.28346938
0.17064601
-0.31375247
-1.49801564
-2.94366980
0.85188794
-2.38929462
-0.34957054
0.69498551
-0.14200313
-0.32234582
0.25667873
-0.30993235
0.16120045
1.34267735
0.03880057
-0.49318671
3.40213609
-0.60827029
-0.07083958
-0.24157448
-0.33521891
0.28461054
-0.95834923
-0.02189343
-1.62146378
-0.37531051
-0.25240225
-1.69815409
0.24821292
-0.53770703
0.10545620
0.13444272
1.38508952
0.23362806
-0.14837790
-1.13490689
1.34088433
-0.04175875
1.06622624
-0.82914698
-0.04005468
2.61753511
3.43828201
0.37783718
0.01283950
0.01875453
0.09284262
0.38627657
0.90920579
0.22124496
0.33006388
-0.09251621
0.84304500
0.24367639
-0.68244374
-0.01354261
0.08422095
-0.36452946
-0.16838408
1.34460306
-0.22662298
-0.36607301
-1.92007375
-1.25223231
2.18991566
0.03724480
0.21770336
-0.92175972
-0.09662475
0.71986443
-0.29521877
-0.29410470
0.11622404
-2.00347304
0.80682921
-0.58374858
0.37539256
0.13545984
0.26287702
0.26485172
0.00484594
-0.43240255
1.56504834
-0.00175674
0.07729156
0.15325867
0.04645331
-0.37118644
0.46939647
0.12331586
0.89707989
0.37585235
-2.29922247
-1.97641611
0.20495476
-0.52610159
0.21996215
-0.54783440
-0.54561299
0.45990106
-0.84302360
-0.54804707
0.65849793
-0.07348472
0.36763433
0.20566623
0.05357406
1.91649294
0.81089771
-0.96147585
-2.31831932
-0.47826511
-0.23894212
0.18667105
-1.46040690
0.62170917
0.35224319
-0.34305292
1.04827249
-0.15327659
0.64408588
-0.09040593
-0.21725406
-1.07126307
0.11751735
1.66044402
0.28996390
-0.44252947
-0.68049061
-0.22497910
0.59370261
1.03933311
-0.28390321
0.88258374
0.00742643
1.00488842
0.76926243
0.50016457
-0.46585113
0.15104385
0.17257121
-0.14045224
0.24927771
-0.18232810
-1.17965412
0.36243618
0.71434253
-0.02911739
-0.29954299
-0.07225563
-0.30118328
0.62063003
-0.25990579
-0.35841048
-0.10459829
0.70951873
1.49978209
2.28930497
-0.40364185
1.14192605
0.66823471
-1.14862609
-0.91067088
-1.16922593
0.11288396
-0.68895781
0.83184385
0.24300054
-0.20941560
-3.51188302
0.20614010
-1.25829375
-0.31755540
0.35268188
-0.16726011
-0.03286747
0.36579940
2.23830843
-0.08275944
-0.12347712
0.07921632
-0.59189361
-0.39027259
-0.78733027
2.39954233
0.78774905
-1.57954133
0.05714532
-1.55849433
-0.90546000
0.40422776
-0.09526648
-1.07028806
-0.11602131
-0.22050445
-0.19451618
-0.17674641
-1.70880723
0.16134286
1.02565503
-0.39245957
-0.40689749
0.38274199
-0.60782641
-0.18254113
0.25158322
0.37770039
0.04759639
1.36691713
-0.14523864
0.21303585
0.51060653
-0.75873965
-0.06363495
0.07924795
-1.51087904
-1.36246789
0.15875819
-0.68986171
-0.69987577
0.04208785
2.02517200
0.67438185
-0.82028633
-0.80140185
0.76462066
0.40307865
0.02633706
-0.27605808
1.10468066
0.16573624
-0.18006708
-3.72405457
1.49957573
-0.34517553
-0.01710139
0.07320383
-1.54507208
0.89131427
0.68874025
0.05736329
-0.09143060
-1.27869534
-0.22940658
-0.63005030
0.81167537
0.64524883
0.15867941
0.39884019
0.14403829
0.28502142
1.05451429
0.33382979
0.27057305
0.04539725
-0.07965972
-0.07464994
-0.08084821
-0.83596760
0.64665604
0.03859209
-0.37838265
-0.82956839
-0.49590296
-0.42296976
0.27239633
0.00890473
0.84110117
0.00911361
0.17498431
0.21855304
0.16126662
0.79191613
0.40054616
-0.20508458
-0.73830169
0.04075579
-0.26416975
-2.41715002
0.21718284
-0.39827338
0.18438143
-0.03692138
-0.13379857
-0.03907150
-1.44608951
-0.20759195
-0.19393203
1.17278552
0.22155309
0.14220434
-0.56140792
0.06590400
0.48911688
-0.51527780
0.18920259
0.66928154
0.51632524
-1.53816998
-0.20234400
-0.14021498
0.92237318
-0.87769485
0.27856988
0.56578910
0.01210821
-0.46523926
1.13344669
0.23194063
1.53120971
-0.19355813
0.09094907
0.47428918
0.40188932
-0.09037238
0.13408323
-0.04912641
0.15006334
0.37776226
-1.24590933
3.78195548
-0.01090235
-1.44011378
0.34236649
0.21434104
0.09798161
-2.31731534
0.21766154
1.79431725
-0.19172056
1.04559278
0.94958711
0.00627813
-0.04602984
1.23760986
-0.15122667
0.20813024
0.10998864
-0.54902649
1.71947849
0.22190341
1.12354195
1.21295428
1.00439727
-0.36039352
-0.06715584
-1.69980395
0.39498955
0.03725050
-0.12202441
0.36021036
0.01875631
0.50876206
-0.20872194
-3.20659304
-0.60434866
-0.70137817
-0.57751119
0.43585896
0.02906486
-0.02920536
-0.84363842
0.20134851
1.10503626
0.48525840
0.10738798
-0.25061637
0.44027537
-0.52362329
-1.41705489
-0.23945338
-0.16477501
-0.07091324
