384
-1.14264858
0.19310772
1.37923241
-1.79184031
-1.17762709
0.32224703
-0.33647701
-3.70038700
-1.01314056
-0.64419162
-0.11972880
0.15228185
0.20279957
-0.99582905
-3.00768638
0.36727631
0.02224386
0.03304608
0.62942481
-0.06724264
-0.01207739
0.38887063
0.38468081
0.68087244
0.30779079
0.99654365
0.48760986
1.96833026
0.51581073
0.04313150
-0.60560578
0.35774949
-0.19539142
0.69438875
0.24360570
-2.02111006
0.22368951
-0.19746131
-2.23859596
-0.40833867
0.24583700
-0.12345433
0.25987262
3.16035271
-0.41384462
-0.76820028
-0.49375170
-0.09034204
-1.52829814
2.43193340
0.62581366
0.15984598
1.68853140
2.54167128
0.32848069
0.40357167
-0.04958542
0.15693581
0.35618258
0.64889634
0.22458375
-0.11091726
-0.75793731
0.75857329
-0.65886325
-1.67440462
0.02626310
-0.39337236
-0.71046209
0.31625634
-0.18812236
-0.67984933
-2.30706215
-0.50211322
1.08888650
2.80841994
3.74506569
-0.37695584
-0.01732584
-0.16098148
1.71725273
0.89004052
0.42001292
0.06116334
-1.42457485
-0.62957644
-0.94671446
0.81229055
0.42815441
-0.33246732
0.07861532
0.15161456
-0.54024678
0.00639137
0.45923442
-1.38394594
1.21018040
0.21585160
0.48263049
-1.73068225
0.14893049
0.07269356
2.64714980
1.73610938
-3.68650007
0.67838603
-1.09974670
0.26240164
-1.19159150
-0.33109167
-0.11205675
-0.85788739
-0.80285251
0.45480591
-0.95829296
-0.55427790
0.37404776
-0.05822773
1.72222817
0.09420681
-1.76164937
-2.67569757
0.97402728
0.33800575
0.25356066
-0.18724740
-1.26411939
-0.13308117
0.38092190
0.23020935
0.93526137
0.10766856
-0.71269679
-0.22340944
-0.46891582
0.16955125
1.90619040
0.14165410
-0.92204899
-0.74975801
0.38694081
0.17523342
-0.87563610
0.26178533
0.60087401
0.80699348
0.37444827
0.71498787
0.02004601
-0.20883623
0.93704951
0.08673315
0.40249252
0.15491836
-0.42692021
0.07178861
0.52498907
-1.16908729
-0.34437263
-0.13029453
-0.31877485
-2.19956684
1.66355312
-0.02580288
-0.79339933
0.04817392
0.61129338
0.70018154
0.18496656
-1.60462523
0.99439454
0.30720991
0.62161481
0.37996712
-0.31724828
0.07859707
0.89059389
0.55210900
0.73097861
-0.07973396
-0.60600579
-0.38872248
-0.48136473
-0.24906376
0.98743933
1.14653730
0.46809137
-0.46758148
1.94342256
-1.19054770
0.09849672
-0.45599613
0.94593519
0.23988512
0.14374357
-0.24941202
0.91992414
-1.20378709
0.28619376
-0.48297998
-1.29399812
-0.09424276
-0.27072015
-2.35199213
-0.41986191
-0.51471835
0.19525699
-0.23910199
-2.14083314
0.10656778
0.24043109
-0.40841219
1.02264857
-0.26010644
-1.39011502
-1.95594835
-0.06197347
1.00240493
-0.42267776
1.14011359
1.30789435
-3.89498377
-0.05689968
0.32922584
-0.37605464
-0.56056702
-0.03702611
0.16589421
-0.07571054
-0.56117380
0.57156515
-0.87193924
2.32247066
0.20288241
0.51695430
-0.19627638
-0.88911378
0.44230059
-0.07413951
0.02836950
0.44428605
-0.89796263
0.27044496
-0.55730683
0.84924138
0.70992529
0.53670382
-0.68348336
-0.98690069
3.27469993
0.55601192
0.50587034
-1.47370815
-2.84268737
-1.00160944
-0.05758568
1.93495023
-1.60963523
-0.43204153
0.28347081
-0.09373654
1.09997487
0.94187361
0.70556086
-0.73102748
0.65910822
-1.51341712
0.41304165
-0.58659655
-0.97444880
0.09286729
0.05282092
0.60932273
-1.26269877
-0.58197838
0.84182543
-1.07301402
-0.20004953
1.45917261
0.75010473
-0.75782067
0.19245590
0.19349653
-0.11801398
0.19480714
-0.00199464
-0.68153822
0.20259774
0.20972258
-2.11333060
-0.04737747
0.55472249
-0.17989261
0.52489960
0.87191176
0.68528122
0.10558132
-0.23739539
0.18482409
-2.06439471
1.51014209
0.18513685
-0.19353968
-0.05063438
-0.45591164
0.47180659
-0.50664544
1.60279822
1.19394493
0.61004192
1.47876191
0.02433234
-0.36022866
1.05813420
-0.12405449
-0.04879088
-0.20037697
-0.13868761
2.90895414
0.03942377
1.53352404
-0.23131734
0.24746074
-0.15270400
-0.31322467
0.84020126
0.41087687
-0.72495627
-0.40988851
0.28420082
-0.48329350
3.63313532
-0.00763980
0.32458279
-1.21519303
-0.09551734
0.06596094
-2.05009127
-0.06440179
0.36187887
0.38516185
0.14586316
-0.16860658
-0.09118521
-0.56122339
0.82918441
0.03916884
-0.24455491
-0.08178449
0.23803708
1.08253431
-0.03223667
0.19274798
1.77244318
0.05494738
-1.91743362
-0.57177913
-0.44734371
-0.43559849
0.16567414
-0.90433788
-2.61710310
0.14109842
0.75737000
0.26425588
-0.47048420
0.21848531
-0.70494431
0.47437090
0.10177004
0.06056072
-0.14898391
0.09832229
0.25585914
0.57020921
0.68068641
-0.00792167
-0.55569750
0.20669931
0.06335029
-1.61916471
0.00019370
0.50141060
-0.06406831
