384
-1.04123449
0.07232806
0.79366595
-1.91104174
-1.05508256
0.14425257
-0.34057799
-2.27493453
-0.61747050
0.28933048
-0.37580529
0.22076741
-0.54162794
-1.45376384
-2.89876604
1.16853559
0.19382063
0.28554696
1.10561132
0.36093086
-0.29692042
-0.27098590
-0.63171721
0.24831951
-0.86945695
0.50927532
0.16859041
1.89513230
2.19273424
0.07076776
-0.88921762
-0.84752232
0.32775110
-0.85176432
0.39939803
-1.75963521
0.03049025
-0.40311408
-1.10102558
-0.88914824
-0.22680272
-0.48841667
-0.27846697
3.00295162
-0.99984270
-0.06120655
-0.89166558
-0.74548233
-1.72525501
1.00966382
0.29027677
0.20681043
2.26703024
3.01279354
0.45695275
1.15345311
0.02066129
-0.32471141
0.26164591
0.69927841
1.04131079
0.19286628
-0.09640138
0.46346685
-0.76834047
-1.05602074
0.45009673
-0.60382402
-0.94567734
-0.45806473
0.50934058
-0.27377847
-2.29442883
-1.29394257
0.89268363
2.79066825
2.96094799
0.50632513
-1.25876296
-0.29020610
0.83896273
0.07107805
1.12999701
-0.53975970
-1.27104425
0.68403560
0.16065556
0.97430241
0.53908747
-0.08195229
-0.34599870
0.93268090
-0.35771099
0.44515583
0.12881014
-1.29749894
0.38186237
0.43676957
0.21883976
-1.24917626
-0.39879596
-0.65726149
3.90902591
0.64437497
-1.55596352
0.26987332
0.24694884
0.12941165
-0.06347198
0.68548977
0.84264010
-0.45639363
-0.87926924
-0.08336884
-0.25728852
-0.23931944
-0.67603660
-0.27547589
1.57098973
-0.10518909
-0.93920577
-2.96024752
0.68659365
-0.58205414
-0.00051242
-0.35842460
-1.86488116
-0.16863111
-0.62749535
0.94310105
0.17420390
-0.17685336
-0.26141435
-0.51454866
-0.92305440
-0.18351012
2.23817325
-0.49866617
-0.50828212
-0.39830413
0.40496549
-0.10965355
-0.36915016
0.02962400
0.23780315
0.48953319
0.53509384
-0.26856288
0.67192012
-0.62230349
0.83238596
0.26224720
-0.04530192
-0.15611416
-0.65640688
-0.33320367
-0.02765241
-0.19185075
-0.39799869
-0.48406821
0.71922940
1.37915242
0.41960201
0.67549932
-0.90420479
0.16656797
0.41702962
1.47357881
-0.57504678
-1.90644932
0.92524326
-0.05568224
-0.38883919
-0.50345182
-0.24357668
0.56912398
-0.79634917
-0.59792262
0.80194372
-0.02803287
0.13351142
-0.25471729
-0.66796815
0.13775572
2.36801434
0.91673988
0.81374848
-0.60417366
2.31705642
-0.40076837
-0.77242321
-0.93791616
0.63516134
-0.02371666
-0.24356973
-1.74568152
1.16078687
-1.08913016
-0.56287903
0.25821745
-0.59556001
0.01371815
-0.35125995
-3.01055646
-0.08864139
-0.54789609
0.09705712
0.28692403
-2.44595075
0.54749000
-0.01960923
0.41716915
0.58959931
-0.12417161
-0.82968754
-1.75003827
-0.03825424
0.92256504
0.09026890
0.46051019
0.15337597
-2.81258607
-0.39237180
-0.28975904
-0.11788216
-0.27233404
-0.82105052
-1.19646311
-1.62826395
-0.17791480
-1.48212588
0.31944153
1.49930942
0.56986165
0.16867614
-0.03124735
-1.86031997
1.05786145
-0.54655123
0.36783338
-0.38140401
-0.22816986
0.53671938
2.17616892
-0.87015313
0.79681897
-0.52869684
-0.05889814
-1.12462676
3.77857590
0.57948673
0.71452761
-2.15240002
-1.26706696
-0.76674819
-0.07501289
1.97178411
-1.40390730
0.04636959
0.76089454
0.95093423
2.17434025
0.89360541
0.31184793
-1.04002273
0.02490459
-2.32184052
-0.40447786
0.00996354
-1.05620611
-0.07645054
-0.17377786
0.55741322
-0.48626783
-0.32116246
1.03630435
0.30718833
0.87326634
2.24174476
-0.13545337
0.53291571
1.00584936
0.62347543
-0.24739987
-0.16869757
-0.08835354
-0.67582434
-0.06364562
-0.21048768
-1.53158319
0.50419712
0.37020659
0.74401009
0.27241477
1.04419994
0.72948289
-0.27990693
0.23028645
0.17274283
-1.85122776
1.31986797
0.03038866
-0.02819379
0.66845453
-0.30952489
0.32875314
-0.06236285
2.06156492
-0.11810601
1.48616838
1.21257758
0.73383790
-1.53668261
1.36169624
-0.93928093
0.04841677
0.31020242
-0.66693181
1.53035831
-0.13734373
1.66498864
0.10985463
-0.27097601
0.61926496
0.21194857
0.03250160
-0.11359602
-1.14015269
-0.90603000
-0.14270984
-1.53737199
3.52090144
0.51076460
-1.00769758
0.28198069
0.86079216
-0.12361866
-2.00367332
1.20491540
-0.10134304
0.10907125
-0.43993670
0.03553379
0.24247319
-0.45387667
0.51105362
-0.14253956
-0.18954575
0.80474538
-0.04983585
0.10466385
0.10786027
-0.39598328
1.59147573
-0.60487008
-1.05439281
-1.37135506
-1.84145689
-1.45845664
0.02993426
0.50863373
-1.15563095
0.60479289
0.42399314
0.69466686
-0.51875907
0.19387934
-0.24557644
0.92539430
0.26042414
0.68059748
0.63682383
-0.04800425
-0.09719248
0.65673953
-0.12992048
0.62451977
0.07846200
0.15835869
1.12754929
0.40481842
1.00924635
0.12592201
-0.84016621
