384
-0.12985572
-0.03705334
1.32483816
-1.96911883
-0.99296844
-0.21687251
0.20229991
-3.06478310
-0.23803198
-0.31781608
-0.00489501
0.75949287
-0.07439789
-1.11377156
-2.64525867
0.07009356
-0.08770546
0.49991739
1.15330398
0.16594721
0.10300380
0.13218439
0.11075413
0.40536401
1.06361055
1.23183608
-0.56030345
2.08854127
0.40025127
-0.10259488
-0.44681180
-0.03245775
0.06918597
1.54114056
-0.74775267
-2.14194655
-0.08751801
-0.18637827
-1.35982251
0.50161529
-0.05425476
-0.80492735
0.32953197
2.98099709
0.71817517
-0.38685229
-0.35459000
-0.19178778
-1.23313260
2.18816137
-0.21556428
0.28264350
2.64282346
2.36659050
0.51576227
0.43011624
-0.23324208
0.01435751
-0.34560579
0.55273879
0.31852263
-0.62784874
-0.83569562
1.22109115
-0.04979181
-2.06175423
0.40530181
-0.29545581
-1.12395537
0.95092946
0.40490049
-0.39036080
-1.81472147
-0.08415359
1.30751967
1.79436278
3.40456796
-0.11307994
-0.49901438
-0.13190991
1.62877953
0.31197846
-0.65986454
-0.07243998
-1.77139127
-0.19217041
-0.47783250
0.53110760
0.46713358
-0.11925566
0.36521670
0.26792639
-0.04538152
0.15612325
-0.40764004
-1.18237090
0.90926450
0.31172496
0.36914659
-0.67293274
0.53506953
0.27117202
2.09661341
1.66928887
-3.35557652
0.34156615
-1.51785290
0.49599761
-0.91155612
-0.57952023
-0.52002180
-0.89223075
-0.85181665
0.54918474
-0.85874885
-0.53864819
0.81959516
-0.11784904
1.81367218
-0.23285878
-1.39238477
-3.31883597
0.67107093
1.21496129
0.08566758
0.09854847
-0.68163729
0.62241596
0.19280338
-0.50303257
0.77499199
0.33028421
-0.32362789
-0.04328460
-0.22853333
-0.62251043
1.39656746
0.38126805
-0.35009503
-0.16581032
1.02516556
0.76603186
-1.70573366
-0.17084205
0.66610742
0.86901712
0.55124640
0.46428770
-0.02592661
0.11385641
1.21165395
0.41944978
0.52378309
0.09104117
-0.10931895
-0.24990892
-0.19337937
-0.39468399
-0.53105700
0.00831719
0.09065148
-2.45832729
1.91893768
0.10416907
-0.87963885
0.12936249
1.27375984
1.09268904
1.02151847
-1.35418463
0.99017417
0.44142944
-0.15895084
-0.70808250
0.07508540
-0.01663123
0.39272404
1.52563787
0.88420427
0.25197014
-0.76386654
-0.17223737
0.07923257
-0.37668711
0.26869276
1.17269301
0.32427174
-0.07538135
1.89101481
-1.03727627
0.93630755
0.08782945
0.84784722
0.35104579
-0.20665805
1.27276254
0.89493799
-0.41991490
-0.48070171
-0.97395253
-0.51310635
0.61732554
0.30484757
-2.17780399
0.20123948
-0.28766721
0.56175047
-0.19437654
-2.68654346
0.19084069
0.36616313
-0.07387988
0.28118238
-0.48024091
-1.63552177
-1.45613742
-0.09015223
0.09173948
-0.11329630
1.55520928
0.33592120
-3.41521406
0.17246646
-0.07814690
0.09799388
-0.55340391
-0.20703739
-2.02193761
0.25640476
-1.13951302
0.34776962
-0.93045890
1.78625143
0.28762573
0.57479477
-0.80242521
-1.95875037
0.25951320
0.07650712
-0.35559547
0.62549090
-0.24203038
0.23034710
-1.60138357
1.33391905
0.51467353
0.23694147
-0.38491222
-1.02040637
2.89698434
0.36529040
0.86353934
-0.39303836
-2.50348592
-0.05397570
-0.03644729
1.49197030
-1.22697294
-0.41165656
0.05190270
0.10244199
0.78664601
1.41690350
0.50649536
-0.12996107
0.31416455
-0.99393630
0.35982245
-0.53540343
-1.43143368
0.49340951
-0.03487597
0.74343204
-0.78576994
-0.48349521
-0.43220729
-0.64605939
-0.47886956
1.12054169
0.90557098
-0.46944320
0.08989812
0.28990865
-0.20479941
0.51019764
0.39101011
-0.20407495
0.03960139
0.14814250
-1.92094231
-0.64055383
0.13687369
-0.48737893
-0.08680923
0.32080585
0.08822390
-0.26500735
0.23740605
0.18139179
-0.33558321
0.74326766
0.44373900
0.27561408
0.43207917
0.12064195
0.41177988
-0.13050286
0.96144658
1.59681475
0.33318859
1.23921752
0.06168821
0.45624796
0.51585841
-0.10724497
0.75577748
-0.99419039
-0.67763615
2.64353299
0.08274941
2.46108580
-0.86741441
0.12684605
-0.45662308
-0.23987885
-0.64842606
0.59096736
0.11743106
0.18156604
0.43970615
-0.05894060
3.76553798
-0.12437408
-0.60978359
-0.23626620
-0.13601553
-0.43308264
-2.26702118
-0.58437401
0.70156527
-0.05816944
-0.22698000
0.44910225
-0.41943848
-0.03924881
0.94646162
-0.49354333
-0.32359657
-0.17606011
-0.03441070
1.26841974
-0.02446102
0.82056606
1.57807171
-0.17645252
-1.69328976
-0.32621223
-0.96728331
0.37384599
-0.05700949
-0.40810391
-2.10878420
0.13563910
0.78179991
-0.11895216
-0.32990891
-0.23776968
-0.30830485
0.46653193
-0.10889576
0.46397832
-0.10801524
0.27244502
0.71478927
0.89095175
0.99035311
0.09382623
-0.23464188
0.63641143
0.01136457
-0.69571793
-0.19904155
0.23309179
0.87581825
