384
0.86760294
-0.21589413
0.28199595
-0.62404543
-0.66007996
-1.30564034
0.16563869
-0.23260987
0.04230933
-2.18439460
-0.76258969
-0.16948327
0.15604638
-0.28569210
-2.09819508
0.59119785
-0.59025240
0.37889260
1.55120480
0.54200453
-1.79605222
0.43260986
0.54586643
-1.81408131
-2.39094090
-2.48080921
-0.34715658
2.15075946
0.15806286
-0.76065171
-0.28995264
-0.63454944
-0.88596022
3.82976580
0.49333113
-2.84483910
-0.77909112
0.06251152
-3.81056833
-0.32824928
-0.21766278
1.79350233
-0.26257408
2.25722432
-1.10233939
2.08499098
-0.73229975
-0.71192795
0.46240968
0.27022594
1.15427351
0.69010425
2.93028688
-0.22660828
0.35024595
0.25502008
0.18966398
0.60980844
1.06288147
0.33364928
-0.78456211
-0.73654890
0.44887215
0.31809711
0.14447403
-1.77789509
-0.14682546
-0.95093638
0.12048249
-0.24882877
0.02944909
0.06065202
-1.94847798
-1.35119843
-0.24751902
-0.03439617
1.94749022
-0.40786982
1.02801728
0.19878617
0.89045870
-0.86904556
0.63357842
0.00456353
-0.67094648
0.65469891
0.49042046
0.52553803
-0.13100579
-0.89546549
-0.95477909
-0.74525309
0.76934075
-0.23633671
-1.08713651
-0.26244387
0.22579110
0.89844257
-0.03581882
1.91133499
-0.37378117
-1.13303328
1.46997690
-3.07799768
0.09290898
0.61871648
0.69800210
1.07212901
-0.62766671
1.06323028
0.69728369
-0.95520681
0.22416423
0.21007556
-0.20041761
-0.35846853
-0.21758288
-0.06276365
2.18606329
-0.14497155
-1.05481219
-2.55321765
0.37124985
0.49553645
-0.44629541
-0.58040178
-2.52419233
-0.02101775
-0.45576388
1.03122413
0.56955296
-0.43960369
-0.49988055
-0.11955088
-1.53894997
-0.88184291
0.96347344
-0.18785995
0.05528610
0.20220640
0.30765769
-0.49462861
2.55936837
-0.95494491
-1.60015798
0.51784426
-0.57893103
-0.42895856
0.64673489
-0.67505431
0.07577768
-0.12374690
0.00195335
0.11432479
-0.04459774
-0.49060476
-0.50807256
0.19026479
-0.77693594
0.55022228
-0.34664482
0.83046126
1.77615380
0.58915114
-0.44580832
0.34935752
1.27389801
-0.65333647
-0.82380331
-0.19923836
0.40924031
-1.31124270
1.28795171
-0.19714926
1.04442251
1.27928042
0.69555479
0.49456537
-0.93350625
0.52944672
-0.55882895
-0.07900134
-0.95514816
0.35700572
-0.91037667
-0.71595269
-0.56959516
0.41349512
0.77166158
-0.80599290
0.18363224
-0.98638427
-0.98946226
-0.19810653
0.06558725
0.31037235
0.68369472
-0.32316524
-0.11659396
0.03874469
-1.03810799
-0.53033644
-0.03508011
-1.34338558
-0.09653091
0.09073912
0.03696243
0.02415994
-0.86197639
-0.99052274
0.04894654
0.03043317
0.15930644
0.14520663
-0.04759502
0.85294592
-0.24927038
-0.72588634
0.50977135
1.26523602
-0.45243531
3.24111652
0.02837980
0.03988700
-0.16142790
-0.33028579
-1.83169997
-0.42110366
0.26308694
-1.75594664
-0.19322984
-1.08082747
2.63527822
-0.58691335
0.16061652
-0.89464802
0.58694839
0.08982164
0.04800064
0.59261340
-1.14447165
-0.54339647
-0.66488159
-3.13914037
0.98906749
-1.22542906
0.09801303
0.62721902
-0.31610781
0.80987179
0.07104778
-0.98556769
-1.39963412
-2.13349509
-0.27303332
-0.59826958
0.12256968
-0.63015831
-1.17700195
0.28695652
-0.14343074
-0.25519669
-0.58024913
0.73227596
1.36793923
-0.50190616
-0.11846294
0.95315480
0.23487476
-1.52843380
0.47654593
0.42980385
0.48759824
-0.82499647
-0.05698819
0.35259235
0.18927315
0.13048485
0.35369286
0.01772998
-0.73730588
0.33358073
-0.33893347
-0.36681515
0.80323464
-0.29162475
-0.41001463
0.02938419
-0.27569595
-0.38711840
1.40968227
-0.56024075
1.35373938
-1.85272765
-0.28438902
0.10820323
-0.46203580
0.48030967
-0.15525171
-0.01673336
1.04672813
0.39860547
0.49292928
0.21492897
-0.43555778
0.11832643
0.26713443
1.71157098
0.71289605
-0.91895252
-0.58671784
-0.60747874
0.07594922
1.45106983
0.34938979
-0.69819570
-0.18683127
-0.08035210
-0.70051879
0.73572367
-0.39949942
0.78950590
0.23611170
1.49883103
0.16758263
0.59127319
0.68978971
-0.63206339
1.03640008
0.29895079
-0.86308324
3.20616674
-1.07970238
1.39716315
0.62435818
2.11432958
0.85996145
-3.72163463
-0.07974124
-1.05279779
0.10192390
-1.37525618
1.59735537
-0.32939327
0.70151579
0.70671171
-0.85538578
-0.01636121
-0.32401881
0.17023739
2.04913807
0.50121301
1.83105838
1.68966246
1.34976912
-1.35774517
-0.94398701
-1.69073653
0.70906472
-0.48295945
0.20314768
1.12143135
0.52706206
-0.10548545
-0.63914615
-0.46354198
0.47576052
0.41710576
-0.87775832
0.27922958
-0.07059794
0.21623045
0.58024466
0.20992365
0.93249136
0.11331935
-0.25234562
0.14407487
-0.36310944
-0.07548437
0.96827877
-0.56416065
0.03967097
0.80052286
