384
1.63895392
0.29753053
-0.04691195
-2.15351820
-0.94740540
-0.98599911
0.33194533
-2.60831165
-0.42855790
-2.36717200
-0.17389676
-0.00990556
-0.07757527
-1.15042162
-2.85264993
0.70887882
0.25925285
0.57082862
1.56131387
-0.09939483
-1.54466653
0.59964496
0.64277005
-0.33285075
-0.52344549
-2.48543978
0.33569604
2.06308579
-1.02739167
-0.35758680
0.35241368
-0.22224250
-0.63644683
3.04596400
-0.03432762
-2.23546290
0.04290879
0.13949728
-4.51298237
-0.00449637
-0.55840492
1.98925352
-0.19947518
3.25119901
-0.45165199
1.94011605
1.16239822
-0.73680985
-1.04660106
2.39110088
0.48212016
0.59093988
1.11849999
3.70357609
-0.30774844
0.18799579
-0.12390653
0.49760655
0.61885715
0.10129927
-0.47453639
0.28737915
-0.19199230
0.50378710
-0.19284409
-1.65813243
0.09585878
-1.19061089
-0.23895478
0.12428190
1.54729748
-0.56256896
-1.48002088
-0.46424341
0.79034942
0.44414786
2.96607828
0.27215850
0.78851455
0.04417063
2.19962978
0.37871498
0.52947688
0.57788676
-1.10808122
-0.06601663
-0.70735514
-0.27080253
0.06543140
0.01195790
0.59695590
-0.02101850
0.25347090
1.03518748
-0.19286188
-0.66982961
0.80316174
0.34142372
-0.66200292
0.81152499
-0.05646314
-0.38863489
-0.22062981
-0.24322742
-1.64614999
0.17707916
-1.10512590
-0.20279379
-0.30947539
0.49573022
0.12468216
-1.41291189
0.04293868
0.15720960
0.47739798
-0.19732921
-0.16546082
0.24729069
1.81270051
-0.69268453
-1.43950796
-2.37612629
0.45636380
-0.98965144
0.28662279
-1.55953419
-0.74774945
0.32010111
-0.08795978
0.27726561
0.40126014
-0.31601053
-0.82714963
-0.67607051
-0.83960474
-0.41261742
1.35437655
0.27279624
-0.74519771
0.27603883
0.14751670
-0.69340062
1.61962986
0.02615631
0.02303979
0.94440138
-0.95830333
0.20386258
0.82679653
-0.72705334
0.66320199
-0.60095072
-0.12966485
0.26842615
0.06943821
-0.95743775
-0.05807924
0.25257415
0.61590689
0.35219860
0.16090876
-1.97466505
0.91368061
0.08175815
1.00273526
0.05216292
1.41071177
0.29750967
0.69531316
-1.63938618
0.54512393
-0.20850018
1.63710940
-0.57466215
-0.03319532
1.42158294
0.90213817
-0.17722297
0.30975717
0.35267037
-1.72289610
0.00679610
-1.69828331
-0.42255041
-0.21102166
-1.09973776
-0.16603680
-0.02451330
1.29983675
-1.66982889
-0.82678866
-0.39264166
-0.41759881
-0.34884280
-0.15892373
1.32345045
0.42234978
-1.60169125
0.57468963
0.15588230
-0.58004659
-0.27965125
-0.20818274
-1.30485559
-0.26727611
0.11250553
-0.37275058
0.23947117
-1.07353866
-0.62583339
-0.40333080
0.18680115
0.07726042
-0.49819633
-0.31501997
0.07818794
0.53321981
0.31021518
-0.29402921
0.82391095
0.28024253
2.80418539
0.33244807
-0.10706579
-1.38078129
-0.05925939
-1.39853549
0.01441356
0.78898978
-0.70245326
-0.11277544
-0.56558603
2.01437116
-0.07415986
-0.53391981
-0.27757210
-0.70972550
0.74167049
-0.09300950
-0.63363320
-0.56732953
-0.08714477
0.16782483
-3.51298046
0.98839211
-1.51828313
-0.18688489
0.50884211
-0.36152047
0.67616558
0.55192995
-0.32695261
-0.30481851
-2.84318876
-0.83974040
-1.07303667
0.30266547
-0.47488481
-0.24415675
0.09793703
-0.05956079
0.42837471
0.63246834
0.67198157
0.59644049
-0.04065488
0.08474642
-0.01876137
-0.10965995
-1.35125434
-0.21276858
-0.16160865
0.07161412
-0.80935621
-0.27231634
0.38241011
-0.10229218
0.15323351
0.39357206
-0.18494980
-0.25849134
0.36255473
-0.15113403
-0.61863744
0.01466827
0.23636211
-0.62321061
-0.12258358
-0.14308870
-0.82422048
1.06696439
-0.32554036
0.19265422
0.11499380
-0.18383989
0.11487460
0.29552236
0.34104380
-0.39343736
0.21808180
1.38141751
0.33291274
-0.47703069
0.47477847
0.01994880
-0.50903898
1.00835145
1.20644069
0.19969738
-0.37621245
-0.26914570
-0.39773202
-0.70946401
1.37115741
0.55759275
0.38533023
-0.31681597
-0.09784585
2.81408501
0.07408913
0.51370740
0.20688906
0.59524000
0.09656993
0.42411926
0.14930594
0.66117740
-0.83826077
-0.01567318
0.43155283
-0.79591310
3.41968107
-0.81022966
2.27274108
-0.06568944
0.07807100
-0.11678387
-3.32791567
-0.16071379
-1.27278090
-0.37483731
-0.27545699
-0.46679175
-0.48225069
0.79525089
0.32787749
-0.71152234
-0.78617132
0.08478890
-0.03167781
0.77412677
0.25114197
1.03067589
1.06378436
1.10848200
-1.17614996
-0.43216690
-1.38130033
0.72643358
0.22878917
-0.09941174
0.21585520
0.02374185
0.99342042
0.35772422
-0.56367862
0.18777451
-0.26683399
-0.75831389
0.75496197
-0.01724677
-0.17320745
1.03249574
-0.02760436
0.73186362
0.22885990
-0.44536185
0.00752471
-1.15130758
-0.06715018
-0.21241066
0.01473984
-0.72407329
-0.21850111
