384
-1.49608707
-0.52244562
0.92917156
-0.71350050
-0.03107107
-1.05196500
1.40625775
-1.68233395
0.75217617
-2.03838539
-0.23938277
0.37308931
-0.28095651
0.08496845
-2.48777413
0.75925237
-1.27299404
1.18862700
-0.16306341
0.38979390
-0.73888135
0.29297578
-0.25140274
-1.18517804
-2.06884837
-1.36425531
-0.70070714
2.10278296
0.52733684
-0.65934837
-0.16558594
-0.82165366
0.32465377
2.89839983
0.04123800
-1.91225195
-0.03642225
0.66636550
-5.58040380
0.40576780
0.30328277
1.72407365
-0.38737246
2.28700805
0.60608488
0.84631866
-0.09179044
0.17651868
0.63415980
1.22319448
0.96295458
0.11120373
1.81605089
-0.02321255
0.92989087
0.65426898
-0.20141141
0.03564100
1.91476393
-0.13909313
-1.08436835
-0.49137732
-0.61402708
0.42083186
-0.14753321
-2.03897572
-0.33194441
-1.13918138
-0.33336097
0.25319982
-0.31084839
-0.14651956
-1.93416119
-1.42988586
0.23904437
1.29950190
2.21591520
-0.79455376
1.55472815
-0.05533329
1.12705421
0.15196127
-0.69649208
-0.55218238
-0.84234607
0.75415206
0.34464166
-0.23465598
0.29639286
-0.06037203
0.00573022
0.65336043
-0.12878670
-0.93275893
-0.22612864
-0.67947567
0.71569461
0.01605538
1.23622417
0.56247669
0.19500764
-0.26646072
2.66122818
-1.97693110
-1.63757038
0.22607049
0.88205016
-0.70026314
0.48517755
-0.47081211
0.92459184
-0.49689981
-0.50403810
0.35409501
-0.35101062
-0.08561258
-0.21318935
-0.64466065
1.90511334
-0.14662948
-2.06357861
-1.47561181
0.56442904
-0.05600888
-0.03835218
0.33779234
-1.95470560
-0.86098605
-1.07526112
-0.00466764
0.66903466
-0.13583910
-0.81746119
-0.22299412
-0.47157264
-0.16081285
1.17292607
0.01881204
-1.03756618
-0.29852310
0.35176256
-0.00236353
3.32462335
0.20708603
-1.24949801
0.37132847
-0.70765930
-0.03579108
1.10589588
-1.33446229
1.45880926
0.31401503
0.14713296
0.28749371
0.18413886
0.51206267
0.02892987
-1.39164662
-0.72896188
0.20790863
0.38570133
-0.99733508
0.65849859
0.25110048
-0.63625318
0.53764892
1.11491895
0.33327508
-1.33461452
-1.08820760
0.09116392
-1.17005992
1.82219911
-0.73852187
0.25661659
0.95006484
1.16499221
-1.37310064
-0.42815197
-0.05518271
0.31461251
-0.15759340
-1.44514346
-0.31759483
-0.96702921
-0.78928733
-0.32989919
0.01072329
1.20569015
-1.08616304
0.63194716
-0.51093900
-0.21739125
0.14902276
0.34863418
-0.60404217
0.16947120
-0.76040965
-0.56240320
0.22139513
-0.76114756
0.55736750
-1.06784105
-1.20263946
0.71986020
-0.51498508
0.30509016
0.95473659
1.27745664
-1.07930851
0.50517601
-0.40605408
1.47125232
0.49960566
-0.47291452
-0.60146558
0.87681383
0.70077330
0.65532601
0.92007595
0.00181109
0.73906112
0.46151114
1.02878010
-0.79413903
-0.34269720
-1.24100971
0.19507849
0.25383770
-1.58295512
1.71414387
-0.83142424
3.03155780
-0.01604611
0.08104375
0.19034036
2.28348637
0.41906404
-0.57136226
0.30810598
-0.64886588
-0.68594474
-0.68835485
-2.32061434
1.16483700
-1.08826375
0.04746950
0.06098116
-1.08551025
1.26383698
0.11638670
0.54605585
-1.73084569
-3.17648983
-0.25609651
-0.08402176
1.68112028
-0.83651000
-0.58316511
-0.55934602
0.09959733
0.44368666
-0.52083623
0.23464772
1.00079882
-0.03584716
-0.18604475
0.53625715
-0.12161541
-1.19859242
-1.12762570
0.35409793
0.37225711
0.12495823
-1.10306597
1.01841307
-0.72729146
0.04436735
0.29934752
0.94564402
-0.81294870
1.21424222
-1.09133518
0.35031560
0.11358060
-0.35506275
-0.60197765
0.16083793
-0.07411150
-1.20836377
0.51598930
0.25489131
0.30626994
0.28070134
-0.17090702
-0.38229498
-0.01224613
-0.90564191
-1.35554314
-1.22858429
1.00379980
0.65925533
-0.02364612
-0.25136271
-1.02254009
0.31041896
-0.46452078
1.72373724
1.94375420
-0.68376005
1.21985960
-0.66150147
0.75480866
1.42217052
-0.54446793
-1.71846545
0.11492926
-0.39726618
-0.11370260
0.19067465
-1.91670418
-0.32245255
-0.36691064
-0.16687241
0.72975206
0.86201268
0.75581276
-0.98469865
0.12737684
0.55196780
-0.63066965
3.32706308
0.42675078
2.60417390
-0.13621740
1.16642332
0.93548417
-2.42794633
0.58987129
-0.68439531
0.69421697
0.26032808
0.64739722
-0.34870446
0.76889175
0.57691085
-0.73271322
0.51494426
-0.42066178
-0.18473080
1.91144156
0.09864456
1.79390550
1.93915308
1.97736955
-2.38400936
-0.70467770
-0.38655186
0.06028976
-0.29515740
-0.31001300
-0.49509418
0.31561372
0.18671685
-0.22191599
-0.93942022
0.15715800
0.71453190
-1.60276783
-0.10400409
-0.34693080
0.16872884
0.89708209
0.28414968
0.54016119
-0.20638542
0.28494215
0.23014304
-0.04624632
0.84486103
-2.17892838
-0.53504181
-0.09174205
0.91248548
