384
1.86855650
0.03673443
-0.10008270
-1.34696686
-1.30625629
-1.78723264
-0.42006183
-1.29082644
-0.72452587
-2.59049201
0.33396965
-0.29854229
0.19861175
-1.34782958
-3.28566885
0.90746891
0.50285828
0.19412413
1.37689221
0.41185039
-1.65217900
-0.67260164
1.57220078
-0.38751811
0.24691218
-2.13640356
-0.46528119
2.73553252
-0.57191271
0.39208904
-0.01898172
-0.42246985
0.12909427
0.68568832
-0.60789317
-2.19218040
-0.23586684
0.01706731
-1.64235330
0.34647492
-0.63111109
2.91085982
-0.59648871
2.38350010
-0.89299846
0.83931255
0.63448143
0.21306781
-0.29564410
2.14308929
0.76952255
0.69314545
2.19974828
2.86801791
0.28054142
-0.10317543
-0.65430325
1.12716293
1.52799416
0.54710817
-0.26162243
-0.16487932
-0.02295937
-0.06720600
-0.64719415
-0.83161783
0.37405965
-0.44371811
-0.05718013
0.19148077
0.54022437
0.00312266
-0.50257039
-1.33209169
-1.97088349
1.26754069
0.84029502
0.68607616
0.54204059
-0.36029115
1.23685741
-0.28564149
0.47059113
-0.01576741
-0.92441732
0.77243185
0.07072198
0.43342745
1.06384289
-0.23135766
0.54407632
0.27284729
0.46299815
1.29326427
-0.56919760
0.32633466
0.62844288
0.15106338
-1.30931485
0.77511126
0.29250103
-0.03746304
-1.30185819
-2.59517407
-1.06417561
-0.12582561
-0.37048030
-0.12316145
0.13308674
0.68663180
-0.01369816
-1.12780380
0.17197677
0.89168000
-0.03395765
0.38938206
-0.20554473
-0.12663770
1.10863853
0.38849014
-1.67460084
-2.53017569
0.22202730
-0.47694907
-0.34903461
-2.62691164
0.44276223
0.52181613
-0.15152711
1.35354376
-0.22284229
0.42392063
-0.78751183
-1.51629829
-1.56410074
0.23519439
1.10611498
-0.12440175
-0.94188327
-0.25942960
0.07388699
-0.18112656
2.94279337
0.01849201
0.37877649
0.75353569
-0.59190613
0.18441013
1.23173130
0.25245297
-0.32399860
-1.06986439
0.10887616
0.12854935
0.16602400
-0.87836218
0.36839816
0.63442898
0.62847233
0.13010365
-0.97304130
-0.76867473
1.49836373
-0.67586046
0.05514188
0.04072646
0.64452881
0.33351520
1.04202080
-1.05881834
0.37108973
-0.62054938
1.39625263
-0.94081134
-0.33619642
0.81913990
0.74536318
-0.25109744
0.74297708
-0.14136463
-3.15082884
0.36138076
-2.24665523
-0.10799123
-0.70392799
-0.19426253
-0.30824581
1.10101998
0.87670332
-1.92986143
-0.04475679
-0.68611825
-0.55759537
-0.75547612
-0.57754260
1.95392275
0.44936681
-1.72081459
-0.05974072
0.97773528
-0.26123393
-0.20587537
0.32182208
-1.66312993
-0.52258241
-0.04355557
0.04188210
0.57263941
-0.79787749
-1.15458632
-0.98671013
0.07978778
0.93212581
0.52042568
-0.88708591
0.20131171
-0.03859963
0.94876420
-0.48634002
1.54426897
-0.40985698
2.54856062
0.49382764
-0.31568447
0.13711855
-0.39263844
-1.67645216
-0.29501703
0.43696398
-0.38341984
0.20428947
-0.91235989
2.30903482
0.52563220
-0.96641928
-1.11701155
0.80522794
0.54673135
0.05686192
-0.25753424
-0.81796753
-0.02706007
0.10417038
-4.07230234
1.65392673
-1.93071723
-0.71140707
0.21607809
-0.76204813
0.41273856
0.56197411
-0.37720525
-0.45946944
-1.30423284
-0.66319239
-0.84276086
0.14935398
-0.44394529
-0.64310539
0.06034389
0.18392335
0.37081578
0.43836552
0.83574450
0.07884797
0.14314134
0.07031295
-0.41332629
-0.30208877
-0.98141170
-0.91203320
0.14707190
-0.20721287
-0.30829787
-0.83645785
-0.14714643
-0.35132226
-0.35872078
0.67759168
0.26964414
-0.65733755
0.77286142
-0.74009156
-0.63622463
0.24484478
-0.03360752
-1.05300224
-0.12616895
0.12967420
-0.88305044
1.14645779
-0.21202585
0.52701855
-0.60474885
-1.28360963
0.15789683
-0.15632075
-0.10069150
0.27900663
0.95458645
0.93542433
0.98047447
-1.10967207
-0.07385758
-0.09183115
-0.09819409
0.17913088
1.42490351
-0.40811071
-1.51686037
-0.81759131
0.45875096
1.29275692
-0.28498432
0.54080385
-0.53210258
-0.89114690
0.69499719
1.52956510
1.08206713
0.86057925
1.16024089
-0.16470614
0.81912762
0.13907656
-0.57432103
0.49130422
0.34598958
-0.19592640
0.21374518
-0.50801772
3.82200861
0.02424717
2.40945172
-0.24356736
-0.17698079
0.37942830
-2.82711196
-0.31496224
-1.44389713
0.08210135
1.21038413
-0.66671532
-0.36735496
0.10188517
0.59604657
-0.26502663
-0.21592098
-0.38828340
-0.00742195
1.57224894
0.49523726
0.49403098
0.50848287
2.29840231
-1.29551589
-0.54554021
-2.39929605
0.46800303
0.05814108
-0.48611277
1.18915999
0.55924672
1.02954435
-0.24187905
-2.56874418
0.22326991
0.51370102
-0.87483978
0.53268230
0.18391198
0.24366394
-0.46374434
-0.49675339
0.87209725
-0.13532875
-0.33252662
0.51329517
-0.19638352
0.49177063
-1.42544127
-0.26142889
-0.49481755
-0.24862960
