384
1.42971420
-0.04606825
0.11221349
-1.59777057
-0.84433466
-1.26237237
-0.18237379
-2.05837178
-0.69675153
-2.76069212
0.07790630
0.42884812
0.36950284
-0.99063927
-3.15941763
0.55184102
0.44516572
-0.08720744
1.37369275
0.66562527
-1.71605766
0.18578860
0.78698921
-0.82161343
0.32259291
-2.25118780
-0.30329055
2.39103079
-0.98697549
0.38282096
0.02621442
-0.07971499
0.10349338
2.02268314
0.35800719
-2.58678675
-0.02721079
0.30884448
-3.08507824
0.50968277
-0.48562032
2.57378554
-0.16716877
2.77025700
-0.94840586
1.24798954
1.09032822
-0.22842371
-1.00543308
2.07647991
0.89230388
0.26025882
1.79343104
3.48991680
-0.10361513
-0.14965266
-0.06142025
1.10046768
1.15126348
0.40168202
-0.36922649
-0.36524823
0.00531833
0.66543746
-0.19129464
-1.26539278
0.38574833
-0.88984710
-0.33511770
0.18667050
-0.03157972
-0.77151811
-0.76445216
-0.95369214
-0.36347693
1.27934647
1.95323515
0.70854747
1.09958971
-0.18298939
1.89634681
0.01443075
0.30498812
0.11710958
-1.01333189
0.50811517
-0.45120507
-0.21676797
0.17249341
-0.60629886
0.75999850
0.08641449
0.52281344
1.19373941
-0.53381145
0.11158533
0.46986210
0.54218143
-0.70899129
0.83703649
0.58940619
0.16719979
-1.05351782
-1.59578395
-2.02143097
0.17894784
-0.78856915
-0.06584451
-0.51262784
0.29981270
0.28256673
-1.52002358
0.06382430
0.53256488
0.16469137
-0.15145156
-0.28147751
0.36504424
1.23941493
-0.35219970
-1.64876699
-2.38599896
0.79703796
-0.46834221
0.46046019
-2.03490543
-0.28994197
0.18488981
-0.35011208
0.88549799
0.14244221
-0.23092741
-0.28500065
-1.17214298
-1.27573848
0.36484197
1.34726322
0.44314611
-0.45181569
-0.30066773
-0.08703578
-0.31055230
2.15547824
-0.40131107
0.04123705
0.59774154
-0.59070677
0.08438806
0.73744082
-0.37719861
0.29168946
-0.37499055
0.19740270
0.34388503
-0.07814334
-0.61183190
0.25467587
0.20871642
0.15888584
0.58779287
-0.36036745
-2.02046013
1.31027353
-0.81854993
0.26081964
0.28881866
1.03902054
0.40998358
0.58679044
-1.07077026
0.58600980
-0.48038483
1.50018847
-0.90456903
-0.01941700
1.08194220
0.87816292
0.09947151
0.22296523
0.06711577
-2.54677224
-0.40341109
-2.06365418
0.04866505
-0.77574253
-0.76121593
-0.68250203
0.27198035
1.16695392
-1.92797828
-0.04575571
-0.44694415
-0.57091272
-0.75553977
-0.32483554
2.25326538
0.10586751
-1.45749593
0.15764943
0.54569119
-0.99679244
-0.05714727
0.19931643
-1.80077910
-0.32857752
0.10021253
0.15632969
0.47623175
-1.19556665
-0.53868741
-0.46180153
0.23326692
0.74186140
0.17095982
-0.60309577
-0.01603296
0.05552849
0.38587433
-0.01475227
1.14718807
-0.11299032
2.48663163
0.39299726
-0.65004849
-0.17814703
-0.52593583
-1.11064577
-0.17731251
0.81701714
-0.72675264
0.45277256
-0.54864860
2.43538404
-0.04342445
-0.56265819
-0.49457809
0.22944987
0.53466570
0.26309893
0.06516528
-0.50239301
-0.23389301
-0.55269736
-4.38194847
1.30846274
-1.49754810
-0.11598673
-0.01407811
-0.78240097
0.51942301
0.70338595
-0.30865434
-0.23890382
-2.07650280
-0.25318176
-0.65015382
0.20886785
-0.41003719
-0.74613702
0.31221282
-0.04639384
0.24822141
0.44452214
0.64911485
0.11089137
0.01656157
0.05749783
0.30017111
-0.54108489
-1.21222365
-0.91410446
-0.23644952
0.59306294
-0.46246794
-0.63760030
0.31929037
-0.53993571
-0.13694228
0.47087175
0.02546091
-0.61869967
0.57634521
-0.55140340
-0.47876054
0.22552611
-0.12286115
-1.17279220
0.35448816
0.07374762
-0.64449346
1.03259790
-0.65881890
0.41604817
-0.02645884
-0.17603824
-0.11210708
-0.01753306
-0.21472299
-0.11936294
0.60316718
1.31815648
0.64700323
-0.70767212
-0.07638755
-0.05555835
-0.38203380
0.08924639
1.18757069
-0.43771333
-1.27658510
-0.79768646
-0.26409212
1.21012998
0.59301746
0.27973607
0.13319843
-1.16646862
-0.00330167
2.51709223
0.26045227
0.57613039
-0.10526656
0.16931377
0.68212318
-0.05767622
0.38800836
0.77475643
-0.38773268
0.07330408
0.21969673
-0.36100656
3.63698959
-0.35949379
2.57362628
0.28350675
0.02913821
-0.14958113
-3.13396645
-0.46110499
-1.37673855
0.36712325
0.30417132
-0.48346889
-0.33882466
0.44797894
0.65713310
-0.48263040
-0.24962749
-0.20524871
0.04688085
1.36973476
0.42606848
1.07808781
1.32989228
1.70889235
-1.23952723
-0.53943759
-1.73876214
0.44319153
0.09484853
-0.20871039
0.64708745
0.30454579
1.15713513
0.19827154
-1.63170779
0.30143869
0.03474057
-0.57045126
0.16734758
0.21070331
0.05078291
0.47557670
-0.09334733
0.72653902
-0.06745493
-0.08677025
0.12668931
-0.65983218
0.56291622
-1.28028309
-0.47130597
-0.63194680
0.23716816
