384
-1.71360171
0.68992162
1.43787694
-0.94342422
0.03190951
-0.35774064
0.79171205
-1.07009900
-0.11309868
-0.10332412
-0.40134221
0.15308979
0.37458891
-0.58531147
-2.06386328
0.28816038
-0.58526117
-0.32298833
0.52427197
-0.03355624
0.13425148
0.83317465
0.20711251
-0.59054434
-2.08603859
0.80160105
0.12720758
2.02381301
2.39868021
-0.58884907
-0.02490395
-1.01868463
0.62073225
1.58265305
0.94273210
-2.07956672
0.39865136
-0.16706020
-1.48192680
-0.41972673
0.43229547
-0.32281020
0.75974393
1.91089356
1.18086326
0.01777607
-2.42809558
0.15997657
0.25089663
0.54212850
0.04496083
1.01652884
3.74876952
-1.46775651
1.22537947
0.18388569
0.22086748
-0.70174146
1.01827049
0.30690783
0.23941189
0.13390893
-0.91650075
-1.15349436
-0.20717691
-2.65150452
-0.10508756
-0.02285534
-0.93034422
-0.57021147
0.43527049
-0.95482802
-2.07630873
-1.06220162
-0.20645949
2.39199781
2.46546936
-1.13998508
-0.00087231
0.24969643
-0.45079833
-0.50929642
-1.20792580
-0.47185999
-1.00496197
0.28882393
0.68315637
0.75417691
-0.04777857
-0.41927880
-0.37635019
0.59745246
0.06460699
-1.64515030
0.13298835
-0.40559572
0.21655507
0.11885529
1.05391383
-0.94622546
0.07721885
-0.17143893
4.16306257
-0.94928116
-1.47312534
0.41244847
0.79247582
0.44192272
-0.30720586
-0.71162879
0.01444602
-0.08313733
-0.47491252
0.94221389
-0.39392447
-1.10157657
-0.40791279
-0.13114679
1.63279748
0.07107583
-1.46324742
-3.04029846
0.72229278
1.71972120
-0.79959697
1.15894747
-3.21232367
-0.77916801
-0.26357117
0.32032758
0.77177966
0.01509635
-0.18120208
0.93588805
-1.25692046
-0.86928552
1.18213964
0.12038386
-0.70022619
-0.42655045
0.48631504
0.49300247
-0.07545245
-0.80210233
-0.77495241
-0.07662775
-0.54025453
-0.40035951
0.76435363
-1.16254532
0.67593384
0.19712773
-0.30695656
-0.18583968
-0.30109790
0.29507303
0.15157121
-0.26627356
-0.62231517
-0.52396965
0.35723916
-0.04392150
1.99060678
0.77855432
-1.77523446
-0.96975678
1.13469315
0.11531752
-0.59505308
-0.43977243
0.53972256
-0.87221849
0.06173071
-0.07834238
0.34453779
0.18356156
-0.11067736
0.86345881
0.17840306
-0.19083799
1.03394377
0.11184639
-0.70646447
0.43476096
0.00726730
0.04351324
0.50552803
-0.42925352
1.43801475
-0.37689602
0.17429112
-0.77949435
0.43703097
-0.02101812
0.39328119
-1.07865989
1.29663205
-0.21928686
0.32732987
-0.83265293
-0.89151669
0.09167948
-0.40238804
-2.25776339
0.31021458
-1.11202669
-0.64843702
0.13582489
-1.89061582
-0.01951550
0.61712801
0.80826432
0.01411670
0.42635575
-1.48708487
-0.49569070
-0.05758969
0.08841664
-0.05802617
1.39590871
-0.39173228
-3.16292477
0.12928095
-0.33522749
0.35383314
-1.12822461
-1.14906883
0.38560894
-1.11798906
-1.94139576
0.43194950
-1.16492987
2.85395575
0.30910850
-0.38486266
-0.60882181
0.18228176
0.11465970
-0.59896320
0.60409409
-0.36213982
-0.18356842
0.27958685
0.12429988
1.35164118
0.52122408
-0.53163862
0.13987803
-0.93037951
3.32932901
1.33325374
0.40125605
-2.93008733
-2.34840107
0.04978096
-0.47968292
1.57450747
-1.72576976
0.79366362
0.36227819
-0.29703960
1.24104655
0.34534520
0.14786699
0.54703188
-0.99419546
-2.08016610
0.95805562
0.45174882
-1.66097617
0.25723147
-0.69198793
0.65859973
0.08666599
-0.77331203
-0.03508537
0.50795007
-0.67253399
0.82218540
0.37246782
-0.00056419
-0.08146839
-0.52805841
-0.09334546
-0.05708634
-0.45222622
-0.05772141
-0.58389360
-0.80813980
-2.50853252
-0.16362706
0.03944409
0.46780574
-1.16329157
-0.76618159
-0.61867142
-0.98205173
-0.28235772
0.18390444
-2.15561318
1.45373368
0.76850027
1.07178605
0.25502199
-0.74336022
0.62524390
-0.37666601
1.82758605
2.68174314
0.61627942
1.71873403
-0.45054224
0.47996563
0.65060771
0.11064468
-1.50503981
0.58430856
-0.75230134
-0.46806663
-0.21381377
0.67463911
0.65840083
0.25941357
-0.21548328
0.12075943
1.28034186
0.26500642
-1.22220039
-0.29853398
0.38013965
-1.27212870
3.30924582
0.14347005
-0.50850004
0.98271883
2.16796160
0.89432663
-2.57047939
0.58196169
0.34107995
0.62151027
-0.57295227
1.66674042
-0.47999325
0.58284509
0.93046206
0.07635075
-0.45677453
-0.42591146
-0.19263975
2.30813146
0.19208869
1.58702350
1.83352005
0.32621056
-2.08875656
-1.34650660
-0.40857100
-0.24223077
0.03971565
0.73813403
-1.87739587
-0.49169558
-0.00129366
-0.45160872
-0.64446157
0.02163763
1.30925727
-0.38066477
-0.13204917
0.67605948
0.52235258
-0.52542782
-0.32543960
0.88229173
0.74755085
0.65315491
0.41280666
0.35544097
0.03690943
-0.56170976
-0.85351801
-0.16885380
0.84725946
