384
-2.20397043
0.53833252
1.18265069
-1.42327595
-0.73395449
-0.71461713
-0.23994744
-1.66431272
0.36171561
-2.85358095
-0.85184014
0.30811691
-0.15882406
-0.05532026
-2.23645186
0.89729047
-1.22573125
0.21109056
-0.82404864
0.38055950
-0.76870656
0.41132560
-0.21793067
-1.18837333
-1.73801923
-0.35957259
0.07203972
2.09932351
1.52504277
0.05268303
-1.70673299
-0.63397473
-0.08018775
2.02584267
0.57797873
-2.15304351
0.01084046
-0.60234249
-5.02439785
0.21595913
-0.29116127
1.16412258
0.44259474
1.90260708
0.09217647
-0.11233772
-0.34611028
0.21061341
0.19991069
0.88693106
0.70791340
-1.15134037
1.84066486
-0.41031086
0.43306702
-0.55177498
0.46276313
0.22878967
1.88207150
0.19776183
-0.63430357
-0.50333220
-0.67778063
1.42247391
1.11357856
-1.39089179
0.66575730
-1.10567379
-0.04976045
0.73805755
-0.87586653
0.05099347
-2.04646826
-1.58605790
0.01203835
1.88749242
2.35721278
-0.23796958
1.45998859
-0.68608379
1.73621655
1.20901954
-0.43700078
-0.25539675
-0.52421039
0.88238466
0.73697436
1.03568721
1.26884151
-1.27845013
0.86684304
0.54899943
0.26510191
-0.62899464
-0.19643237
-0.48245317
-0.54186511
0.33563411
1.40140343
-0.55190486
-0.24799511
0.15692209
3.44189119
-1.43387282
-2.17769361
0.03694129
-0.18615004
1.80689394
-0.66302913
0.99664682
1.64843678
-0.87263489
-1.30418754
0.40210977
-0.66309130
-0.44361699
-0.41135824
0.31347239
2.07702374
0.85065556
-2.14478779
-1.87505722
0.37543133
0.01344082
-0.31565130
0.83018237
-2.30674815
0.22486976
-0.87680042
0.60915869
1.42007661
0.40696234
-0.62605077
-0.24545863
-0.80385506
-0.28016168
0.84615260
-0.64361501
0.46273983
0.45033666
0.09331602
-0.82384837
2.83923006
-0.14425717
-0.74077833
1.01570213
-0.51232541
0.39675361
0.22807628
0.24084100
0.43219224
0.68216401
-1.08812249
-0.64194584
-0.50886291
0.85798836
0.08903769
-1.58775747
-0.90942729
-0.28535563
0.13184890
-0.99047446
1.32463288
-0.13304731
-0.36581966
-1.00420213
0.51523632
0.74631232
-1.89590156
-0.61034483
1.11290109
-1.38955212
1.34574831
-0.77030331
1.23348260
0.57931834
0.62006325
-1.25637925
-0.80221260
-0.31960011
0.62787592
0.79163760
-1.71031761
0.78681743
-0.34304157
0.38225734
-0.69553590
-1.12705684
1.51757956
-1.06993294
0.92908180
-0.62641990
0.20613158
0.72839963
-0.28219101
-0.85651374
0.01784503
-0.75922906
0.39578652
0.50913310
-1.11431241
-0.83104819
0.23385048
-1.70311332
-0.19648664
-0.62322700
0.94494641
-0.11486652
0.92388874
-0.16429284
0.33211613
-0.18463336
0.84273922
-0.46916261
-0.84970343
-0.79037702
0.12010190
0.89441323
-0.46975702
1.40405607
0.28327155
-1.57838583
0.03155443
1.13867652
-0.10666771
0.25145274
-1.52144694
0.15362585
0.18180527
-0.89740306
1.92267895
-0.99814975
3.05765009
-0.05085050
0.22972286
-0.29579949
2.13531208
-0.40587896
0.73947704
1.25939345
0.10671112
-1.31522846
-0.43795228
-1.06334221
1.88521552
-0.18868564
-0.25749087
-0.69665235
-1.17090011
1.95147908
0.04850577
0.05921978
-2.35749817
-2.67737198
-0.71400124
-0.37356675
2.33062744
-0.39220715
-0.35176027
0.38037568
-1.16312885
0.11182184
-0.55753183
0.21728133
1.00670922
0.75021446
-0.05156389
0.43696776
0.10318963
-2.23334765
-0.42797253
0.04460920
0.63105261
-1.30162549
-0.59416932
0.99418825
0.28741020
0.69077373
0.26082137
0.86967492
-1.40364432
0.71649784
-0.64080167
0.04350677
0.36724031
0.70546561
-0.79953283
-0.35534930
-0.05237157
-1.12106144
0.12722269
-0.33182988
0.67365903
0.25758651
1.47607994
-0.37647769
-0.50768828
0.35178223
-0.07883698
-1.40979874
1.49949741
0.28026858
1.08030367
-0.49306267
-1.47855759
0.53976417
-0.85437810
1.37603855
2.03164768
-0.01040822
1.81817627
-0.38743103
0.24907638
1.43360293
-0.96449745
-1.90814495
0.31321892
0.61054134
-0.11964792
-0.88267887
-1.96599722
-0.03466645
0.65687370
-0.16050035
0.36894381
0.88580465
0.50630289
-0.83916765
0.09239287
0.18583795
-0.90544975
3.40727115
-0.21277225
2.28019953
-1.10800862
1.45491409
0.81236720
-2.10276508
-0.96202296
-0.36336982
0.64522696
-0.15965503
0.66823888
-0.42763984
0.42909938
0.79088819
-0.26426512
0.52260929
0.49368301
-0.81539875
1.55059242
-1.04916084
1.67378974
1.92767811
1.73144269
-2.12133288
-0.50267661
-0.47629952
-0.49442524
0.00495882
-0.94285047
-1.37034714
0.09535228
-0.38121995
-0.40654421
-0.38990265
0.19876906
0.13975972
0.11052024
0.03521556
0.23590961
-0.64834702
0.45218307
0.68178314
0.55519164
-0.30556718
0.37284943
-0.17561863
0.80459791
-0.25915644
-2.52200413
-0.55764049
-0.01378658
1.05656958
