384
1.49273098
0.26205224
-0.20263857
-2.39839602
-1.10800409
-1.00030077
0.30716723
-2.66723967
-0.50332540
-2.19442749
-0.18035264
0.18862134
0.11181742
-1.31268263
-1.90810645
0.50836694
1.59369957
0.59954607
2.35659480
0.44855785
-1.88405299
0.05639504
0.35204130
-0.99333149
0.19417101
-1.90354013
-0.27534205
2.04293251
-1.38892961
-0.09762633
0.26310742
-0.40391034
-0.23512860
2.90250278
0.41498181
-3.33552146
-0.02480865
-0.09034771
-2.97468042
0.28293067
-0.36721531
1.00896716
0.15644786
3.10245323
0.36231118
1.57058299
0.77093714
-0.65487206
-1.29778254
2.25020432
0.46345961
0.00083966
1.88506091
2.76871538
-0.44429100
-0.01698150
0.05461803
0.89117539
0.26697290
0.70639890
-0.20550001
-0.34907037
0.20825958
0.22937804
-0.02722499
-1.62623358
0.26603550
-0.56802875
-0.30072218
0.14834625
1.39920771
-0.78770447
-1.26471460
-0.46088850
0.49025941
0.22929573
2.73625278
0.22527540
0.91247725
-0.10511407
2.29989862
0.17047101
-0.51294422
0.10454096
-1.00327933
0.43037212
-0.56969041
0.16162446
0.32891887
0.24616680
0.59167492
0.37572461
0.54085535
0.70619136
-0.24370094
0.02452081
0.62794971
0.00722452
-0.78562713
0.66128755
0.18464503
-0.10809894
0.11399937
0.23585731
-2.08839297
-0.01471299
-1.01630998
0.51120102
-0.18439201
0.41743237
-0.20739803
-1.35987854
-0.12349331
-0.06265172
0.20853494
0.61953306
-0.06929467
0.03249998
1.46671104
-0.75027943
-1.67427456
-3.19354081
0.34942591
0.10218802
0.22255796
-1.24245453
-0.54375935
0.14250425
-0.23148122
0.75683904
0.00347444
-0.06592923
-0.26690355
-0.65695751
-1.35089743
-0.23665065
1.36595750
0.32634342
-0.54325265
-0.08673790
0.14308637
-0.35520348
0.21451426
-0.33871946
0.41756591
0.48399413
-0.75602758
0.05259676
0.62445492
-0.57461572
0.83215696
0.08135740
-0.11027384
0.30884129
-0.30100939
-1.12846231
-0.17141548
0.76028597
0.20580304
0.49438089
-0.04436576
-2.20691133
1.50574565
0.18321544
0.71135545
0.20775358
1.41502655
0.27187562
0.51780665
-1.11337471
0.47534779
-0.27496707
1.48653531
-0.70252216
0.67323625
1.05230403
0.50223279
0.79486370
-0.20176771
0.33296680
-1.77834558
-0.12198814
-1.63057327
-0.09972048
-0.53104067
-1.05090487
-0.30729493
0.48595792
0.81910664
-1.82029605
-0.10892768
-0.20002754
-0.47768378
-0.47705996
-0.02035126
1.76874971
0.50093198
-0.87580234
-0.16405413
0.30642992
-0.78680253
-0.16233733
0.09887031
-1.40591156
0.12117969
0.08160095
-0.03556770
0.29654157
-2.22314739
-0.86843932
-0.85525823
-0.08900992
0.16410373
-0.38704026
-0.77819586
0.10562453
0.32196909
0.29429388
0.21727160
0.60056198
0.64407378
2.12315011
0.47227046
-0.31485176
-0.66014665
-0.20396659
-1.03914046
-0.28676605
0.56374717
-1.23039842
-0.16959837
-0.42800686
1.68264520
-0.01900475
-0.90648723
-0.53135747
-1.71166575
0.69158006
0.17412370
-0.01870620
-0.23121387
-0.02460007
-0.70747578
-2.90167069
1.01710343
-1.25236928
0.25147453
0.07331482
-0.44110864
1.20127809
0.53478712
-0.67457581
-0.11871874
-2.73375082
-0.32175827
-0.45923349
0.20692140
-0.24484828
-0.54393297
-0.19126764
0.04854842
0.55362207
1.11345446
0.31475389
0.38977993
-0.05480038
-0.12173007
0.30346608
-0.36499166
-1.77258503
-0.35640639
-0.47803733
0.10981819
-0.46587923
-0.61980629
0.07238556
0.08460800
-0.11133311
-0.02289793
-0.29692432
-0.19424099
0.16995741
-0.44287872
-0.24434009
-0.37655631
-0.20946416
-0.49321783
0.06208158
-0.07460036
-0.88685381
0.89584231
-0.42243326
0.38644713
-0.35931098
-0.40178138
-0.21693262
0.26279473
0.51979679
-0.59142244
0.51205194
1.47998738
0.40766707
-0.50356847
0.26104873
0.04908177
-0.50043559
0.38171628
0.60119575
0.05495012
-0.29244980
-0.33492267
-0.40914166
0.66558862
0.67952168
0.17267840
1.02320802
-0.89605886
-0.20547168
2.47777367
0.10920912
1.33229899
-0.06411900
0.18306084
-0.02338216
-0.00670579
0.42990589
0.57021946
-0.05203305
-0.08664916
0.33498120
-0.31412962
3.48659801
-0.68984485
1.98258555
0.56629866
0.39485770
-0.17515653
-3.62889671
-0.17886674
-1.82851624
0.04814526
-1.12438560
0.30055296
-0.27844411
0.74679577
0.61761457
-0.34319773
-0.45344114
-0.56748331
0.02218731
1.00013041
0.30906039
0.76709259
1.15642154
0.41462475
-1.07236660
-0.37774345
-1.70965552
0.81917143
-0.15416360
-0.15617473
0.21674131
-0.02188204
0.94669938
-0.08391157
-0.63592523
0.34599614
-0.48443407
-0.01556224
0.37061501
0.25413504
-0.19404474
1.06774712
-0.42158860
0.33886218
-0.11780255
-0.18327868
0.13007292
-1.28720534
0.07688114
0.46337301
-0.20953926
-0.15267390
0.28481147
