384
0.91253316
-0.15913022
-0.29632413
-2.45229340
-1.45630300
-1.22973716
-0.33523703
-2.11966944
-0.39515710
0.02244794
-0.09916328
-0.03329182
0.22262034
-1.90566826
-0.15650296
0.46676299
1.10652053
0.46099329
2.56532431
-0.00135303
-1.80713511
0.62691933
-0.15362886
-1.09807134
-0.71063697
-2.28373909
-0.26695433
2.93095207
-0.21742642
0.26950595
0.28962308
0.10138157
-0.09161863
-0.65531576
-0.15010884
-2.79584479
0.34390008
-0.04029194
-1.66753042
-0.00853622
-0.09053276
1.28414869
0.06203263
1.02352488
-0.12240307
1.05465078
-1.21842396
0.28177220
0.37734523
-0.93871462
0.99251366
-0.13357711
0.99172354
1.48109877
-0.41823882
0.17608956
-0.12756285
0.82584780
-0.36783811
0.32583103
0.08839637
-0.34714755
0.01581522
0.80848831
-0.28702664
-1.36738062
-0.32400209
-0.51550746
0.24837250
-0.96771336
1.52975845
-0.44177783
-1.09664321
-1.06069517
-0.15687913
2.22353029
1.00475717
-0.20363095
-0.15787031
-0.17603192
1.15457952
0.09043276
0.45700526
-0.27294311
-1.33509815
0.28717038
-0.30070546
0.66295254
0.07140512
0.09421396
0.28236833
0.46252686
0.35875958
1.28405643
-0.26247734
-0.48273528
0.37288138
-0.04731076
0.84916675
0.82053214
-0.18636191
-0.72512066
1.88715816
-1.36914229
-2.28393173
-0.15601312
-1.40245259
0.32078367
-0.04640971
0.22740349
0.72759014
-0.41105402
0.10183822
-0.10457036
0.28835434
-0.03254439
0.26832169
0.15149109
0.77427912
1.12641859
-1.04883194
-2.80325007
0.02366477
1.57415330
0.08973308
-2.07293487
-1.31424117
0.79795468
-0.31278741
1.13190389
0.45257795
-0.12742205
-0.32728183
0.20481348
-1.92768872
-0.03239191
1.31416178
0.08077923
-1.00855768
-0.12781496
1.06752300
-1.03859138
1.70236123
-0.66987264
1.27997673
-0.63874006
0.46387482
-1.41977906
0.28751883
-0.44112432
0.57135952
0.64867228
0.00086963
0.23832092
-0.37144440
-0.47163719
-0.36127704
0.72312695
-1.08389759
-0.83643281
-0.35691667
1.34484696
1.31310904
1.36573803
1.21565437
0.15073970
1.57301998
1.96290410
0.30370861
-1.31872988
1.22435474
0.05341743
0.06842157
-0.40289521
0.32801291
0.38350838
-0.16258132
-1.45321834
-1.32837391
-0.20838414
-1.55749798
0.20218226
-2.06990862
-0.50554276
0.10078587
-0.24650419
0.41027069
-0.39005727
0.63264197
-1.31743705
-1.41209257
-0.06866145
-0.59893739
-0.51654065
-0.04100313
-0.44270021
1.38007390
-1.90974534
-0.40899944
-0.25870153
-1.02154875
0.04327616
0.08397239
-0.89996761
-0.34316534
0.29440117
-0.00849841
-0.16792522
-1.88536096
-0.13370433
-1.08419573
0.29619181
0.52456725
-0.89616662
-0.93165404
-1.04437733
-0.08527315
-0.29284963
0.47673497
-0.07104290
-0.15526554
1.74356830
-0.33497867
-0.35641435
-0.70715427
-0.00003785
-1.49105799
-0.08958995
-0.78366613
-0.70286673
-1.89884555
0.03276056
1.62021053
-0.03552808
0.13287044
0.22232825
0.29025984
0.73783755
0.48673767
-0.14594710
0.36413220
0.50388592
-0.39970133
1.50961208
-2.13887620
-0.61418092
-0.19276394
0.02826663
-0.84463131
2.48749471
0.64519513
-0.21235326
-2.37608671
-1.11775184
0.57139367
0.07198173
1.42984641
1.33045471
0.17705190
-0.23270717
-0.77256739
1.04269063
1.11062777
0.38697419
-0.84552121
0.40500411
0.74386549
-0.37891138
-0.32853580
-0.62019587
-0.99665707
-0.61391747
-0.14067572
-0.71577311
-0.33876312
0.15699896
0.62073982
-0.01319163
0.48750663
-0.32450047
0.71529484
0.24179395
-0.56125939
-0.25914937
-0.28309846
-0.50785035
-0.35669148
-0.11286346
-0.70824033
-1.46505082
0.92106056
-0.21115391
0.42624867
-0.89563948
-0.02274881
-0.49722722
-0.25555989
1.53774571
-0.37929434
0.07563105
1.29349244
0.66726226
-0.68892235
-0.25235611
-0.12605670
-0.10602632
0.92795813
0.73942971
-0.15356261
-0.49702582
0.23221299
-0.07022208
0.10164527
1.39611518
0.31384042
1.30011868
-0.18830806
0.30174339
-0.35765338
0.12920140
1.63715315
-0.35102382
-0.51473451
1.08077621
-0.22016627
0.21482727
-0.09874785
0.30025563
-0.14319460
0.78480285
-0.03484160
2.91271210
0.41097128
-1.21183121
0.80666256
2.36282396
-0.34596658
-0.88770509
-0.35858870
-2.76101804
-0.22238442
-0.25794315
0.50726944
-0.30618149
1.11668992
1.46077967
0.11229411
-0.16961396
-0.28532326
-0.19108188
0.69768518
0.42945951
-1.56051695
0.27852196
-0.54997534
-0.86759138
-0.93592030
-3.66429663
0.74074739
0.09617113
0.13894954
1.72584450
-0.19565147
-0.03991113
-0.01733954
-1.32340658
0.51691061
-1.47005618
0.05839056
1.34739375
0.39253005
-0.36447445
0.83065116
-0.85998845
0.08941326
-0.72823417
0.18318994
-0.16929671
-1.42121565
-0.27137220
2.42022872
1.62007880
-0.27864692
-0.19628461
