384
-1.13221383
-0.16133365
1.52136838
-1.28435099
-0.92699844
-0.21352112
-0.35859293
-2.89037895
-1.08269024
-1.22071934
-0.32946843
-0.02028720
-0.45080242
-1.10329962
-3.31168318
0.75645018
0.20720430
0.34676799
0.43373227
-0.19643584
-0.16631866
-0.27837896
-0.17825329
0.45535696
0.50611967
0.97222793
0.32162374
2.32768488
0.98932523
0.22072613
-0.44773805
0.26627231
0.34294587
-0.30954784
0.22496779
-1.89665198
-0.00226779
-0.29398686
-1.00648832
-0.03711781
0.02306561
0.51075935
0.38925749
2.51286006
-0.04785109
-1.04312086
-0.79036331
0.36590517
-1.17961645
2.31137466
-0.46243370
-0.04199979
2.17385030
2.22503734
0.72421706
0.32644320
0.13246813
0.36211330
0.59517705
0.45191294
0.52807516
0.11050840
-0.16750808
0.74452269
0.00190797
-1.49743664
0.19362816
-0.13926037
-0.43481085
0.63756633
0.28665149
0.00515135
-1.39638197
-0.94010127
-0.31548455
3.57405901
2.69123411
0.17607105
0.18744455
0.41476277
1.27865708
0.92713034
-0.36276183
-0.02439097
-0.93760055
-0.21244127
-0.81309307
1.03389955
0.85121083
-0.54906237
0.45541587
0.13742343
-0.47842473
0.67680460
0.10544533
-0.78277677
0.96156824
0.00613687
-0.03125086
-2.15949488
-0.33484620
0.70017350
1.71563113
0.48690051
-3.94098568
0.38630122
-0.72388071
0.32514626
-0.70002311
-0.11749792
0.16955523
-1.05662084
-0.96808714
0.80335951
-0.87004644
-0.22473750
0.16680801
0.05614375
1.44472003
0.25370631
-2.15417719
-2.81997347
0.74267966
0.47736889
0.65627664
-0.69258904
-0.92023766
0.01119265
-0.79588604
0.46674585
0.91517222
-0.27545616
-0.32483286
-0.36673182
-0.96772677
0.62888974
1.52543461
0.29096574
-0.70041800
0.02514173
0.05231352
-0.00467494
-0.38617206
-0.29064375
1.12779391
0.52852565
0.33083743
0.46329853
0.70984119
-0.69838703
-0.24720860
0.41073981
-0.11914365
-0.43269831
-0.35274908
0.10483986
-0.33856237
-0.86315513
-0.49176520
-0.69592464
-0.06494816
-2.45346999
1.69509482
-0.82802230
-0.65395296
0.17262438
0.29933357
0.96892548
0.21984901
-1.30160284
1.09875131
0.00258815
0.31775814
0.31537312
-0.47508994
-0.02784453
0.29778594
0.67037654
0.85876340
0.02734919
-1.36842406
-0.10711731
-0.96329945
-0.03169674
0.69519770
1.33251619
0.11482176
-0.72946608
1.90058684
-1.31093621
-0.42231658
-0.23881795
0.65654206
0.18822581
-0.01881221
0.74811298
0.64145648
-1.57018268
0.19194469
-0.26015216
-1.53969467
0.41738212
-0.37401575
-2.32816648
-0.23696208
-0.70411444
-0.10816234
0.67338997
-2.32063389
0.00825419
0.01048898
-0.03559932
0.88785708
-0.11155175
-1.69137502
-1.34239650
-0.14425813
0.59300315
-0.32566172
1.35217881
0.42563039
-4.09847069
0.45439631
-0.42669588
0.02470198
-0.65520632
-0.20513868
1.01221848
-0.30132338
-0.15542194
0.97881794
-0.86020327
2.62719321
0.19701789
0.13038564
-0.37629074
-0.15153332
0.54619253
0.31273425
-0.01084895
0.85356426
-0.54009992
0.18365589
-1.54259074
1.81930864
0.37938434
0.16930509
-0.27307844
-0.99295509
3.32232285
0.11734784
0.80789649
-2.17768145
-2.17129254
-0.39230353
-0.39950407
1.85119510
-1.30965090
-0.86614519
0.17671658
0.09707852
0.66500330
1.02326417
0.45226288
-0.58922267
0.36725599
-1.43756056
0.07805266
-0.70286518
-1.66852808
0.34492743
0.00368105
1.02182722
-1.57691121
-0.63598984
0.29025441
-0.56390208
-0.51143289
0.90240294
0.64934021
-0.82044494
0.30736935
-0.32441396
-1.17057800
0.31197894
-0.46333963
-1.37081313
0.45271146
0.70568305
-2.36024523
-0.22707742
-0.05030724
0.25270444
0.21650624
0.35758919
0.34311086
-0.25156501
-0.40389663
0.16495992
-1.32391596
1.33439469
0.22600208
-0.23313330
-0.46428877
-0.35529774
0.36311856
-0.65067673
1.42708814
1.30850744
0.55604899
1.44221187
-0.47389382
0.94661081
-0.04415897
0.46331775
-0.57425267
-0.27318376
-0.20421782
2.68562269
-0.11742594
1.50972450
0.19987626
-0.28570330
-0.26838958
-0.05215013
1.17548954
0.37105167
-0.39637429
-0.62750411
0.33931860
-0.72556961
3.80234218
-0.28198913
0.67223257
-0.85789263
-0.18418682
0.13354109
-1.84995472
0.59479690
0.32766134
0.17425612
0.90838873
-0.40500110
-0.18423508
-0.62246126
0.80052906
-0.22417229
-0.00242852
-0.02400392
-0.04121536
1.48912382
-0.14573880
0.54593492
1.41655922
0.75231862
-1.49211705
-0.48266268
-0.58633190
-0.45777696
-0.05989134
-0.84452206
-2.55983019
-0.18866301
0.82703739
0.15523012
-1.47231305
0.01778656
-0.20210099
0.31198066
-0.02883534
0.43064487
0.06658076
-1.04841065
0.33300149
0.76246166
0.78927910
0.25547159
0.16294128
0.72507942
-0.03820290
-2.66206026
0.22610132
0.20792130
-0.11322245
