384
-0.66903305
-0.03409258
-0.17013937
-2.57296610
-0.98045349
-1.04856515
-0.30735675
-2.91426539
-0.64649683
-1.11951041
0.08186062
-0.04267272
0.08028736
-1.03828359
1.04590392
0.58156413
1.42857635
0.46839839
2.28485537
0.21184677
-1.65932775
0.30614454
0.19880565
-1.25601888
0.10526276
-1.14052784
-0.49810815
2.70600891
-1.18555248
0.25599253
0.48957309
-0.18468320
-0.19129917
0.94974071
0.38104105
-3.09107018
0.19963527
0.15134886
-3.46476603
-0.04170597
-0.27697212
0.56123990
-0.14941509
1.62254894
-0.02593029
0.91165328
-0.64101255
1.02805388
-0.71095639
0.72995710
1.17006612
-0.08283453
0.47854984
1.71877146
-0.35083300
0.35070536
0.00406915
1.28022194
-0.94644886
0.61127734
-0.39133170
-0.27969268
0.08025758
0.75740993
-0.32897848
-0.89086813
-0.40107787
-0.77290809
0.09094870
-0.42442057
1.23016620
-0.60719907
-0.71420455
-0.12192798
0.69685036
2.64195538
1.46701646
0.52774334
0.68166339
-0.18910056
2.01279807
0.81822085
0.42690367
0.37317890
-1.19943893
0.53901339
-0.79550636
0.44820714
0.02747954
0.17751366
0.34074014
0.35138962
0.58049679
0.62343109
-0.36191735
-0.03442261
0.47786051
0.09239561
-0.64756942
0.40507630
0.01543602
-0.30540901
1.35614955
-0.32910734
-2.68915105
0.09325454
-1.11471307
0.07537791
-0.04203912
0.32019639
0.33464324
-1.08674908
0.08089328
-0.10762650
0.43550497
0.52477014
0.12287863
0.48358506
1.22558415
0.59973764
-1.40866220
-3.39090157
0.40086058
1.04984581
1.21591592
-1.29400289
-1.33045006
0.69627845
-0.44480282
1.11476302
0.07563201
0.12130472
-0.39476216
0.28716245
-1.14621806
0.31767470
1.67452013
0.06340162
-1.06474674
-1.00243127
0.91662204
-0.94893664
-0.17426848
-0.14037347
0.85254091
-0.04877470
0.05724916
-0.02773360
0.51112348
-0.79621738
0.68098563
0.22620803
0.08115294
0.27788055
-0.24400687
-0.87833977
0.01345067
0.65845758
-0.63642013
0.07813746
0.00332325
-2.04649019
1.87607002
0.36195582
1.50533319
0.19898607
2.09789276
0.11541808
0.16633075
-0.90928507
1.18355846
-0.58334440
0.61982179
-0.69857216
0.25869253
0.38188183
0.20577975
0.35705066
-1.02128708
-0.13267201
-1.77827811
-0.16564745
-1.48193026
-0.46903861
-0.32912895
-0.48392344
-0.23119339
0.40309763
0.36893409
-1.69112945
-0.94572854
-0.19947359
-0.52902651
-0.14743271
-0.60975403
1.20862901
2.62288928
-1.72791576
-0.29817945
-0.48823088
-0.81011820
0.03071078
0.15721022
-0.63579690
0.04550155
0.71088636
-0.06459311
-0.07657522
-2.45336890
-0.45556265
-1.47768974
0.02339715
0.28616947
-1.09352958
-0.51927859
-0.59364271
0.35212436
0.08312637
0.23406389
0.42461887
0.68679488
1.20287573
0.09796976
-0.18807596
-0.79899335
0.06748104
-1.09875703
-0.23977108
-0.80225450
-0.79765004
-0.46821150
-0.61847544
1.95900595
-0.01929592
-0.24252792
0.19813073
-0.43249211
0.34068805
0.22269899
0.10592341
1.04232454
0.16531333
-0.24635543
-0.30513495
-0.77787757
-1.21989787
-0.32084984
0.23291823
-1.12606490
2.30305266
0.55002660
-0.83750808
-1.06590140
-2.51750183
0.18609148
0.47866964
0.99750531
0.81716335
-0.16592126
-0.10600832
-0.44267529
0.60430241
1.12578881
0.29611647
-0.16945755
0.13152595
0.40175378
-0.41783959
-0.15553617
-1.66947293
-0.61676306
-0.26176429
-0.09694533
-0.75347990
-0.11858973
0.03511642
0.49594638
-0.24195471
0.18117416
-0.55931830
0.34109429
0.14580551
-0.44470099
-0.21011405
-0.11987101
-0.19724290
-0.43244258
-0.06434292
-0.37792233
-1.98573494
0.89581770
-0.15235502
0.41458023
-0.72699183
-0.40060985
-0.61706543
0.39720100
0.76937270
-0.52231950
0.64282668
1.22885096
0.25945601
-0.72932810
-0.05331900
-0.05438865
-0.49738315
0.55314755
0.94234598
0.40907589
-0.54584903
-0.28850955
-0.34919316
0.07427263
0.66000378
-0.02323472
1.25929832
-0.18651122
0.15487432
1.66453242
0.02551673
1.33240151
-0.07777445
-0.02005224
0.30088285
0.06183295
0.29018009
-0.02128103
0.16825396
0.00268418
0.44452974
-0.20548505
3.13563728
-0.29621089
0.60431629
0.90948212
1.07926106
-0.24558516
-2.74406362
0.05204381
-2.32782578
-0.05014702
0.15733121
0.91578758
-0.10864931
0.77172434
0.97684819
-0.07024477
-0.22564431
-0.45880032
-0.03621889
1.02604330
0.30793428
-0.48424390
0.91795224
0.01568729
-0.88996953
0.11491632
-2.64897466
1.38859773
0.12405191
-0.31325760
0.10594814
0.02315299
1.60215831
0.06550984
-1.05347490
0.69523931
-1.43157434
-0.01572095
0.63143146
-0.01662789
-0.14571793
1.38351762
-0.47362697
-0.04352206
-0.35436100
-0.27282974
0.20678036
-1.89180863
0.00897913
0.24882868
0.84431452
-0.18154819
0.64515495
