384
-1.67688203
0.33845362
0.56865489
-0.94521832
-1.76720262
-1.41410136
0.23654065
-1.39241278
-0.93240356
-2.22124290
1.02859712
-0.04843808
0.09769611
-0.97783339
-3.04918766
1.06481385
-0.05671360
0.00771238
-1.01724970
-0.12652203
-0.26485187
-1.01808679
-0.47360572
0.92250872
0.32682136
0.23923829
-0.15709072
2.95405030
2.39593673
1.36307740
-0.86654103
0.17515422
0.66022122
-2.17111111
1.00537109
-1.56763244
0.50886410
-0.43572646
-1.57991958
0.18341301
-0.58602977
1.79399192
-0.10307577
2.43479776
-0.69498563
-0.59256184
0.18097016
1.35129881
-0.07642645
1.60436606
-0.31928205
0.10475843
1.92704153
2.28443146
0.57701951
-1.21234095
-0.14707655
0.79602528
1.81553400
0.24132730
-0.08119857
-0.36237055
0.38774300
0.09387854
0.27485621
-0.90709686
-0.51148754
-0.80179226
0.45555335
0.06655246
-0.05141789
-0.61835909
-0.66391057
-2.33352733
-2.42801213
2.75917339
0.26381499
0.59652019
0.38441077
0.54374653
1.43219662
0.37224352
-0.20686407
0.42223287
-0.90322858
-0.16482811
-0.28270370
1.05022693
-0.03216891
0.28266871
0.20912687
-0.16410640
0.05268083
0.73503363
1.04719341
0.23966858
0.08261980
0.17336774
-0.33458704
-1.47976065
-0.21249466
-0.34954304
1.22526908
-2.00957775
-0.75382316
0.27507171
0.33138835
-0.43649685
-0.24691004
0.29937518
2.48830914
-0.79798603
-0.36287966
0.69724596
-1.47725952
-0.18829665
-0.21390276
0.65431559
1.38970745
-0.02455663
-2.07302928
-1.87706268
0.35341820
-0.79303694
0.25941718
-1.43964243
-0.61649299
0.91979074
-1.83253419
0.57925946
0.09008040
-0.31832656
0.60180783
-1.20918322
-0.94278389
0.90311211
1.26472962
0.16850726
-0.12647080
1.11636972
0.08324626
0.02304435
4.07271671
-0.02015680
0.54897016
0.21918198
0.65716130
0.58488375
1.23868132
-0.46694222
-0.42740574
-1.27374482
-0.14291881
-1.62359607
-1.14154804
0.35141554
-0.06497399
-0.66864079
0.10567808
-0.86234289
-0.14579700
0.81722414
0.44027263
-1.57253468
-0.17779076
0.39440712
-0.52676904
1.66165090
-0.35976070
-0.97136772
1.51025367
-0.45502329
1.39710903
-0.92781931
-1.20988631
0.49213094
0.36888856
-2.80851865
0.81016338
0.51341617
-1.57433093
-0.26049456
-2.82281828
0.36846775
1.35525370
-0.15786541
0.18865146
-0.90936416
1.65621626
-1.34598958
-0.90890884
-0.99299455
-0.08723030
0.19315121
-0.59780937
-0.40271524
1.03871274
-2.27929974
0.52673054
0.78232974
-0.18359879
-0.32981020
-0.67958331
-2.28476381
0.79338211
-0.35128605
-0.87383622
1.20382583
0.66886258
-0.95522195
-0.80569947
-0.47783783
1.01530051
0.65694213
-1.75030136
-0.10337967
-0.09631355
1.25863886
-0.34244877
0.49452743
-0.89326990
-1.90797579
0.60364604
-0.70254254
0.09554270
-0.62960762
-2.17278767
0.06375760
-0.85711014
0.76314127
0.83368242
-0.29104137
2.69604993
-0.28482693
-1.38445175
-0.81573528
2.37778616
0.42982084
-0.85873145
-0.20297495
-0.36286694
-1.13287222
0.14117634
0.17492115
2.12165546
-0.29293045
-0.28500438
0.28197661
-1.34626555
1.88128924
0.60849720
0.25145659
-1.95533299
-0.47509533
-0.23679498
-0.70247340
2.16816831
-0.92332089
0.06526162
0.71323597
-0.17545405
1.33161616
0.36139014
0.09527388
-0.69257414
-0.49652803
-0.73668617
0.57767391
-0.37774026
-0.36127740
-0.24504717
0.43593842
-0.47513944
-0.85661376
-0.38576463
0.59065497
0.25148281
-0.29195476
1.11448276
-1.59491992
0.74413961
-0.01159224
-0.72003627
-0.52546430
0.51966035
-0.77667028
-1.55000246
-0.90299237
-0.89309335
-1.33104265
0.89858836
0.26500165
0.33781534
0.47290072
1.03683472
0.15095218
-0.18558520
-0.65188915
0.35421371
-0.57188606
0.34255627
1.22342587
-0.43385142
0.50386256
-0.33121675
-0.05838521
-0.27777237
1.76378298
0.26350531
-1.09425294
0.57444751
-0.45259708
1.11764359
0.30175984
0.65478599
-2.52879620
0.91605675
0.16145797
0.65854394
0.04717214
-0.88844049
0.36104667
1.13323724
0.92799318
0.30175495
-0.40353078
-0.12860081
-0.78153998
-0.53455853
-0.02925955
-1.55869901
3.85822225
0.48867378
2.23544216
-1.10942960
0.52507591
0.25752002
-1.10696423
1.69308460
-1.25094366
-0.37449655
1.40283155
-1.55987310
-0.73871237
-0.84685004
0.75571382
0.48463476
0.12350936
0.10649842
-0.88870096
1.10045898
-0.03214464
-0.06000155
0.32927781
2.60564256
-1.69087386
-0.49019849
-1.53502119
-0.88778341
1.41617501
0.24074987
-0.14079924
0.07695808
-0.00332159
0.82889271
-3.38523436
0.14192609
-0.17123261
-0.77319753
1.91809106
-0.11232841
0.24481888
-0.88316053
-0.22504526
1.15018320
-0.09055716
1.18813670
0.22230440
1.23790669
0.53457826
-3.74302745
-0.19874762
-0.04788519
-0.63608497
