384
0.87400603
-0.30881116
1.20277882
-1.30161047
-0.74835032
-0.88232017
0.48461735
0.37700975
0.06368384
-1.01770425
-0.52014458
-0.33826977
0.30494285
-1.14800870
-2.66938376
1.54793119
-1.32599092
-0.17813325
2.55131865
-0.52300209
-0.23120898
0.65487272
1.08721066
0.13260564
-2.20133829
0.61278689
-0.45549071
2.49016476
1.30157983
-0.96901155
-0.79017127
0.21891366
-0.61654454
1.98379636
0.14830729
-1.36924863
-0.21607976
-0.57799572
-0.43607819
-0.86002082
0.35416108
-1.25075042
0.45680067
1.76778042
-0.04595459
-0.10854742
-3.03973007
-0.01481831
1.02535868
0.41338474
-0.01834042
1.40761530
4.07245684
-0.91096663
0.03246357
0.48066905
-0.01820715
-0.10844123
-0.06022757
1.06888914
0.58744657
-0.17533876
-0.44063401
0.27725273
-1.13260245
-1.18540549
-0.26032156
0.37638912
0.12246805
0.25860053
2.56949544
0.75890750
-2.53605175
-1.83019805
-0.86735374
-0.46763587
1.72565222
-0.88322824
-1.71425307
0.28631043
-0.41932470
-0.24030405
0.22427779
-0.72933263
-0.91877800
0.11726405
0.02961877
1.10766697
0.61658955
-0.18533067
0.06366429
0.90129298
0.16044709
-0.58329833
0.53004694
-0.75683308
1.38582742
-0.10579330
0.05793089
0.68935674
-0.01242124
-0.94256717
3.21966362
-0.57410002
-0.02550781
0.16409957
0.81139076
0.59685218
0.00964555
0.46905836
-0.43110931
-0.21342014
-0.60579193
-0.33882055
-0.62051415
-0.01387510
0.33059376
-0.67211366
3.17242718
0.49816555
-0.84112924
-3.70834851
-0.14548288
0.32279378
-1.86450696
1.30173087
-1.83079219
0.19855186
0.16891226
-0.22479486
0.24199271
0.22989489
-0.21856365
0.08992231
-1.81221867
-1.48562503
1.15130103
0.26732892
-0.57403773
0.00907522
-0.11321983
0.45366913
-0.84202778
-1.27067685
0.83647031
-0.17871168
-0.86669362
0.82059890
-0.29200706
-0.37520754
0.92674589
-0.44779250
-0.37172151
0.18890674
0.21909952
-1.25779438
-0.96824527
0.70170617
-0.63817823
-0.92761403
-0.10184279
2.13315344
1.50254297
1.79446578
-1.37960684
-0.36806267
-0.00459583
0.03336370
0.78375638
-0.08490178
-0.02161375
-0.10199301
-0.48732400
-0.35609680
0.26227295
0.15736932
-0.69256246
1.71549630
-0.52887917
0.19036624
0.22266150
-0.74300945
0.02209276
-0.35526705
0.51988012
1.07162356
0.74411285
-0.22085980
1.33353245
0.50750107
-0.41984972
-0.65651929
0.30827188
0.58692038
0.53452957
-1.20569360
1.64650548
-0.37764072
-0.39153242
-1.05692041
-0.96803331
-0.31109232
-0.63593102
-1.34922659
-1.02538681
-0.72948718
1.10306871
-0.38632292
-2.56948185
0.05383548
0.87757874
0.31788263
-0.56714219
0.42526409
-0.15640192
0.51762593
-0.25499079
-0.17077351
0.49938312
1.04323554
-0.77952331
-0.51486462
0.49929360
-0.29327658
0.68139553
-0.50316596
-1.66448033
-0.45884797
-0.54707682
-1.48247230
-1.81384432
-1.01171660
1.98377132
-0.05019634
0.21335685
-1.82377005
-1.79196143
1.80427063
-0.72420639
0.42472947
0.26302797
-0.82231569
1.60519910
-0.47925237
0.64190269
0.82251740
-0.73748749
0.43379083
-0.65010852
2.44341922
0.46170333
-0.09125639
-1.75749707
-1.91984558
-0.32985508
-0.66536218
0.83843875
-0.71266669
-0.45233303
0.51233321
-0.28707978
1.71691012
0.86226016
0.12683012
1.54942155
0.20575573
-1.45586801
0.06387231
0.18255401
-1.65403378
0.69942546
-0.63092732
0.13023940
-0.35146642
-1.14631879
-0.68079430
0.48117143
0.17098954
1.45226586
-0.64214981
0.47435743
0.23486322
0.27499938
-0.39452082
0.24785134
-0.34972399
-0.10864305
-0.11495131
-0.32772860
-1.76828659
0.58491343
-0.61926997
0.61543834
-0.29715031
-1.96162271
0.20864642
-0.82112288
0.97886974
-0.43866083
0.07408378
1.37454462
-0.67337418
0.63378185
0.05479812
-0.56414485
0.51047963
-0.18170395
1.92415202
0.98269701
0.45115107
0.97215408
0.15997612
0.23139253
-0.95154512
0.63853216
-0.07137275
1.16149569
-0.91338837
-1.20885456
-0.78605616
1.82353926
0.35668987
-0.51918268
0.28980103
-0.14712727
0.85609025
0.02296642
-0.11359802
-0.18382479
0.05258188
-1.19516897
3.34749532
-0.48605666
-2.57875800
1.43182647
1.23136544
0.56602991
-2.95126963
0.72399950
1.39114499
0.46317220
-1.14566803
2.73078918
-0.06253056
0.10923850
0.45293760
-0.59125614
-0.57605219
0.19669721
-0.51405144
2.27224064
0.62209165
1.12800837
1.36909068
-0.64468837
-1.49981451
-0.18367219
-1.69239640
-0.09059939
-0.23420322
0.07568148
0.09185584
0.32919794
-0.74913591
-0.24686255
-0.34122556
-0.05091150
0.08359843
-0.14653409
0.53322542
-0.07145524
-0.08877699
-0.15940331
-0.36935094
0.76951426
1.41983664
0.28571564
-0.04006847
0.15925187
-0.51348960
1.62235224
-0.00524212
-0.54639697
-0.52062356
