384
0.55478692
-0.05488868
1.41260362
-1.36980057
-0.85912359
-0.39749381
0.95110667
-0.61364597
0.77558666
-2.92793560
0.14029175
0.02079720
-0.60095590
-1.05109167
-2.87128878
0.73103189
-1.91905856
-0.14320305
1.18913364
-0.26461643
-0.36754370
0.35683835
0.24152844
0.45056528
0.78505832
1.47432482
-1.10792756
3.56248474
0.30575913
-0.41463137
-0.41326171
-0.63879365
0.57718658
0.52788961
0.00796565
-1.53346443
-0.08356977
-0.40201235
-1.44114709
1.00601208
-0.48875803
-1.07378578
-0.27347922
2.82672811
-0.94708896
-1.49576199
-0.92532086
1.40981555
1.80878794
2.27483511
-0.55744088
-0.32238048
2.62898469
0.64179635
0.20457804
0.31563318
0.52157938
0.03784874
-0.25888950
0.18903416
-1.81664085
-0.18815948
0.30809021
0.53887397
-0.18386310
-0.99590415
-0.35120767
0.88864797
-0.51002508
0.72523773
0.23650651
-0.17333815
-0.93496478
-1.97409749
-1.05797553
-2.73544669
0.50618607
-0.92929792
-1.26657259
0.15488759
0.96924925
0.06169929
0.26963544
-0.27854714
-1.54567683
0.62601572
-0.40041283
0.56692243
-0.14773658
0.97594088
-0.04242164
-0.01669961
-0.28144926
-0.30047911
0.49087203
0.40778157
1.13225472
0.10706273
-0.63406968
0.19208518
-0.09166312
0.75880527
0.43730414
-0.66283298
-0.83480000
0.19244221
1.12742841
0.13936141
-0.35102493
-0.50069273
0.72098988
-1.39749515
-0.38334301
-0.17859532
0.15575583
0.24757497
0.32676619
-0.19295967
2.12532783
1.29187489
-1.14083874
-3.41468143
0.35963190
1.57602572
-0.55495393
-0.06256765
1.11606538
0.39360449
-0.53050447
1.10711861
-0.34927318
0.52481526
-0.07512125
-1.13136756
-0.83207250
0.99635768
1.49405599
0.64954942
-1.02285612
-0.64342999
0.55148190
0.48540762
0.79261053
0.72536826
1.12048423
0.47742456
1.05077672
0.97501862
0.71254867
-0.55881101
0.28240061
-0.18924338
0.07140885
-0.57126832
-0.00471909
-0.81005776
-0.26394874
0.33341640
-1.64818668
-0.47061840
0.13268489
0.98761308
1.64585161
-0.03783762
-0.59817266
0.18186922
2.05033946
1.93306255
1.92195463
-0.25238234
-0.06195211
-0.04266587
0.28380871
-0.39103848
-0.77295953
-0.26866555
2.00318074
1.53345096
0.09093398
-0.00551216
-2.04297352
-0.02725799
-0.56905162
-0.21520849
1.02590096
0.12838653
-0.15336226
0.15526661
1.95164490
-0.19736362
0.12740844
-0.05123965
0.15014727
0.15635253
-0.47124910
1.21417737
-0.02359456
-1.07842612
-0.22144853
-1.06739998
-0.40759864
0.49642873
-0.09731560
-0.67336380
0.55908352
-0.27009603
-0.68832642
-0.04458275
0.19250834
0.32296082
0.64433938
-0.36323053
-0.14475766
-0.03490835
-1.14191151
-0.65624058
-0.20355693
0.13090013
-0.10135085
1.06452322
-0.69612896
-0.57487357
0.75832087
-0.29833767
-0.24093562
0.21299270
-1.67269707
-1.46310973
0.87290597
0.13236678
-0.07782463
0.59311408
1.05022287
0.81872916
-0.49383920
-1.13264227
-0.39148396
0.69447476
-0.42635003
0.06070447
0.72719973
-1.13163221
0.33727250
-3.51807070
1.74745834
0.34421563
0.67509532
0.36658964
-1.93709278
1.35111594
0.69382066
0.46962783
1.00976658
-1.69917107
0.73525727
-0.13460907
0.92074394
0.96362138
0.26996261
0.04595423
-0.01259983
0.29015881
1.74385834
0.84138149
0.53805178
0.11949614
0.00785816
0.83685064
-0.30028525
-1.33528280
1.05929101
-0.00035062
-0.87083465
-0.23933737
-0.46955863
0.51644373
0.16182791
-0.60463637
1.24830401
0.65022504
-0.51158452
0.65941209
0.22191735
1.44684982
0.79512990
0.18412894
-0.48803833
-1.09609389
-0.33233857
-1.25285017
0.97132272
0.03481901
-0.17664337
-0.48985681
0.09441712
0.04601774
-0.88623619
-0.31163973
-0.09695285
1.55349112
0.30130714
0.37507948
0.69160151
0.51558816
0.84593910
-0.51977515
-0.38872805
0.74806666
1.18556547
-1.74580860
0.01142481
-0.23072144
1.83648586
-1.69777000
0.05241412
0.18307558
0.47472987
0.12973914
-1.36874247
-0.44458431
0.77235866
-0.04249255
-0.51011813
0.05699453
-0.00649102
-0.77672631
0.41778052
-0.09635635
-0.06816046
0.47978225
-1.42793036
3.82031035
-0.21903059
-1.81762350
-0.77056652
0.52186680
-0.15161559
-2.42478156
0.39061406
1.92673802
-0.36995506
-0.28100595
1.83855891
-0.12321398
-0.52915961
0.60754842
-0.04219559
0.06778137
0.22317676
-0.94927204
2.02343655
-0.58456433
0.80103838
1.11114383
0.81093252
-1.60422885
-0.36055720
-1.71702504
0.37965655
-0.66536307
-0.11614382
-0.45323423
-0.63199890
-0.69428861
-0.20554478
-2.25790000
-0.04520085
0.00009453
-0.59457248
-0.13713717
0.23760986
-0.05303841
-0.30728662
0.74567652
1.07110882
0.04428235
0.72066104
-0.49038756
0.82984436
-0.28591436
-0.58414632
-0.55340993
-0.50746667
0.06123288
