384
1.77079320
-0.32337603
0.82872850
-1.82334328
-0.66729379
-0.95467645
0.08630100
-1.01790369
-0.35161331
-0.51101112
-0.35676742
0.04276200
-0.18165974
-2.18385458
-2.91470361
0.53919363
-0.74350041
0.25152439
2.66044593
-0.17213169
-0.52312195
-0.16679348
-0.49920896
0.12488148
0.37707478
-0.26584679
0.02634071
2.47894764
0.63240606
-0.12150529
0.00378459
0.15188007
0.21547455
0.23536479
0.14754513
-1.97556448
0.14652736
-0.36472633
0.81679273
0.28486949
-0.14487588
-0.18180978
0.32353547
1.66395640
0.23520909
0.62551796
-1.42828608
-1.21999586
-1.06453848
-0.55615419
-0.23508635
-0.29092503
3.26728392
2.72892809
0.49226108
0.07343854
0.20410055
-0.18117785
-0.28496107
0.71347350
0.35329911
0.19415912
-0.45205152
0.48087862
0.29763159
-1.35147524
-0.42911956
0.20863065
-0.15099005
-0.34197524
1.36376047
-0.08557604
-1.49255443
-0.79167062
0.08810341
0.96236312
2.26999354
0.58401597
-1.94904149
0.03220224
-0.18985057
-0.39129066
-0.51386255
-0.65610373
-1.86811697
0.24032779
0.22457774
1.07801902
0.17693698
0.12637345
0.01341534
0.20395966
-0.30736190
1.16849160
-0.28494561
-0.45000291
0.23674971
0.18658809
0.69285911
0.23416600
0.00028487
-0.13857889
2.63774848
-0.06198126
-1.86820436
0.10816384
-1.69612312
0.50777149
-0.25560978
-0.26847160
0.78039396
-0.64000839
-0.67496258
0.10529915
-0.05396501
-0.53676546
0.40440482
-0.27257302
1.86044943
0.66382301
-0.57856965
-2.97546291
-0.17170635
0.91648638
-0.25595972
-0.55359817
-0.51803672
0.29338777
0.19103274
0.71229869
0.49538839
0.24009342
-0.26162720
-0.13083816
-1.31979990
-0.43502259
1.67261732
0.52874595
-0.69738346
0.34504399
0.16275854
-0.17184985
-0.07586527
-0.09410697
1.22229648
-0.12423760
0.50621986
-0.80209529
0.46518791
-0.25689167
0.79975617
0.54333788
0.00655985
0.21920124
-0.45648912
-0.31844971
-0.72631133
-0.06113240
-0.88231003
-1.10045505
-0.47813392
1.59551072
0.86585891
0.58422160
-0.32106197
0.28648847
1.39772499
2.79128981
0.91033226
-1.57148683
0.99848586
1.19754362
-1.68196106
-0.99320590
-0.04213361
0.15364137
-0.84280515
-0.28305957
-0.31729937
-0.35614759
-1.45957756
0.19598582
-0.62576729
-0.04723534
0.31228739
0.27138802
0.79856092
-0.94751179
2.71852088
-0.42692667
-0.59237885
0.15154056
-0.02581172
0.14394572
-0.51339155
0.24140006
-0.03958410
-0.99771702
0.39565969
-0.91867173
-1.02849782
0.53164369
-0.31757885
-1.90805972
-0.29203755
-0.50235772
-0.42565677
-0.30825481
-2.58852434
0.28415787
0.66922224
0.06211038
-0.56501412
-0.74531138
-0.99120069
-1.40636897
-0.29185152
-0.67940778
0.18196838
0.76829273
-0.64497316
-0.63340473
0.15084514
-0.13380915
0.09854559
0.05301382
-1.27147508
-1.70573258
0.16402824
-0.63992888
-2.53651762
-0.25261217
1.48991287
0.28034404
0.32884014
-0.46348891
-2.03979206
1.06041825
0.03685901
-0.02288973
0.95223963
-0.02166286
-0.37650734
-0.63121033
-0.55817711
0.99810886
-0.21061794
0.15682444
-0.61186957
2.83359361
0.97315097
0.38580883
-1.52425289
-0.53596628
0.15163289
-0.36856788
1.33611298
0.27008474
-0.00089018
-0.11186220
-0.21134910
0.70283395
1.48725295
0.78883767
-0.67286110
0.00177157
-0.60367227
0.08511499
0.18520349
-1.41567171
0.32777590
0.10450111
0.33238423
-0.69721639
-0.12566549
-0.22450085
-0.06893683
0.31068680
1.28430510
0.01883848
0.73644924
0.21866667
1.25275552
-0.42910579
-0.11667611
0.05066597
-0.23133761
0.08824453
-0.33555388
-1.43158281
-0.16092055
0.16391486
-0.22923338
-0.54778242
0.13542628
-0.41839337
-1.11112535
1.00634158
-0.02150242
0.04211470
1.39784181
0.16319682
0.29815224
-0.10752703
0.16514114
0.10988399
0.78870147
0.39340058
0.73215103
0.93578917
1.17466748
0.04455826
1.02978623
0.34205988
0.05473317
1.14959812
-0.47871673
-0.35715878
0.69730937
0.10235631
3.36246657
-0.30917928
-0.12100881
0.55828226
-0.03674056
0.06250428
-0.26542670
-0.06940813
-0.05068562
0.41252440
-0.01996690
3.31030917
0.27063251
-2.76632094
0.69510341
1.77888584
0.24404469
-1.19037795
-0.83537495
0.34238321
0.15676777
-0.52711844
0.61085081
-0.03810568
0.77110922
0.79181027
-0.07709086
-0.11880565
-0.30952108
-0.32294467
0.59788299
0.33016101
0.36894175
1.22824645
-1.27472675
-0.28788096
-0.98620927
-2.84184933
-0.15160882
-0.25168467
0.22281703
0.58210552
0.37310684
-0.39897171
0.47966373
-0.96341360
-0.53613609
-0.72176957
0.70509505
0.48982173
0.35104114
-0.13132817
-0.37000772
-0.23549882
1.05868649
0.25289500
-0.18462428
0.00531677
-0.01950496
-0.38067183
2.09250498
1.24871755
-0.02255115
-0.57761014
