384
-2.08566713
0.05872497
0.99830842
-1.25524855
-1.05531514
-0.56258506
0.76314819
-1.12022054
-0.56548315
-1.14450121
0.52147949
-0.05347299
-0.04422573
-1.52374625
-2.59228134
0.36566290
0.58570981
0.24245691
-0.23593467
0.04615308
0.20938295
-0.57604301
0.19308245
1.26652694
0.44761512
2.84237885
0.20717232
3.05657482
2.87955260
-0.13457897
0.37499219
-0.51143825
0.48174036
-2.00875831
0.34396365
-1.56391692
0.48926082
-0.30475575
0.61350727
0.85511440
-0.19761002
-0.29514155
0.22200570
2.47477484
0.71386695
-1.13397384
-1.48495805
1.49681592
0.91199589
1.97796440
-0.16187707
0.23399758
2.73975611
0.39431757
0.73903024
0.03116564
-0.17593464
0.41589367
0.29590112
0.66148603
-0.71848184
-0.00585210
-0.59646910
0.47903275
0.73938012
-1.72850013
0.10552826
-0.31069049
-0.30524296
0.14412352
-0.22417819
-0.08973200
-1.20347941
-0.96234477
-2.39378119
0.16755754
1.04516292
-0.62349081
-0.85499054
0.13432685
0.24990916
0.42910409
-1.13744652
0.08392209
-1.14647365
0.15269616
-0.08911763
0.79267746
-0.16792119
-0.24430773
0.22612442
-0.00241885
-0.34174109
-0.72300476
-0.03638045
-0.25846347
0.10042113
-0.24170285
0.20191401
-1.66994178
0.72315037
0.47928160
1.78276563
-0.17906940
-1.25799870
0.45891061
0.59302771
-0.48183611
-0.40680245
-0.95942807
0.89712703
-0.81983769
-1.09365821
0.45337969
-1.00801158
-0.10857735
0.63261068
0.14896943
1.48698640
0.95142132
-2.01450157
-3.57918882
0.65085483
1.38872218
-0.38787252
0.09046465
-0.49224192
0.41796333
-0.43475068
0.34297743
0.02127432
0.68621135
-0.01235622
-0.86240619
-0.29708618
0.04873842
0.71601152
0.24417391
-0.48325613
-0.31069601
-0.72183907
0.64465392
1.34828353
0.59282756
0.31155592
-0.20743634
0.40623954
0.34368771
1.26913333
-0.41009933
0.30780098
0.34820241
-0.15862480
-0.48607212
0.12700997
0.12533836
-0.14514194
-0.73354906
-0.45518026
-0.91326702
-0.47091144
0.96936452
1.87667489
-1.25556743
-1.42638397
0.09605535
0.78842789
1.97469544
0.08323093
-0.87244767
0.78987354
0.00978923
0.66759622
-0.54724014
-0.78411543
-0.17637664
1.04965496
-0.22118606
0.83853596
0.23286293
-1.00789714
0.10513358
-0.84208345
-0.01164837
1.36028850
1.32938564
0.27062237
-0.18033655
2.06577682
-1.55768728
-0.00077799
0.25847995
0.04590839
-0.09013078
-0.49085313
-0.21928486
0.64360189
-1.39118612
0.10507178
0.22431399
-0.85387200
0.33645213
-0.63291025
-1.45393622
-0.09911690
-0.62347394
-0.20856231
0.03500670
0.03169501
0.21545005
-0.38229567
-0.22495526
0.83232379
0.49073687
-2.37370491
-0.85220248
-0.26130411
1.48993480
-1.02451956
0.83305335
-1.35313928
-4.11038017
0.33864373
-0.33456701
0.27375337
-0.59827518
-1.54521334
-0.31134179
-0.46989745
-0.18982303
0.91014791
-0.69323999
1.79468405
0.33966905
-1.23180604
-0.53160906
0.66891605
0.45394441
-0.08711571
-0.38787368
0.13582951
-1.14114046
-0.50450909
0.56777918
1.85718822
0.67235225
0.07669547
-0.31126827
-2.25896668
3.41826296
0.29857245
-0.12092188
-0.85638666
-1.14221764
-0.08740307
-0.01045062
2.24658561
-0.59494686
0.24993651
0.43970421
-0.18962136
0.70972335
1.50952041
0.52803987
-0.93641353
-0.08319300
-0.95279622
0.38452414
-0.46121272
-1.39156961
-0.17872983
0.58212924
-0.41214401
-0.88249546
-0.58636844
0.92186213
0.29766572
0.24753810
1.47136462
0.55319476
-0.68362898
0.48483783
-0.54273283
0.30842561
-0.44387737
0.26348358
-0.99402964
-0.38846877
-0.26387846
-1.29251218
0.09341171
0.15925419
-0.60866702
-0.39551735
0.72762233
-0.51254523
-0.44280767
-0.45311967
-0.46858475
-0.03925430
0.13771683
1.15540481
0.07481202
-0.08884986
-0.22629458
0.14934164
-0.95122337
1.25875378
2.04118896
-1.20543849
1.41164565
-0.26938814
1.06347728
-0.58409917
-0.22757657
-1.63084650
1.08596873
-0.20277211
-0.41603193
-0.10521647
0.78559077
-0.24569446
-0.18469152
0.11471254
0.27228034
1.03542244
0.08705892
-0.07151362
0.06895901
0.68922335
-1.02131176
4.06136131
0.10605308
-0.39062548
-0.54532748
0.90424156
0.53279614
-1.20414627
0.34094322
-0.04701012
0.09228797
0.92077231
-0.17949533
-0.48761201
-0.60267723
0.51681751
-0.46140635
0.09680477
0.15159225
-0.20667806
1.58933425
-0.25696963
-0.58984900
1.88501978
1.61095691
-1.88986921
-0.34408283
-1.39710927
-0.69456285
0.22689691
0.40023530
-1.40208137
0.12934531
-0.27215296
-0.02206983
-2.57314873
0.02666746
-0.51229215
-0.78942740
-0.00230971
0.29470950
-0.06646670
-1.37013805
0.54776323
1.18523276
0.95222986
0.57224000
-0.28072783
1.50523388
-0.51123786
-2.41228461
-0.05058024
-0.22411194
0.49595287
