384
-0.14399993
-0.68251699
0.82962120
-0.67465210
-0.64048690
-0.88751483
-1.37942147
-0.42310172
1.52903485
-0.63534433
-0.23423657
1.22602761
-0.63495362
-1.17604744
-2.41444349
1.66477823
-0.54197598
0.36466813
1.50657678
-0.03366111
0.45906001
-0.60250735
-1.26992643
1.02870500
-3.66181469
0.46187896
0.64562297
2.05888534
3.87682199
0.96495497
-0.76221991
0.46521372
-0.50010324
1.09981477
-1.38196647
-0.58091724
-0.27641734
0.12392309
-0.92206001
-2.53618002
-0.91604328
0.16329497
1.11058819
0.93814254
0.09088878
-0.86986476
-3.01235914
-0.81438500
1.32805431
0.43751478
1.13609087
1.72426319
2.62240982
-1.41343188
-0.90995085
-0.19579780
0.60722214
1.13983464
1.09447002
1.24792707
-0.25598764
-0.58865345
0.59500206
0.35556257
-2.70955038
-1.33903372
0.30620840
-0.85203224
-0.40600717
-0.31259638
4.24692106
-1.23847914
-1.50988364
-0.73923421
-1.08443141
1.79396510
1.87340009
-1.13830173
-1.32809460
-0.80481702
-2.17363977
0.69855171
-1.14022183
-1.16993701
-1.89211130
-0.37965178
2.40226269
0.80623519
-0.64704776
0.70729899
0.06289303
-0.59381783
0.91684246
-0.88951641
0.03260210
-1.50804126
0.18100202
0.26968467
-1.28158188
-0.11092821
-0.57709968
-0.50238842
4.13323975
-0.35212690
-0.47283745
1.37110186
1.60313845
1.01071596
-0.77854991
0.13566172
1.30053616
0.56295168
0.13537225
2.02405524
-0.75419927
-2.24498010
-1.26234698
-0.14085551
3.21260476
1.65568364
-0.94201517
-3.23877478
0.78548694
0.10881704
-3.05348778
0.70464849
-2.77974606
-1.65461171
-0.28448078
0.74741495
1.06279922
0.13706924
-0.97217560
1.96960616
-1.28336668
0.23378909
1.23873246
-0.67377597
-1.03068817
2.22078180
1.31502438
-0.67239523
-0.15432137
-0.90633273
0.77766395
1.05433333
-1.57519054
-0.56550825
0.54294103
-0.88457119
-0.72736722
-2.51153421
0.02430264
0.79888904
-0.34726483
-0.48137742
-0.33502424
1.32233548
-1.45566297
-2.67999887
-0.42740306
1.77049208
0.96897733
1.90851903
-0.27703297
-0.05457799
0.55206436
0.35252070
-0.35180086
-1.32769537
0.93786860
-0.74286240
-0.19417661
-0.60729611
-0.36268306
0.33691227
0.84309489
0.16535889
-0.09167440
-1.91915715
0.80111015
-0.36600509
0.66369736
-0.16764769
1.37767112
0.41762692
1.44749212
-0.35517263
0.76482594
0.44021589
-2.74485111
-0.87084758
0.65964949
1.21855116
0.05098647
-3.29150915
2.52990866
-1.51377702
0.22010301
-0.17471701
0.23782417
1.76510358
-0.90238267
-1.18817949
-0.21858899
-1.20556664
0.14149655
-0.40875748
-1.81406283
0.19992644
0.04704109
-0.25818276
-1.01812172
1.62092888
-1.56855130
1.53663945
0.59848094
-0.40149912
0.31431568
1.39911675
-2.17669415
-2.45678973
2.31702614
-0.31075382
0.18580198
-0.95156097
-0.75175130
0.20941012
-1.92544842
-0.33512145
-0.69263989
-3.49526811
2.69457293
0.94634664
-0.34973180
-1.47602606
-1.03702831
1.47046804
-0.26163816
-1.25384128
-0.40970802
1.80400753
2.94550443
2.35597777
2.76730299
0.53419334
-0.79087591
0.97198141
-0.71352637
2.64684916
1.63616920
-0.17704928
-2.79456139
-3.00256729
-0.19004406
-1.07270908
1.55131590
-1.85960460
-0.10746677
0.09735552
-0.47549361
2.56302190
0.61747861
0.56047708
1.26711941
0.04703405
-2.68732905
0.69517392
0.45083919
0.40299883
-0.38605261
1.04168093
0.53607917
-0.60711730
-0.96427417
-1.58853829
0.06490079
-0.62267387
1.18242490
3.36736345
0.93068779
-1.09564257
-0.30926961
-3.42116022
-0.74257386
0.51295197
0.17060000
-0.20114899
0.87579924
-3.01662731
-0.72418821
0.26943815
1.05183232
-1.24436510
-4.33082819
0.34191602
-0.36063477
1.53948379
-0.53852755
-0.40493774
0.37519452
-0.01095243
1.64152682
-0.42243370
-0.48309988
1.06731403
0.34052017
3.18336082
1.57522726
0.94330055
2.57060814
0.29494187
4.04439020
0.54954624
0.28638515
-1.73186195
0.88407218
-0.33375603
-0.87833905
-0.21001720
0.49641594
-0.61606890
-0.49447346
0.28158069
0.64055139
-0.00678355
-0.16945994
-1.25347662
-0.85069585
-0.26393539
0.03460151
3.23260450
-1.15696919
-1.34003115
0.72770017
1.28232718
0.44909289
-2.03089547
-0.06374489
0.36385030
-0.08540732
0.97774184
0.59720069
0.41504917
-0.27339146
-0.14318028
0.08949466
-0.93535972
0.31845090
0.29250515
1.97114813
-1.16333592
1.55433571
-0.06015996
-1.07070374
-2.47617960
-0.81484413
-1.33564496
0.78531319
0.04553369
0.04402967
-0.85385215
0.86146003
-1.39338255
0.49933705
-0.42264086
0.06114551
0.97060859
-0.37614170
0.07563812
-0.12381499
0.95138633
-0.67164832
0.43859482
0.57173967
1.21109807
-0.34664309
0.03164255
-0.70369017
-0.39690700
0.18558940
0.06867558
-1.10596776
-0.39981964
