384
0.12625822
0.10223633
-0.30571473
-1.91471076
-1.49280953
-1.35426164
-0.18853521
-1.78801608
-0.29475251
-0.80405188
0.13081607
0.08410461
0.17072392
-1.48111391
0.12493348
0.66859490
1.72638190
0.21200798
2.07424593
0.08056439
-2.03357601
0.46606761
0.32325560
-0.75140393
0.33870870
-0.92937452
-0.50602770
3.27928615
-0.84690940
0.24340999
0.31209654
-0.12786590
-0.26218271
-1.15068698
0.04735363
-2.81603169
-0.08785930
0.03166182
-0.77512431
0.18144239
-0.55871177
1.34558177
-0.14491513
1.08477497
-0.41836619
0.23356892
-1.45689046
1.81374717
0.43617690
0.85510129
0.89055419
0.33665028
1.16818607
0.89118892
-0.52025068
0.02517607
-0.07358355
1.03983867
-0.34664044
0.61232984
-0.39872989
-0.41612566
-0.27534193
0.62029839
0.06213248
-0.83237129
-0.00626208
-1.10528004
-0.11308083
-0.78997290
0.98880982
-0.33757827
-0.43097937
-1.01533747
-1.85252428
3.33577895
-0.06673062
0.81697053
0.63479567
-0.35948604
1.28752279
0.37890863
0.87377471
0.19370440
-1.43685782
0.75215983
-0.61367381
0.62927860
0.19626129
0.17585814
0.23263282
0.10428576
0.34957033
1.33046007
-0.17165709
0.50004780
0.53441262
-0.14697856
-0.62167275
0.80534047
-0.05759521
0.04570017
0.32658994
-2.34743404
-2.23853540
-0.14458162
-1.03509426
0.10525074
-0.27300096
-0.20168814
-0.37034005
-0.86587197
0.33163673
0.01241942
0.24176651
0.35116762
0.21242580
0.21242955
1.29209709
1.03003466
-1.49600267
-3.23024154
0.13175473
1.60974216
0.87001288
-1.99958920
-0.55244970
0.69370693
-0.12580623
1.62599540
-0.38680175
0.42048711
-0.27451134
0.02057281
-1.74978948
0.73950410
1.37307477
0.22707564
-1.10410380
-1.17349160
0.45601881
-0.89202255
1.20836914
-0.09553683
1.21251941
0.01421180
0.37414676
0.25869542
0.63684529
-0.72311759
0.22804241
0.14956079
0.17325619
0.21714959
0.35132727
-1.04249215
-0.08870605
1.37547719
-0.05265859
-0.05407743
0.05994511
-1.01827979
1.77724922
-0.27690810
0.51356465
0.15565822
1.31899643
-0.09425581
0.25112742
-0.09158605
1.25412869
-0.28983480
0.74680221
-0.59772485
-0.09560908
0.04440969
-0.03257173
0.27548987
-0.82180178
-0.23526278
-2.96270657
-0.19469610
-1.79877996
-0.28580803
-0.21132271
0.26979870
-0.24808922
0.51049763
0.50362003
-1.92880201
-0.77960265
-0.20622763
-0.79837734
-0.46797335
-0.74778986
1.60585546
2.58210397
-1.88545418
-0.22193310
-0.26753005
-0.73695111
-0.13969216
0.12240338
-0.13486540
-0.05815928
0.50016999
0.04096789
0.26722050
-2.53185296
-0.40927964
-1.71529496
0.10899726
0.49631038
-0.34957629
-0.80095774
-0.06815583
0.01173072
0.52862436
0.52860057
0.62531948
0.21676837
1.11455774
-0.08882171
-0.04570936
-0.70035398
0.37443244
-1.02371049
-0.04470632
-1.29612994
-0.28241640
-0.65671825
-0.33440909
2.40699148
-0.03803632
-1.04503882
-0.05152526
1.23218358
0.13405454
0.15449819
-0.31990141
0.82681096
0.39080286
-0.04332629
-0.39480352
-0.56880331
-1.29058421
-0.20409560
0.06419046
-1.44145763
2.18396616
0.41415578
-0.50637668
-0.94741541
-1.38126612
0.49924973
0.37736630
0.84047985
1.11807251
0.16990896
-0.19566128
-0.35963789
0.46281910
1.20502496
0.46706414
-0.49649304
0.40309089
0.09849870
-0.47026172
-0.38848528
-0.71052176
-0.55573875
-0.39377201
-0.65575969
-0.46869704
-0.30206192
0.23579088
0.86963594
-0.04690553
0.25890803
-0.10634941
0.00649567
0.20574886
-0.79754901
-0.00884341
-0.41251600
-0.28890398
-0.81480289
-0.37371346
-0.45249331
-1.97829580
1.34615946
-0.40604669
0.29252329
-0.29118592
-0.15368199
-0.46649808
0.37191099
0.38807693
-0.33502242
0.96015519
0.80282724
0.57901037
-1.21724296
-0.26637015
-0.27376714
-0.07360879
0.06647217
1.06190729
0.21491691
-1.45675397
-0.52984619
-0.15609942
-0.05133463
-0.15641689
0.33659750
0.21432310
0.44928986
0.53137052
0.61655498
0.30576032
1.42013288
-0.01913982
0.04656953
1.03425944
0.33126470
0.02747969
-0.07054512
0.75253487
0.03243050
0.42755082
-0.24782538
3.46190715
-0.38443345
0.85182250
0.43610263
0.99866670
-0.14203252
-2.41783524
0.22384906
-2.30531025
-0.03863265
0.67409277
0.62107217
-0.30460858
0.25626844
0.84962505
-0.60602736
-0.45543233
-0.52867955
-0.07976932
1.72637939
0.50257814
-1.03383088
0.51849270
1.40584028
-1.26689804
0.30106437
-3.22614622
1.23763895
-0.18087950
-0.39416379
0.79830825
-0.25873366
1.50197005
-0.28191194
-2.48472524
0.79977572
-0.97374094
-0.77929872
0.71679199
0.39885718
-0.55638450
-0.09178197
-0.39808545
-0.17014551
-0.42223006
-0.07564034
-0.47189969
-1.38530946
-0.16019413
-0.86331367
0.56474924
-0.34639710
0.67624724
