384
0.08610505
0.11842963
0.60614026
-1.06010735
-1.16106486
-1.26356614
0.55998605
-2.18638468
-0.81257832
-0.46829569
-0.41238281
-0.14576158
0.14713879
-1.85785282
-2.67185473
0.57579821
-0.44392151
0.24385175
0.78759181
0.41770238
-0.33002797
-0.52304888
-0.16793723
0.04615201
-0.87227511
-1.43586636
0.82975614
2.02646542
1.06084633
-0.64386612
0.28432930
0.20549110
-0.48075351
-0.80135405
-0.27246180
-1.41984332
0.20910741
0.05970554
-2.44041967
-0.06229486
-0.00072443
2.07965398
0.30597445
1.68477607
-0.59861255
0.98656136
-0.08387491
-0.39527565
-1.11515903
-0.37942111
0.26198608
0.30554056
1.81652665
3.75603056
0.74336630
0.81452680
0.00323096
0.29003814
1.45933962
0.52715784
0.65548098
-0.14886558
0.31312490
1.30642033
-0.19369924
-1.47155619
-0.20546681
0.38075876
-0.68180126
-0.26881194
0.77234334
-0.03230883
-1.52462494
-1.44115412
0.01025116
3.47803879
2.27619767
0.49341899
-0.74364340
0.21282758
0.21619377
-0.19200867
0.46423215
-0.42658052
-1.19428349
0.21851839
0.03830954
0.79522586
0.78192753
-0.34000176
-0.09846274
0.36853796
0.03707303
1.03162539
0.23734504
-0.37464872
0.50310838
0.03343695
1.41852319
-0.08646606
-0.40982580
-1.37035990
3.41960979
-0.72247398
-2.12948370
0.09326824
-0.97572416
-0.44720992
0.00489165
-0.05550465
0.92640185
-0.31817436
-0.08629961
-0.14193916
-0.53551656
-0.36239466
-0.01655305
-0.11951365
1.81142390
0.45488596
-1.14506209
-1.04205263
-0.42192966
-0.54403478
0.08590728
-1.29558074
-1.10791159
0.43377745
-0.62775546
-0.02215997
1.01932299
0.02522704
-0.15041146
-0.29595199
-0.94629323
-0.73737592
1.26665652
-0.04768937
-0.84361023
0.54310775
0.91813630
-0.47176826
3.51167846
-0.41103631
-0.06225996
-0.34169942
0.57818002
-1.11358345
0.62188673
0.38284582
0.34397364
0.97204816
-0.41168073
0.08239439
-0.10939229
0.54405963
-0.87066686
-0.82175332
-0.32778358
-0.93593174
-0.85795963
1.85247099
0.45695102
0.56120777
0.03747174
-0.31299907
0.54939389
2.47326374
-0.31111693
-2.05083609
0.73957491
0.10786423
-0.14883745
-0.57918793
0.39222759
1.16895843
-0.30427805
-3.64727020
-0.62357569
0.21840313
-0.43536597
0.21748587
-2.14908123
0.25768951
0.82513309
0.55961233
0.52928746
-0.74017674
2.34646225
-1.00972903
-0.22551583
-0.15590595
0.20239371
0.43541396
-0.12332468
-1.69699991
0.02207017
-1.62272465
0.02195147
0.51178503
-0.46143204
-0.09477390
-0.48580796
-1.94999301
0.06384408
-0.41758159
0.10938342
0.28241828
-0.09914643
-0.19103353
0.29965118
0.03864129
0.53145909
-0.40321401
-0.63336766
-1.78096402
-0.29923707
0.38927016
0.05005465
0.78228498
0.05275644
-0.45913750
-0.03841861
0.39040428
-0.52601248
0.02856250
-0.98380220
-0.68750286
-0.46961015
0.03580204
-1.45827436
-0.66385269
2.35419393
0.25997257
0.56184167
-0.00859404
0.86110330
0.91924000
-0.17279884
-0.09774533
-0.09153889
0.01775682
-0.61959845
1.94047832
-0.81319165
0.24709515
0.08083872
-0.14771214
0.19207454
2.59040976
0.10706507
0.31897578
-2.67169929
-0.67889130
-0.64958453
-0.31035513
2.58088589
-0.02359235
-0.03091750
0.09325115
-0.47707474
0.93588841
0.85839570
0.86524969
-1.07386863
-0.03371297
-0.43035191
0.21387190
-0.18071245
-0.48337936
-0.40494806
0.00620624
0.96704459
-1.59101188
-0.22522172
0.12061791
0.59151083
0.38188082
1.02752757
-0.71176410
0.01281589
0.14378382
0.55807889
-0.53681910
-0.89969277
-0.14600931
-1.16542399
-0.12536235
-0.30275682
-1.41876721
-0.11102229
0.36837709
0.11305197
-0.58422840
0.17026818
0.33937436
-0.21254140
0.96083474
-0.35200638
-1.35582161
1.13595653
0.54778123
-0.00044703
0.09414952
-0.61231756
0.43190566
0.28472275
1.42684007
0.88849908
0.91652215
1.31665659
-0.12891327
0.35338897
1.96572399
0.08907975
-0.57149577
0.03613585
0.10325260
1.37038279
0.17410523
0.71855509
-0.09176622
-0.40014243
0.55462265
-0.13537572
-0.72087562
-0.06522594
-0.17184570
0.51342523
0.22744286
-0.80792493
3.21362329
0.47143483
0.59963709
0.79606712
1.49916291
0.18352693
-0.49811292
0.55916888
-1.40415621
-0.88444078
0.61765617
-1.63230908
-0.27523044
0.74318653
0.87237322
-0.33809614
0.38239810
-0.14579532
-0.50899625
0.07494938
0.56881255
-0.04189712
0.62664336
0.10663664
-1.30120683
-2.09908414
-2.32580519
-0.74944931
0.13580145
0.32126504
1.07243645
-0.03855594
-0.20751193
0.34130311
-1.44726479
0.03663350
-1.25012827
0.04317178
0.66099143
0.52227694
-0.37983751
-0.34614041
-0.32639158
0.97223794
-0.14981376
-0.07520406
-0.26882249
-0.05019291
-0.41207099
0.10310179
0.97358096
-0.04322215
-0.99118102
