384
0.01465863
0.21589786
0.05720377
-1.89052510
-0.41861391
-1.25299215
0.33274955
-1.16807473
-0.00903833
-3.27206182
0.11422643
-0.13284831
0.04142484
-0.76226556
-1.39503610
0.30892465
1.37641764
0.12212372
2.09394932
-0.20735085
-2.14665294
0.33722872
0.63038093
-1.27559686
-0.68487358
-0.80430210
-0.16762808
2.74304795
-0.30438066
-0.06050811
0.19044916
-0.34843028
-0.05770052
2.76236320
0.53131771
-2.81817365
0.03441271
-0.38635668
-2.43216681
0.58813357
-0.36007288
0.55704552
-0.35148293
3.23501801
0.98562729
0.95593309
0.42797661
0.20152462
1.17533183
2.07022715
0.47974056
0.24974339
2.17041850
-0.88373744
-0.39007518
0.00635034
0.25377417
1.15130889
-0.27780116
0.26678315
-1.75913680
-0.83569002
0.32631874
0.89310753
0.10209665
-1.60549808
0.01360255
-0.62656367
0.26233476
-0.07500175
0.65669864
-0.58582109
-1.78044653
-0.31109470
-1.17366362
-2.85183573
1.63313138
-0.40891266
1.39140093
-0.14600465
1.67252946
0.48686466
-0.56942344
-0.07820845
-0.11142802
0.02368695
-0.66789806
0.18099029
0.02849372
-0.03643076
0.20936400
0.10622887
0.00368230
-1.18485427
-0.01390813
0.16385610
0.90054560
0.11335351
-0.15407175
0.79390585
-0.19631782
0.13925596
0.29212904
-1.07914579
-1.22204447
0.29548427
1.02495289
0.44808528
0.03401643
0.51262891
0.87052351
-0.96480322
0.42322010
0.01178569
-0.04800671
0.54206640
0.28575358
0.64242154
1.55801439
0.69006342
-1.82740116
-3.56723356
1.06677866
1.97201657
0.05535746
-0.40678060
-0.29530334
0.65154457
-0.28524721
0.90774870
0.00513011
-0.02071682
-0.63898677
-1.25188446
-0.77050471
0.18659729
0.90289503
0.10968487
-0.29197657
-0.68982184
-0.75538909
-0.12621686
1.65731907
-0.52025527
0.03995393
0.19851837
-1.16750908
0.39267212
0.71517396
-0.44522965
0.99568415
0.15610625
0.05150802
0.16214927
-0.24556130
-0.82606107
0.11832988
-0.01072030
-0.49141747
0.54598647
0.14654729
-0.80285931
1.68241298
-0.52097875
0.77435088
0.14701942
1.22630274
-0.09391737
0.11658613
-0.15185156
0.22584915
-0.69720286
2.32240033
-0.78402829
0.66874748
0.54264510
2.03854561
1.22297502
-0.64220250
0.03695501
-1.25750792
0.09517804
-1.30384004
-0.24826895
-0.16043901
-1.01362216
-0.30432990
0.50299299
0.50228727
-1.73788571
0.11052283
-0.43644774
-0.62997007
-0.27232614
-0.57144982
1.65427160
0.10511345
-0.92000663
0.12528431
0.16321975
-1.11460006
0.04073881
-0.09336942
-0.23795927
0.06124336
0.25966567
0.11957567
0.29383126
0.21703678
-0.21155040
-0.70699590
0.19876885
0.25558871
0.05962238
-0.80840898
0.87890327
-0.17720026
0.22482505
0.18361446
0.94596261
-0.21260175
1.64142656
0.07468840
-0.60360539
-0.41651085
-0.36435083
-1.72495317
-0.69346714
1.17574072
-1.61250973
1.01752496
-0.08137453
1.61903286
-0.09579207
-1.05265474
-0.47483891
-0.22468647
0.47536889
-0.03024849
-0.06674130
0.15385571
-1.51631486
-0.78579682
-3.44608760
1.89194274
-1.00437975
0.26306844
0.33648443
-1.08269155
0.97057045
0.82404220
-0.74322665
-0.15768033
-3.13844299
0.29209188
-0.39929229
0.24491179
0.65256274
-0.16127408
0.20922418
-0.28227159
0.01282832
0.75606108
0.34696037
0.71174443
0.53913844
0.39324260
0.08531119
-0.10348377
-2.09211540
-0.55133927
-0.30061316
-0.49198565
-0.40770820
-0.38450831
0.62176692
0.22189221
-0.00069511
0.02264035
-0.43577850
-0.88592798
0.52391672
-1.04057932
0.39560378
-0.46169409
-0.14725190
-0.76762021
0.14421396
0.05005838
-0.04121733
1.58818173
-0.52101552
0.74668115
-0.49772680
-0.68037975
-0.13353670
0.29955363
0.21651018
-0.63709879
1.00349724
0.89104664
0.70955455
0.21000013
-0.09208320
0.12399589
-0.81112373
0.40723243
0.50007689
1.82988918
-1.87175357
-0.36476228
-0.16531901
-0.83051407
-0.20632881
0.19030067
0.01460856
0.28923929
0.07403354
-1.12765968
-0.35462460
-0.22424853
0.07690635
0.17343293
0.37034166
0.16179609
0.91338992
0.44466126
-0.65706086
0.21404706
0.89837581
-1.06859791
3.57219791
-0.66280365
1.86877346
0.83763289
1.23692286
-0.09682453
-3.44054627
-0.21181534
-1.55899072
-0.00289573
-0.78101760
1.84344387
-0.39854306
0.67839485
0.71280009
-0.95206654
-0.12948278
-0.39452159
-0.17768724
2.14599180
-0.25149760
1.05801797
2.14021850
1.43201447
-1.81859708
-0.33439839
-1.38009930
0.24207279
0.17563267
-0.16932969
-0.07820122
-0.00494782
-0.14439899
-0.14790106
-0.81966138
0.52111715
-0.16721022
-0.23380771
0.01890329
-0.03679734
0.08262084
0.23294732
0.26507294
0.32582676
-0.37730610
0.13444096
-0.08322970
-0.67984247
-0.22819771
0.01185912
-0.36861205
-0.32238957
1.02129054
