384
-2.59564447
0.33054474
1.06366515
-1.46277261
-1.34759295
-1.29225183
1.13717020
-1.87383878
0.18222246
-2.13666129
-0.17154896
-0.00439439
0.10575523
-1.01815927
-2.12864304
0.27424049
-0.03700310
0.67395455
-1.05378866
0.05130089
-0.05398118
-0.27676666
-0.21297759
0.51086521
-0.38793287
1.96939743
-1.09522319
2.84290552
2.96042728
-0.24012184
-0.51164770
-0.41102862
0.54786038
-0.72683299
0.47869623
-1.07447064
-0.14784811
-0.58330357
-1.96072161
0.54893070
-0.36586529
0.19091988
0.02655740
2.58120441
2.51121402
-1.34496486
-0.44078636
1.76376200
1.58514953
2.09316969
-0.70103467
0.56450748
1.63721681
0.02994502
0.35232931
-0.29906946
0.13205604
0.97013664
0.77396321
0.53547615
-0.76072800
-0.31161374
0.52109665
0.68812281
0.69393665
-1.93927717
-0.34781304
-0.27295658
-0.92518622
0.63756144
0.75163764
-0.96615303
-1.30361795
-0.85337090
-1.57458472
-0.19911009
1.57308388
-1.37057090
-0.02929359
0.38866088
0.74917567
0.31307936
-2.69896221
-0.03244761
-1.61039245
0.33589190
-0.30221707
0.12456235
-0.50614357
-0.34502491
-0.10613911
0.58929461
-0.36677063
-1.23430908
0.35883144
-0.27657154
0.69098926
0.29838786
0.62042964
-1.38901317
0.15721871
0.80504793
2.27967906
-0.11238480
-1.92317939
0.52942681
0.48613793
0.43132073
-0.25988948
-1.05081439
0.75945902
-0.73137772
-0.90782583
0.57428777
-1.45899105
-0.18837428
0.26396513
-0.30964202
1.65972316
0.68857777
-2.40094972
-2.74166155
-0.04048248
1.14322710
-0.37926069
0.70316565
-0.56915987
0.27326685
-0.73062104
0.67071652
0.69422317
-0.17225672
-0.08571404
0.06787452
0.30922115
0.51091301
-0.03746316
0.07406171
0.64242190
0.54570293
0.15813306
0.08431450
2.59112740
-0.43022114
0.32202029
0.48988304
-0.16562422
0.18591726
0.46196026
-0.27605516
-0.36860782
0.13228774
-0.28619495
-0.26027945
-0.11019558
0.37490377
-0.68169165
-1.16402113
-0.95324683
-0.97789252
-1.01547563
-0.03536846
1.44336808
-0.76679099
-0.62251419
-0.00672848
0.36260909
1.88505840
0.24865639
-1.26177502
0.27116567
-0.69406593
1.69830608
-0.13934080
-0.00006823
0.40473670
2.10999584
-1.39158797
0.09701407
0.02840384
-0.01801163
-0.32835126
-1.40569746
0.37193736
1.24558437
0.76399136
0.65485036
0.11911549
1.45375073
-1.09174156
0.67182088
-0.12672597
0.00880611
0.25722134
-0.15045983
-0.84336096
0.56049627
-1.35218525
0.01573443
-0.21005979
-0.36986023
0.25350916
-0.37669429
-0.88833678
0.42384496
-0.38798952
0.03571421
0.29629213
1.81847167
-0.11413189
-0.41832343
-0.34570667
1.09836709
0.07620271
-2.38859797
-0.54561162
-0.01758681
0.83673060
-0.38877898
1.04270780
-1.29491210
-3.56577492
0.83976501
-0.10715317
-0.07093386
-0.36860389
-1.61575139
-0.38852444
-0.28298330
-0.89923316
1.99580431
-1.32475066
2.09349799
0.89688826
-1.22240591
-1.15775585
1.31206715
-0.24305433
-0.14639905
-0.32415569
0.19824448
-0.98549414
0.51923031
0.63306332
2.72605324
0.32281464
-0.36972195
-0.21760613
-1.47213936
2.46773696
0.48940456
0.61817849
-1.12906814
-2.28393555
0.45560667
-0.13999450
2.45828319
-0.71137261
0.14334546
0.06580354
-0.52911955
1.33353531
1.12214971
0.69847095
-0.03096160
-0.34229812
-0.05932343
0.30393833
-0.28041589
-1.51656556
-0.28164864
0.30971205
-0.74838418
-0.76297152
-1.00452316
-0.24093771
0.25103441
-0.61691153
0.74623281
0.03372663
-0.93178624
-0.34230104
-0.57080173
0.47040883
-0.51122457
-0.88665754
-1.36732221
-0.17257419
0.39468411
-1.55124426
-0.15477306
0.20553929
0.29404697
-0.24712110
-0.15737462
-0.54225421
0.20279270
-0.29964674
-0.06633821
0.00804433
0.06772347
1.21963489
1.06584895
-0.39828420
-0.16000096
0.60337579
-0.73913300
1.32788897
2.79416800
-0.58117473
2.00436211
0.18496206
1.79436529
0.03589824
0.13405429
-2.17494535
0.87442654
0.45201027
-0.65471298
-0.04117315
-1.01917708
0.71906555
0.04138072
-0.73789710
0.14480418
0.58912534
0.23912454
-0.19773151
-0.37759984
0.59107697
-0.65007097
3.93144727
0.04285176
1.06603408
-0.00438517
0.69232368
-0.49461684
-1.04283619
0.17557329
-0.53753704
-0.07944642
0.39503381
-0.64259732
-0.26635531
-0.36170813
0.34513727
-0.00616610
-0.77779299
-0.26023230
0.86135185
1.82643378
-0.26524514
0.05119310
1.21836388
1.58384728
-2.79361010
-0.59442329
-0.20590997
0.01003093
-0.90578091
-0.02807933
-1.67795515
-0.30243775
-0.57654393
0.25497591
-2.07622147
-0.09971559
0.07460779
-1.09799862
1.30769491
0.83051372
-1.14615726
-0.62878650
0.64511859
1.16394520
0.41925663
0.30803216
-0.39849252
0.92997181
0.31437433
-3.25424767
-0.48157853
-0.36832437
0.50280035
