384
-0.40536898
-0.02308571
0.55028623
-1.30361259
-0.66142988
-1.04460597
0.60301709
-3.63447571
-1.25869274
-1.45586169
-0.17151600
-0.27031013
-0.07871921
-1.24317908
-2.67057967
0.48581439
-0.73782098
0.01440649
-0.26061869
0.30837286
-0.54399228
0.16215247
0.23660398
-0.39136073
-0.53233647
-1.56863964
0.03465918
1.76956892
-0.02059132
-0.18182528
-0.07618555
-0.44340932
0.20109558
1.76017237
0.31420869
-1.67700827
0.11897787
0.21595934
-5.53734732
0.33638200
0.20958002
1.88226414
-0.12182889
2.73259234
1.24849868
1.41102600
1.08543408
0.20234990
-1.14984918
1.75670266
0.26011845
0.28264403
0.63506913
4.24516964
0.27817151
-0.05855890
-0.09837519
0.65323275
1.80887365
0.62173015
0.10864627
-0.08650626
-0.29716676
0.22869340
-0.36303917
-1.81469834
0.06170101
-0.72629106
-0.36568314
-0.06730427
0.82098562
-0.19997773
-1.64170611
-0.85291326
1.14409900
2.60938668
3.01390195
-0.46899843
0.77006239
-0.09579361
1.60969031
-0.18949245
-1.45514143
0.51807511
-1.11375177
-0.21510729
-0.44692296
-0.28813794
0.06341533
-0.51591921
0.11255209
0.67889696
-0.03545839
0.37828705
-0.03021007
-0.34532911
1.09243035
0.54313433
0.47625577
-0.23100621
0.23364902
-0.55655915
1.45521605
-0.18390518
-2.72484803
0.26741403
-1.17707169
0.30584067
-0.39045218
0.12257856
-0.60736293
-1.13131905
-0.26300889
0.63724041
-0.66445822
-0.29027504
0.45425570
0.13926312
1.53285456
-0.22552007
-1.91573215
-1.11874533
0.27191269
-1.02674103
0.35954311
-1.23120975
-1.09805346
-0.26312736
-0.51543736
0.81688118
0.61356717
-0.49689502
-0.51672161
0.66455179
0.09526670
-0.54111123
1.12316418
0.52903795
-0.59950769
-0.16092265
0.54775017
-0.50789571
2.51803565
-0.60233653
-0.77334654
0.14144319
-0.02917308
-0.50543505
0.83251214
-0.57801086
0.05228946
0.30121800
-0.00176818
-0.34636909
-0.47103506
-0.24401030
-0.47371489
-0.22339782
0.50552535
0.37082595
0.18497938
-2.05822802
1.28525484
-0.03558522
-0.14152628
-0.18823467
1.04839921
0.83395731
-0.27974308
-1.60267425
0.08857837
-0.37743318
1.37483096
-0.48415488
-0.02255639
1.32030308
1.40696573
-2.12008357
0.15792388
0.33641788
-0.76540089
0.04646970
-1.91203189
0.66493821
0.12335463
-0.12144342
0.26225862
0.19602966
1.16899312
-1.44157708
-0.25854158
-0.24493532
0.06499212
-0.21068285
0.24228247
-0.11783846
0.51764250
-1.39266646
0.24800430
0.86563545
-0.47220081
0.12340045
0.20431489
-1.96004319
0.35835913
-0.11276703
0.00004986
0.27435136
0.33024979
-0.41569161
-0.03322288
-0.03511550
1.15435576
-0.37645608
-0.86605972
-1.31701088
0.38006109
0.54772913
-0.23844054
1.43176889
0.70128256
0.72034091
0.62377679
-0.36711562
-0.05915815
-0.80795443
-0.96598297
-0.13419338
-0.37239841
-1.84572840
0.99373865
-1.54256976
2.54518199
0.21036032
0.30883646
-0.57302129
0.63439614
-0.00072081
-0.29118788
-0.22613715
-1.02594161
0.07712895
-0.14221799
-1.57461166
0.92939544
-1.48213077
0.43898258
0.20773832
-0.20823961
1.24473953
0.46067411
0.35155469
-0.97921592
-2.86311674
-0.54348475
-0.43579906
1.76075816
-1.48978567
-0.72746217
-0.05479009
-0.13741626
0.62613201
0.15897280
0.71545953
0.14979911
-0.35315582
-0.20214118
0.79979652
-0.15586802
-1.20540953
-0.41528952
0.11217496
1.19585061
-0.52190465
-0.39914247
-0.11041968
-0.31329590
-0.05076366
0.56321931
0.54288262
-0.05466148
0.02960081
-0.53918266
-0.61184531
-0.19516531
-0.10222960
-1.07450902
-0.47971153
0.06001489
-1.43461609
-0.11754340
0.00261347
0.65540558
-0.73414183
-0.50520664
-0.01260000
0.19663793
0.04965742
-0.33962104
-1.01308632
1.57175875
0.80285317
0.25402805
0.29710239
-0.19082043
-0.19426431
-0.14870502
1.71710610
0.86925817
-0.14088300
0.78486323
-0.85046911
1.38593471
2.16632199
0.12128304
-0.70041573
-0.97993088
0.31949586
3.05401444
0.18504670
-0.59301007
0.19864072
0.02963217
-0.40591419
0.24444637
0.82733065
0.58620137
-0.64829659
-0.38375890
0.16979888
-0.70395023
3.57664633
-0.39376560
2.70038056
0.39818862
-0.23654240
0.17189415
-2.17578411
0.57128292
-1.16101074
0.21971035
0.60342073
-1.41871083
-0.41012996
0.39881963
0.83101982
-0.24490468
-0.05466363
0.09533359
-0.07276249
0.98545146
0.37021816
0.60146981
1.69110143
0.93219745
-1.45992362
-1.07898700
-0.24257195
0.26993871
-0.27054676
-0.10348929
-0.44148448
-0.07433157
0.91423208
0.22749919
-1.29881930
0.04688064
-0.31732723
-0.59678864
0.18142089
0.35818285
-0.23771423
0.85793507
0.33647165
0.81611383
0.61395735
-0.68090743
0.33773586
-0.50018424
-0.30294824
-2.38859034
-0.12479983
0.05007456
0.05422945
