384
0.65309322
-0.18039484
0.71624011
-1.82693124
-0.52945423
-0.53719223
0.29983017
-0.94631678
0.11495876
-0.94975102
-0.30514205
0.04511473
-0.38100818
-1.76367331
-2.42869473
0.69452953
-2.22146821
-0.32515728
1.26959562
-0.01025236
-0.15211958
0.18236613
-0.39909679
-0.66849768
0.08422840
-0.69682395
-0.65562916
2.63917065
-0.22784758
-0.38871607
-0.40963238
-0.25695208
-0.18480244
0.14625937
-0.32286903
-2.05845404
-0.03458675
-0.25762904
-3.45064068
-0.12801307
-0.32031608
-1.17374682
0.23065080
1.88207829
-0.36341941
1.19967854
-1.15256715
-0.32415396
-1.15110064
-0.17507678
0.07542278
-0.73507333
1.99082112
4.32087755
0.37100375
0.33256248
0.13526359
0.02462159
0.22674960
0.99007422
0.51087165
0.21274096
-0.17778195
0.62209773
-0.40913644
-0.23964554
-0.10778903
0.25670344
-0.19321328
-0.27650368
1.01165533
-0.26747745
-1.59740162
-1.17669523
1.28786755
0.94409829
1.57748342
-0.00918579
-2.14259744
-0.16079365
0.58607674
-0.32655391
-0.27978772
-0.26750892
-2.26530766
0.86501044
0.04868963
0.48264244
0.11178104
0.56176043
-0.16108432
-0.07153749
0.07303922
1.10898066
0.20572510
-0.86144054
-0.03139913
-0.06805854
0.02177341
1.01040745
0.27278161
-0.11734185
2.58584738
-1.22006750
-0.77681851
0.07937755
-1.00176275
0.27907264
-0.28519583
0.35055009
0.71166414
-1.30194020
-0.67341799
0.32078156
0.02838251
-0.36037856
0.04014558
0.06608573
2.20718098
0.31980333
-0.21662831
-2.48467875
-0.52908659
-1.04463303
-0.20326090
-0.82416475
-1.36671305
0.15159041
-0.36245793
0.75905478
-0.08710009
0.29808539
-0.33332399
0.63593823
-0.68081629
-0.97964483
1.89713359
0.05906555
-0.97896779
-0.44949824
0.40629601
0.65563273
0.29495490
-0.30050838
0.44401577
0.25932869
1.01260626
-0.08985771
0.02099952
-0.50690246
0.97779900
0.50910491
-0.10579851
0.61386287
-0.58859408
-1.27568817
-0.29471967
0.46795666
-1.01927733
-0.19404693
0.18521622
2.13612604
0.27075571
0.93629766
-0.40801764
-0.33285302
1.50424552
2.04759693
1.77540731
-1.39205480
0.49906588
0.56618840
-2.03149152
-1.20518029
-0.39756572
0.32134131
-1.29115248
-0.22920197
-0.21974915
0.20501463
-1.57777381
0.22523940
-1.12218416
-0.25482911
0.74725103
-0.37657946
0.27455407
-0.41402233
2.25229287
0.81785458
-0.18351746
-0.05649307
-0.01923202
-0.14889598
-0.11091191
-0.03740910
1.00403857
-1.23836184
-0.01167771
-1.20019162
-0.40720871
0.79340822
0.23035651
-2.03646517
-0.51263875
0.15152377
-0.26661050
-0.52511168
-1.67514706
0.25989330
1.09560442
0.00904796
-0.66141367
-0.06795880
-0.06255871
-1.22185767
0.24404259
-0.34448987
0.36932743
0.67265296
-0.03619077
1.50940144
0.06445304
0.01344316
-0.10671937
-0.24349007
-1.92120183
-1.60485077
-0.15820496
-1.27223313
-2.48099089
-0.37394562
1.49035192
0.30014399
0.23931396
-0.13851939
-1.64063430
0.87435383
0.26841754
0.37629667
0.09775656
0.09859021
-0.59332091
-0.73634988
-0.80736959
0.11827099
0.16655546
-0.05289815
-1.11644924
1.86397648
0.52686417
0.34840307
-0.03047150
-1.08878374
-0.15494354
0.24885975
1.04372525
0.27820218
0.48969898
0.26136342
0.09487066
0.72359145
0.96410346
0.70939887
0.32094151
0.09118929
-0.62821549
0.26990601
0.10928213
-0.40530533
0.75135386
0.07804544
0.31737632
-0.31354624
-0.02895154
-0.33174473
0.42842236
0.07303865
1.44510436
0.09615511
0.94617641
0.36724123
0.67174888
0.72355282
0.30905205
-0.00825140
0.29566848
0.45450595
-0.08755250
-1.75561309
-0.18013877
-0.10981709
-0.29395074
-0.20165712
-0.43302047
-0.01771948
-1.16224933
0.83827978
-0.18967690
0.15698647
0.85402286
-0.05977771
-0.52687263
0.09218890
0.74693620
-0.13259616
0.60252565
1.26232624
-0.88272446
-0.14400923
0.03991470
-0.07027375
0.76268721
0.99388468
0.13497511
1.55870485
-0.68066347
-0.26661101
0.87105066
0.60124350
2.12860775
-0.52154851
0.17992564
1.01565409
0.35324776
0.17173910
-0.08480430
-0.63501418
0.11728602
-0.00196460
-0.94037443
3.25763083
0.02219899
-2.52521229
0.75910813
0.99262571
0.05753770
-2.49996138
-0.00657947
1.19955981
0.09652099
-0.94483793
1.33477426
0.00551352
0.52835912
1.23057687
0.13044846
0.41270819
0.01110178
-0.59611231
0.43119538
0.19988245
0.50601321
1.13393509
-0.71822399
-0.07161665
-0.53458470
-2.20011425
-0.24484357
0.07889709
0.32535887
0.81577182
-0.06354719
0.06776492
0.01584896
-1.55215943
-0.49553964
-0.91254413
0.34420177
0.58373547
0.23963411
-0.01577083
1.11472046
-0.58069515
0.83231819
0.13159525
0.03646425
0.09179625
-0.55508292
-0.37130585
1.41268110
0.52927816
-0.12130792
-0.07135737
