384
0.58935905
0.11021027
-0.74869597
-2.24051833
-1.66437507
-1.88689280
0.06102204
-0.46945870
-0.47078937
-1.91147113
0.55036694
-0.56984019
0.11511013
-1.98349142
-1.00775552
-0.27953160
2.83605528
0.51364344
2.25613308
-0.12508279
-2.17116356
0.93511361
0.26373756
-0.58049613
0.38478726
-0.08265004
-1.02594066
3.28210354
-0.00630751
-0.25572419
0.04273912
-0.17682195
-0.47044992
-0.93911803
-0.10469377
-2.97243094
0.10692981
-0.49893335
0.21799374
0.99991745
-0.61823916
0.01657544
0.20585325
2.70603275
-0.10381576
0.82185566
-1.06596243
1.30631971
1.08426881
2.02870560
0.57042974
0.10843286
2.16980696
-0.26261580
-0.76089680
-0.01549195
0.25484732
1.59497476
-0.93609381
-0.04222685
-1.91844726
0.11288230
-0.27527466
0.72121555
0.27327353
-1.44505274
0.08568819
-1.33210206
0.53161806
-0.14329988
1.05078804
-0.62470639
-1.27432132
-0.62783909
-3.36809826
-1.69668615
-0.03679419
0.18029988
0.27031243
-0.35308278
0.79834765
0.19733402
0.00043486
-0.34437686
-1.29957867
0.20024267
-0.59027445
0.49452952
-0.52179593
0.06196195
0.96251303
0.01987268
-0.17817385
0.42728496
0.04690455
0.35006738
1.45281816
-0.06928651
-0.95586294
0.21949124
0.17418042
0.53805423
0.10695720
-1.75295377
-0.06683087
-0.18267328
-0.10265225
0.43957269
0.61531991
-0.12746973
-0.07865289
-1.33944249
0.44977337
-0.22348353
0.27065450
0.59303212
0.38576156
0.47494859
1.29201758
0.42885840
-1.66257155
-4.30489063
-0.35060069
1.64056444
-0.10571730
-1.73455870
0.13907427
1.01624608
-0.11520196
0.49470675
-0.33318108
0.44979250
-0.46087542
-0.36412477
-1.38192797
0.00693607
0.17208382
0.16719718
-1.31753016
-0.04506341
-0.11842573
-0.30698413
2.04922438
0.15692443
1.39270270
-0.04209424
-1.59404862
0.54117429
0.48148784
-0.38587415
0.36517283
0.06293876
-1.02197480
-0.66455817
0.34845662
-0.96503317
-0.66417253
0.52528381
-0.55438292
-0.33817232
-0.10580660
0.81549561
2.52880788
-0.56320393
0.83651006
-0.32804453
1.09782887
0.18436396
0.16086949
-0.71589637
0.31746224
-0.45260620
1.44771886
-0.94631428
0.07139616
-0.11703748
0.89963949
0.15404609
-0.66848528
0.29390594
-2.58911920
0.01622184
-1.13813901
-0.37559897
0.00793293
0.68963510
-0.32397991
0.39085948
0.75817555
-1.44453371
-0.54442012
-0.19522993
-1.36204851
-0.85751295
-0.14834774
1.02937615
1.10936356
-1.98029399
0.51109272
-0.05116767
-0.28936672
0.08477096
0.15329799
0.12123370
-0.38059521
0.38147533
-0.17003284
0.69783360
-0.67948455
-0.58742571
-1.79185021
0.03334409
0.34023675
0.46835011
-1.27263618
0.87256515
-0.50264823
0.75282347
-0.57135594
0.49538699
-0.66141701
0.50508004
-0.11666898
-0.19885811
-0.97055596
-0.39484218
-2.62219787
0.41994739
-0.38975221
0.19115910
-0.30904981
-0.35514611
1.66370642
0.24941798
-2.07046223
-0.38741624
-0.46799785
0.23594272
0.46184015
-0.94659042
0.33197132
-1.18679440
-0.90702188
0.10103583
1.13436401
-1.10103726
-1.06930625
-0.21087208
-1.67652011
2.07796669
-0.42729226
-0.71599984
-0.00596201
-1.79347360
0.73124331
0.19647539
0.38549691
1.18845665
-0.05643551
-0.57510734
-0.04830247
-0.32433248
0.99537581
0.36718684
0.19108382
0.49075758
0.47936761
0.11909243
-0.23739736
-2.32548308
-0.22906303
-0.13795903
-0.83159208
0.17115352
-0.71587121
1.11643183
0.51361054
0.12054148
-0.17365918
-0.59209073
-0.18019497
0.78393555
-0.92058825
0.78421539
0.13983268
-0.11173747
-0.57534277
-0.89674538
-0.74292213
-0.86639607
1.00917542
-1.02712464
0.12873434
0.18114439
-0.62003499
-1.19216514
0.85368311
0.05346316
-0.12580773
1.33230734
0.47437081
0.61308545
-1.40971208
-0.54112583
-0.29373154
-0.34673578
-0.32897311
0.57569540
1.05124509
-1.92345715
-0.51286960
-0.13677958
-0.37338039
-1.02654350
1.08128548
-0.35929513
0.93807423
0.47598344
-0.83580589
0.26590642
1.26462018
-0.09472564
0.33439058
0.74698538
0.27248919
-0.07512274
-0.44593519
0.87078667
0.46704680
0.52994418
-0.50860870
3.68550134
-0.69823706
0.98365402
-0.16883290
1.08018875
-0.20362268
-2.79135704
-0.38869804
-2.33853722
-0.18884595
-0.93302238
0.37692115
-0.61565208
0.46514121
0.71573937
-0.12527584
0.35492867
0.41621172
0.27732423
1.67508030
0.28191537
-0.82657385
-0.40215617
1.80870557
-1.35691333
0.57792103
-2.49459219
0.53582227
-0.33242494
0.12680529
0.69463444
-0.35094836
0.44011694
-0.93571222
-2.79452276
0.55732769
-0.81622881
-0.59516913
3.38024664
0.52839351
-0.50691074
-0.26293522
0.55527031
0.46598268
-0.31091201
0.48391405
-1.24331748
-0.78396064
-0.95661348
-0.52102697
0.57474905
-0.50021362
0.97203565
