384
-0.17930910
0.21592985
0.01663318
-1.29090858
-1.16852665
-1.98978472
0.92613459
-0.76286572
-0.53608185
-3.34642434
-0.00102046
-0.33788741
0.01868214
-1.50675356
-2.87723088
0.52636254
-0.22341776
1.00523710
0.10464120
-0.15854651
-1.42326796
0.93417609
0.53615654
-0.08458611
-0.51590502
-0.81572413
-1.04781151
3.27504444
1.23107350
0.15706876
0.13800448
-0.20497043
0.24819797
-0.26871687
-0.20679802
-1.55999196
-0.30393481
0.00492285
-2.88331556
0.65484303
-0.04523157
1.94386709
0.26958519
2.66461992
0.52744645
0.70091820
0.00613534
0.92308033
1.52536476
2.04101706
-0.24009177
0.78980708
1.24707103
2.07444048
0.69018060
-0.72780550
-0.04887266
1.22886717
1.39306092
-0.12757133
-1.06064653
-0.65861875
-0.02842344
0.59675354
0.84480518
-0.95619696
-0.34781450
-1.02194488
-0.65948945
-0.78511840
0.25261557
-0.57302731
-1.10183668
-1.59597719
-2.40734529
-1.20892143
0.20411634
-1.12585735
0.35894728
-0.20695417
0.56631494
-0.22489446
-0.78254074
-0.75092560
-1.13613927
0.47737697
-0.27914560
0.45461807
-0.32008538
-0.39037684
0.55358756
-0.56693900
0.52855545
0.20905906
-0.48071605
0.17958039
0.52664614
-0.75585586
0.11985117
0.28162187
0.02057273
-0.42931181
-0.62101054
-2.19599986
0.11279798
0.03107535
0.45183992
0.55288303
-0.14945132
0.03312984
0.37062415
-1.20724249
0.16612478
0.33745980
-1.12118769
0.43785816
0.10109712
-0.32701391
1.92871904
0.89803457
-1.85006452
-2.28922582
-0.37723625
-0.40693796
-0.54361331
-1.55836582
-0.35758120
0.45795670
-0.26380181
1.59659493
0.07022685
-0.96960604
-0.72236979
-1.29217100
-0.68626785
0.38008419
0.08780760
-0.80215526
-0.09644026
-0.27863187
-0.06362560
-0.19514520
5.07868290
-0.64579868
0.52937210
0.35178262
-0.48583773
0.33864731
2.02711606
0.17743759
-0.37734923
-0.07540379
0.26803553
0.11812267
0.08369681
-0.67427593
-0.46018726
-0.57014883
-0.02737540
-0.31435966
0.05777196
1.74110913
1.16562331
-0.98402685
-0.08450904
-0.68977743
0.14108101
0.90190232
-0.28275150
-1.04835522
0.12443256
-0.31838745
2.57795382
-0.74463159
-0.05361162
0.64196682
1.57116735
-2.10155582
0.13875607
0.20052388
-2.09499073
-0.34645838
-2.13611960
-0.16052519
0.57023007
0.11485544
0.44188479
0.51637095
1.07627666
-1.54243910
-0.30613077
-0.82033002
-0.87876225
-0.71028137
0.11356156
0.13364339
0.54895210
-1.81030440
-0.37973654
0.91914308
0.16840288
-0.10724138
-0.18279231
-0.88348478
-0.32909116
0.40903652
0.85605228
0.52350163
2.26433158
-0.31199148
-0.86661506
0.29485172
1.56213069
0.80639249
-1.13532007
0.27514654
0.81436515
1.53331506
-0.39693016
1.14342272
-1.30012798
2.02257848
0.13193920
-0.41632143
0.41083428
-0.54197937
-2.50176144
0.68097699
0.32438406
-0.62164569
0.41414717
-1.36059034
2.08056998
0.28485644
-1.70120454
-0.75681770
1.95872760
-0.34365708
-0.41929534
-0.91786706
-1.26330900
-0.42839757
-0.76635689
-1.89272821
1.84683132
-1.54605770
-0.52818000
0.32534200
-1.55381513
0.42446852
-0.26652488
-0.31518456
0.04735506
-1.42397118
-0.30733830
-0.42461473
1.09860849
-0.03714234
-0.86655271
0.06183027
0.37792128
0.67662585
-0.07713075
0.86875558
-0.08475335
0.28405231
1.01363468
0.51233763
0.00569932
-1.10882199
-0.02739719
-0.00048778
-1.20111799
-0.71125203
-0.64586306
0.65320945
0.17033011
0.49095187
0.79468966
0.25585762
-1.13081121
0.13886037
-0.87635702
0.64598346
-0.54039782
-1.01220858
-1.69926953
-0.10093173
-0.06426586
-0.28866291
1.07699835
-0.64525187
0.24403882
-0.02146059
-0.20928214
-0.04622876
0.40248212
0.34514597
0.27465028
0.58936775
0.08051252
1.07482803
-0.89616477
0.55917507
-0.33963722
0.18008423
-0.40648657
1.87053406
0.30124110
-2.14064741
-0.37768126
-0.35770136
0.41624385
0.32801110
0.37307748
-1.61407197
0.41313025
0.42856371
-0.45054665
-0.27690336
-0.74220061
0.97038305
0.01039493
1.07711720
0.06216125
-0.11251120
0.16361189
0.11279817
-0.26030871
0.25951698
-1.44485092
3.83502197
0.26588815
2.00017333
-0.20582373
0.49216330
-0.15570281
-1.97769177
-0.26809925
-1.37710500
0.31460375
0.24059835
-1.05511093
-0.36325717
-0.23000403
0.25357950
-0.03547451
-0.82802618
-0.17161167
0.41808784
1.61411631
0.03740240
-0.63591266
-0.03595822
2.82203126
-1.91654658
-0.77784860
-1.45665824
0.17860451
-0.01757273
-0.73798084
1.05863512
0.62477577
0.22129804
-0.29217917
-2.80844116
0.25550950
-0.32930133
-1.88909984
3.00270414
-0.13028695
-0.45606467
-0.53007388
-0.49330404
0.32759649
0.01707832
0.16699858
-0.68342918
0.10962227
-1.12566304
-2.21028614
0.26165855
0.19133690
0.18244028
