384
0.14563292
-0.03758669
0.25087649
-1.35631764
-0.18762121
-1.80477262
0.60823345
-1.23341405
-0.24134107
-3.31076527
-0.32272968
-0.23071310
0.01763335
-0.59988225
-2.19089842
0.40296173
0.01125103
0.11952697
1.23504460
-0.23513922
-1.83189178
0.18775876
0.64928317
-0.97483724
-1.23568320
-1.18214202
0.15881513
2.67567539
-0.38155192
-0.19380364
-0.02001916
0.01456849
-0.28212965
3.12502956
0.30189735
-2.21886325
-0.30974185
-0.81072223
-3.91450143
0.34947604
0.31004763
1.43470716
0.00469048
3.02769756
0.45383272
1.31317616
0.74658555
0.26667756
1.44713175
2.17006207
0.07973455
0.77075619
1.65399289
-0.14244318
-0.28852734
0.04125018
0.24005878
1.08844900
0.53068948
0.20889124
-2.01033902
-0.49462056
0.30412930
0.79760301
-0.22217025
-1.65137303
-0.07573412
-1.04875624
0.62993944
-0.54330730
0.85250449
0.05011067
-1.39097714
-0.74950325
-0.89956546
-2.55867314
1.58864963
-0.86724246
1.12689245
0.41295207
1.39261127
0.04894321
-0.15055278
-0.39173231
-0.45116466
0.13061172
-0.43433714
0.43934193
-0.47343874
-0.16252673
-0.06492384
-0.12318616
0.34983519
-1.02511048
-0.02643160
0.10219984
1.00503945
0.00224230
0.00422803
1.09689081
-0.80260187
-0.08786096
0.00230324
-1.29856300
-1.05927551
0.43690220
0.76976132
0.97431523
0.11285265
0.68746036
0.71511489
-0.78827977
0.53142428
0.34797245
-0.82124835
0.72438383
0.13314348
0.17038205
2.10025048
0.72257417
-1.96795392
-2.82629538
0.68382496
1.20656037
-0.23829420
-0.58830577
-0.47253349
0.51531774
-0.21410802
0.83441293
0.18370171
-0.42742968
-0.69350708
-0.89321750
-0.42319432
0.05329111
0.95630771
-0.59051508
-0.10273550
-0.20963325
-0.40983987
-0.06200135
2.96088433
-0.35326424
-0.43577856
0.06680879
-1.49532902
0.92375094
0.81309128
-0.40424845
0.96570075
-0.49802679
-0.67538482
-0.28777003
-0.15051472
-0.69406712
0.82940543
-0.36017016
-0.40599364
0.37229884
-0.33556336
-0.47569010
1.55217099
-0.49434066
0.56200534
0.26634103
1.31506801
0.12810922
-0.10007033
-0.19440682
-0.04896826
-1.14692259
2.44442630
-1.01641476
0.67421573
1.16687489
2.35080767
0.23209257
-0.32865030
0.54731196
-1.08936334
-0.14844434
-1.22051919
-0.19185418
-0.07330632
-1.01303542
-0.04858577
0.58376032
0.64891869
-1.69573045
0.40924358
-0.55751717
-0.55047268
-0.11280579
-0.56472176
1.17197227
0.04468358
-1.34813917
0.24388462
0.69966495
-0.86510146
-0.08281232
0.31893867
-0.60721040
0.27339587
0.03953611
0.07574235
0.66343939
1.36438072
-0.46092790
-0.39389044
0.07265407
0.34921157
0.17807776
-0.24933417
0.72939789
0.08758757
-0.03326567
0.20641235
1.37749839
-0.61845237
2.40223193
0.06178799
-0.48966092
-0.06834123
-0.04313014
-1.83374524
-0.50051785
1.50486255
-1.37508333
1.18426824
-1.00566316
1.87297297
-0.07893625
-0.93983531
-0.85862374
0.91553992
0.20580053
-0.36941484
0.63239342
-0.65095127
-1.03125691
-0.68152308
-4.04512024
1.95658946
-1.35972035
0.15695691
0.04413350
-0.76025724
0.30552447
1.31429362
-1.03757131
-0.16086543
-2.97504258
0.03736682
-1.00535202
0.46161562
0.05807237
-0.98132992
-0.11003535
-0.41335857
0.54886341
0.43075216
0.30667585
1.05973434
0.04371579
0.49277410
0.65805089
0.54401815
-1.73204803
-0.47560510
-0.04699446
-0.26805317
-0.87009317
-0.38574231
0.57172191
-0.38732305
0.11715623
0.09333766
-0.31827149
-0.60512525
0.67294663
-0.80521202
0.20068488
-0.33324921
0.06918221
-0.99187410
-0.02319243
0.48879358
-0.20099282
1.27057958
-0.61363316
1.66524386
-0.80327779
-1.13434935
-0.22362441
0.28714138
0.35393247
-0.95227921
0.94929540
1.25541592
0.83484292
0.84998029
0.18578768
-0.09175231
-0.70665944
0.31972218
1.14513993
1.53221917
-1.81170273
-0.31965280
0.01164137
-0.69035071
0.39609110
0.24533673
-0.52223146
0.18832281
-0.07076471
-0.83251601
-1.15718770
-1.05488801
0.94134569
-0.42425421
0.19569197
0.43057948
0.59709191
0.55639589
-0.54927075
0.44683817
0.68322062
-1.65627909
3.54919648
-0.61995608
2.24562049
0.79178029
0.72700202
0.27997878
-3.16820049
0.12385409
-1.04004025
0.01436106
-0.37116778
0.94782335
-0.39996600
0.53089815
0.57308853
-0.63279736
-0.09130444
-0.06076384
0.15259288
1.98754692
0.08252830
1.44047523
2.02481532
1.78615689
-2.17745471
-0.53693438
-0.85585195
0.75308669
0.26152959
0.36611322
0.08960565
-0.90234256
-0.30600053
-0.03811967
-1.07467127
0.28086472
-0.17889577
-1.03228593
-0.12869859
-0.19022715
0.27907169
0.21156916
0.47782031
0.82710367
-0.42220682
0.04689760
-0.28892991
-0.34898394
-0.38175982
-0.87226236
-0.10776785
0.32739043
0.95773971
