384
-1.38441110
0.08389391
0.76183045
-0.99100238
-0.67160511
-0.32524607
-0.02429729
-0.94042176
0.62509412
-1.64667070
0.03669085
-0.08476403
0.08293138
-0.86103559
-1.96569622
0.75586212
-1.13846493
0.08482569
0.56919783
0.04677138
-0.72921956
0.23553932
-0.25244707
-0.24239640
-2.17066312
-0.88361096
0.06993612
2.13529229
2.08100438
-0.51233494
0.03018205
0.04317456
0.05850449
0.83333659
0.06847512
-1.00257874
0.26052719
0.19859239
-2.60527158
1.09801495
-0.06546752
1.59085035
-0.04349163
1.60930252
-0.73774093
-0.01917988
-1.78136063
-0.22733231
0.25610059
-0.59664398
0.33383048
-0.50862622
2.79695845
0.35314608
-0.03000526
0.25101650
0.11432270
0.27064252
0.45874450
-0.11946133
-0.95520210
-0.36057872
-0.17903446
0.57583708
0.50275749
-0.86080492
-0.44982550
-0.65188468
-0.06969139
-0.12964213
-0.30407953
-0.49750635
-2.25309372
-1.54992795
-1.34066784
1.53638053
2.05398083
-0.46758664
-0.65500236
0.07545540
0.07235533
0.22208489
0.16522491
-0.48031211
-0.82836336
-0.07496630
0.69567966
0.28796008
-0.09875253
0.33454964
-0.30346423
-0.07398217
-0.12245030
-1.42634535
0.48237312
-0.36491722
0.27181298
0.06457623
1.30763316
0.36056229
-0.28899911
-0.50402194
3.68229580
0.10572386
-0.63784897
0.09879076
0.40539706
0.08395782
-0.03418112
-0.13307610
1.39587367
-1.30253947
-0.32340127
0.44269624
-0.59909534
-0.41588253
-0.07275534
-0.05333005
1.64152539
0.58121771
-1.56834555
-1.35912299
0.58253014
0.41876557
-0.43684429
0.52436501
-2.10493493
0.57939863
-0.48598123
0.25418139
0.98689258
-0.01242548
-0.17500484
0.66294152
-1.21953082
0.00825717
0.87959635
-0.18233046
-0.13024455
0.79636139
0.04994476
-0.53440237
4.12137747
-0.52494973
-1.07390976
-0.30099237
0.03464762
-1.12185943
0.45197403
-0.59905154
0.66235447
-0.02579109
0.00314334
-0.05221406
-0.05626579
0.90220261
-0.77587801
-1.35982823
-1.87050903
-0.28744227
-0.23756763
2.76830459
0.36517611
1.09197760
-1.19674087
-0.02158862
0.82967079
1.91200924
-0.93606663
-0.72274590
1.03860474
-0.53420293
-0.13268401
-0.57040453
0.44821557
1.11561728
1.50396371
-3.15684819
-1.23644710
-0.32242799
0.90683234
0.54308504
-1.61245275
-0.21835424
0.02639806
-0.55001712
-0.63350862
-0.87170786
1.72185934
-0.86694407
-0.31708375
-0.15974431
-0.10687733
0.70590711
0.35884166
-3.17178416
1.24245405
-1.54652619
0.02012089
-0.23315912
-1.41740179
0.26993120
0.04529585
-1.11587775
0.03298320
-0.90789157
-0.94197869
0.10643733
0.19762981
0.03234915
0.67637444
-0.11358376
0.00725845
-0.33075571
-0.69492722
-0.74499553
0.20742849
0.02773294
-0.09640823
1.44025946
-0.54244000
-0.21769527
0.02949526
0.22186372
-0.69061375
-0.58757979
-1.69947135
-0.65952617
-1.29976654
-0.90916383
-0.94916677
0.31217825
2.76601815
0.42983705
0.56605029
0.31721634
1.14392853
-0.23098484
0.05936224
-0.40720618
-0.48606417
-0.49746329
-0.38762334
2.80064726
0.08852237
1.14841115
0.50513798
0.07020353
-0.81248319
1.27831936
0.06550238
0.50324047
-1.05074012
-2.20852160
0.45109719
-0.16143805
2.36568213
0.19024912
0.31973064
0.32559854
-0.09168859
0.69692940
0.06106889
0.79866731
-0.20625994
0.39562488
-0.48178631
0.33976048
0.04761092
-0.97984213
-0.80401862
0.11859509
0.60207593
-0.94847727
-0.25480026
0.90027696
-0.50341266
0.12524529
1.15580201
0.37455565
-0.00626598
0.65447015
-0.61917621
-0.42819846
-0.58262485
-0.30009776
-0.49632269
0.05544773
-0.28247571
-1.13000476
0.39213315
-0.03180654
0.59151280
-0.27525437
0.82928264
-0.63626897
-1.05215681
0.87826794
-0.35006309
-1.60461545
1.70683599
0.72008908
0.42573029
-0.26339921
-0.81456876
-0.27160704
-0.12451638
1.46400893
1.86190534
-0.85395777
1.29739296
-0.28579444
0.90315473
1.38380814
-0.41509202
-1.54900670
1.32844508
0.47041902
-1.00127280
0.16978183
-1.85747814
-0.27021021
-0.18739383
-0.37454790
0.16411465
0.92414689
-0.17745724
-0.60355574
0.29532015
0.00291571
-0.98849571
3.01893735
0.12288454
0.34094152
0.36531717
2.14542198
-0.20611700
-0.86731410
-0.50828421
-1.04579353
-0.02927109
0.28893083
0.59079188
-0.15124995
0.63170576
0.13177225
-0.03617623
0.46258846
0.10977750
-0.63932437
1.13644493
0.00935910
0.76623881
1.68560028
0.60007840
-2.44861317
-0.69970560
-1.70012581
-0.35345739
-0.09476075
0.11040932
2.01262498
0.15785789
-0.96429992
0.15887958
-0.81963563
0.17404741
-0.36644816
-0.81118071
0.45665127
0.00707896
0.05205709
0.52972227
-0.01967818
0.81431383
-0.11094159
0.33093390
-0.48148391
0.40479422
0.12257978
0.12664434
0.24784480
0.13418879
0.05639049
