384
1.11028922
-0.03424463
-0.31391293
-2.07103729
-1.13541555
-1.08081698
-0.29165196
-2.21645594
-0.54100537
-1.58580160
0.04965217
0.07428914
0.11223904
-1.44795775
-1.09677577
0.45482939
2.57164645
0.45900583
2.42700887
0.31065992
-2.07884741
0.31740412
0.31719053
-0.96438289
0.57355881
-1.42255640
-0.22584078
2.45516825
-1.15987802
0.38094488
0.43011761
-0.33921424
-0.27548912
0.98220003
0.47354293
-3.23009419
0.14357550
0.07145266
-0.97908342
0.43427756
-0.49373391
0.99327862
-0.47599494
2.21438718
-0.07518686
0.78155744
-0.01116335
0.30731058
-0.88893622
1.83772087
0.74061435
-0.14864515
2.01530266
1.64403462
-0.51018965
0.14834906
0.12106001
1.30398846
-0.16084397
0.56735301
-0.36559528
-0.11296137
0.20679292
0.57182270
-0.31594917
-1.29095840
-0.17441596
-0.76591277
0.06169723
-0.26343378
1.14323366
-0.61804295
-0.77828503
-0.33435667
-1.00539505
2.26346684
1.63466740
0.99405998
1.25155866
-0.25702944
2.00286531
0.47105142
-0.04644632
0.44890344
-0.95453978
0.46132278
-0.78264022
0.33359450
-0.05133316
0.01907422
0.56153834
0.01565248
0.43858299
1.07124579
-0.38738555
0.03563872
0.59332401
0.08440220
-0.98720169
0.19194546
0.02954316
0.13309972
0.22068477
-1.01936674
-2.56648111
0.13206223
-0.73167640
-0.01067691
-0.12418895
0.34003699
-0.08353418
-0.99393547
0.10791114
0.03487539
0.28614831
0.48280257
0.08361740
0.47711346
0.99239409
-0.08989766
-1.59262967
-3.41694856
0.53885728
1.02297902
0.99264240
-1.50389910
-0.13315535
0.58106959
-0.45649451
1.21666574
-0.15452878
0.21458387
-0.52921098
-0.62072670
-1.71763873
0.27509806
1.59341407
0.10402633
-0.95445931
-0.56596982
0.12778181
-0.62062329
0.03117764
0.06642541
0.81552219
0.26658139
-0.28022325
0.06245387
0.75803006
-0.70266634
0.54693282
0.12260873
0.03329714
0.24835637
-0.00483767
-0.86636198
0.19250068
0.92378080
0.08765036
0.32787070
0.18659768
-2.61358929
1.84367156
-0.20965701
0.92986655
0.11198916
1.02423453
-0.27273893
0.55583328
-0.69280684
0.93464297
-0.18980193
1.15871429
-0.59077466
0.40217698
0.47288591
0.37554181
1.10299420
-0.56167161
0.01909266
-2.64556742
-0.27230239
-1.31034660
-0.35779005
-0.54809439
-0.67909044
-0.49480119
0.68380535
0.69331777
-1.82584047
-0.61157882
-0.26059082
-0.55991745
-0.54581398
-0.28407729
2.33191848
1.12820363
-1.05950189
-0.06482501
-0.20826688
-0.90120184
0.02541000
0.17976338
-0.76957309
0.03342627
0.48606104
-0.01224586
0.10505082
-2.96624136
-0.51098251
-1.46349204
-0.03451697
0.42569044
-0.13528238
-0.86151856
0.29512349
0.16934332
0.33955508
0.11844282
0.76002073
0.51068336
0.54333597
0.21986984
-0.34984222
-0.62460172
-0.06477876
-0.92742026
-0.07550782
-0.13508555
-0.65640610
0.19381738
-0.30535570
2.09203553
-0.01295125
-0.79491413
-0.38070792
-0.88933295
0.75383604
0.05478162
-0.00052719
0.62174135
-0.00460653
-0.33238000
-2.05147123
1.20571971
-1.22155023
-0.05644164
0.31403816
-1.12821925
1.68767548
0.63548410
-0.64509225
-0.79709095
-2.58375382
-0.11088644
0.26252735
0.16781741
0.33998901
-0.37257630
-0.06299160
-0.40326360
0.40273792
1.08358300
0.19264606
-0.26917708
0.06974612
-0.35861582
-0.24848732
-0.20193374
-1.57277441
-0.43208295
-0.18030366
-0.31149176
-0.64252561
-0.38367042
0.10850201
0.38303041
-0.30955985
0.03350860
-0.60510123
-0.15641490
0.20706764
-0.96855128
-0.25763112
-0.21063611
-0.17760189
-0.62572944
-0.05770255
-0.15181535
-1.40490329
0.81732225
-0.37643981
0.49015945
-0.77027571
-0.32682189
-0.43953925
0.34297323
0.08881807
-0.34966433
0.48102766
0.99646765
0.38333726
-1.20074666
0.10119613
0.09909354
-0.13494408
0.28032607
0.53610331
0.46595976
-0.99657226
-0.45435548
-0.44304603
0.20566960
0.17782232
0.07391880
0.76841390
-0.60185814
-0.00120196
2.00886416
0.00460672
1.64739597
-0.06301584
0.13645348
0.37525591
0.24803732
0.21059754
0.13451837
0.23587388
0.15563178
0.36505872
-0.17456704
3.54098439
-0.61207557
1.90218472
0.55497330
0.59633303
-0.02038240
-3.33773613
0.08132429
-2.15727043
-0.03481850
0.08322712
0.76690769
-0.19642940
0.54140449
0.86629796
-0.39502424
-0.31983420
-0.42629302
0.04209389
1.57063901
0.15240231
0.54352719
0.82022327
0.95418513
-1.27100778
-0.12246716
-2.17480373
0.83456612
0.11663800
-0.37661278
0.06238351
-0.00970376
1.48521996
0.19013979
-1.47080028
0.72314572
-0.74297559
-0.07678491
0.46580851
-0.04275596
-0.13289990
0.26752591
-0.07703000
0.31442761
-0.11167875
-0.11857949
-0.04872855
-1.44968462
-0.18227647
-0.51352400
0.21127516
-0.15006821
0.55419493
