384
1.38634813
0.42704266
1.04995883
-1.12450624
-0.46566841
-0.71469033
-0.05406952
-0.85076630
-0.11125574
-0.74201387
-0.19804400
-0.07230476
-0.29911542
-1.58817244
-3.58999109
-0.16842471
-0.64389783
-0.53022611
2.02869558
0.30831495
-0.45550284
-0.17284471
-0.24666166
0.34127715
1.93610394
1.26617289
-0.34341025
3.08963513
0.38397911
-0.10040842
0.19110978
-0.09610604
0.04437408
-0.45733285
0.42108750
-2.21881008
0.14897409
-0.85062289
1.03500235
0.26365650
-0.41474023
0.10718422
-0.11506363
2.29657125
0.68243957
-0.82982373
-1.23091602
0.50573748
-0.05561337
1.85678685
-0.25572240
0.61855328
3.65491176
1.95841408
0.31409591
-0.16197136
0.09470408
0.33822721
0.11727476
1.05862260
0.14764357
0.30043566
-0.52508420
0.03116961
-0.47486272
-1.39549541
0.08861949
-0.43023428
-0.42667836
0.29317290
0.37687942
-1.02066433
-0.99056786
-0.78938687
-1.47768879
1.50545895
0.94947684
-0.12330216
-0.72892994
0.35987487
0.60303700
-0.10883669
-1.01138783
-0.18626089
-2.11547351
0.20237690
0.11072326
0.96885395
0.24900332
0.32504088
-0.11653616
-0.19853126
-0.45074803
1.26385701
0.29367220
-0.56664950
0.50054169
-0.07952970
-0.14160222
0.16964436
0.84072340
0.25874558
0.19894826
-0.78653669
-2.33024955
0.87363410
-0.79721367
0.03438333
-0.51082575
-0.84623420
-0.04473639
-0.86364377
-0.27670303
0.58589542
-0.36319298
-0.04521787
0.29839498
0.13118669
1.69185686
0.66399366
-1.34172940
-3.39186668
0.48901713
1.45460439
-0.06526616
-0.74179399
0.18048292
0.13670173
-0.14776859
0.70612556
0.31560805
0.29760176
-0.46978775
-1.24235356
-0.95250034
0.31434092
1.57706916
0.20668423
-1.19007015
-0.49501097
0.13160694
1.09096599
-0.55114210
0.52796364
1.20123303
0.48216528
1.15267444
1.36531973
0.45012116
-0.76679271
0.97984725
0.19923952
0.30717528
0.27140474
-0.32404369
-0.59272766
0.60365641
0.79785186
-0.29421112
-0.08160712
-0.27268502
-0.98390031
1.32520461
-0.92267376
-1.23567653
-0.09767473
0.45017490
1.19974947
1.90976191
-0.77500010
0.76889688
0.31163925
-0.62129325
-1.20923734
-0.95205081
-0.67694199
-0.28628612
1.96676350
1.32007885
0.12840423
-2.90161848
-0.29558641
0.04596740
-0.53517467
-0.03006047
0.36387122
0.48004907
0.30151644
1.81638479
-0.96381587
0.48888612
-0.20107278
-0.16490370
-0.28986204
-0.57039058
2.44434810
0.96023053
-0.96154690
0.09143363
-1.38340831
-0.86353827
0.24546199
-0.52737290
-1.44767177
-0.86684895
-0.38433635
-0.06616359
0.70774114
-2.89570165
0.07554236
0.61072814
-0.06273670
0.32219559
1.17390370
-1.53860855
-0.47320387
-0.56872672
0.15875775
-0.46518388
1.24518204
-0.45405030
-2.25487185
0.16460003
-0.01908132
0.23695856
-0.49792963
-0.72797722
-1.59659719
0.35683489
-1.11961818
-0.08520523
-1.19383287
2.19557142
0.41281247
-0.50283056
-1.19066334
-0.66005659
0.25953752
-0.11713436
-0.77777994
0.68568534
-0.47465289
-0.56106848
-3.63246822
2.22043729
0.10137218
0.27796924
-0.30846301
-1.65583909
2.19042158
0.80965185
0.47459304
-0.01103285
-1.40503144
-0.37820023
-0.43777695
0.91700166
-0.43739498
0.18321654
-0.00816314
-0.01768816
0.53961968
1.21116805
-0.09144031
-0.50658739
0.76955271
-1.02486265
0.29260814
-0.31411135
-0.99545115
0.03434235
0.62329209
0.46344823
-1.22985649
-0.13531138
-0.12948826
-0.18078265
-0.08153926
1.11930907
0.40549767
-0.49884161
0.17138982
0.24604380
0.11939842
0.47655189
0.39696506
-0.27972353
0.15432538
0.51810479
-1.75388968
0.17909269
0.20094545
-0.76833969
0.33023220
-0.46701300
0.23144233
-0.76833010
-0.74532819
-0.15969908
0.61133313
0.62116480
0.65045458
-0.63873065
0.11787209
0.20251630
0.00614330
-0.36893362
0.66136545
0.92241770
-1.25999475
0.32898301
-0.07708225
1.17336631
-0.97174805
0.48199177
0.18544531
-0.90630776
-0.63268214
1.31050229
0.26460898
3.50327063
0.33376059
-0.34939876
0.74394172
0.69696027
-0.37704211
0.45640197
0.43289167
0.08353801
0.32003564
-0.16680250
4.15083647
-0.07026758
-1.17502844
-0.21199359
0.02629995
-0.07644690
-2.32159042
-0.12802748
1.20016325
-0.24718650
0.51319611
0.78103459
0.14409776
-0.15404981
1.00020230
0.11034612
-0.23251918
0.64746261
0.14064541
2.14405966
-0.00872834
0.65328723
1.39410841
0.99768472
-1.18520427
-0.71185780
-1.39031172
0.53285545
0.46759677
-0.86344653
-0.88022310
0.08123235
0.73887020
-0.10808158
-2.11192608
-0.28676477
-0.03700733
-0.22384861
0.23673871
-0.10896938
0.06547019
-1.23991489
0.45670024
0.79390883
1.04029715
0.00479981
-0.48601556
0.62941855
-0.34262753
-1.15094995
-0.28252128
0.42967337
0.91397500
