384
-1.61262107
-0.97383195
0.98139358
-0.88489395
-0.71762210
-0.99884933
0.48937321
-1.19424403
0.67502356
-1.65888608
0.11951081
-0.15529445
-0.45760724
-0.00231421
-2.12593770
1.10315764
-1.10045254
-0.32623592
-0.02255154
-0.32147378
-0.05986905
-0.11975983
0.94713354
0.20114924
-2.26511502
0.38273087
0.19182456
1.89840341
2.45856094
-0.57080054
0.22692384
-0.36691827
0.19550316
1.54409361
0.47765169
-1.86006117
-0.57771951
0.07825419
-2.92448854
0.47474000
-0.08714470
0.57820165
-0.26856154
1.32724023
0.16457944
-0.65924293
-2.14079380
-0.26639885
0.14747123
0.37544817
0.44882497
-0.01096955
2.88198161
-1.00411940
0.93322575
-0.50393975
-0.35428226
0.24153924
2.08384085
0.49691761
0.08223921
0.06631195
-0.10545289
-0.10571159
0.83027142
-1.53174615
0.62574625
0.37917298
0.17146765
-0.38946471
0.35319650
-0.19659376
-2.04133701
-1.87188983
-0.16489094
3.08312702
2.26123667
-0.80731225
0.45931441
0.14122903
1.27490282
0.44378093
-0.71103722
0.31295699
-0.53699571
-0.29950857
0.10729080
1.59980726
0.20708984
-1.00729394
0.03265430
-0.40329778
1.00843024
-1.07769620
1.06483757
-0.14166373
0.52682120
0.30524442
0.66382891
-0.62989414
0.03861471
-1.21508336
4.51202059
-1.06870580
-1.21370065
0.84107459
0.46127507
0.20654920
-1.16528225
0.20169325
1.68640137
0.19574222
-0.35261506
0.29337689
-0.16281246
-0.09158228
-0.36043078
0.06741369
2.53096271
-0.34244776
-1.67072046
-2.49532700
-0.10010087
-0.44682226
-0.70863122
1.52394223
-2.98475575
-0.64986575
-0.29710406
-0.11156458
0.94272423
0.59303784
-1.12452781
0.26841837
-1.19167233
-0.51258147
2.21870518
1.09399569
0.05654040
0.46614131
0.56224597
0.03937978
1.29858947
-0.36409289
-0.45735905
-0.17207378
0.42511767
0.10716188
0.13084313
-0.58204770
0.29080608
-1.73794961
0.24740751
-0.01079005
0.77399826
0.77021527
-0.39670640
0.08313549
-0.67656940
-1.02419853
-0.63502342
0.09866300
0.99782580
0.93392491
-1.10708952
0.61791670
0.26121876
0.42711049
-0.91327804
-0.20863655
0.78236532
-1.40053272
0.78815657
-0.23238981
0.64931113
0.38269982
0.56222463
-0.60414511
-0.06316158
-0.47624642
1.04273582
-1.09417081
-1.17364836
0.66557211
-0.36189997
0.69207680
0.41492841
-1.24462271
1.12142813
-0.39775416
-0.85658586
-1.42808330
0.03954789
0.74893391
0.04746626
-1.95629668
1.01348007
-0.11086822
0.17542696
-0.69921035
-0.57801366
-0.18540911
0.00376696
-2.24762368
-0.27030498
-0.50260723
-0.50810403
-0.43655670
-0.77062106
0.17648999
0.16046315
0.10930080
0.69115967
0.22234952
-0.87293190
-0.08165074
0.20733762
-0.02694749
-0.06030909
1.03345370
0.05064878
-2.60345221
0.77783692
-0.18589646
0.30238938
-0.34762019
-1.22669089
0.19191161
-0.93740761
-1.01222289
0.92573512
-1.30433524
2.80252838
0.09908191
0.58293641
-1.09006453
1.10949922
1.00106370
-0.26813239
-0.05494597
-0.05313723
-0.63722634
1.63271379
0.72639167
1.75158644
0.55419117
0.62088382
-0.47111320
-0.82810533
2.67719364
0.65322113
0.19481263
-3.28290558
-1.73824322
-0.18003431
-0.05942783
2.08477616
-1.75106406
-0.12186026
-0.20927861
-0.18880495
0.58419973
-0.17307502
0.38898006
0.70362723
0.41089463
-1.83849812
1.48843336
0.06345282
-1.07643187
-1.99922001
-0.30154768
0.18247224
-1.38422060
0.03124002
0.37980574
-0.06004640
0.99081862
1.20898950
0.68432468
-0.75653660
0.06409328
0.02022940
-0.93295395
-0.43354061
0.11142288
0.19371286
0.24626450
-0.68182039
-2.23609495
-0.12861627
0.52804601
-0.39694953
-0.03714627
0.62322336
-1.30689359
-0.65994501
0.47276750
0.97813088
-1.80301881
1.72486484
-0.16402875
1.13966966
-0.12092319
-1.24486530
1.06611502
-1.10545850
2.22156000
1.19299054
0.26283097
1.99457550
-0.81115037
1.68208122
1.26756048
-0.81942850
-1.97248912
0.46572381
-0.49848771
-0.29327306
-0.22134620
-0.35083932
0.09930644
-0.65149117
0.12362966
0.77303225
0.57473576
0.37368542
-0.58590424
-0.10167609
0.03695899
-0.95828533
3.31095409
0.05236453
0.79004264
-0.06092815
2.14998317
0.20466986
-2.29331803
0.03423275
-0.28080171
0.18056598
-0.05803487
0.94279420
-0.35913518
-0.45543838
0.45998424
0.09256607
-0.17638105
-0.45050561
-1.56938374
1.88962376
-0.93994558
1.39823973
1.29227853
0.77514482
-1.57189417
-0.50243628
-0.98567390
-0.05406821
-0.79635668
0.37803271
-1.35369599
-0.13881385
-0.62063992
0.92537510
-0.96833277
0.33273688
-0.41643152
-0.88876492
0.02865151
-0.61313862
0.03147366
0.04999028
-0.49943957
0.56243950
0.47462705
0.73549002
-0.05089424
0.71095282
0.62616062
-1.21099675
-0.07991257
-0.11107400
0.14692044
