384
-0.33032003
-0.17898279
0.33475521
-1.48392177
-0.35548139
-0.53387600
0.75107968
-0.21727437
0.32877809
-2.37064624
-0.28777999
-0.39184213
0.20803821
-1.22452688
-1.98780942
0.72260320
-1.19659138
0.16581264
1.40070009
-0.07167593
-1.49153924
0.48855895
0.55844927
-1.36043346
-2.26621675
-2.26544666
-0.48850471
2.41682363
1.50601852
-0.23358087
0.29624701
0.06583624
-0.22269779
2.11500764
0.21754852
-1.27500820
0.30982229
0.25337178
-2.96594906
1.04820931
0.16962768
1.89522564
0.17238212
1.96946049
0.74559516
1.46482062
-1.00270391
-0.08196586
0.64194340
-0.76789033
0.12796302
-0.12231224
2.89026570
0.93304616
-0.51287866
0.20105889
0.04563701
0.44766170
0.46970516
0.44527286
-0.55787838
-0.52680087
-0.21365553
0.67272508
0.24133718
-0.81047153
-0.38877165
-0.54681963
0.16855443
-0.09513631
0.70496726
-0.39411825
-2.16634226
-1.51953137
-1.50375152
-0.28383625
1.97170508
-0.47049293
-0.41404843
0.31759882
0.58196723
-0.00624993
-0.70647174
-0.30021462
-0.69509530
-0.14748973
0.68500507
-0.07463203
0.36184871
0.13082319
0.04485077
0.42671919
-0.12748152
-1.04055452
0.33983013
-0.35400945
0.77567625
-0.19228847
1.59731364
1.49364758
-0.47513241
-0.45073774
1.85310900
-0.70309108
0.16769588
-0.37023288
0.31402013
0.40577251
0.39940667
0.30155569
0.74494612
-1.45408523
-0.36912337
-0.28269577
-0.38936335
0.15285897
0.02051604
-0.04486094
1.31655371
1.00281930
-1.40047431
-1.36777103
0.73511219
0.38640490
-0.58546150
-0.18336028
-1.91958451
0.52777135
0.00395110
0.46145004
0.59928000
0.22407636
-0.25525388
0.38579550
-1.46703172
-0.55183375
0.00889111
0.00337222
-0.21743518
0.61058176
-0.10545212
-0.55895859
4.77131605
-0.56145263
-1.19612134
-0.16285449
-0.34162107
-0.99874675
0.58277315
-0.42473322
0.43290606
0.27321720
-0.03515612
-0.12998936
-0.41358596
-0.00933352
-0.63078451
-0.73963350
-1.07123506
0.11305605
-0.25168711
2.96871638
-0.06591630
0.84818637
-0.78522855
-0.15534920
0.87111950
1.31573296
-0.57478905
-0.87030548
0.89999211
-0.14886923
0.00133280
-0.89213282
0.58095759
1.46636832
1.33165503
-2.69549561
-1.19088757
-0.06030791
0.22784913
0.37523025
-2.19255018
-0.67739612
-0.37266645
-0.95388579
0.00089203
-0.75266886
1.50576556
-1.24066198
-0.06783462
-0.45655367
-0.60057497
0.01865736
0.47995156
-1.95302510
0.98574924
-1.49148333
0.32277572
-0.30793512
-1.11629808
-0.14843345
0.01610940
-0.53833658
-0.23177040
-0.43966413
-0.13389798
0.12357263
0.33753085
-0.25379270
0.50337011
0.28709656
-0.06873449
-0.14286172
0.07251608
-0.17969763
-0.03783245
-0.13551134
-0.19079092
1.49051476
-0.37273714
3.08671713
-0.15030116
-0.01967293
-0.48152319
-0.62400293
-2.02399611
-0.75046909
-1.06379724
-2.24631071
-1.27308249
0.85649872
2.21164465
0.30478442
0.45723462
0.43890977
0.96013647
-0.28722376
-0.16817096
0.11831379
-1.37372541
-1.71019483
-0.00428425
0.47902781
-0.31216404
0.01754487
0.18338577
0.40508950
0.08920765
0.39942110
0.30689910
0.11776431
-0.06245941
-2.05846858
0.21275270
-0.45444036
1.27949953
1.04392624
0.09537989
0.33664009
-0.04794423
0.24725096
-0.38114521
0.15398823
0.03900787
0.55770189
0.35527530
0.24034873
-0.11136983
-1.40615487
-0.77979672
0.02496925
-0.45707455
-0.34695542
-0.76388001
0.11648209
-0.05658969
0.33132213
0.90320611
-0.41792148
0.30699715
0.85539061
-0.57044148
0.34787548
-0.79117346
-0.62852913
-0.67950273
0.17272273
0.11085132
-0.45809120
1.14480329
-0.25401685
0.79532117
-0.52263457
-0.01474482
-0.19171980
-1.09948206
1.38164616
-0.64322257
-0.97080344
1.96599972
0.94348705
0.23666659
-0.00629795
-0.46734375
-0.94402379
0.35832027
1.01619124
1.47831786
-1.44489980
0.44566396
0.23718074
-0.40848395
1.16243982
-0.30698919
-0.76177251
1.13209498
0.30561098
-0.93905628
-0.47737539
-1.73134315
0.31035358
-0.11202860
-0.15183671
0.05447212
0.76921403
0.03352553
-0.97784293
0.28081161
0.50107002
-1.04491711
2.98488164
0.26190156
0.21152340
0.54664129
1.96755254
0.02473114
-1.54404819
-0.64432216
-1.45753121
0.23901403
-0.17947905
1.32432890
-0.27977774
0.94856477
0.18776363
-0.46317214
0.00859371
0.03252597
-0.13053825
1.29039526
0.54389912
0.69590497
1.50849915
0.73883814
-2.13223934
-0.59553367
-2.17833185
-0.42300883
0.37834519
-0.16279532
2.96650434
0.02291961
-0.48162419
0.14440224
-0.52495205
-0.00728491
-0.24388319
-0.32520911
0.52459401
0.10603219
-0.05384164
0.77182829
-0.37861252
0.55654764
-0.21938780
0.17847140
-0.14164989
-0.60120189
-0.22443575
1.28802419
0.21527772
-0.24195473
0.13754317
