384
-2.89591360
0.32963869
1.37450433
-0.81197906
-0.51826769
-1.05344188
0.57987547
-1.85245872
-0.49248439
-2.03608775
-0.35268861
0.19186041
-0.09301542
0.15376329
-2.15748239
0.44879633
-0.76871669
-0.23056524
-0.49740851
0.23258500
0.05640531
0.20968407
-0.45202848
-0.49053815
-1.86252534
0.42783892
-0.73029494
2.04898238
1.63372111
-0.18738680
-0.34172231
0.03327077
-0.07970620
1.92266989
-0.20698476
-1.95782650
-0.05780788
-0.08613769
-3.84100676
0.67727154
-0.52657092
0.42622906
-0.88743097
1.84354091
0.20220086
-0.77430999
-1.03452539
-0.12295035
0.34356999
1.30321908
0.97671735
0.61382234
2.56955576
-1.18091774
0.41644502
0.11719623
-0.17706925
-0.89858902
1.25568104
0.30716950
-0.28350458
-0.58456898
-0.01882445
0.55338049
0.97730541
-2.04212689
0.01863470
-2.06579208
-0.94531620
0.20441988
-0.03472072
-0.79784584
-2.20523310
-1.32256556
0.01115227
1.95601737
2.52558184
-0.62820625
0.57848138
-0.46313733
0.78571784
0.38800713
-0.25113776
-0.00358811
-0.23207128
-0.24970430
0.08762668
0.32213062
-0.14761746
0.04935731
0.49630153
-0.90611351
0.61501753
-1.32399893
0.61224622
-0.08417878
0.45724446
0.81899858
0.69009554
-0.44372892
0.24096785
-0.22980820
3.87298059
-0.58083832
-2.38906908
0.83166385
0.49783486
0.32608747
-0.57960600
0.39909571
1.35299802
-0.14828902
-0.32493466
1.03870535
-1.22732496
-0.61534435
0.43852475
0.13737084
2.29840755
0.42909020
-2.17713308
-2.61476636
-0.13141254
0.60490000
-0.32567957
0.58980030
-1.94109273
-0.08857065
-0.64344990
-0.19075108
1.08907092
0.07081506
-0.49649048
0.22568458
-0.76590908
-0.04310866
1.80638969
-0.07794269
-0.13312626
0.56584096
0.34494510
-0.35857749
1.33357441
0.16256350
-0.46449026
0.44388857
-0.28694797
0.70452583
0.60944235
0.09840286
0.75916433
-0.40933129
0.28655905
-0.74488252
0.54397064
0.79355407
-1.57516122
-1.09817410
-1.19027448
-0.80362308
-0.83710474
-1.38079822
2.23515868
-0.04539245
-0.42210561
-0.08054101
0.83250147
0.54658043
-0.81623703
-0.81209975
0.55602831
-1.64710283
1.04230511
-0.42989051
0.53651530
0.88882011
0.59856296
-0.21074474
-0.08703597
-0.79431283
0.86814702
0.58612353
0.04828182
0.20749995
-0.07639882
0.34619868
-0.12382285
-0.00083098
1.52624321
-0.71536237
0.40972131
-0.30574867
0.27631712
0.82441437
0.12115465
-0.80009162
0.38640198
-0.48050779
0.26357329
-0.33300382
-0.94753182
-0.47218975
0.04367476
-1.88231206
0.06926388
-0.49357903
-0.66355664
0.00680640
-0.08568442
0.26414216
0.21780463
-0.00481977
0.83833385
0.26679784
-1.41020799
-0.50957108
0.49733359
-0.25361848
0.44545269
1.32290173
0.15574682
-3.16751504
0.17912191
-0.13078533
-0.20497826
-0.25693309
-1.13470936
0.38846016
0.28935128
-0.79119581
1.80482841
-1.51881051
3.18125582
0.74116421
-0.67488390
-0.61258978
1.52276778
0.64159733
-0.39529109
-0.40829840
0.48593548
0.24157175
0.47608346
-0.48563275
2.02461982
0.79794085
0.58608347
0.18000874
-1.45198369
2.51195431
-0.32767770
0.78397048
-2.81967878
-2.80089903
-0.67497337
0.01126285
2.29303217
-1.61938334
-0.96751314
0.68852484
0.11898501
0.71575075
0.35928816
1.13167822
0.80300057
0.06851558
-1.26000834
0.31883019
-0.01259215
-1.39217472
0.68217993
0.41297418
0.16913295
-0.42325795
0.22006179
0.91053122
0.13801204
-0.21232121
0.83924872
0.74807936
-0.84872651
0.26289701
-0.65073168
-1.01983190
1.29350102
0.04231014
-0.55997705
-0.19418617
-0.34774959
-2.00203347
-0.37161219
0.52794969
0.10726729
-0.40695629
0.25024861
-0.48450753
-0.76846713
-0.17726639
-1.28824317
-1.24696684
0.87968123
0.49663365
0.68515635
-0.00186026
-0.66868204
0.93297344
-0.64532840
1.81108761
2.03650808
0.13027149
2.38415647
-0.49473354
0.40414932
0.58858407
-0.32549399
-1.84748495
1.25986850
0.54895401
-0.07412732
0.48216754
-0.82382727
-0.12522925
-0.62823862
-0.80694735
0.52500039
0.83225769
0.27685606
-0.60095328
0.24477899
0.39627618
-0.70343792
3.37449288
-0.51959896
1.31169391
0.12800151
1.31012940
0.18485774
-2.03505349
0.36388409
-0.15728441
0.28514344
0.34490436
0.79824573
-0.50932050
-0.28448513
0.25776792
-0.16092627
1.11842370
-0.64863050
-0.22502059
1.61428499
-0.98583686
1.63437402
1.65818799
1.06566620
-2.65087104
-0.16823633
-0.54655778
-0.83062589
-0.46443510
0.82919037
-2.17291784
0.51896572
-0.44480011
0.23432781
-0.74852079
0.05130667
-0.12861210
-0.87891996
-0.04850006
0.76253957
-0.19990961
0.14740226
0.69528866
0.85737318
0.00490057
-0.85307360
0.09054171
0.65879357
0.35045409
-2.37379313
-0.65637577
-0.25637224
0.59933281
