384
-0.79128319
-0.54571497
1.22250104
-1.04539359
-0.63459194
-0.36044642
-0.17833367
-2.18696356
0.09613132
-2.26621890
0.03415377
0.18320993
-0.70005536
-1.38535452
-0.81277812
1.17066431
-1.66666079
-0.06304626
1.11117601
-0.03406271
-0.29835629
0.58353877
-0.34068418
-0.30179560
0.68064797
0.18296203
-0.56225586
2.81972575
-1.26584196
-0.17887038
-0.40755305
-0.32302141
0.07036404
0.30692938
-0.54128772
-2.38575840
-0.12228103
-0.05860322
-3.53585982
-0.39689711
-0.24525082
-1.37151754
0.30712643
1.41238713
-0.03648056
0.57940668
-0.94264841
0.75160027
-1.94142985
1.29480982
0.18788692
-0.39244536
1.04786658
3.73150277
0.55941576
0.40207455
-0.15034781
0.37313607
-0.16795874
0.49050957
-0.10276392
-0.08421582
-0.44288790
1.00325286
-0.02381083
-0.14790481
-0.19843912
0.31507176
-0.14578894
-0.14428662
1.48880076
0.11659901
-1.28384793
-0.94814211
0.69768912
2.78134036
1.40049160
0.07511267
-0.96707183
-0.12112401
1.06542540
0.18813476
0.15510964
-0.13473779
-2.24585009
0.66225362
-1.01409221
0.20672542
0.51171583
0.28390235
0.04145345
0.35985619
-0.24997117
0.62344372
-0.44519550
-0.13918152
0.23806620
0.18122454
0.15545090
-0.07046857
0.13654897
0.93368596
2.75461507
-0.81498396
-3.21676373
-0.15391678
-0.96106470
0.24598593
-0.42635918
0.10682865
0.94755876
-1.19035780
-0.59070182
0.41387224
0.15834409
0.44687825
0.07433769
-0.03238469
2.30903316
0.34688395
-1.14589286
-2.16383934
-0.25917214
-0.49486464
0.29346612
-0.56403953
-0.43282387
0.53869921
-0.10174114
0.70415699
0.61438239
0.68847656
-0.12919992
1.12989426
-0.22797990
-0.47792709
2.40971851
0.14418542
-0.81852657
-0.81235838
-0.02185345
0.30775413
-0.81811774
-0.81268263
0.07451104
0.22118278
0.62409133
0.27987057
0.41291463
-0.75785166
0.61261868
0.29691944
0.16097863
0.34578496
-0.20541644
-0.77425963
-0.00746042
0.16000485
-0.57499832
-0.05911492
-0.04564311
-1.41350245
0.69253409
0.10651424
1.04504812
0.00753610
1.47171652
1.35465968
1.77775419
-0.72711754
0.52537131
0.80416864
-1.28684092
-0.66899681
-0.12698191
0.47974372
-0.48753569
1.01417708
-0.48384011
0.03780380
-3.27549267
0.22347614
-1.15899873
-0.38268805
0.31152648
-0.36919051
0.24512067
-0.34868723
1.89343345
0.35326254
-0.26436913
-0.07572913
-0.33029824
0.00180842
-0.58482713
1.68499804
0.78066427
-1.74317598
-0.08603536
-1.42358768
-0.57553649
0.52130282
-0.04010984
-1.05958951
-0.13716036
0.08506167
-0.30565313
-0.68323725
-1.56133986
0.27704710
1.18212795
-0.44440210
-0.22153836
-0.96908426
-0.04537547
-0.89633697
0.39946371
-0.27979004
0.31678748
1.40014410
0.52660847
-0.44619113
0.09300390
-0.32325426
-0.23487881
0.13102531
-1.67464304
-1.20352221
-0.02712555
-0.76398861
-1.19644058
-0.35351101
1.06643176
0.27590826
-0.39190745
-0.22703430
-0.30008402
0.35501671
0.39861208
0.15620774
1.06227887
0.17746812
-0.13340461
-1.44715869
0.89906967
0.03745066
-0.04161143
0.09943272
-1.38177323
1.05828762
0.81274521
0.20441347
0.06338155
-2.64869785
-0.32227474
-0.10128514
1.82889092
1.08141446
-0.21542346
0.66640329
-0.06855679
0.45567483
0.89667696
0.74996090
-0.20595399
0.15337270
0.46044618
0.35887605
-0.14481492
-0.76488942
0.06685030
-0.17273578
0.09545652
-0.19821331
-0.27904195
-0.36541730
0.36294052
0.04181488
0.52334344
0.38692307
0.95427394
0.06252686
-0.20195076
0.65546906
0.38329852
0.05806882
0.18904790
0.15568244
-0.06342550
-3.43527961
-0.90541446
-0.17683405
-0.19033678
-0.50508636
0.23949969
0.00035185
-0.90384549
0.36888757
-0.32303435
-0.32243538
0.76132238
-0.12627769
0.17432740
-0.19943725
0.87584913
0.02530071
0.63347262
1.07508588
1.07182872
-0.86549640
-0.10832828
-0.11233388
0.45289060
1.11169958
-0.03971378
1.61403894
-0.21634236
-0.47897643
2.10778975
0.06644563
0.39577711
-0.88201678
-0.35419148
-0.30326897
0.15713246
0.47306132
-0.13103470
-0.72240287
0.10565346
0.68302518
-1.23132873
3.28857064
0.70619643
-1.78393531
0.10525744
0.61561161
0.09315392
-1.94874275
0.13347334
1.81084037
-0.10796833
-0.01359749
1.46423292
0.13332395
0.67781842
1.64322162
-0.15731212
0.10519805
-0.19370815
-0.43049663
0.94933200
0.31692803
1.50656462
1.40510499
-0.91287422
-0.58162737
-0.04404756
-1.52100134
0.13702527
0.03046048
0.13236982
-0.28959307
-0.06700082
1.24589884
-0.23836188
-1.97340941
-0.68235600
-1.51856327
0.03218877
0.59509295
-0.08233171
-0.20921665
0.93422771
0.05073105
0.56043404
0.33765584
-0.18205076
0.03901605
-0.72081387
-0.72300231
-0.08260262
0.05653027
-0.18107113
0.05862640
