384
-0.18902521
0.08175197
-0.07152194
-1.91863668
-0.93719137
-0.60264266
0.16909873
-0.75533700
0.32599711
-1.16784871
-0.29302257
-0.49508750
0.69050133
-1.03201258
0.12550247
0.98537135
0.40728822
0.28538978
2.32108450
0.36131772
-2.06008101
0.67935061
0.26557073
-1.50619197
-1.66580474
-1.67568445
-1.17760706
3.09892559
0.24294183
-0.01699405
0.48026124
0.52785623
-0.31955218
0.67355496
-0.13675597
-2.08472085
-0.09000918
0.16679840
-1.78456521
0.42864260
0.15272690
0.86520183
-0.04994766
0.96433067
0.32526588
0.37141138
-2.39517045
1.05238128
1.17035317
-0.98126006
1.43403816
-0.18406814
2.23573160
-0.71540105
-0.15185335
0.17686333
-0.11742727
0.44565001
-1.32342541
0.43685752
-0.83904541
-0.85057807
-0.34904408
0.64147973
-0.05590063
-0.93540406
-0.24751297
-1.16713524
0.49476832
-0.26598403
1.72174811
-0.38530284
-2.10356116
-1.41576493
-1.61958098
1.06821382
0.90395820
-0.87360787
-0.50077224
-0.33504260
0.31690478
-0.27730206
0.06778893
-0.08327267
-1.19162607
0.36879697
0.30532342
0.67780000
0.32878843
-0.19621041
0.08866249
0.11959670
0.20335566
-0.62773538
0.22102284
0.41439399
0.15674870
0.45436350
1.26442230
1.17591190
-0.60428542
-0.43742794
1.87566924
-0.46776211
-0.92933273
0.48807383
-0.44368508
0.63302267
0.26719019
0.58479917
0.47451937
-1.10235178
0.00409526
-0.82418352
0.11768930
0.48077476
0.72050029
-0.08053699
1.12647712
1.63383412
-1.39335132
-3.05845547
0.35443342
2.23579836
-0.12265776
-0.68758738
-2.40104532
1.25603044
-0.48677105
1.09161830
0.49316904
0.47220609
-0.08444698
0.51398444
-1.94175076
-0.00588104
0.39012778
0.00082584
-0.84599900
0.11452824
0.95240963
-1.10375202
2.56067419
-0.57514822
0.56492132
-0.70524460
0.26539123
-0.93516731
-0.23109341
-0.63577968
0.40486431
0.14823359
0.07068524
-0.27133533
0.51952624
-0.63579053
-0.52397990
0.45863101
-1.81408453
-0.23502997
-0.56207287
1.95082903
1.57928205
1.81826115
0.14019364
0.07438307
1.46017385
0.85646862
-0.20147160
-0.18678284
1.09757483
-0.42836314
-0.36701557
-0.74803132
0.62613386
0.53099871
0.35346586
-1.10737789
-2.10361838
-0.21219163
-0.22968620
-0.05824196
-1.71047914
-0.45192736
-0.25240463
-0.73485881
-0.43686420
-0.12277824
0.01977694
-1.27743983
-1.17596269
-0.23132554
-0.53572780
-0.09304309
0.14067735
-1.72124302
2.85854650
-2.02197909
0.01071626
-0.71947002
-1.00064015
-0.18998802
-0.63643473
0.40160090
-0.11347280
-0.00836062
-0.09103759
-0.22781381
-1.76217484
-0.51873356
-0.82987380
0.25070292
-0.12851204
-0.21011035
-0.27066013
-0.14708427
0.17398025
-0.33440477
0.33227998
1.03315449
0.27133772
2.00337720
-0.28456396
0.32621917
-1.16011310
0.26202410
-1.91914129
-0.40243846
-1.48307419
-1.77395761
-1.53448892
0.67278147
1.78318775
0.02393176
0.11018032
0.42718044
0.74564230
-0.04027176
0.38450032
0.28105351
0.04802220
-0.72808200
0.22622371
2.22761202
-1.45759749
0.12198299
0.16256666
0.12106930
-0.84839982
0.90856922
-0.28828904
-0.37662786
-0.71378011
-2.13800144
0.38035440
-0.20852906
1.44379711
1.80775440
0.25123018
-0.00761596
-0.15926202
0.50407749
0.96425521
-0.24735151
0.17235562
0.29286236
0.75775707
-0.33943632
0.08303375
-1.17211485
-0.70288455
-0.43719217
-0.41073522
-0.32151634
-0.65167743
0.35866636
0.80664980
-0.08516332
0.14809260
-0.30078113
0.63909453
0.34649989
-0.90082681
0.20713648
0.07890986
-0.76883936
-0.11588363
-0.08405432
-0.70035732
-1.41236329
1.54211795
-0.35771829
0.54208374
-1.05631208
0.02262732
-0.62694389
-0.73733604
1.71468222
-0.88176948
0.11596712
1.95981240
0.61410666
-0.41636747
-0.19645025
-0.42646223
-0.86743438
0.26028177
0.79382288
0.81211883
-1.23583627
0.16346595
0.11853787
-0.37073684
0.30895057
-0.05345115
0.99245155
1.59755063
0.37996772
-1.79396069
0.30417171
0.00270987
-0.00465768
-0.40003732
0.01143903
0.17085893
0.40364924
-0.27067602
0.24974698
0.34500155
0.59457529
-0.66166919
2.85386848
0.09258175
-1.29228580
0.56183678
2.17398977
-0.25991616
-1.21495843
0.01139852
-2.14852977
0.27741414
-0.40522933
2.38837743
-0.32071692
0.93527377
0.90403062
-0.52761161
-0.31849334
-0.47415203
-0.49772847
1.57679653
0.36664051
-0.79350066
0.49739078
-0.11982757
-1.84258127
0.01144196
-3.37539291
1.13775623
-0.34348297
-0.08974898
2.47777557
0.09566458
-0.05527259
-0.36727500
-0.47733331
0.57671028
-0.73790741
-0.58357811
1.11109507
0.06631929
-0.56517226
1.43244767
-0.65455163
0.25938463
-0.40840596
0.19489405
-0.28331399
-1.37609851
-0.08893746
2.16822958
1.02049875
-0.18801361
0.11818392
