384
1.04497290
0.20484696
-0.34856004
-2.11065960
-0.52336258
-1.36601341
0.81226873
-1.59708333
-0.24566445
-0.59989506
-0.67502117
0.33139285
-0.21677604
-1.51018333
-2.38528490
0.64475256
-0.55025768
0.24361180
0.57604003
-0.09477669
-1.08188581
0.22697218
0.41410297
-0.47653574
-0.95708764
-2.62965775
-0.51907998
1.81381619
0.90474677
-0.55105025
-0.02831529
-0.51581007
0.41306525
1.16258585
-0.47715214
-2.15083742
-0.00907980
0.31278116
-4.54598284
1.23721743
-0.01089427
1.27678180
0.09872714
2.72889161
1.44247234
2.99250174
0.97647262
-0.86788332
-1.01752675
0.25971329
0.52783871
-0.78582996
1.67189229
4.74556875
0.07036668
-0.43713963
0.22727823
1.25706482
1.60302711
0.52214909
0.83481789
0.06531452
-0.86391789
-0.36010760
0.56094372
-1.55905986
0.40288422
-0.45417771
0.05720491
-0.91616160
0.80417573
-0.47504613
-2.29213762
-1.21128893
1.07085371
1.34345818
2.55686569
0.11108202
-0.01741880
0.02169123
2.75062346
-0.09195524
-1.00037265
0.98572564
-1.21511400
-0.01424809
0.13197598
0.59573841
-0.71065903
-0.23836990
0.62412739
0.43922499
-0.22304472
1.17200565
-0.42711511
-0.34592319
0.24417245
-0.29399845
0.87490159
0.68704844
0.30134952
-0.22755200
1.54679680
-0.88071048
-0.01446259
0.62352270
-1.47513556
0.03539478
0.06090297
0.47683507
-0.14936224
-1.02700305
-0.23975053
-0.08882528
0.11166613
0.06469023
0.65592629
-0.31365886
1.39617085
-0.68048120
-0.94114721
-1.54809928
-0.58444560
-1.69452727
0.25828549
-1.68467021
-2.03066015
0.39436796
-0.43935195
0.46581471
-0.08931229
0.06469408
-0.78243816
0.51044673
-1.17021477
-1.20392442
0.85308105
0.40428135
0.25929821
-0.04154363
0.24767679
-0.45721188
3.15648341
-0.30006284
-0.40399581
0.69203770
-0.34674969
-1.27965784
0.70963126
-0.37184769
1.06323385
0.86239684
-0.20852232
-0.04945689
-0.42311463
-1.03503895
-0.67889369
-0.42729151
0.84024477
0.33834311
0.38457680
1.78094649
0.23467344
1.36847794
-0.35612163
-0.39596578
0.97275096
1.59316158
-0.02618289
-2.02077413
0.91834509
0.77811760
0.31300610
-0.39955962
-0.01614214
0.75613642
0.51399070
-2.56187749
-0.13724093
0.19013765
-0.76533699
-0.67693114
-2.50939560
-0.18318403
-0.26426888
-0.56245720
0.40343493
-0.33420777
1.66488147
-1.07555735
-0.19933191
-0.14474329
0.24889117
-0.35633862
0.66982210
-0.74330354
0.26017237
-1.08338928
-0.05804783
0.60194808
0.11659878
0.46194264
-0.22198781
-1.71329677
0.28791243
0.10590534
-0.55399513
0.28643608
-0.03818643
0.08340943
0.06691115
-0.28858498
1.14934862
-0.46417168
-0.41735831
-1.14484644
0.54477435
0.28214696
-0.42050040
0.24807835
0.94443625
3.13214445
-0.24744268
0.18451104
-1.27867687
-0.08358853
-2.55285931
-0.48113161
-0.66712928
-2.08007002
-1.40851450
1.17324471
1.60471618
0.16381249
0.62101853
0.58674467
-0.40802518
0.25945461
0.04167345
-0.41115403
-1.11929631
-0.51581013
-0.12844202
-0.22083110
-1.29943871
-1.38144100
0.22536594
-0.40754056
-0.07899010
1.70490098
0.45423073
0.70788503
-0.59613967
-0.57525724
-0.24930856
-0.23251012
1.00811565
-0.41156107
0.09777898
0.03809207
-0.10995561
0.93814206
0.40348858
0.24406597
0.95881885
0.53316349
0.25894132
-0.08405808
-0.01230960
-1.16723990
-0.91204876
-0.31329346
-0.13561136
-0.62140292
-0.81874639
-0.15806611
-0.90958011
0.15707012
0.78976715
0.28019601
0.29892290
0.52043706
0.24382889
0.39710516
-0.70234501
-0.63542056
-0.17224494
-0.28500909
0.15973800
-0.41861212
0.68908894
0.01712954
1.09976315
-0.04778380
1.85056353
-0.80844462
-0.33800042
1.01639640
-0.65026808
-1.31142163
1.61905527
0.67743874
-0.50670445
-0.17867713
-0.47398013
-0.69129658
0.20786497
1.42289066
-0.22188962
0.18792906
0.24974903
-0.32968718
-1.34515142
2.91995287
-0.21426246
-0.06437192
-0.70270264
0.16395843
1.37360418
-0.18915536
0.33911812
-0.73246264
-0.14908104
1.15182185
-0.14847660
-0.16381162
0.50088197
-0.63565940
-0.06989338
0.60835987
-0.13361645
3.39550710
0.10225354
0.93824744
-0.50152439
1.13180196
-0.09548983
-2.75710750
-0.60300803
-1.58212948
0.24973971
-1.30604351
-0.57568824
-0.20671508
0.63862836
0.50438732
-0.76343405
0.20027898
-0.08196258
0.14516908
0.06168067
-0.31544891
-0.64294624
0.92112815
0.72410178
-0.24087393
-0.40295324
-1.62326121
0.85424876
0.13936791
-0.17122355
1.24350464
-0.38635850
0.64694577
0.96949923
-1.36753321
0.01889209
-1.17244184
0.40785575
0.36974126
0.30532834
-0.07492775
1.31289434
0.30529571
1.18717706
-0.71332341
0.00699577
0.20396127
-0.65880382
-0.42135501
0.66351640
0.47481728
-0.07781351
0.30517948
