384
-0.02438870
0.07448314
-0.39584309
-1.77982938
-1.29598665
-1.39894581
-0.14240140
-1.18021274
-0.46282396
-0.56169802
0.30636966
-0.00598508
0.20170222
-1.59352779
0.01869130
0.38923103
2.00874305
0.15583007
1.92758012
0.23963930
-1.84138513
0.42116022
0.62186867
-0.36534959
0.20057142
-0.30009043
-0.58955228
3.56959748
-0.29990715
0.03845042
0.45717379
-0.20125347
-0.14503771
-1.56320977
-0.07153153
-2.74347639
-0.09875704
-0.14890096
-0.14449310
0.11148115
-0.40611905
0.99023914
-0.17128068
1.43398762
-0.41245967
0.17198193
-1.66370738
2.31450009
1.30423856
0.95407552
1.12533581
0.29165193
1.32513571
0.34589374
-0.61509758
0.18167314
-0.24111679
1.23741734
-0.41378850
0.68818825
-0.77519596
-0.18981861
-0.35850710
0.69357491
-0.10456643
-0.87263048
-0.34451190
-1.15527868
-0.11283764
-0.21420614
1.00309205
-0.71348524
-0.68068004
-0.81551582
-2.32760954
2.01761150
-0.73236692
-0.12453526
0.26105201
-0.09023081
0.85037279
0.17112872
0.80778170
0.16940619
-1.46387994
0.62269801
-0.65601432
0.39157376
0.24251747
-0.09221128
0.58755845
-0.17406522
0.25622144
0.63506520
-0.05937481
0.87070364
0.71963882
-0.17754063
-0.47619849
0.59454787
0.03837213
-0.06570488
0.32555163
-2.53713036
-1.27913189
-0.15468751
-0.28371793
-0.09430614
-0.43709299
-0.53790414
-0.07194832
-0.73487568
0.08619119
-0.06271791
0.38843924
0.31984431
0.33316317
0.31663638
1.03240705
1.32950532
-1.45471919
-3.32763672
0.36887524
1.79277849
0.65778220
-1.80026031
-0.85284275
0.72854418
-0.28472435
1.53087687
-0.57764554
0.43818855
-0.17167370
-0.06702024
-1.76307631
0.54174149
1.05826855
0.18744217
-0.71500683
-1.04742932
0.44315013
-0.44647634
1.97129822
0.27359805
1.25141847
-0.09094533
0.02306420
0.23278016
0.73851222
-0.23199511
0.65444374
-0.05511330
0.18609953
0.54755646
0.29073787
-1.30676961
0.23684464
1.16843820
-0.41541597
-0.28887710
-0.19752999
0.41658986
1.79549801
-0.11515695
0.21634658
0.04011604
1.12385213
0.19680482
0.09634888
-0.23644751
0.96533680
-0.24700905
1.06441176
-0.63494104
-0.11534841
-0.14759791
0.17999554
-0.29248962
-0.92455333
-0.34811819
-2.95222116
-0.21051708
-2.27488542
-0.66493511
0.27453801
0.09650769
-0.11966136
0.37782079
0.41109347
-2.08261871
-0.91503334
-0.04630838
-0.80047035
-0.43156081
-0.61548799
0.98473597
2.73140335
-1.89781940
-0.39701045
-0.24628712
-0.35552487
0.22820029
0.00432169
0.07454443
-0.07609127
0.77609253
-0.03432618
0.26559755
-1.57072151
-0.70456839
-1.63790953
0.14775893
0.61917043
0.23766902
-0.79039657
0.02459899
-0.38398761
1.00936401
0.39906567
0.15407598
-0.40607771
1.19154060
-0.32462612
-0.30660963
-0.66997361
0.12548447
-1.55238628
0.04256947
-1.24792624
-0.37933344
-0.97982907
-0.25822681
2.03922510
0.25530875
-1.36595881
-0.06870985
1.38771558
0.36611664
0.30128318
-0.38684922
0.37898684
0.08765489
-0.70793515
0.49903667
-0.55171144
-1.21487629
-0.02841112
0.18095827
-1.82566190
2.22512794
0.28659129
-0.68349153
-0.56310606
-0.88967490
0.51581585
0.50856107
1.08425844
1.09134495
0.37488300
-0.47104520
-0.53639090
0.52107579
1.52001154
0.03861782
-0.57437468
0.83513451
0.36757877
-0.58356166
-0.42954904
-0.26234123
-0.76773548
-0.41775841
-0.93793231
-0.36147535
-0.33022577
0.69081736
0.71179730
-0.20564929
0.14037037
-0.39507207
-0.09116234
0.39738429
-0.86527807
0.58760130
-0.39021707
-0.17591235
-0.53815144
-0.04852017
-0.59609693
-1.72671854
1.62545204
0.05595298
-0.16036622
-0.07662922
-0.26873863
-0.53175843
0.60324305
0.39601606
-0.42888910
1.04073477
0.78842098
1.03814197
-1.30638242
-0.27081382
-0.12745394
-0.23428282
-0.10165002
1.01731849
0.22341222
-1.79145002
-0.88636971
-0.10949507
-0.62079287
-0.26940614
0.19487765
-0.10168760
0.93018395
0.26221022
-0.49690515
0.44847986
1.39754844
-0.00959188
0.27885374
1.33386111
0.02969822
-0.15130073
-0.05533826
0.79393744
-0.08169591
0.56755608
-0.47391436
3.54372120
-0.12247276
0.41630298
0.68528730
1.40237463
-0.52482593
-2.11654520
0.27918044
-2.42001629
0.12427253
0.49107710
0.63637501
-0.31720018
0.24375105
0.86884451
-0.50826079
-0.36806524
-0.21631792
-0.12668507
1.71426964
0.07467763
-1.35211420
0.39302480
1.59750843
-1.21593261
-0.01678023
-3.25288010
1.27250028
0.09111757
-0.11814889
1.13517773
-0.34276927
0.88903999
-0.45984209
-2.75356507
0.81154859
-1.11387587
-0.95759147
0.69023645
0.05177324
-0.40283570
-0.51303530
0.03267613
0.11614680
-0.18026945
0.01629862
-0.15282300
-1.17104411
-0.06657045
-0.87931359
0.67279112
-0.53876472
0.99292201
