384
-0.44818950
-0.18824865
0.10474041
-1.63412941
-0.93422639
-1.15967965
1.75646341
-2.22735405
-0.26708722
0.38661778
-0.61398488
-0.35084066
-0.35700190
-1.60796428
-2.31511688
0.47658920
-0.56094646
0.39896494
0.15722847
0.31912205
-0.47965324
0.60317647
-0.37842524
0.36215866
-1.15146852
-0.92156214
-0.36947408
1.58608818
2.20314980
-1.01828837
0.15481240
-0.15510131
-0.15307176
-0.51260769
0.23493348
-1.51186299
-0.19148225
-0.02706380
-3.89447737
0.02908826
0.33402723
0.78871810
-0.10129835
2.45237637
2.65866804
1.71114182
-0.05213529
-0.19969672
-1.23813558
0.09182525
-0.77272195
-0.34268916
1.47324812
4.22451782
0.31433859
0.09626061
-0.24371535
1.00169897
1.50918615
0.35404488
1.51904750
-0.48295832
-0.70972013
0.61977804
-0.04683278
-2.10731554
-0.20336364
-0.29721361
-0.20150986
-0.78974545
1.88395917
-0.63978088
-2.50431919
-0.82571363
0.83249611
3.14635849
2.61717606
-0.62454832
-0.57632232
-0.10131998
2.08216929
-0.00278895
-1.91806424
0.36212870
-1.60177398
-0.19485158
-0.13960403
0.39287278
1.02036572
0.15434603
0.29365224
0.52242225
-0.37323460
0.54511970
0.80486023
-0.45279217
0.96946603
0.05815301
0.99134350
-0.74970216
0.16763441
-0.85728323
3.51696515
-0.09765553
-0.86141068
0.99659562
-1.00803316
0.54347259
-0.38112962
-0.09919167
0.17174225
-0.38005355
-0.37864542
-0.49575755
-0.01819018
0.07891822
0.50468910
0.32340914
1.59528160
-0.39216998
-1.51529706
-1.33951473
-1.21714151
-2.46719122
-0.17753488
-0.27667120
-2.19628191
0.07666887
-0.28485250
-0.00625074
0.74006510
-0.25612071
-0.25141841
0.56421870
-0.34695375
-1.24719095
1.29616189
0.31923473
-0.20759657
0.31869158
0.49094859
0.03596824
2.38414478
0.12025768
-0.44357461
0.13188455
-0.25750852
-1.22372723
0.20846678
-0.22707295
0.61494696
0.79499191
0.19529177
-0.58245945
-0.63553047
-0.46223143
-0.75797904
-0.15148115
0.27865764
-0.40873134
-0.58257312
1.36175978
0.06449777
1.21503699
-0.15231273
0.43955597
0.27270186
1.55213618
-0.59500337
-2.44503903
0.41489559
-0.05856945
-0.02253777
-0.50580859
0.16159266
0.98288822
-0.43216980
-3.13984561
0.15223998
0.03401894
0.13218760
-0.41493094
-1.83413053
0.39017498
0.79605299
0.53650361
0.98328602
-0.29706240
1.48804069
-0.81967980
-0.52430725
-0.31115311
0.02676544
0.22583435
0.12031266
-2.11080861
1.16665006
-1.10701823
0.02505633
-0.17774647
0.27921361
0.39486539
-0.09713887
-2.20181298
0.02092098
-0.24658063
0.15830046
0.26298064
-0.15237874
0.31392494
-0.21843004
-0.42049360
1.11352575
-0.28518879
-0.97750098
-1.35579181
0.65759820
0.45764449
-0.61891872
0.41857469
0.09856422
-0.58391863
0.30387810
-0.36653790
-0.88745791
-0.04410478
-1.76065099
-0.70267797
-1.69315088
-1.90699732
-0.94063950
-0.57634485
1.72561729
0.24375898
0.71032625
-0.19100574
-0.25274378
0.45669952
-0.05978620
0.19893935
-0.66907138
-0.35849866
0.77630085
2.31848598
-0.29129434
-0.81062579
-0.36633146
0.20391002
-0.05289704
2.48869705
-0.35623339
0.75932521
-1.93771398
-1.50416636
-0.76958442
-0.21842724
2.21844006
-1.29926872
0.16324635
-0.23470458
0.46077800
1.18499732
0.18509629
-0.47000539
-0.00108035
0.51022398
-0.57752746
0.19912621
-0.31371707
-1.24183834
-0.89072084
0.37070322
0.45841178
-0.22778095
-0.59259820
0.24450681
0.19543859
0.59247828
0.83405179
-0.18402386
-0.16054729
0.71076167
0.70062220
-0.36424291
-0.45019490
-0.50301361
-0.40478942
0.31952783
-0.11840568
-1.63830733
0.15406084
0.02117038
0.09979992
-0.30064446
0.67536151
-0.60410732
-0.25690150
0.49567753
-0.06187192
-1.76261568
1.63068104
0.65278488
0.14140774
0.64207703
-0.56895846
-0.03457576
0.46123987
1.60105646
0.82233399
1.34608555
1.58544874
-0.83802605
-0.62290090
2.59071565
-0.30467445
-0.92282671
-0.82566196
0.46578681
1.84893751
0.89276725
0.71965522
0.40144643
0.46791071
0.64905816
0.16528897
-0.11067262
-0.02977855
-0.20876336
-0.24874225
0.08570826
-0.82317293
3.47851229
0.20745641
0.80968535
-0.36012518
1.00826418
-0.21105766
-1.80243921
-0.18556485
-1.49865198
0.09438826
-0.58339411
-1.22240412
-0.24087194
0.43511635
0.62106586
0.02912918
0.20354608
0.79060590
0.14203218
0.05731380
-0.31163776
-0.44870883
1.08480704
0.29304141
-0.48476559
-1.08147585
-1.12455952
-0.12165594
0.32169721
0.17831916
-0.22022268
0.03455864
0.20000829
0.53735209
-1.31911421
-0.08355658
-1.10423064
-0.36539438
0.19558631
0.15050745
-0.06438725
0.58958495
-0.11685047
1.06082058
0.82972169
-0.04843252
0.23565421
0.23840126
-0.13583806
-0.80376232
0.68058980
0.32562405
-0.16276920
