384
-1.51769519
-0.63831437
0.99312901
-1.19630885
-0.68449712
-0.15108570
-0.19344014
-0.91951466
0.44010335
-1.63321662
-0.17132004
-0.43783456
0.38911292
-0.89462650
-1.80527782
1.08512497
-0.65238422
0.07460214
0.89120108
-0.30099022
-0.37277222
0.30587870
0.13382068
-0.15287060
-2.12560081
0.07358521
-0.18688554
2.12851858
2.26879787
-0.31414646
-0.12170573
0.10417950
-0.24509668
0.67809784
0.13835579
-0.83887994
0.24337268
0.26338479
-1.37248945
0.33409476
-0.20549984
0.97739863
0.19349061
1.58306134
-0.84563351
-0.59378481
-2.35034108
-0.05220987
0.26038116
-0.39408487
0.33137262
0.38714376
3.08494735
-0.22290862
0.32384109
0.32598382
-0.21450904
0.12617925
0.06542018
0.27268875
-0.63462728
-0.04552650
-0.36272377
0.15214677
0.06987002
-0.63342679
0.09167618
-0.49783072
-0.22594205
0.36505350
0.05563119
-0.20855528
-2.16183901
-1.47226262
-1.45451438
1.65761566
2.29407644
-0.35066348
-1.11053658
0.24042721
-0.29942614
-0.09898114
0.23232257
-0.68164515
-0.65231991
0.01152161
0.89293730
0.80235243
0.30123028
-0.25678104
-0.56891340
0.27002177
0.14690048
-1.47183907
0.50798172
-0.54358625
0.32006824
0.31962314
1.21661341
0.03002658
-0.43341058
-0.68356633
4.19684505
0.62395644
-0.97118628
-0.11856727
0.54188305
0.10704973
-0.18733336
0.01550564
1.47262490
-1.15215409
-0.61055148
0.31132156
-0.78571141
-0.55239797
0.12211332
-0.01306099
1.85898137
0.81447792
-1.45900369
-2.11564994
0.57910645
0.85612595
-0.67837191
1.04772580
-1.81720495
0.68718922
-0.25347772
0.08130425
1.12520599
0.07209605
-0.08790463
0.35991585
-1.31542170
-0.35120434
1.05661225
-0.22272956
-0.07594886
0.40333480
0.09975362
-0.22221252
2.91382885
-0.88167226
-0.72297287
-0.15092853
0.12230274
-0.53704941
0.27607882
-0.44404593
0.50340587
-0.58595222
-0.15514261
-0.19103999
0.10883057
0.87388706
-0.79450727
-1.16673207
-1.71406972
-0.48168960
-0.56114286
2.54142022
0.77091151
0.90103936
-1.35848248
-0.00645390
0.61010778
1.94598687
-0.43280894
-0.43733379
0.96506977
-0.42638898
-0.27677256
-0.38120186
0.40997764
0.92116129
1.08845830
-2.38226104
-0.79887342
-0.01585253
1.12977850
0.40643919
-1.07532084
-0.21407220
0.57552886
0.10254211
-0.27334577
-1.04925537
1.82962072
-0.72233737
-0.15479279
-0.53750455
-0.24890278
0.94266707
0.29906034
-3.30794048
1.61727977
-1.46583688
0.04298525
-0.53997481
-1.39921594
-0.44263628
-0.24381298
-1.31915522
-0.14660102
-1.05494189
-0.21711425
0.21900703
-0.36508444
-0.44118494
0.70103168
0.15743175
0.05635664
-0.26570436
-0.90053689
-0.73947793
-0.56987715
-0.11095737
-0.01852915
1.24437857
-0.78912169
-1.77991557
0.11070380
0.03233969
-0.04977216
-0.47677773
-1.39097679
-0.64430642
-1.30651879
-0.70312792
-1.04345953
-0.19913062
2.76749468
0.28923085
0.44982004
-0.24405572
0.57668453
-0.03391623
-0.17748879
-0.26943505
-0.11200643
-0.55825937
0.10448217
3.14215350
0.45118698
1.61103916
-0.06299625
-0.07528634
-0.79585743
1.91660225
0.21272480
0.01983699
-1.37387156
-2.32745481
0.33504415
-0.36475462
2.52650452
0.01869101
0.41832453
0.13049376
-0.44056386
1.19875610
0.40707403
0.57117331
-0.41435042
0.01709707
-0.85347736
0.12137924
0.08434788
-1.17390585
-0.84518528
0.17938316
0.52344841
-0.99079221
-0.30283874
0.51654208
-0.41942820
0.02538367
1.39111412
0.02682117
0.03877260
0.45128378
-0.44873711
-0.57395720
0.11307009
-0.20003778
-0.75826079
0.30527234
-0.31142160
-1.54841888
0.20501277
-0.10041701
0.19092521
-0.29541987
0.12134230
-0.23084280
-1.13124561
1.02188444
-0.34083462
-1.39850092
1.50207508
0.55835712
0.49430904
-0.15746534
-0.70205766
0.28130907
-0.15513287
1.72915220
2.01692724
-0.53277177
1.51121712
0.07736881
1.18697691
0.88632005
-0.52095073
-1.35238576
1.51975632
-0.16308701
-0.91702127
0.01634517
-1.19775736
0.14190853
-0.55740309
-0.65393710
0.01460578
0.95876133
-0.17112675
-0.36207762
0.38975364
-0.09633593
-1.21878934
3.11831975
0.29026020
-0.52892822
0.82378954
2.06101584
0.21876416
-0.81400132
-0.46537641
-0.65417194
0.32330826
0.41646418
0.76422733
-0.14965586
0.45960495
0.41952088
-0.56461531
0.43678156
-0.39891690
-0.28597099
1.36241519
0.32837537
0.90850651
1.61087787
0.12661335
-2.58051443
-0.86983657
-1.75908101
-0.51606262
0.12848213
0.32629669
1.42952156
0.24876891
-0.93531030
-0.03205642
-0.53348750
0.06505936
-0.25837013
-0.45263940
0.54849255
0.52506644
0.32452625
0.14748549
-0.50795323
0.83153558
-0.01086843
-0.11373510
-0.14514261
0.77113551
0.30021787
0.30943605
0.19975545
-0.35501087
-0.18136624
