384
0.66682088
-0.04415865
-0.30138573
-0.96914756
-0.62189156
-2.04572511
1.52217984
-1.03596449
-0.05454502
-3.23441172
0.44020224
-0.72926289
-0.40261400
-1.45497358
-2.65588975
0.17594975
0.25049591
0.57357883
1.34145164
0.00218955
-1.72862887
0.63662356
-0.72129828
-0.13316156
-0.84493673
-1.16481221
0.62920696
3.00624466
0.29713908
-0.88017637
0.17222171
0.22376606
0.52645242
1.36356449
-0.04952691
-1.59196591
-0.56897062
0.19300318
-2.96036482
0.50133467
-0.66754222
1.28218889
0.17930454
3.24439192
2.19781017
1.01058340
0.55207419
0.89094317
2.13044357
2.81029177
0.45830727
-0.55207676
1.62295771
0.50479591
-1.12110639
-0.87823939
-0.03944594
0.98736715
1.14673090
0.69480699
-2.09999108
-0.32125807
0.10694018
1.09720814
-0.58516955
-2.03942776
-0.30203027
-0.95063639
-1.39110601
-1.26753521
2.54913592
-0.94737470
-1.36347520
-1.02819157
-2.11614418
-3.00270057
0.83452809
-1.52877116
0.43988997
-0.77641118
0.87620097
0.34152192
-1.25275671
-0.76072609
-1.10658741
-0.06344414
-0.55193782
0.12469269
0.64162815
0.02359267
0.94441688
-0.16197766
-0.44569266
-0.89280283
-0.50453025
0.50023592
1.32648945
0.35457480
-0.35068673
0.96136165
-0.58514655
-0.20981869
-1.09821022
-1.09967840
-0.29749322
1.56188428
0.76326704
-0.53180522
0.55739599
-0.05093754
-0.43878680
-0.61134404
0.73873651
0.71150720
-0.47964132
1.01729286
1.15035498
0.63190091
1.76097357
0.59235299
-2.02138424
-3.05003500
-0.79544771
0.94409728
-0.48876998
-1.52647758
-0.05571330
0.40366262
-0.15225166
0.69640625
-0.35670283
0.04518241
-0.11055367
-0.82170177
-0.91061330
0.44335759
0.31613427
-0.09801785
-1.22971487
0.28569970
0.04043531
-0.54790306
3.56498909
0.38933522
0.86521959
-0.10511193
-1.56523085
0.25572121
1.53582680
-0.07506464
0.37222373
0.40053421
-0.10786892
-0.41891688
0.40982580
-1.61159229
-0.61241901
0.42456764
-0.21579230
-0.64426988
0.28539857
0.88489199
1.13498139
-0.25977206
1.02927983
-0.84771925
0.61512268
0.41818511
-0.13652730
-1.32889915
-0.80055946
-0.63236487
2.45432615
-1.01057076
0.00427490
0.67106622
2.45943379
-0.42951417
-0.20724297
0.34681785
-1.82364440
-1.19618177
-1.40963638
-0.11210816
0.18005043
-1.16105044
0.61640990
1.07717049
0.60933495
-1.54630208
-1.06766558
-0.40879974
0.08367540
-0.37348139
0.05618063
0.62238324
0.08143872
-2.26381063
1.40897143
1.28701377
0.14279325
0.62554812
0.66750908
0.58960992
0.63182330
-0.15057281
-0.60127068
0.04085216
1.89897251
0.45116487
-0.78542757
-0.59653085
0.46708876
0.80102271
-0.86586255
0.96562278
1.59486032
0.97804248
-0.23280266
0.46896216
0.65728116
2.48743868
0.30023968
0.08694601
-0.37182435
-0.15156743
-2.28597999
0.41341680
1.10476303
-1.32847643
0.52178824
-1.05189073
1.38130677
0.59451473
-1.99342883
-0.54200840
0.63284552
0.26808572
-0.13211493
-0.23885176
-0.91297150
-0.80618131
0.15207154
-3.14903545
2.21396208
-1.43424642
-0.00279795
0.38930586
-1.11522734
-0.02859080
0.00555861
0.44623339
0.31736302
-2.34390020
-0.09056787
-0.85870260
0.51555860
0.47128689
-1.23329580
-0.08685634
0.48841843
-0.03623262
0.83273792
-0.19766241
0.87579441
1.06777048
0.19627047
0.23453681
-0.45839733
-1.21582079
-1.10615480
0.02415921
-1.18346000
-0.18358812
-0.38470215
-0.20181149
0.75182235
0.57345712
-0.11428851
0.94910693
-0.51347435
0.73198211
-0.84522510
0.31926468
-0.56578338
0.14019357
-0.77494562
-0.45739990
-0.22652745
-0.59174478
1.51962054
0.54693311
0.45073512
0.92521226
-1.00528860
-0.27256495
0.58092797
-0.05689719
-1.04086947
0.99365497
1.18330932
0.69667590
-0.00212387
0.03056324
-0.40718597
-0.98829114
-0.75593722
1.33297920
1.36763144
-1.71772718
0.12606001
-0.45424539
-1.24378347
-0.50327402
-0.06761933
-0.96328604
1.04468894
-0.06194431
-0.97621256
-0.11527926
-0.31972742
0.17725624
0.19063506
-0.13675566
0.47937021
-0.47851560
0.14944112
-0.37135196
-0.41030625
1.00832701
-1.56650519
3.74710917
-0.76843703
1.85717511
0.48183501
0.04102132
0.25200498
-2.81392217
0.50592732
-1.30623674
-0.55274856
-0.38087016
0.15714532
-0.75088400
0.44099176
-0.21880853
0.00217202
-0.38604522
0.27445215
0.07971229
1.72622883
0.27066335
0.47738200
0.25241196
2.25690198
-2.06466484
-0.17096412
-0.94689369
0.91649568
0.42863482
-0.87595296
0.35733235
0.72878563
-0.26540023
-0.11274858
-1.94201422
0.07949840
0.43892449
-1.01187229
1.67288578
-0.32166657
-0.91056967
-0.22076826
-0.11029297
0.31129342
-0.51732856
0.90226042
-1.01447749
-1.84107757
-0.61941761
-1.11114812
-0.06551032
-0.17520830
0.15388258
