384
0.60729325
-0.04249869
1.07416296
-2.37454796
-0.83937693
-0.10165578
0.01066607
-1.80359650
-0.25481588
-1.56203043
0.01202081
-0.06944029
-0.21171454
-1.34973395
-2.93602562
1.15823948
-2.09480453
0.21258169
1.71397567
0.09762364
-0.42419255
0.09911747
-0.26306626
-0.32039955
0.21639115
0.00876096
0.05317709
2.32511306
-0.43964794
0.21464160
-0.29505640
-0.41185841
0.38808322
1.94075179
0.06678802
-2.42369628
0.05491397
-0.12158456
-3.28578448
0.18158361
0.00467715
-1.45046806
0.16526842
3.25166559
-0.32511666
0.49300462
-0.64386237
-0.95998406
-1.14000905
1.34458637
0.01963967
-0.69658136
2.33094549
3.75515366
0.22462553
0.85070616
-0.35783294
-0.54418862
-0.41132087
0.97823095
0.40163487
0.36235762
-0.65921462
0.69719940
-0.18122818
-0.83875817
0.30699092
0.72759414
-0.49043801
-0.17911258
0.80417156
-0.20694795
-2.04020071
-1.20124876
2.00061965
-0.28692561
2.58514214
-0.01782087
-1.41894770
-0.49173313
1.38293302
0.43562111
0.41354877
-0.33662650
-1.45238864
0.15238893
-1.03669906
0.20904760
0.28953850
0.27716720
-0.05371548
0.33779675
0.13679598
0.59334391
-0.12419794
-0.60813612
0.48779115
0.61763847
-0.32731593
0.59721047
0.17087460
-0.01733638
1.81362641
0.87004411
-1.37126243
0.20082432
-0.70724303
0.26750386
-0.46206635
0.76836824
0.28071797
-1.31619775
-0.43785131
0.04960930
-0.41142431
0.25431740
0.23966809
-0.15941620
2.10420847
-0.28544748
-0.56122172
-3.02611923
-0.02900304
-0.55042905
0.22182864
-0.33023450
-0.71717930
-0.29065064
-0.43043968
0.66084230
-0.07653289
0.19997996
-0.05634533
-0.35966200
-0.96302813
-0.44874024
1.92545736
0.41247621
-0.04042384
-0.97434533
0.39074326
0.42379713
-1.00951099
-0.36548451
0.93063295
0.74323887
0.51496255
0.37640536
0.26718318
-0.36447686
1.16512990
0.69821078
-0.13030136
0.46391734
-0.72938979
-1.27340269
0.09147100
0.48251882
-0.59464747
0.13282967
0.14888409
0.30075338
0.77544904
0.77571416
-0.53892690
0.01232883
1.20876932
1.59115028
1.65935934
-1.37728357
0.37636611
0.22709537
-0.77529991
-0.67134732
-0.50442922
0.53756392
-0.55545646
1.11604321
0.33147913
-0.04501310
-1.35126185
-0.17563431
-0.78527689
0.08964963
1.03593171
0.05877510
0.35573086
-0.42740253
1.99579322
-0.02754748
0.04296780
-0.08319034
0.39004970
-0.09103017
-0.17783538
0.76900256
0.68947172
-0.71734083
-0.12180961
-0.64437282
-0.56216854
0.69345748
0.16769291
-2.18472338
0.04511902
0.00197024
-0.11580315
-0.45549107
-2.48330355
0.68542087
0.86330032
-0.15138248
-0.25858307
-0.36610654
-0.22608934
-1.10809481
0.64561284
0.20118162
0.18887085
0.72207206
0.71009886
0.39168233
-0.18296102
-0.21211544
0.08018134
-0.47916853
-1.36077404
-1.64980721
0.59474671
-1.23630953
-1.74224734
0.57590133
1.23389626
0.62699264
0.02212691
-0.34036246
-2.47183228
1.09617388
-0.16683680
0.33498424
0.26197323
-0.35062158
0.09930946
-2.25810504
-0.52074564
0.21119320
-0.05827042
-0.33594018
-1.10212815
1.91696084
0.39314649
-0.04073749
0.44876462
-1.61987293
-0.13644403
-0.37090215
0.90058309
-0.28586516
-0.53974843
0.05479534
0.47663113
1.28053105
1.06392109
0.60734046
0.36455190
-0.01336908
-0.69424802
-0.17898190
-0.06841521
-1.15912426
1.02203405
-0.11418761
0.24525389
-0.19495499
-0.50217581
0.24313724
0.26166025
0.15819341
1.80307245
-0.14463389
0.40056586
0.60692579
0.89519006
0.80197036
0.40420359
0.22662096
-0.50174046
0.02950739
-0.45007932
-1.44102859
0.43072399
-0.07095068
0.92148358
-0.21225899
0.34861723
0.05179709
-0.96913755
0.60589564
0.08560078
0.25086460
1.20403051
-0.23371631
-0.27623844
0.26984590
0.62761050
-0.12016690
0.08905822
0.97258699
-0.70571548
0.11230332
0.06824586
-0.28835502
-0.68153399
0.22985955
-0.14673065
1.70158362
-0.28841922
-0.91274285
1.88162613
0.22224897
2.19449997
-0.42302239
-0.11054096
0.29906347
-0.00819425
-0.22500540
0.27007443
-0.92352372
-0.26764849
0.29894972
-1.22903478
3.49216652
-0.01279128
-2.10704803
0.62406516
0.21086484
-0.28086513
-3.00601101
0.41759419
1.46068156
0.37674940
-1.13766372
1.57586670
0.28376368
-0.21606548
0.72978079
-0.39214844
0.29715297
0.02995044
-0.53836024
0.64542210
0.06476173
0.47032595
1.52322447
-0.87756634
-0.70523620
-0.33351988
-1.65522242
-0.44470912
-0.34671527
-0.01546257
-0.40855217
0.47233921
0.43618244
0.47792870
-0.40920800
-0.47913271
-0.56591380
0.93941706
0.39511746
0.02262451
0.17860413
1.03356290
-0.18818732
0.99236995
-0.40567267
0.50803125
0.32263204
-0.01861429
-0.50779575
1.18816304
0.14054725
-0.19942625
-0.64704788
