384
-2.05508018
-0.10265315
1.43518460
-1.44059670
-0.29803419
-0.81593221
0.56797415
-2.00241518
-0.66357559
-1.81552017
-0.52128363
-0.91464150
0.38152617
-0.05960822
-2.38166547
0.45060164
-0.18505573
0.42863521
0.24209946
-0.12975863
-0.16479635
0.02389011
-0.02325091
0.93740034
-0.82396567
1.86491668
0.32974198
2.56111169
1.90054333
-1.46193910
-0.92672634
-0.20234028
0.51149666
0.78467178
0.72535485
-1.40210736
-0.08509595
-0.49724686
-1.86056411
0.71628714
-0.43078467
-0.54036498
-0.78389090
2.81957150
0.62580097
-1.49162197
-1.10947919
0.98067266
0.72678512
2.55669785
0.90040994
-0.20589548
2.41368246
-1.34883785
1.01817429
-0.33621469
-0.70745128
-0.66176230
0.49575788
0.34421942
-0.81402940
-0.62258357
-0.57331312
0.45942977
-0.10648710
-1.90378213
0.16777933
-0.49817199
-0.47872090
0.12151283
0.56476867
-0.67320114
-1.62398720
-1.39184093
-0.68866283
-0.25071979
2.22863317
-0.83591086
-0.14234282
0.56102955
0.83222973
-0.52926409
-0.72074795
-0.22071964
-0.54120815
-0.26047900
-0.72723335
0.53174847
0.29604167
-0.56042928
-0.48094052
0.21740597
-0.75369167
-1.48587012
-0.37311503
-0.25685886
-0.07155558
1.03732371
0.65139395
-1.54116058
-0.04316341
0.29201609
2.80934429
0.58984113
-2.76346397
0.74243772
0.89134306
0.12535071
-0.33290392
-0.37267125
0.27697510
-0.36674976
-0.00821783
0.53099066
0.13773748
-0.12707020
0.61568737
0.65091711
2.29748774
-0.32077491
-2.42137980
-3.57129931
0.20239376
1.68879902
-0.13970400
1.45975947
-0.58967769
1.07925117
-1.11109078
-0.09353819
0.64311862
-0.52708471
-0.57237053
-0.25094339
-0.45601022
0.44080067
1.67586923
0.19362167
-0.76114559
-0.30301517
0.15220757
0.81391776
0.32385570
-0.21985286
0.57052493
-0.38769343
-0.50027907
0.73387450
0.60716736
-0.58780587
0.82050180
0.34631437
-0.23430869
-0.81139493
-0.02507114
0.54739499
0.49764013
-1.37707591
-0.47620773
-0.80684233
0.08373516
-1.42405760
2.23732781
-0.19783425
-0.53219742
-0.93219805
1.30234718
0.99518728
-0.10588405
-0.12080531
-0.07058078
-0.33551580
1.25258839
0.06658654
0.05751012
-0.10397738
1.58855915
0.79018515
0.35706553
-0.04156615
0.42082548
-0.51347709
-0.33838201
0.18731622
0.77400297
0.59855509
0.10662375
-0.34106016
1.74157190
-0.88438725
0.10359782
-0.18383324
-0.03731865
0.13795882
0.14401411
-0.28807861
0.35736665
-1.18712342
0.24857305
-0.47564161
-1.09063029
-0.04073491
-1.06596172
-1.09941339
0.59052199
-1.21987820
-0.80894852
0.55181062
0.31237775
0.84140658
0.28498486
-0.53638130
1.06584179
-0.48304623
-1.50009370
-0.79559332
0.08523685
0.46083489
0.07202724
1.10260844
0.04220472
-4.10271168
0.70221925
-0.41661257
0.14543435
-0.56756949
-1.01575661
0.48003209
0.13869160
-0.56297874
1.87301207
-0.48361462
2.06506777
0.89191186
-1.08926892
-0.65608144
0.33664870
1.10378909
-0.35503927
-0.07109582
0.85535216
-1.04605794
0.53805149
-0.86848837
1.67434919
0.78039575
-0.45756924
-0.67581588
-2.44749689
2.59720612
-0.00468662
1.37841177
-2.05320358
-3.22511911
-0.75308955
-0.12337466
2.09189844
-0.61295563
0.43322513
0.20631234
-0.46043855
0.90756369
1.53310299
0.50549501
0.69570035
-0.05421076
-1.17861986
0.23913696
-0.33583376
-2.35503316
-0.81197369
0.01589666
0.10912576
0.46556243
-0.28803971
0.69874918
-0.18482362
-0.33952180
0.99566710
0.55864686
-0.45167238
1.07951570
-0.40309545
-0.41382337
0.71880072
0.16217087
-0.92689669
0.23664120
-0.48588258
-2.06417394
-0.15357530
0.12162812
0.21781543
0.18817094
0.63801742
-1.51405513
-0.21265885
-1.00606513
-0.34676832
-0.78340775
1.33547938
0.23448107
0.82592636
0.75941557
-0.88317358
0.31369650
-1.16707802
1.59104049
2.77607107
-0.39856705
2.16091752
0.05244415
1.04214692
-0.74190807
0.41610190
-1.40934801
1.49165988
-0.18569642
-0.27045786
-0.43584207
-0.15825093
-0.30350173
-0.32114977
-1.26883018
0.17322344
1.07705569
0.15283319
-0.26882052
-0.25303239
0.42474023
-2.03240848
3.64122605
0.05858570
0.16640012
0.77623314
0.36306489
-0.28813124
-1.88669372
0.98786271
0.41631582
0.21743810
0.03962836
0.73058736
-0.21874639
-0.05881310
0.32062232
0.04396030
0.86770838
-0.60070491
-0.94365555
2.16469765
-0.59175277
0.87446332
1.71485901
0.93980885
-2.12663555
-0.22989711
-0.30757737
-0.47676435
-0.23894070
0.41246468
-2.74324751
0.58811653
-0.70795453
-0.47968280
-1.18650961
-0.06491743
0.17110175
-0.72501546
0.24246490
-0.09041941
0.60072356
-0.52654004
0.77029526
1.22115874
0.37901881
-0.08602260
-0.45854482
0.93020910
2.00097036
-2.33601046
-0.08529720
0.39690068
0.30364656
