384
0.45971546
0.40822715
-0.33147115
-2.12608027
-0.87232995
-2.06815052
1.49307239
-1.05836785
-0.57394135
-3.64961672
0.21688507
0.21272540
-0.35926569
-1.38290453
-1.72333968
0.31705305
1.74817896
0.25830048
2.03375220
0.00130865
-2.23227525
1.08497190
0.50338221
-0.53647524
-0.12139478
-0.53261197
0.01256116
3.09628296
0.07398230
-0.63881809
-0.46351263
0.14476950
-0.21973562
1.12854481
0.78933489
-2.55723715
-0.70623958
-0.73718691
-1.38230848
0.20372707
-1.45863771
0.41739231
0.15348461
3.28621626
2.43413353
0.66522384
0.14853454
0.76149851
1.98351872
2.58600855
1.25945961
-0.56759858
2.06675005
-0.30617762
-0.79983306
-0.94861829
-0.34978983
0.32416570
0.46944958
0.88151830
-1.86491716
-1.33391571
0.39485109
1.37299728
0.40162465
-1.61359036
0.81808186
-0.94657338
-0.78091127
-0.37482083
2.05746698
-0.22357483
-1.36514986
-0.62184989
-2.33569717
-3.24440694
0.96323317
-0.70077503
0.49089637
-0.41157204
0.85358387
-0.03841122
-1.31572402
-0.40515566
-0.93034208
-0.15446530
-0.63080209
0.11908197
-0.35556033
0.91898733
-0.38016248
-0.88761628
0.19379278
-0.35554665
-0.07473309
0.51269406
0.67923725
-0.16193436
-0.57951212
0.84026581
-0.43624505
0.35906792
-0.67599332
-0.75867373
-0.75608075
0.71797645
0.81723201
0.62867719
-0.04444778
0.76367509
-0.55257863
-0.44522884
0.16962585
0.26397491
-0.27572721
-0.01149526
1.23498237
1.34230638
1.72507262
0.16197422
-2.08851051
-3.82993913
-1.02923632
1.93881655
-0.87367165
-0.76164317
0.04008126
0.71317029
-1.12281239
0.71566945
-0.39332646
0.67897189
-0.52304566
-0.91163135
-1.30817831
0.67931265
0.18681949
0.21997249
-1.12626183
0.29247147
-0.16401881
-0.30022007
2.21637297
-0.03400333
1.36341441
0.43313983
-1.74429822
0.79386604
0.81809890
-0.79269940
0.52412128
-0.22991137
-0.02002157
-0.46053299
0.30738795
-1.42907906
-0.20161971
0.94048792
-0.82808399
-0.33856073
0.11827970
0.60242903
1.82926548
0.14200443
1.16897428
-0.89001358
0.35393447
0.46838552
0.17688634
-0.68692935
-0.28316391
-0.37136674
2.44245267
-0.94344771
0.52201790
0.46030325
1.89724302
0.58486253
-0.32287705
-0.59764361
-1.91034722
-0.12203817
-1.78967869
-0.70099247
0.56507164
-1.42389870
0.56733119
0.34703052
0.31636834
-1.58683276
-0.44627920
-0.11709070
-0.55243218
-0.14095438
0.08314049
1.07070827
0.34214002
-1.42490077
0.70130688
0.77724791
0.05370583
0.46201184
0.28356761
0.65555274
0.09268965
0.16192979
-0.77112949
-0.84701777
0.67576408
-0.25786850
-0.92333806
-0.50260931
0.11262214
0.17411056
-1.17638826
1.60899150
0.71876150
1.29993391
0.25792950
0.24835443
0.08907506
1.71152723
0.03298557
0.11437158
-0.31309414
0.24461961
-2.01905823
0.40577498
1.30097330
-1.43016112
0.26404279
-1.14559817
1.51758194
0.30208710
-2.71180415
-1.20119715
-0.30965352
0.05211592
-0.67571324
-0.42081022
-0.43328422
-0.99686980
-0.04999226
-2.38912010
2.59999037
-1.19935977
-0.42208591
0.38420141
-1.80060935
0.54105359
0.19845614
0.76412988
0.43540090
-2.49887347
-0.05054402
-0.68283933
0.14969689
0.97358048
0.85799456
-0.03989515
0.29138863
0.68722177
1.56965947
0.00825729
0.80716425
0.83237660
0.48065263
0.48603109
-0.11723868
-1.03299165
-0.93038547
-0.80737662
-1.89705932
0.40361357
-0.26631266
0.54070866
0.89425963
0.21021375
0.21886542
-0.05580042
-0.87607503
1.24599886
-0.94367373
-0.13148521
-0.93094212
0.19709165
-0.57715702
-0.06334270
-0.07890344
-0.30039382
1.50451994
0.23339644
0.60428154
0.15579686
-0.27813023
-0.34245718
0.22331244
0.44155112
-1.12858462
1.39086151
0.25466901
0.72357070
-0.28414479
-0.18087929
-0.09162436
-0.39310074
-0.04459110
0.83251512
1.31326210
-2.00104237
0.11359388
0.05591886
-1.85644841
-0.92241442
0.42161667
-0.41359097
1.27564979
0.57578611
-1.22027445
0.31431410
0.57409799
0.78910923
0.54893988
0.13289633
0.85195637
-0.32454002
0.01206392
-0.09888530
-0.88485944
0.93195933
-0.01309035
3.62314367
-0.35915166
1.57949710
0.21780246
0.50869387
-0.24044389
-3.04525995
0.25551531
-1.71125126
-0.14094178
-1.13045835
1.09094310
-0.44570506
0.48285115
0.24159044
-0.30837542
0.05319476
-0.57281685
0.61484146
2.04772568
-0.88912451
0.17552668
0.16898413
1.95049191
-1.93874097
0.01128866
-1.26886785
0.47484633
-0.06503062
-1.02521110
0.21508631
-0.37580377
-0.48073694
-0.18881255
-1.50007224
0.19287574
1.12592125
-0.63028914
1.99183846
0.55702555
-1.06565523
-0.17867602
-0.13024624
0.55485052
-0.04350670
-0.00269114
0.03493947
-1.57034481
0.00489639
-0.20203111
-0.09304155
-1.46752894
0.24126081
