384
-0.71446419
-0.51004601
1.12548649
-0.35107571
-1.02398801
-0.97381806
-0.06884566
-0.21248150
0.70545459
-1.97116756
0.17748359
-0.22962725
0.03748111
-2.03439546
-1.45219636
1.03038073
-1.28607881
-0.07874689
0.79792309
-0.30850041
-0.36260656
0.56844556
-0.18428870
0.40968466
0.29510963
1.73359978
-0.66994303
3.86811614
0.35404688
-0.22397426
-0.08867359
0.08089380
0.21070819
-2.00672007
-0.54268265
-1.69171059
-0.20981745
-0.35023171
-1.00067067
0.04536369
-0.55500901
-1.43369544
0.11737948
1.60557413
0.08144137
-0.46102506
-2.03604198
2.30571246
1.04867816
1.62556469
-0.19062531
-0.27017897
1.42690694
1.91237950
0.15868884
0.04948287
-0.00526549
0.73417199
-0.14643402
0.48224157
-1.08791494
-0.07792252
-0.25706446
1.01444268
0.07718384
-0.12692273
-0.34749305
0.09895046
-0.19424988
-0.08538312
1.67552423
-0.03263870
-1.17446685
-1.31276894
-2.26923299
0.38048568
-0.80751443
-1.16150033
-1.64556086
-0.01378239
0.35287768
-0.23226918
-0.08942789
-0.39287096
-2.51474142
0.53156811
-0.75890696
0.38900724
0.13693522
0.25464481
-0.11461115
0.04386964
-0.02722487
0.10722605
-0.05784033
0.05215243
0.33485663
0.09471637
0.11598495
0.09514712
-0.23792869
0.79386747
1.95346022
-2.77243114
-1.33407569
0.07102904
0.69507331
0.34548938
-0.63940501
-0.75142562
1.19512057
-1.05856299
-0.37957472
0.32730687
0.08580048
-0.00578281
0.42805231
-0.11239371
2.30685520
1.20771170
-1.36162806
-2.57597160
-0.10183877
0.45233423
-0.34027374
-0.78196341
0.27986676
0.42904219
-0.60703003
0.86591655
-0.11105967
0.57859409
0.16513921
0.36936042
-0.46714735
0.49170971
1.80963695
0.21889836
-0.64328676
-0.55983871
-0.46046272
0.49151549
1.26650965
-0.26721433
0.50852680
-0.01709765
0.61820245
0.60831559
0.33072248
-0.74551976
-0.04022121
-0.25974441
0.03213271
0.16135231
-0.22128724
-1.32941484
0.09630823
0.58828211
-0.99955297
-0.53671926
-0.22058216
1.59571993
0.59811145
-0.58287269
0.04650700
-0.08831953
0.60123539
1.71267200
1.82611883
-0.37811905
-0.13185775
0.26569545
-0.46410927
-0.57644272
-0.59087098
0.15565032
0.33329654
0.29791218
-0.54811949
-0.20912947
-3.97944880
0.07050224
-1.44486821
-0.50059915
1.56677079
0.42498392
0.58583391
-0.15205902
1.86803520
0.11787742
-0.63545036
0.26600266
-0.65397096
-0.05394835
-0.46000189
1.01613402
1.12421572
-1.74684572
-0.00175582
-1.38105989
-0.34427285
0.76051068
-0.14551869
-0.08305538
-0.02984125
0.13730429
-0.49786884
0.19792306
0.31991315
0.47643003
0.90396363
-0.32556385
-0.03371707
0.21480660
-0.41012394
-0.10463680
0.07386413
0.16905114
0.20589072
1.14101017
-1.19105113
-0.73657620
0.09083028
-0.74642420
0.05458134
0.07628523
-2.23114443
-0.91761965
-0.75081086
-0.40349144
-1.56346524
-0.30995783
0.74964958
0.58356470
-1.62096262
-0.61470276
1.04168880
0.57563055
0.26626572
-0.43014741
0.67830396
-0.11039793
-0.20179573
-0.01774848
1.29383528
0.05240799
-0.10986700
-0.11762869
-2.20410204
1.08865392
0.43058926
0.14947677
0.60671747
-1.34571922
0.67823029
0.07715607
2.18461418
1.48156321
0.72668505
0.46594074
-0.18702745
0.48832250
1.08317113
0.57696086
-0.53704476
0.29998577
0.50600123
-0.00946680
-0.12724148
0.28778458
0.15954491
0.16466327
-0.79131860
-0.07337624
-0.26407713
0.43627024
0.75302994
0.03332577
0.56661987
0.48820999
0.73053408
0.19938633
-0.71367139
1.36008596
0.32290533
0.05327746
-0.11064154
0.04059464
-0.34058246
-2.66287875
-0.18749928
-0.48367125
-0.30541033
-0.48351318
-0.19990054
0.00893052
-0.71431237
-0.08126524
-0.19782592
0.66661572
0.17762455
0.75992960
0.17681018
-0.66638142
1.01695323
-0.05283382
0.17692244
1.04034066
0.97831321
-2.21730065
-0.54980046
-0.11076973
0.33392331
0.05239818
0.19712240
0.22243366
0.94021332
-0.17703839
-1.04515660
0.48301777
-0.11228329
-0.41906819
-0.23050472
0.31794316
0.39776579
0.47908148
-0.30704546
-0.04596038
0.17355366
0.51316947
-1.58288336
3.71098614
0.33671957
-2.62889862
-0.19226702
0.86991715
0.01560486
-1.19707847
1.08563781
1.72202229
-0.27798355
0.39946097
1.21402705
-0.16568327
-0.07640216
1.33625436
0.27561107
0.17157495
-0.00248074
-0.43665558
1.81314182
0.40270630
0.46849504
1.24657297
0.21551597
-1.23570788
-0.29437792
-1.76991713
0.22546899
0.07639712
0.46239188
0.62705195
0.08099370
-0.29826611
-0.43911812
-3.51614952
-0.60581702
-1.19216311
-0.91019833
0.61699247
0.05564133
0.07976815
-0.77550703
0.41080600
0.81611788
0.06385240
0.16463932
-0.37373015
0.08048353
-0.84944654
-0.82008529
-0.16308868
-0.37687579
0.37817365
