384
1.23089528
-0.27785361
0.81480503
-2.07067108
-0.82085204
0.19376096
1.00816751
-1.22468400
-0.32053721
-0.09868908
-0.20650692
-0.04693645
0.13980304
-1.97505856
-2.83607435
0.61873513
-0.71758980
-0.22478813
2.13477087
0.48927236
-0.26024184
-0.15356359
-0.37212229
0.77493346
-0.08836594
0.19622603
-0.17363571
2.28409219
0.77658188
-0.18652312
-0.44410223
-0.46911508
0.61522931
0.82290393
0.01175462
-2.32933903
-0.48044088
0.04352809
-0.78917134
-0.25211102
-0.25565419
-1.23114347
0.28797027
2.82543039
-0.15609309
0.62839788
-0.81438470
-0.72616035
-1.45392776
1.01774955
-0.27892342
-0.60173941
3.47584581
3.09146833
0.36611214
0.80272776
0.06087458
-0.47428140
-0.52530354
0.99996138
0.96366382
-0.47855854
-0.35298240
0.73801428
-0.26117432
-1.01841700
0.01669560
0.94729656
-0.11354929
0.28947896
1.68809557
-0.14261571
-1.68908739
-1.03545713
0.97586179
0.68910921
2.42435598
0.70370328
-1.83478987
-0.14891131
0.86821961
-0.13750325
-0.08515204
-0.47306484
-1.61674953
0.32511622
0.11098449
0.56401753
0.63876772
0.20314330
0.58719838
0.29055184
0.01913476
0.17902556
0.02156622
0.40789652
0.61298889
0.00128488
-0.04669935
-0.03971302
0.09608319
-0.61239183
2.41511178
0.44136739
-0.89165866
-0.06689592
-1.19811106
-0.07970369
0.05061513
-0.35268477
0.47404832
-1.02368999
-0.37046063
0.44197610
0.36834162
0.05444792
0.15718977
-0.15748690
1.65528584
-0.51469851
-0.35638100
-3.51511192
0.02175920
0.03440994
-0.45691961
-0.12042658
-1.38637948
-0.07010604
-0.60114396
-0.05898127
-0.09068511
0.05927205
-0.00125930
-0.14955443
-1.15512383
-0.89868355
1.82788515
0.33000299
-0.10211729
0.27226979
0.58075738
0.89960933
-1.32115567
-0.05723731
0.96213496
0.32917321
0.24951380
-0.60082388
1.25374424
-0.11802036
1.87014842
0.05816916
-0.46315187
0.01575392
-0.62263954
-1.39220083
-0.16155843
0.24909028
-0.16902974
-0.60661030
-0.30577791
1.47951424
1.14541602
1.26267254
-0.71948183
0.09514107
1.58884394
1.91592872
1.06867933
-1.08999062
0.87558270
0.82379663
-1.54121292
-0.23955441
-0.36370826
0.22651322
-1.05917811
0.69027263
0.46732962
0.56439793
-0.70359409
-0.38707003
-0.92455953
-0.16415015
1.10903513
-0.10560054
0.28602701
-0.73318255
2.32970810
-0.04904848
-0.41058683
-0.46882802
0.40560311
0.24503423
-0.28832024
0.02440344
0.78236282
-0.76854968
0.22450475
-1.06822002
-0.22740430
0.15054142
0.41799065
-2.20346785
-0.22247928
-0.39102247
-0.36119497
-0.32023522
-3.18826723
0.50115746
0.65618408
-0.01591315
-0.94353610
-0.38005620
-0.88211238
-1.04120207
-0.41279852
-0.33986390
-0.12854251
0.48372567
-0.15441091
-0.74090439
0.19168328
0.07281952
-0.34991571
0.11526551
-1.46912217
-1.98039365
-0.40631235
-0.62591243
-2.33846140
0.37122154
1.00282097
-0.12528032
0.27197021
-0.73876899
-3.20285177
1.44189453
-0.15963301
0.09805761
0.06978317
0.28778625
0.25174636
-0.25506067
-0.37357098
0.56706333
0.17896543
-0.04665263
-0.74462163
3.24802637
0.68977296
0.08635512
-0.79083514
-0.56627804
-0.65756726
-0.53401017
1.01515782
-0.56989974
-0.26520365
0.21243685
-0.30144197
1.09180689
1.93102682
0.11469130
0.06196594
0.16583519
-1.64592028
0.16350557
-0.00559749
-1.17327249
0.39533117
-0.22715150
0.36085296
-0.71493977
-0.77553034
-0.69578880
0.04992618
0.02493120
1.36960828
-0.24219525
0.78877652
0.54586309
0.68114740
-0.46857128
0.28347924
0.49847323
0.08659258
0.36890453
-0.40989524
-1.36860108
0.49058580
0.35643938
0.08551146
-0.39499396
0.23510824
0.08353169
-0.78851414
1.25457120
-0.37134141
-0.03857073
1.25010753
-0.06235196
0.09335682
0.52117270
0.18387192
-0.28597149
0.11611116
0.91472191
-0.12833524
1.01974034
0.35064813
-0.23480050
-0.08390540
0.40754199
-0.08425889
1.28506851
-0.02616206
-0.57098961
0.97932643
0.53216106
3.21163082
-0.76244611
-0.51253158
0.69550240
0.10919127
-0.43113598
0.17230947
-0.65445685
-0.08278786
0.27159098
-1.14950705
3.51447701
0.03672265
-2.53049922
0.60131860
1.12032318
0.07981646
-2.55356693
-0.18977639
0.96233046
-0.07872410
-1.19865453
1.06268179
0.12547553
0.64973384
0.44054598
0.06983706
0.02430485
-0.03108343
-0.44936645
0.34215218
-0.37934846
0.41157857
1.26112831
-1.05910969
-0.18225616
-0.87359500
-2.22683477
0.33547729
-0.01279560
0.42640951
-0.37321225
0.08254569
-0.28931037
0.53544253
-0.58000678
-0.29900888
-0.89742416
0.69003028
0.26448739
0.51757509
0.62012517
0.05687261
-0.16102698
1.28670955
0.56026936
0.70957154
-0.01139489
0.27463430
-0.22085597
1.77839208
0.16992231
0.21164951
-0.43618292
