384
-1.45093298
-0.32776827
0.56816220
-1.05683517
-0.42570758
-1.51083863
0.87359583
-1.38830078
-0.46269220
-2.00944591
0.03288455
0.43738809
0.02297864
-1.08713961
-2.69196224
0.07247825
-0.15088707
-0.06625445
-1.31101120
0.36275083
-0.86086929
0.18916863
-0.38216951
1.25822389
-0.04516396
0.48615658
0.13943040
3.04097652
1.94768524
-0.39446282
-0.97522521
0.43459648
1.26022351
-2.00404596
0.16176274
-1.40402615
-0.11816259
-0.29258692
-2.31282830
-0.28012305
-1.13539803
1.15627456
0.15361184
2.62830877
-0.19984415
-0.60830295
-0.20409331
1.92367911
0.94624901
2.26641440
-0.40057078
-0.32049817
1.68002605
1.38024449
-0.05769533
-0.57721949
-0.35367000
0.85386103
1.52994871
1.35001135
-0.75563270
-0.03263559
0.33717555
0.71156132
0.39945507
-1.37117302
0.35526431
-0.52452946
-0.29984987
-0.18313666
-0.16479287
-0.43148854
-1.32232392
-2.07809377
-2.42981911
0.72599137
0.39830208
-0.30888641
0.22278668
-0.33095893
1.14923847
0.06118323
-0.59572303
-0.32892615
-0.99907166
0.08587302
0.05411088
1.31326628
-0.30180991
-0.21455719
-0.70452774
-0.74760973
0.66375482
-0.61733729
-0.04777379
0.29377598
0.00798298
0.00778119
0.23300475
-1.90152168
-0.07604038
0.30704477
1.34028673
-1.24275720
-0.67210084
-0.33436206
-0.20448714
-0.11251344
-0.68640155
-0.48056749
0.73678571
-0.84463245
-0.23385091
0.09786385
-1.13031101
0.03779942
0.58442020
-0.11175332
1.48640025
-0.09729230
-2.24172688
-2.16365671
-0.33134681
0.07356966
-0.61966449
-0.73137784
-0.94011313
0.68837875
-0.55248755
0.04818059
0.26491490
0.73355472
0.01974677
-0.72403264
-0.75599778
0.32076901
0.29692972
-0.40762001
-0.23409379
0.26861441
0.24661297
0.72385883
4.34734535
0.01754092
0.35487884
0.46626943
-0.29250884
0.14369255
0.99704742
-1.14872146
0.34095192
0.42722130
-0.02257490
-0.80541837
0.46048671
0.43838757
0.09678010
-1.73293090
-0.28903347
-1.00718701
-0.20077275
1.67038214
0.67251682
-0.81326771
-0.18044978
0.59715611
0.55657077
1.99381471
-0.60603887
-0.85810888
0.39769179
-0.47444022
1.71807647
-0.40316039
-0.75097585
-0.27575067
1.78899455
-2.75006151
0.66988683
-0.02362543
-1.18207240
-0.74518818
-3.15460300
-0.42499906
1.08800650
0.51740032
0.04517993
-0.20862235
1.71947718
-1.25237525
0.10804419
-0.42299289
0.19347665
0.03904966
0.08401135
-1.08814597
0.52326155
-2.64761162
-0.18452871
0.96449018
-0.17350483
0.11685751
0.01488578
-0.93660867
-0.50256371
-0.62939262
-1.08023322
0.81708395
1.81516421
-0.10774307
-0.54223585
0.23573327
1.19149971
0.04022855
-1.95748568
-0.60000616
-1.01570165
1.51984203
-0.08969787
0.51318854
0.30089349
-1.96898627
0.58237904
0.06182119
-0.34693336
-0.37123764
-2.19471717
0.50955510
-0.41187143
0.61251342
0.93694854
-0.55209637
2.60303211
0.57861149
-1.60140121
-0.26142991
2.05000520
0.31221816
0.39239952
-0.07378045
-0.12391323
-1.45910776
-0.85850400
0.69769692
1.53767884
-0.01606387
0.97949421
-0.07693538
-1.70065045
2.09135628
-0.34545767
0.64375007
-1.24908841
-1.23977995
0.16957287
-0.21243408
2.31503367
-0.56095135
0.26554775
0.16172040
-0.44721523
0.78696066
0.58428752
0.58940309
0.11110708
0.70292717
-0.20882834
0.19776338
-0.62987953
-1.05908442
-0.32277977
0.29052523
-0.64999533
-1.29964149
-0.38758677
0.34710142
-0.44830370
-0.22072861
0.63261139
0.33167273
-0.52190942
0.73168874
-0.40725678
-0.06933007
-1.03256297
-1.12867141
-1.31557643
0.41570553
0.30874690
-1.02740836
0.35301641
-0.31371632
0.45628560
1.07758427
1.56765604
-0.11603273
0.54569519
-0.45656657
-0.75515187
-0.91265070
0.91922748
0.99462342
-0.15966436
0.66962737
-1.07031322
-0.08444319
-0.96361816
1.69592786
1.30053711
-0.97096103
-0.01895735
-0.37311962
0.89273286
0.23419254
0.41628140
-2.64103794
1.47295952
0.61547875
-0.24222806
0.26506627
-1.15655911
0.31700936
0.38332847
0.67798865
-0.11675137
-0.28520462
-0.04331249
-0.19796434
-0.49519688
-0.02429827
-1.87466025
3.78820848
0.12835105
1.97390699
-0.99132669
0.32882059
1.16193664
-0.97930884
0.16962077
-1.07974160
-0.75777364
0.92336905
-1.59770632
-0.75513631
-0.44022149
0.69578266
-0.98460811
-0.32614645
0.29853198
0.33245045
1.42439473
0.59011376
-0.52568859
0.08363900
2.62247705
-2.35634327
-0.03475961
-0.93382078
-0.11274284
0.72831976
-0.37499067
-0.21068072
-0.83166808
-0.45514667
-0.24984157
-2.96076393
-0.03075127
-0.33826622
-1.16513896
2.48827147
-0.28593737
-0.07746372
-1.19147730
0.63306844
0.19248034
0.06540921
0.29928738
-0.43865699
0.99760354
-0.10921210
-3.51915550
0.82685965
0.71023214
0.08897880
