384
0.65766752
0.11174137
0.29490989
-1.98019099
-0.87678844
-1.41616118
0.63012516
-2.98847222
-0.65186310
-2.43550110
-0.09631193
-0.03019891
0.11829869
-0.96285766
-2.73244143
0.77964699
-0.61057395
0.31187084
0.33868152
0.20329681
-1.23289216
0.42859846
0.45977831
-0.40103775
-0.46890500
-2.29709244
0.08807760
1.98753953
-0.58201593
-0.12662110
0.07942675
-0.10614422
-0.11615747
2.55088997
0.24433018
-2.03854322
-0.18116596
-0.00463600
-5.49707222
0.39604524
-0.29623848
2.07419896
0.13564768
2.84406137
-0.16392648
1.65944707
1.27415371
-0.33604589
-1.21131492
2.12281895
0.26129127
0.39310217
0.85689676
4.28411055
-0.26168090
0.04711001
-0.14471702
0.81179702
1.28933179
0.53215998
0.03606091
-0.22797084
-0.21008720
0.19123392
-0.16790137
-1.56188250
0.13640663
-0.65920174
-0.42109680
-0.12363255
0.87334353
-0.63912916
-1.45338154
-1.11575973
1.14677572
1.48952842
2.90494061
0.00050685
0.76586020
-0.07560587
2.37851477
0.25373086
-0.14770636
0.12951227
-0.98301518
0.18409489
-0.39881304
-0.10131782
0.09179965
-0.11994796
0.64349711
0.46105781
0.42691550
0.78420669
-0.00131877
-0.28143975
0.62992740
0.07039396
-0.10678431
0.21750155
0.17653483
-0.16992283
0.44794488
-0.30033588
-1.99212277
0.22245273
-1.32135868
0.22962208
-0.13153556
0.51536524
-0.01355366
-1.41615200
-0.07105365
-0.13838023
-0.06855874
0.02875797
-0.00617806
-0.15874034
1.69813204
-0.54913294
-1.65301073
-1.65978551
0.11656687
-1.56633711
-0.00732011
-1.37446678
-0.94824600
0.19915098
-0.09958018
0.48286763
0.41442275
-0.26299274
-0.39862275
-0.30761895
-0.45046374
-0.54413468
1.07548201
0.22130832
-0.31362909
0.13264593
0.38043451
-0.34946525
2.54397440
-0.69065785
-0.09144759
0.81589872
-0.80372262
-0.24683081
0.63259053
-0.49467015
0.55675542
-0.07495739
-0.24553287
0.14194663
-0.22290610
-0.44412231
-0.33849886
-0.32419807
0.50752574
0.29956409
0.10898225
-1.94303250
0.90078735
0.16102003
0.52098680
0.04826713
1.21673203
0.78018862
0.26015556
-1.60457826
0.45532230
-0.33122140
1.63793659
-0.68192309
0.11087586
1.19703686
1.02166677
-1.43332458
0.12994388
0.15321213
-1.09260917
-0.15235567
-2.21800280
0.00230688
-0.33239618
-0.68946701
-0.13803691
0.16843620
1.40380633
-1.40707970
-0.14813288
-0.27742279
-0.02027568
-0.26611379
0.04061496
0.67592055
0.26340795
-1.50900745
0.31354699
0.57670838
-0.36870441
0.02093677
-0.06755623
-1.80555415
-0.33257669
0.00769426
0.16651121
0.26737168
-0.00897002
-0.43506923
-0.16300866
0.03948152
0.73309797
-0.62640285
-0.28962293
-0.61845356
0.49720514
0.32461441
-0.21002074
1.21352780
0.63977760
2.33885646
0.59846747
-0.26266140
-0.90598464
-0.12276475
-1.46640766
-0.04811410
0.46655005
-0.88122320
0.38180202
-0.81416082
2.33991528
0.07707599
-0.29052550
-0.29307616
0.17635596
0.49652123
-0.09788233
-0.38046873
-0.65100294
-0.29377699
0.13168685
-2.85661221
0.70138174
-1.47297156
0.10878298
0.07006818
-0.27964437
0.55457133
0.45141283
-0.09924160
-0.66197139
-2.59322882
-0.79138029
-0.70742011
1.06370080
-0.83695126
-0.35254091
0.16383955
-0.11237998
0.81389135
0.20524120
0.23689970
0.66417265
0.09241322
0.24772522
0.14981391
-0.60277939
-1.40137327
-0.59723932
-0.02845040
0.24180779
-0.82797015
-0.28429368
0.24744913
-0.40979111
0.22036718
0.48649085
0.02452084
-0.18435426
0.38413286
-0.29455984
-0.32855317
-0.47026575
-0.06798682
-0.80267334
-0.02118586
-0.09318983
-1.08334148
0.29726771
-0.33401430
0.39763662
0.10562289
-0.10594717
-0.25714141
0.35110974
0.37329483
-0.02546734
-0.28768808
1.63419342
0.55897355
-0.39280587
0.18136883
-0.43069184
-0.21297804
0.49108028
1.52172375
0.11731482
-0.19452745
-0.02858850
-0.61124325
0.43191004
1.66866136
-0.02203273
-0.27558255
-0.74514073
0.03195575
2.97545147
0.16213289
-0.39586082
-0.03848253
0.27290127
-0.23148538
0.23060632
0.13794413
0.55994457
-0.55149364
-0.16978952
0.05437829
-0.91281706
3.43814015
-0.38117537
2.60662556
0.02129567
-0.23249143
-0.20530751
-2.78020215
-0.30417925
-1.15839350
0.11815145
0.10077802
-1.21259475
-0.56990182
0.53419459
0.61981583
-0.71109575
-0.49374938
0.30150482
-0.22944203
0.68302310
0.26602516
0.80559021
1.00583053
1.17274666
-1.31843185
-0.43907961
-0.98072886
0.46274567
0.11156508
-0.21032533
0.06456915
0.10094370
0.94335961
0.28346249
-0.95540345
0.06184389
-0.64436269
-0.85304797
1.05509830
0.34333777
0.11474841
1.24765241
0.06198983
0.60857099
0.27219588
-0.23468256
0.40469417
-0.55677736
0.10123378
-1.44503343
-0.28422117
0.33919275
-0.10350057
