384
0.64946383
0.12793426
1.01031566
-0.58647877
-0.60712349
-0.51639783
0.08365085
-0.40340638
-0.85352272
-0.26854765
-0.27320728
-0.05718999
0.32302603
-1.41752100
-3.18999243
-0.29381230
0.32322773
-0.43430555
1.02475810
0.12949839
-0.47586912
-0.26305532
-0.28449559
1.86989367
1.18119633
2.07290530
0.58373576
3.29570937
1.80609465
-0.22375669
-0.59611201
0.21452925
0.63516164
-1.90805149
0.54933423
-1.66947639
-0.08244599
-0.30237901
1.69306123
0.29991737
-1.20553613
-0.15810543
0.32710573
2.54377341
0.17989965
-1.05343425
-1.43068683
1.25382423
0.09800470
2.27769756
-0.69416636
0.12111744
3.84045315
0.74665153
0.60718817
-0.66276950
0.34179881
-0.20530558
-0.22404455
1.16084194
0.07992345
0.13987552
-0.26375669
0.58298182
1.15898275
-1.22815144
-0.01542132
-0.38754040
-0.37407151
-0.37492263
0.86023337
-0.77663237
-1.17478263
-1.03799522
-2.34386969
1.17334056
0.51695967
0.10944401
-1.12786794
0.21887255
0.38139665
-0.45918187
-0.38850874
-0.15259647
-1.98945451
0.33098039
-0.26221153
1.83172262
0.02295098
-0.15467881
0.68906474
-0.38956115
-0.89666569
0.36561704
0.04483521
-0.28090376
0.53097141
0.16599926
-0.29134965
-1.65660620
0.04250991
0.80810022
0.97940135
-0.73704189
-1.35424399
0.10735683
-0.46105018
0.23513998
-0.60873133
-0.73795581
0.33715555
-0.61943913
-0.94958687
0.77384281
0.14524105
-0.26992857
0.23564519
-0.02741855
1.72793519
0.34767136
-1.71859169
-3.87423015
0.58553183
1.50670266
0.06956252
-0.15389290
-0.29250580
0.50113988
0.14185660
0.84285575
0.25529638
0.40368575
-0.39740199
-0.64874244
-1.10883462
0.30194822
0.80857539
-0.10180946
0.03854020
-0.01883714
0.11205167
0.45939738
0.23235893
0.30009371
0.75162613
0.00313808
0.46253252
0.87126750
0.91171855
-0.41816163
-0.20290725
0.60333347
0.26275584
-0.68753505
-0.06061088
-0.76851463
0.22970435
-0.28164616
0.30481312
-0.76915693
0.51071131
0.44486260
1.56503773
-0.95959288
-0.93539321
0.23508753
0.98906600
1.48707867
0.61412090
-0.42956701
1.30328476
0.57738280
-0.28161985
-0.27952474
-0.82647443
-0.25282848
-0.06505352
0.99845511
1.57573915
-0.11257148
-2.32650161
0.18680964
-0.38817286
-0.01927719
1.22553587
1.83581853
0.35585767
0.37374431
2.32315946
-1.24323153
-0.27018708
-0.48939341
-0.17389303
-0.27782720
-1.05871046
1.18886650
1.03506863
-1.59345245
0.49657962
-0.94497359
-0.48095518
0.06796965
-0.49631590
-1.30449343
-0.72462714
-0.81676412
-0.69578934
0.19581883
-2.12390542
0.10585788
0.01121093
-0.29078391
0.06210120
0.36566886
-1.88357580
-0.54693913
-0.70598561
0.52706784
-0.25939444
1.31000650
-0.85469168
-3.68754768
0.36529517
-0.66359323
0.06674913
-0.06589267
-1.54353595
-1.71510303
-0.30965352
0.07734555
-0.08083750
-0.27437598
1.54817188
0.38582432
-1.38623142
-0.83176672
-0.39899942
0.40956604
-0.02789080
-0.53096807
0.67421615
-0.40852880
-0.45162004
-1.05511069
1.85858691
0.52451515
-0.27054596
-0.24815316
-1.89367080
3.33329225
0.58502018
0.16428968
-1.00545228
-0.48442388
0.04101911
-0.60620242
1.53702903
-0.61954921
0.28665605
0.52352828
0.57549936
0.29074597
1.56569517
0.51842403
-0.32631227
0.62916780
-1.32302833
0.66826510
0.08862370
-2.01454926
0.71604216
0.23951799
-0.09323812
-1.38252580
-0.05448073
0.41165692
-0.33607385
0.11666641
0.96403497
0.34438857
-0.59309006
0.39964783
0.32828373
-0.06812134
0.04270156
0.21714082
-0.65600383
-0.37825820
-0.25665280
-1.55502081
0.38739222
-0.30044931
-0.51138973
0.16008165
0.73341286
-0.31196326
-0.43172070
-0.37124991
0.26576820
0.17583156
0.57330245
0.65917015
0.14737344
0.48396835
-0.29749990
-0.31932801
-0.72386402
0.69470978
1.82081044
-0.38390169
0.35797095
0.10570608
0.02641548
-0.97039175
0.17548318
-0.77956080
0.94905639
-0.58771312
0.25862944
-0.17051378
2.41816282
0.73951352
-0.05139793
0.99960577
0.88617367
-0.76375580
-0.09581958
0.34889439
-0.11031172
0.36673024
-0.69499063
4.21550083
0.10518497
-0.93287408
-0.41204548
0.50912225
0.21006975
-1.53041542
-0.21995620
0.66003007
-0.00047831
0.75500703
0.19665319
0.08102801
-0.41280997
0.46675232
-0.50526488
0.11816786
0.10646108
-0.21984805
1.61069691
0.46799022
0.06651992
1.17147088
1.35035765
-0.80887711
-0.45504516
-1.78492379
0.44983470
0.24828467
-0.14409077
-1.15356743
0.37835836
-0.24262407
0.25150114
-2.59016299
-0.08148217
-0.81146598
-0.45047450
0.27312946
0.12858701
0.52724016
-2.35716343
0.26742375
1.11050618
1.25260270
0.00301358
-1.09373534
1.14650488
-0.20219135
-1.67383599
0.16485859
0.23142821
0.40436843
