384
0.48333153
-0.12182777
1.44230294
-1.03484762
-0.35623658
-0.73059297
-0.12692323
0.72510070
0.61428666
-1.54365695
-0.17001927
-0.01180234
0.09566391
-0.69716644
-2.67548156
1.04473615
-2.53456140
0.00434639
1.80356050
-0.21836358
-0.61288208
0.12165995
0.06126023
-0.54328531
-1.40025640
-0.56711763
0.13190360
2.69301653
0.22676182
-0.58099639
-0.00364487
-0.35140121
0.04909898
3.10146713
-0.14328325
-1.87782371
0.07736253
-0.01619140
-2.59039903
-0.10025513
-0.37932667
-0.66945010
-0.06702806
2.13191414
-0.33825871
0.47181100
-1.98095393
-0.00288847
0.97752982
0.57075530
-0.30792499
0.10439269
3.73616552
-0.43828905
0.22876529
0.34878218
0.18284661
-0.39282197
-0.22190252
0.60761350
-0.15611136
0.33714035
-0.18405926
0.43696183
0.12054258
-1.27738321
0.24336632
0.46207541
-0.52430302
0.19936013
1.36340642
-0.27270758
-2.16034245
-1.55222249
0.07348806
0.00412762
1.64151251
-0.32619652
-0.66096437
-0.15973099
0.53856182
0.17313448
0.53422046
-0.33488786
-1.13996637
0.32119897
-0.72538793
0.21770924
0.10004812
0.14416718
-0.30102038
0.06803253
-0.45927137
-0.80551219
0.09858702
-0.41856676
0.23157820
0.15561333
-0.12384008
1.02822459
0.13386612
0.52979839
2.26450777
-2.15992546
-0.36074835
0.47344807
0.45600715
0.41497290
-0.41347176
0.44078526
1.10757589
-0.42818457
-0.48546782
0.02131885
-0.09174274
0.13781041
0.00118078
-0.23455057
2.03922820
0.12070689
-0.62820899
-3.05914807
0.37247062
0.79877967
-0.54570788
0.28660232
-1.98542333
0.25294685
-0.15472990
0.16624969
0.32781708
0.37264121
0.04054855
0.12632456
-2.08207941
-0.79299754
1.50640416
0.19568887
-0.48954338
-0.24102725
0.05835933
0.46300563
-0.28087544
-0.36424845
0.40011203
0.31250799
0.19450057
0.71061438
0.46886927
-1.13789654
0.82177764
0.11733195
0.02619590
0.22100496
-0.77326345
-0.93582684
-0.30630872
0.19096506
-1.11417627
-0.69265914
0.03380117
0.83139241
1.14691067
0.95896459
-0.43996465
-0.41256636
0.86548853
0.31304133
1.26328135
-0.70692921
1.09982753
-0.25104997
-0.90413195
-0.28361979
-0.26710120
0.19285685
-0.72800028
2.22197127
-0.34382588
-0.01770157
-0.92780364
0.00351642
-0.66930288
-0.18355298
-0.06599766
-0.35500461
0.11119294
-0.09644565
1.93132102
0.59794813
-0.08628869
0.11367102
-0.04526617
0.26435828
0.07438281
0.86585665
0.64063060
-0.92398673
-0.02700872
-1.54023623
-1.02995253
-0.01732959
-0.03796636
-1.49281073
-0.27412063
-0.58070165
-0.01596951
-0.40522856
-2.41025877
-0.03906187
1.55098712
-0.23854142
-0.97317827
0.41879740
-0.04894128
0.33745274
0.18140613
-0.26712230
0.11023436
1.38788807
-0.00009823
0.33396935
-0.37708029
-0.20045222
-0.24942632
-0.51523799
-2.16672635
0.03564747
0.57473105
-1.55347872
-1.21270037
0.47004825
2.20023251
0.49800792
0.24752212
-0.43768683
-0.55484420
0.97475076
-0.09759599
0.18192877
0.83181047
-1.03996658
0.54752409
-3.45968723
0.79982930
0.75732160
0.32305279
0.04799044
-1.21673942
1.86677909
0.54386157
-0.04659291
-1.38313866
-1.84472394
0.03633125
-0.99095845
0.53503227
-0.18046278
-0.21848516
0.22544202
0.08558206
0.66772658
0.59138548
0.69101971
1.66033185
0.28225878
-1.20659423
0.17354663
0.13145617
-1.26249218
0.67786753
0.17514186
-0.09971735
-0.65375680
-0.51678413
-0.33882731
-0.06099136
-0.06775423
0.95911252
0.11594769
0.20671755
0.28946066
0.47914439
0.49921674
0.33134007
-0.25828159
0.16764778
0.20937105
0.11291059
-1.98042727
0.93998981
-0.31831151
0.34371001
-0.38751370
-0.61066490
-0.14116214
-1.20261502
0.33619213
-0.14878522
-0.43676564
0.82493675
-0.30044055
0.60935211
-0.00562451
0.03193222
-0.40661427
0.24300914
0.98814178
1.21210265
-0.11221772
0.49044400
-0.27617705
-1.86710536
-0.44725704
0.00466333
0.32705158
1.17030895
-0.53488189
-0.86636049
-0.11408503
1.15348053
-0.21623231
0.04743688
0.52889562
0.13980049
0.22817929
0.22331935
-1.16408229
0.09066434
0.62025273
-1.48077726
3.20797539
-0.68762898
-1.89912534
0.39003384
1.60605931
0.21933371
-3.37282753
0.26475868
1.88440764
0.11340272
-0.83135718
3.42309833
0.04531632
0.27995670
0.35828632
-0.26310778
0.10075043
-0.34825456
-0.41436350
2.10770416
-0.10312295
1.92087519
1.20390344
0.08960986
-1.22886574
-0.22818702
-1.41388428
0.24884742
-0.28868505
-0.25876063
-0.53920341
0.23015738
-0.25750905
-0.20653138
-0.60644323
-0.67138445
-0.00455788
0.33402851
0.62620020
-0.25450891
0.09355129
-0.02526070
-0.09955262
1.04347968
0.41318202
0.15170354
-0.17395656
0.24661690
-0.23314984
1.15144277
-0.46055043
-0.13257265
0.17606056
