384
-1.19032216
-0.11188003
0.83713412
-0.40604836
-0.27272984
-0.29039219
0.19490546
-0.80407763
-0.70270997
-1.30808401
-0.61259252
-0.60144669
-0.67737633
-0.52089131
-2.44739366
1.12152243
-1.29526877
0.23501623
-0.49317300
0.13570867
-0.49601611
1.07312667
0.28369310
-0.72362763
-3.00048518
-1.11836100
0.35801721
1.84207106
2.27947807
-0.41996783
-1.15557051
-1.14738977
-0.54904610
1.86722255
0.15886132
-1.12199438
1.10726321
0.29721785
-4.27392387
-0.20742692
-0.09614924
1.11927736
0.36804721
1.55878091
0.45930180
0.67708987
-1.45356178
-0.21477316
0.41808969
0.26156288
0.29173270
0.00747529
2.21568727
-0.40479469
0.88786542
0.25745100
1.17430520
0.18829249
2.26887846
0.40442997
-0.64415193
-0.09745672
0.14324012
0.58045918
0.27265987
-1.55465245
0.50155598
0.00697154
-0.05082357
0.29149041
0.75541061
0.53574729
-2.37155294
-1.66802120
-0.15567359
2.91070414
2.05005074
-0.91871828
0.75020027
-0.00532172
0.37518364
-0.20040463
-1.12553823
0.03035203
-1.05361104
0.40064725
1.14526010
1.52627039
0.07931646
-1.18535650
0.61052686
0.27815685
0.54691863
-0.11989969
-0.34498227
-1.21689343
0.55574596
-0.10885213
0.96246749
-0.45979244
0.19042794
0.00258937
3.80859852
-2.23551273
-0.95996034
-0.14395021
0.40296125
1.20689702
-0.59724504
-0.02732012
0.70725781
-0.78836018
-0.95857406
0.19110152
0.32082093
-1.36302614
-0.45392030
0.07029293
2.43795300
0.85241002
-1.57241368
-1.87345266
0.94273126
-0.39675361
-0.71701020
-0.06384999
-3.15509748
0.04336205
-0.82823604
1.09743083
1.16585124
-0.37261486
-1.32242405
2.06400990
-1.35014093
-0.83222133
0.48221260
-0.66111600
0.19762446
0.61509192
0.60756373
-1.31418633
2.68873382
-0.98213309
-1.16293812
1.46333086
-0.00230430
-0.28053579
0.93736160
-0.78546190
-0.28340021
-0.14588822
-0.40086111
-0.24441941
-0.67880762
0.06628847
0.17188156
-1.15337086
-0.22987355
-0.70364428
0.92430615
0.23063597
1.46464157
0.59256387
-0.93348509
-0.39346337
0.65628839
-0.09020108
-1.60683739
-0.31082889
0.86168540
-1.06355059
0.47507450
-1.13858867
0.95276797
1.03583145
0.72186136
-1.54316044
-0.43752223
0.26616856
0.83828080
0.21005185
-1.35397911
0.90050602
-0.39044178
1.16593814
-0.09755172
-1.51111066
1.27757347
-0.76263249
-1.07039618
-1.17944169
0.05626863
0.50144833
0.19776024
-2.00023842
0.76311493
-1.13779354
0.97789842
0.46096194
-0.57467443
0.20723990
0.47950196
-1.66405559
-0.54533535
-0.71206641
1.24824667
-0.62272167
0.10376066
-0.60299897
0.26656896
0.90680051
0.57326585
0.06406432
-0.81366342
-0.45367020
0.22999969
-0.48202690
-0.67570525
1.79096973
0.54671794
-0.89667559
0.84626126
0.08619411
0.76609689
-0.59810913
-1.74417388
0.65757930
-0.94236714
-1.36237848
0.68048084
-1.74330580
3.07289529
-0.07003427
0.51168394
-0.74580127
1.75243115
-0.28699529
0.21419089
0.37034866
-0.73919535
-0.47088367
0.13527536
0.22679174
1.34173775
-0.90654767
-0.79698187
-0.05157410
-0.38166380
2.49960589
0.64253163
0.77236402
-2.90987110
-2.23841858
-0.39736462
-0.45539528
2.02105808
-1.14416683
0.13229293
0.27595431
-0.56308043
-0.53951377
-0.97228378
0.44324887
1.15458012
-0.22198921
-1.33999062
0.94140863
0.24552919
-1.95362747
-0.40828606
-0.39756793
1.15265346
-0.86813176
-0.50021547
-0.14443773
-0.16290519
0.42165780
0.01180723
1.62128115
-0.50878179
0.04608661
-0.56704396
-1.17050290
0.54790914
0.66662395
-0.66989923
-1.23336637
-0.06243124
-2.01827145
0.26913479
-1.09881520
1.31287098
0.34493178
-0.45410168
-0.85967052
-0.34162629
0.74411345
0.40451145
-1.89788520
0.74269450
0.00932166
0.96928900
-0.37949532
-1.39326751
0.37269554
-1.37931502
1.92127967
2.03547430
0.47476470
1.80160427
-0.15215665
1.59297204
1.96447933
-0.73003674
-2.36298800
0.46048626
0.55221033
-0.37193757
-1.12010372
-1.26472735
0.11637856
0.33490005
0.38368222
-0.05731803
0.75051695
0.43094355
-0.84733158
-0.22803277
0.08619244
-0.44964153
3.25745511
0.32695144
1.65687263
-0.67697954
1.91108525
0.18518049
-2.28324556
0.65535194
-0.56529349
-0.28526071
-0.00963701
0.51950926
-0.12330744
0.57091027
0.50558627
-0.04474208
0.03165171
-0.88121688
-1.32922041
1.48808801
-0.58433753
1.63155115
1.08579242
1.21947455
-2.13129759
-0.87200576
-0.60014576
-0.18982908
0.23854493
0.35600519
-0.68708873
-0.53606158
-0.32612616
-0.84897470
-1.04082346
0.14211762
0.54019284
-0.53247851
-0.02058281
0.16116372
-0.27222002
-0.10703012
-0.85549361
0.87872702
0.79275131
1.04368627
0.38773572
-0.04317787
0.02219808
-1.44881475
-0.54721856
-1.09684885
0.58245885
