384
-0.87088037
0.40443087
0.68963444
-1.56031108
-0.69114804
-1.67771173
0.22613153
-1.48618078
0.69267827
-3.27144051
-0.14349113
0.40042675
-0.02046806
-0.59897709
-2.38914156
0.63731509
-0.80930853
0.16890126
0.12905496
-0.11854823
-1.31379056
0.75288349
0.47056708
-0.30624506
-1.72231448
-1.09986615
0.20267528
2.73805714
0.66414016
-0.57979304
-0.54261851
-0.43957624
-0.15463436
2.67190504
-0.08027235
-1.57527637
-0.68527550
-0.39756703
-4.93655729
0.45629224
0.18999094
1.91458988
0.19357643
2.67912340
-0.83728170
0.97704411
0.87123585
0.30205825
1.79338622
1.78603268
-0.41650206
0.57991672
0.85500509
0.34789723
-0.34921724
0.44036919
0.35109946
1.23847914
0.71882463
0.18950273
-1.77044988
-0.58135211
0.18921222
0.66176289
-0.30686963
-1.76499081
-0.09478839
-0.95270443
0.77190709
0.10536310
0.28739217
-0.42446172
-1.43285084
-0.87148702
-0.63298112
-1.51452732
1.66103268
-0.63672566
1.43146610
0.07902653
1.31527603
1.17146826
0.64827895
-0.15859722
-0.67733431
-0.07356418
-0.21368863
-0.52749264
-0.55409467
-0.16515511
-0.37353435
-0.39708835
-0.09818447
-1.41071332
0.39480788
0.14127958
0.80505395
-1.08557951
0.00160269
0.57824612
-0.84753507
-0.30367607
0.57419622
-1.48587596
-1.17705655
0.82060719
0.56065065
0.33848879
0.13504466
-0.44285202
1.69154823
-0.89106596
0.56720352
-0.05167950
-1.28653848
0.10014290
-0.35987633
0.12877722
2.03617573
0.26151302
-1.72498155
-1.79092693
1.28181803
0.14020528
0.06102680
-0.48953992
-0.88537425
0.80896282
-0.17114529
0.29190254
0.63933259
-0.25126776
-0.97130275
-0.75974905
-0.08188027
-0.07824275
1.17021012
-0.21721110
-0.33652407
0.09021188
-0.24964371
0.29867664
3.77838016
-0.20644276
-0.38665575
0.66018730
-1.03558850
-0.02386028
1.38071918
-1.03027415
1.11195183
-0.87520981
-0.26881409
0.24688554
0.47572950
-0.00022152
0.69311321
-1.10978293
-0.31220821
-0.38067776
0.62608021
-0.53491735
0.79631740
-0.71326566
0.68432271
-0.07333989
1.36540341
0.61691815
-0.44112891
-0.85961455
0.66797596
-1.05609369
2.69615793
-0.69204795
0.26922029
0.84525275
2.53268671
-0.90332800
-0.56822431
0.34976137
-0.76789397
0.19676389
-1.83407915
-0.58559459
0.12788549
-0.98301208
-0.27099401
-0.49509877
1.05761480
-1.60990667
-0.30421636
-0.43037015
-0.30364481
0.04629660
-0.39232004
0.38776380
-0.06747800
-1.79200971
-0.00075348
0.92749703
-0.79331565
0.60401154
-0.42546958
-1.05640674
0.25663051
-0.02736848
0.35235745
0.98725051
2.18969727
0.64969110
-0.07392541
-0.07185104
0.84874356
0.11465697
-0.28103092
0.52994853
0.88936621
0.58681661
-0.13116169
1.12419045
-1.18974602
1.96005344
0.18571106
-0.15278801
-0.00528359
-0.04092257
-1.91925335
0.34503865
1.09659410
-0.41006911
1.51943123
-0.69039249
2.52851152
-0.22552453
-0.46647531
-0.08772438
1.87027061
0.34771672
-0.12634745
-0.06120458
-0.39050382
-1.27932048
-0.12349616
-3.41216373
2.13835812
-0.88200402
0.21762624
-0.78454113
-1.36301661
0.29865217
0.79838538
-0.62148774
-0.61221790
-3.20273972
0.54074037
-0.85804206
1.10376692
-0.08859807
0.07644828
-0.35670295
-0.71562934
0.59826362
-0.10633275
0.59182936
0.77110815
0.57992506
0.39351195
0.71883321
0.05267539
-0.95501661
-0.64299685
-0.20069930
0.22215074
-0.82192940
-0.13126484
1.05837500
0.37696281
-0.34073129
0.42909795
-0.03327209
-0.56233311
-0.16866012
-0.77365857
0.42082310
-0.48081201
0.80605578
-1.10375726
-0.22356051
0.43250313
-0.37184268
0.66937530
-0.05658494
1.09278941
-0.44689664
-0.47433478
-0.06839116
0.36817768
0.37381333
-0.41234046
0.15971155
1.26643848
0.97660303
0.64239883
0.28305760
-0.25757611
-0.33833531
0.00180088
1.78734922
1.66771436
-1.80512667
-0.05127706
-0.69795346
-0.42897588
1.12911439
0.02811378
-1.30058265
0.30939117
-0.46916661
-0.62606603
-0.92930794
-2.22891521
-0.20497473
-0.23151954
0.34719193
0.37088376
0.62008387
0.73261362
-1.30892181
0.06026578
0.52121061
-1.79701054
3.38589430
-0.63654506
2.57941055
0.83418089
0.65787131
0.25160798
-2.60480452
-0.33608276
-0.82989389
0.51618987
0.65721840
0.19590804
-0.50772297
0.60702944
0.36116520
-0.64684182
-1.15752769
0.05904189
-0.13304390
1.71279645
-0.19998619
1.55952954
1.73092973
2.26323175
-2.48530555
-1.04930615
-0.79702157
0.31292397
0.29010242
0.49819589
-0.34270599
-0.59209991
0.00080445
0.76320505
-1.35134733
0.24782607
-0.04102480
-1.89835727
0.06034815
0.07540984
0.44615036
0.55741000
0.35559839
0.24543113
0.00213461
0.54348952
-0.82678384
0.19376215
-0.34523672
-1.92410040
-0.50845659
-0.24085276
0.98666322
