384
1.02578700
0.57480973
-0.01164943
-1.12884402
-0.97528470
-1.12808216
0.66099852
0.11010861
0.19867471
-2.27695870
-0.19401921
-0.30009094
-0.28800201
-0.67046666
-2.27228522
0.83832288
-0.44046947
-0.26232499
1.75481772
0.10326700
-1.62020659
0.14413759
1.20609403
-1.26674199
-2.66939974
-2.50579762
0.10973062
2.27502131
0.74439502
-0.51054358
0.14756934
-0.53105724
-0.24001077
2.89511490
-0.40848231
-2.43043423
-0.09962150
0.02654603
-3.26266766
0.26499999
0.23533446
1.18883502
-0.03884298
2.23798323
-0.98926508
1.84531879
-0.95755255
-0.56745505
0.88051367
-0.01073825
0.65710950
0.41430411
3.19095850
0.16293538
-0.25435233
0.00602262
0.67479444
1.18215382
0.98026067
0.75953364
-0.32803330
-0.66865563
0.50876582
0.76440656
-0.18639521
-1.03233767
-0.88201219
-0.62394446
-0.05478545
-0.35945678
0.75413394
-0.69525313
-2.10922837
-1.66723788
-0.75992650
-0.77566195
1.70981383
-0.38106370
0.06539518
0.43494996
0.65066338
0.08842355
0.49185055
0.52687579
-0.48367661
0.18627055
0.35864091
-0.29572195
-0.00612778
0.22549212
0.00915539
0.14492916
0.51219594
-0.30935562
0.06434840
-0.25072908
0.97191781
-0.43662500
-0.41427773
1.83094239
-0.82609075
-1.44880342
1.57003129
-2.34250116
1.26541376
0.46200630
0.56195587
0.89778012
-0.16007212
1.19464374
0.56706840
-1.36370778
-0.21509647
-0.77265322
-0.50530970
0.51351082
-0.20628533
0.19616146
2.32758260
-0.05144042
-1.07169592
-2.22232175
0.19143482
-0.32626596
-1.20115566
-0.26860514
-2.34473610
0.35382438
0.07216094
0.03575012
0.05341931
0.02162603
-0.21954098
0.24749549
-2.14388418
-1.15733790
0.59789646
-0.11157142
-0.78248399
0.39350164
-0.01822576
-0.43171775
3.03245592
-0.69412506
-0.73604357
-0.03513302
-0.86292708
-0.73190373
0.88979667
-0.54770505
0.35882068
-0.27769902
-0.08194029
0.28307438
0.06722444
-0.63753343
-0.61465961
0.29762882
-0.77159405
0.02729672
0.39850482
2.71288157
1.06239581
1.61650586
-0.60507011
0.05368092
0.85250348
-0.12475199
-0.47066018
-0.45383856
0.53817809
-0.74035811
0.91268289
-0.69898742
0.52597296
1.09401298
0.45465007
-0.46986511
-1.50861073
0.01856300
-0.19144160
0.11252398
-1.32167864
-0.58995247
-0.96489304
-0.89382583
-0.62969965
-0.26873833
0.69295079
-0.66340220
-0.21898846
-0.77025843
-0.23708686
-0.04010869
0.57881236
-1.20463550
1.13583982
-0.75354064
0.20390686
0.54915345
-0.31892154
0.06422791
-0.07742201
-1.09062696
0.16909635
0.12398081
0.66410643
0.60675305
-0.61665404
-0.08298567
-0.07909249
-0.03964194
-0.03991040
0.48415014
0.06439033
0.93580431
0.82744706
0.42219430
0.20400217
0.94002670
-0.53316247
3.61387730
0.41627675
0.41366699
-0.30640399
-0.20314083
-2.52635145
-0.01363869
-0.40112182
-1.43682969
-1.24495852
0.01313365
2.38879752
0.21919128
0.64736044
-0.60672534
-0.37348753
1.20197737
-0.30561668
0.30610722
-1.23734760
-1.41636312
0.18792105
-1.18692327
0.11524260
-0.86869866
-0.09693003
-0.00063029
0.07820135
1.31534410
-0.03369975
-0.66632068
-0.90357304
-1.57816529
0.11934316
-0.08137023
0.08206427
-0.13578387
-1.19216812
-0.07301192
-0.43530911
0.12756956
-0.30834585
0.37443092
1.46196079
0.50063777
-0.21231724
0.57721895
-0.34482449
-1.30616570
0.52444828
0.22329319
0.31946474
-0.40620303
-0.52982152
0.17940941
0.10469398
0.53504264
0.77006352
-1.08816850
-0.23403703
0.63803452
-0.56786060
-0.20486417
-0.80669284
-0.22292557
-0.29012227
-0.15879810
0.22609898
-0.12652981
1.47315824
0.07797390
0.78477132
-0.66396868
-1.12330949
-0.16464427
-0.54466438
1.19778442
-1.00442708
-0.28977740
1.12687826
0.25011408
0.19096670
0.26288807
-0.75383687
0.05625010
0.35258248
1.81993961
0.15463197
-0.98210979
0.00681350
-0.52717847
0.70115519
0.95089912
-0.56213170
-0.51757216
0.59325576
-0.35691312
-1.25238895
-0.35489649
-0.51496392
-0.01271461
0.20720598
1.47486067
0.06415567
0.23935810
0.35533226
-0.46830076
0.15459676
0.19283989
-0.89082295
3.08564305
-0.29142308
0.44587749
1.05727470
1.95045757
0.20500298
-3.53995895
-0.09178822
-1.35748672
-0.23293307
-1.24121952
1.69635129
-0.31278673
0.95765972
0.37222144
-0.16067268
0.05536858
-0.06907532
-0.81339061
1.67387760
0.63317811
1.02077317
0.83306926
0.77167636
-1.50962627
-0.38305765
-2.33652329
-0.06478396
-0.30301237
0.14296396
2.22550321
-0.10168595
-0.46469176
-0.10069937
-0.78856516
0.58729649
-0.12725013
-0.64855766
0.49817985
-0.26265067
0.03720117
1.05905831
0.25904918
0.55189681
0.24210325
0.04714837
-1.14820862
-0.81845701
-0.68938088
1.64466250
-0.29280788
0.20529509
0.19110715
