384
0.62797254
0.53133941
0.16176578
-1.07770371
-0.86582959
-1.26252246
0.97100538
-0.20887160
0.15262544
-2.04632139
-0.18627484
-0.50043118
-0.52290422
-0.26741093
-2.28187728
1.24313211
-1.20894241
0.09095657
0.87976801
-0.16609837
-1.00806546
0.21886699
0.95761263
-0.53604650
-3.18446922
-2.37658119
-0.25294608
2.05405784
0.93531632
-0.70708752
0.15944362
-0.46527612
-0.44745734
2.51672053
-0.48919523
-1.67660737
-0.17510097
0.21691541
-4.28312111
0.22384813
-0.01536947
1.62355232
-0.08387483
1.64166474
-1.81795359
1.54758537
-1.09503198
-0.22361320
0.75355858
-0.01839495
0.36479396
0.72220737
2.65192509
0.56173676
-0.62429523
0.04494528
0.44553217
1.04136837
1.86921597
0.78876400
-0.10682947
-0.22446305
-0.09653966
0.31655890
-0.89484155
-1.24068797
-0.38658816
-0.72209430
-0.09999470
-0.13859180
0.66187477
-0.81163681
-2.28001428
-2.38339353
-0.70603764
0.27386498
1.53079772
-0.63431346
0.03368580
0.35471842
0.41539899
-0.13248640
1.03848052
0.48688611
-0.76914072
0.02178263
0.82618785
0.28094226
0.08565307
0.61010313
-0.43217772
-0.15119281
0.41684422
-0.32459185
0.10884726
-0.01087777
1.04041147
-0.30887672
-0.17310596
1.54444122
-0.62578762
-1.38130593
2.34776497
-2.20737004
1.06840646
0.67937541
0.18655679
0.90110809
-0.23336677
0.50833184
0.10290226
-0.96069223
-0.41896230
-0.61954147
-0.57024980
0.33695751
0.20849910
0.15972115
2.61155152
-0.22125843
-1.13655496
-1.70040822
-0.41979858
-1.00489628
-1.64683938
-0.27126583
-2.57377148
0.51754642
0.27358130
-0.04184304
0.14664152
0.00070626
-0.39857683
0.84742785
-1.70530784
-1.26974523
0.93003255
-0.13364989
-0.71334475
0.75711262
0.13803618
-0.46201986
3.74440694
-0.51575154
-0.79926455
0.14377344
-0.97603917
-0.52385432
0.89745933
-0.86515653
0.13836461
-0.43970808
-0.30172515
-0.19314937
0.34700239
-0.39398983
-0.82069731
0.15444407
-0.36387569
-0.16983436
0.30579114
2.68022728
1.17426467
1.92658520
-1.04708886
0.06153194
1.10699224
0.01318318
-0.66638678
-0.71636230
0.36158192
-0.64090598
0.93419218
-0.24014288
0.58162266
0.74095297
0.74427474
-1.52658141
-1.55236602
-0.12358365
0.26335835
-0.38959008
-1.63710642
-0.30094081
-0.86891329
-0.31045032
-0.49836123
-0.67625266
0.76427501
-0.50767028
0.10166766
-0.69030470
0.00614989
-0.04159696
0.61593789
-2.12446189
0.93581623
-1.18454707
0.01195413
0.61848724
-0.30876264
-0.00149557
0.10295063
-1.10906839
0.07109768
-0.29164484
0.33443540
0.66910082
0.40325642
-0.27739483
0.18595624
-0.07442333
0.21944270
0.17483899
0.18814069
0.32165772
1.07718253
0.33204788
0.12304246
0.96353167
-0.10607970
3.23691487
0.66565311
0.20909873
-0.36353874
0.19664808
-2.57659292
0.00080657
-0.73553807
-0.68425453
-0.89107835
-0.35198104
2.65492558
0.28538764
0.40229303
-0.97454941
0.75359100
1.34095216
-0.25054222
0.41463509
-1.38557947
-0.68873310
1.01483727
-0.32345653
-0.11848205
-0.82050365
-0.09489220
-0.47078192
-0.11722708
0.83369803
-0.39408240
-0.40598664
-1.32580709
-1.53201520
-0.53091961
-0.26916271
0.54657799
-0.17901883
-0.84090340
0.02706526
-0.44088852
0.60268068
-0.37000561
0.68612641
1.94226730
0.55952954
-0.15062129
0.72254157
-0.07845060
-0.96129739
0.11216962
0.27558213
0.59088874
-0.15855128
-0.69588989
0.24659404
-0.03841215
0.44526553
0.99189174
-0.49314520
0.16054559
0.13364151
-0.41279036
-0.41569906
-0.24669373
-0.34911376
-0.44064176
-0.36837640
-0.09622572
-0.63805085
0.73655689
0.22084844
0.75173700
-0.45822036
-0.99642938
-0.54082882
-0.20520011
0.93694651
-0.91486752
-0.65872133
1.26081598
0.21389869
0.33717793
0.14426737
-1.17598045
0.46891177
-0.21911855
2.73763609
0.16869587
-0.70262051
0.32045242
-0.14485000
1.59496868
1.08801639
-0.92466474
-1.31446290
0.54018027
0.18709508
-0.93489885
-0.22089219
-1.31122041
-0.29723015
0.15263799
1.02798271
0.22372687
0.31314725
0.53466183
-0.17927963
-0.21420422
-0.21040654
-1.21169353
3.05115151
-0.33885375
0.85970318
0.43685502
1.48025262
0.34389669
-3.03467822
-0.00576335
-0.90520006
0.02590497
-0.86350232
0.74450636
-0.23624395
0.40296039
0.10025120
0.03344458
0.03297275
-0.23434719
-0.66999459
1.60426378
0.43544319
0.85042572
0.87542516
1.06197739
-1.73215759
-0.32556090
-2.12502551
0.27039671
-0.12678890
0.28746432
1.96040189
0.02610931
-0.49112418
-0.20005524
-0.96826744
0.56848502
-0.20322531
-1.27397358
0.42688075
-0.12907410
0.15245374
1.14661837
0.10630971
0.33772439
0.41836685
-0.46233657
-0.61017513
-0.60668576
-0.26502404
0.50464994
-0.11255775
0.13285431
-0.08161725
