384
1.81077850
-0.64281422
1.02131796
-1.30191576
-0.85104936
-0.70751202
-0.00240779
-0.85735905
-0.20021030
-1.01370716
0.08841923
0.04802880
-0.21330342
-2.41634655
-3.11290073
1.45703697
-1.98435533
0.21290991
1.55312085
-0.38930029
-0.43634948
0.18815088
-0.06044313
0.09421924
-0.13453531
-1.12463617
0.21014652
2.82198167
-0.34788692
-0.28072608
0.10932472
0.12152750
-0.30277267
-0.29612166
-0.29477581
-1.55495977
0.09979896
-0.10850136
-1.93955958
0.05877773
0.11943629
0.04626787
-0.17474246
1.04186559
-0.38013190
0.40832111
-1.21267712
-0.25919956
-0.71663755
-0.93658042
0.01088709
0.17047507
2.02543306
3.57312655
0.00272851
0.41684106
0.15321983
-0.60814452
0.01965454
0.30917394
0.29293644
0.16100587
-0.64184868
0.53945422
0.47268638
-0.97535074
-0.32259575
0.40536803
-0.38875261
-0.70529461
1.77588487
0.43211442
-1.48705208
-1.43035066
0.20911503
1.52253032
1.51772702
-0.10157197
-1.75241232
0.06780256
-0.11739677
-0.39767027
0.28416899
-0.18416622
-1.96371090
0.26629755
-0.33007205
0.68747723
0.09604270
0.41906217
0.02696647
0.54817688
-0.34059718
1.39982128
-0.24297290
-0.21283990
0.16591866
0.47588772
1.07150567
1.00651133
0.04250138
0.21462709
2.44066238
-1.70125961
-1.93505371
-0.13931429
-1.22281468
0.28190213
-0.51807511
-0.02209780
1.15178168
-0.64711040
-0.41735345
0.32633761
-0.02287963
0.06644334
0.45348150
-0.08943731
1.82813108
0.84089381
-0.27217525
-2.44223976
-0.22307926
0.09461905
0.07793884
-1.05313337
-0.06481051
0.69556838
0.10696851
1.00477052
0.22132881
0.56200278
-0.30080646
0.22701964
-1.28209758
-0.16888933
2.02342343
0.21907257
-0.54619968
-0.14728327
0.01304874
-0.15329155
1.21682799
-0.37727726
0.97576368
-0.08857262
1.10857642
-0.61800450
0.41760981
-0.38074645
0.57727879
0.08561093
0.11794543
0.29624918
-0.25281888
-0.81652641
-0.57662976
0.47828901
-0.90358293
-0.75627327
-0.76218808
1.88641882
0.29575181
0.93843436
-0.12060092
-0.07624781
0.83662683
2.57762027
1.81412888
-1.45222604
0.85364455
1.02302659
-1.96054924
-0.58770210
-0.33898246
0.61905748
-0.83621496
-1.10462928
-0.93694878
-0.43447918
-1.95992720
0.30920625
-1.41315448
-0.25204214
0.96379387
-0.19578429
1.00052547
-0.85593373
2.70876622
0.24824518
-1.17012894
0.49206978
-0.37865862
-0.10366246
-0.59322524
0.12493843
0.15899542
-1.52313554
0.25449586
-0.99436152
-1.05686533
0.14267942
-0.30661643
-1.48928225
-0.25903434
-0.19772001
-0.55003917
-0.57325256
-1.40811348
0.31546178
1.11536181
-0.29493567
-0.36123568
-0.88017398
-0.00891781
-1.51441085
0.32338715
-0.49251914
0.36051685
0.97335339
-0.28599066
1.60807061
-0.22287893
-0.49490079
-0.42394137
0.27645099
-1.59992373
-1.47528803
0.15472415
-0.75134122
-2.84280825
0.33370733
1.55197048
0.39314264
0.54660082
-0.14014727
-0.58441073
1.30559421
0.32932660
0.09927741
0.69825047
0.65889281
-0.24644509
-0.85926121
-1.05901837
0.79403263
0.02441160
0.17104900
-0.49775136
1.37618554
0.82015091
-0.26126012
-1.32760417
-0.52066362
0.27239627
-0.61858916
1.53973007
0.75674713
-0.08997318
-0.00824954
-0.39988506
0.76919234
1.29285502
0.84969026
-0.57678127
0.12192417
-0.14073110
-0.17845617
-0.24550638
-0.01380396
0.76252162
-0.27887097
-0.49943542
-0.53559870
-0.55388451
-0.09186609
0.40709534
0.28118023
1.26583672
0.27722090
1.15473330
0.38424429
0.69114435
0.19134116
0.18633077
-0.24961665
-0.45681113
0.22825924
-0.64850777
-1.76663542
0.36497644
-0.19759560
-0.01030043
-0.50690293
0.19737715
0.33458495
-1.17218864
0.96786660
-0.23961276
0.08364849
1.31077266
0.25193211
-0.13476969
-0.16365415
0.57063359
0.08373430
1.24993742
0.66094851
-0.12744898
0.13364133
0.42545900
-0.15549657
-0.22143060
0.63319004
-0.24234056
1.60526431
-0.07859927
-0.32707945
0.06331281
0.38525146
1.81280863
-0.35641259
-0.24838048
0.57425636
-0.02797391
0.26507834
-0.23530012
-0.72893649
0.02586422
0.49732584
-0.77301127
3.22849369
0.88926983
-2.87099171
0.92474991
1.57783961
-0.09074752
-1.03379107
-0.04520655
0.91792178
-0.32998309
0.03139871
1.05800748
0.08352387
0.49740499
1.18478417
-0.06480646
0.04967410
-0.04516877
-0.35810876
0.30101597
0.43552643
0.15749446
1.12266326
-1.08512926
-0.37273264
-0.68588591
-2.83258438
-0.36854741
-0.05431013
0.56786227
1.51856411
-0.13107499
-0.37642556
0.17186232
-1.69425297
-0.71431905
-1.41122437
-0.02218008
0.73411798
0.27529526
-0.37678027
-0.04688781
-0.37209982
1.25633919
-0.01544681
-0.15611872
0.22782037
-0.31051752
-0.41204214
1.84473658
0.84129524
-0.64764941
-1.21926320
