384
-0.44754314
-0.14121687
1.38994014
-0.44702071
-1.04056108
0.49498051
0.57408875
-0.60597467
-0.57515335
-0.93142229
0.14242424
0.04302607
-0.64708740
-1.57727575
-3.04280400
0.48411795
0.52284050
0.02205747
1.05393398
0.36107606
-0.61576951
0.11728525
-0.54880470
1.69981241
0.48793197
2.34255600
0.08242605
3.33794427
2.18197012
-0.54340297
-1.16579020
-0.09749119
0.44985467
-1.53446949
0.35200220
-1.06570172
-0.67343938
-0.14118940
1.12944448
0.05989631
-0.35571069
-0.71132469
-0.00609571
2.94543576
-0.54798585
-1.39761472
-1.24862266
1.74357367
0.93507552
2.90816069
-0.52481186
0.25509951
3.36720300
0.08585036
0.91530335
0.18428679
0.36652505
-0.73528874
-0.63291049
0.93941700
-0.83413863
-0.43933937
-0.19604976
0.46320921
0.41878349
-1.43019974
-0.04273367
-0.21015656
-0.17957355
0.44370657
1.54197752
0.22265482
-1.11421347
-1.23183441
-2.47299671
-0.71610391
0.65450782
0.15551481
-0.97407234
-0.07148582
-0.14375323
-0.28652978
0.55164468
-0.18150070
-1.39172721
0.19926864
-0.49206874
1.25946808
0.56762671
-0.40320072
0.59882307
0.27536544
-0.34252161
-0.55995965
-0.23111878
0.84390652
0.25446814
-0.38808125
-0.56163299
-1.70687628
-0.89463526
-0.13563335
1.06288612
-0.36556631
-0.66669333
-0.45649722
0.58913493
-0.25166506
-0.30438602
-1.37916648
1.08736515
-0.91504920
-0.35290831
1.68262708
-0.25524443
-0.28651479
0.37602204
-0.12733972
1.65881073
0.77772200
-1.50127220
-4.03771400
1.20563436
1.82528234
0.02034134
-0.01796842
0.07688695
0.51416004
-0.77685815
0.26984343
-0.00891422
0.16408014
0.04196046
-0.99137384
-0.70219833
0.87510335
0.91679138
-0.00865119
-0.29908192
0.27457976
-0.02432716
1.07291126
0.29849941
0.52593422
0.84973669
0.11948851
-0.05687851
0.03138244
1.62904394
-0.29841834
0.67064828
0.21504624
-0.22020844
0.06326827
-0.14220808
-0.89258027
0.08826666
-0.26214647
0.11573991
-1.41464853
0.46057007
1.02538967
1.33784914
-1.06271791
-0.42786637
-0.02822922
1.69125402
1.51220584
0.84113181
-0.41563082
0.95287490
0.78933460
0.15771592
-0.06914776
-1.32388091
-0.04684895
0.78230822
0.93443865
1.53694010
0.32651806
-1.61880970
0.10202076
-0.98901612
-0.29856771
1.99794698
0.44356203
0.28115290
-0.07962832
2.37117195
-1.12046552
-0.91517448
0.11681681
0.09635484
-0.07385659
-1.07772827
0.56079561
0.75479567
-2.09808350
0.37654775
-0.97064918
-0.43934214
-0.21068195
0.16852683
-0.55131078
0.00204933
-0.86658204
-0.07058066
0.49481773
-0.89510345
-0.13398449
0.01408875
-0.36066872
-0.16662933
0.04721856
-1.64522505
-0.43607515
-0.21934535
0.59675533
-0.65212357
1.26570773
-1.43461871
-3.75994039
0.49883875
-0.30876067
-0.39223930
0.27636740
-1.76699996
-1.46866703
-0.10698393
0.84255493
-0.15236297
0.39720079
1.03826737
0.49623150
-1.65270448
-0.55985892
-0.43848717
1.14605737
-0.29006881
-0.71183372
0.26411957
-0.45101956
0.23938167
-0.49261397
1.96378779
1.13361561
-0.43264258
0.50513673
-1.85738039
3.19284225
0.81978053
0.29112357
-0.86333078
-0.89508337
-0.67916006
-0.91989267
1.71204162
-0.19370192
0.30131936
0.22904350
-0.20834395
-0.06171727
2.26913238
0.20730138
-0.63143086
0.13184264
-1.61990309
0.36978281
-0.32309550
-1.64925528
1.00131965
0.08911976
-0.83784735
-1.23822641
-0.81255984
0.08363206
0.53403026
-0.22723834
1.30109978
-0.01426849
-0.17679012
-0.10212079
-0.17147063
-0.28251269
0.66684973
-0.61837804
-0.71365410
0.16193724
-0.10270105
-1.49177790
1.11301315
0.27974996
-0.35716236
0.69003892
0.04860356
0.11285207
-0.01169195
-0.48054090
-0.22171566
0.62797117
0.69467807
0.64274794
0.52581006
0.42470744
0.02432534
-0.65202731
-0.44986537
1.11415815
2.64355516
-0.56652522
0.63431710
-0.00945187
-0.82421017
-1.40387356
0.81770205
-0.92656547
2.32655382
0.25025022
-0.69679725
0.21490663
1.68728983
-0.30817169
-0.41430855
0.20876609
0.80358088
-0.65673566
0.00753967
-0.79411852
-0.22834834
0.71074593
-2.00209641
4.09230566
0.38594365
-1.13452172
0.03036147
0.31099784
-0.19816625
-1.44459593
0.47432390
0.78750288
-0.64105594
0.54819703
0.47811019
-0.35720912
-0.14763314
0.22171222
-0.43444246
-0.56044549
-0.44415173
-0.19769977
1.31450117
-0.35368454
0.24576342
1.32510507
1.46148419
-1.04150045
-0.63353467
-1.81063735
0.22509848
0.80590808
0.69795156
-1.27708769
-0.02504072
-1.11440039
0.43857265
-2.07053089
0.10619751
0.24490404
-0.81894565
0.34346128
0.20577732
0.37872371
-2.22406960
0.26466805
1.16282654
1.83458066
0.27580142
-0.74544728
0.87018895
0.50717407
-1.42786944
-0.46500406
0.56187874
-0.22716853
