384
-0.99943244
-0.19016802
1.36445415
-0.73859936
-1.05107260
-0.55661535
0.13964781
-0.84594524
0.94208062
-3.41377020
-0.17944133
-0.18640703
-0.10585967
-1.31656611
-1.17624021
1.36574507
-1.48658895
-0.01606280
0.59462833
0.14487064
-0.27973187
0.56442523
-0.07897717
0.03470418
0.08118367
1.76076210
-1.09476995
3.67347336
-0.32955113
-0.49852026
0.01990877
-0.26202202
0.12910777
-1.11217535
-0.03996870
-1.88448501
-0.13865787
0.22036295
-2.14829850
-0.00421733
-0.44172645
-1.75041199
-0.03966175
1.65964019
-0.91861057
-1.02125287
-1.92232871
1.95020950
0.86399668
2.05940056
-0.07331094
-0.23165520
1.13309669
1.24904335
0.66023886
0.42721000
0.16942863
0.59227890
-0.14012939
0.49361080
-1.53673172
0.28367463
-0.51167250
0.96567857
0.20207185
-0.11783373
-0.17115793
0.67287427
-0.31354201
0.03833700
0.65009010
-0.12470357
-1.19585919
-1.79187965
-1.65836120
-0.57470512
-0.35191166
-1.52951193
-1.58906841
-0.06330051
0.84921849
-0.14483750
0.31650144
0.05337180
-2.18698668
0.62713134
-0.70086491
0.59362054
0.23629478
0.37835896
-0.03389403
-0.15054537
-0.16094938
-0.30411491
0.21148878
0.65683568
0.23554684
0.24229074
0.17274730
0.17983451
0.00780949
0.65495050
2.40596700
-1.93860626
-1.86151159
-0.17996490
0.76395458
-0.06218395
-0.75035310
-0.35738349
1.15143144
-1.39291012
-0.53024542
-0.10784537
-0.10593914
0.57507741
0.27768993
-0.35813197
2.32957602
1.31423819
-1.47407436
-2.77874804
-0.52868211
0.98143530
-0.73760855
0.06442918
0.51695865
0.45099774
-0.24818417
1.03799558
0.13786983
0.92206252
0.53289104
-0.10054132
-0.41594005
0.53224277
2.04478741
0.28391901
-0.74211526
-0.84843075
0.22149099
0.17677566
1.05805206
-0.48218971
0.38276231
-0.35921443
1.13402653
0.73042607
0.44826058
-0.84904546
-0.33761546
-0.05683084
0.51932877
0.07287949
0.34065324
-0.87686050
-0.25230318
0.14297032
-1.70135427
-0.38482156
-0.45702025
1.04473233
0.77354419
-0.32131171
0.26489919
0.16713618
1.42713988
1.66284227
1.66283977
0.05694377
-0.50773984
0.27726924
-0.20823163
-0.44020182
0.15510584
-0.31465501
1.20201111
0.68623924
-1.26457703
-0.11119916
-3.38011003
-0.29261243
-1.44628680
-0.13682273
1.06944549
0.24824584
-0.09085619
-0.45103914
1.81090379
0.30451965
-0.00615840
-0.20692955
-0.45400801
0.00848230
-0.44020784
1.01817751
0.51116186
-1.49713111
0.03867411
-1.48818696
-0.34045494
0.57728058
-0.25185704
0.33821571
0.14220005
0.21180218
0.00645199
0.08914040
0.93205261
0.20026329
0.88077712
-0.27108812
-0.20297855
-0.30914044
-0.17767522
-0.77651232
0.27252579
0.13959466
0.04777043
0.94611448
-0.25397444
-0.82776737
0.34412283
-0.09571594
-0.02794898
0.12328274
-2.05889177
-0.95266712
-0.27242970
0.14947283
-0.80154896
-0.17317759
0.76641333
0.40957570
-1.30551028
-1.02033591
1.04121804
0.81562310
0.10634385
-0.19940490
1.13328755
-0.43004021
-0.18917140
-0.51352203
1.15440857
0.06614038
0.15982550
0.29997492
-2.00738287
1.00935936
0.41487497
-0.14272940
0.61338675
-2.01935339
0.54857206
0.27111667
2.08407450
2.03655982
0.23802453
0.35665572
-0.18943620
0.28014994
1.25610328
0.77173597
-0.22888778
0.18569022
0.91173142
0.21949536
0.00160329
-0.37503421
0.22166987
0.09369782
-0.56483996
-0.15612844
-0.51387310
-0.04017696
0.65010059
-0.15580834
0.51593679
0.17224973
0.21484143
0.58184534
-0.66335803
1.54583454
0.36169744
-0.36668664
-0.18475552
0.03449379
-0.30648610
-2.66564369
-0.13939714
-0.37523657
-0.44561920
-0.35948998
0.32142156
-0.11754867
-0.61554146
-0.15050125
-0.09724882
0.55062646
0.42522115
0.27392337
0.26237813
-0.40534380
0.77168691
0.26554745
0.15774666
1.12394345
1.38982582
-2.12261724
-0.45396444
-0.09218873
1.60089731
-0.38982207
0.01343017
0.53386366
0.72507900
0.10581966
-1.50452447
0.07171680
-1.07948518
-0.05444238
-0.37526432
-0.07356775
0.03016767
0.19059145
-0.00408520
0.04980522
0.38763195
0.46470007
-1.57270920
3.56586862
0.80726665
-2.40108204
-0.27272302
0.87784642
0.18112244
-1.47730064
0.68845451
2.02533340
-0.14192487
0.03037223
1.63451004
-0.03110322
0.14265139
1.22064233
0.35154593
0.33185548
-0.02713923
-0.65331483
1.80819774
0.05021124
0.85254085
1.05936027
-0.04047543
-1.55022049
-0.31662348
-1.75773191
0.07850026
-0.34062853
-0.41728365
-0.07727873
0.10193628
-0.36596125
-0.49096701
-2.98110867
-0.44817525
-1.29384613
-0.77041036
0.40902317
-0.03086207
-0.19028093
-0.24811667
-0.06866948
0.80419993
0.07045001
0.03772851
-0.37606519
0.12269372
-1.02592671
-0.70796812
-0.25835228
-0.30697989
0.07723199
