384
1.62815821
0.05446292
-0.59465033
-2.49545050
-1.22240996
-0.85989767
0.29474911
-1.55370641
-0.30435261
-0.87128913
-0.15923813
-0.22229138
-0.05796385
-1.97909033
-1.87859762
0.55898917
1.48351014
0.22538716
2.78954625
0.07299888
-1.76731229
0.65393919
0.64769030
-0.61267620
-0.99992472
-2.47689676
0.07360171
2.04675436
0.02919230
0.07425275
0.30832791
-0.19596052
-0.35678250
1.79445720
-0.14054474
-2.98112774
-0.09631945
-0.05349129
-2.02260661
0.02322618
-0.20889916
0.56194127
-0.17936859
3.32123566
0.22553802
2.45484877
0.13855159
-1.39220119
-1.11681771
0.79997134
0.69961643
-0.04084338
2.20320106
3.03946328
-0.23209444
0.00380113
-0.04620269
0.93928087
0.33971766
0.41103229
0.44762331
-0.14243945
0.06397645
0.71517366
0.03662605
-1.32954133
0.15620758
-0.23365349
-0.34391907
-0.21357764
1.81184459
-0.74620080
-1.90790725
-0.80801857
0.39063156
-0.06073707
2.40247822
0.77020413
-0.31047398
-0.02543056
1.59421062
-0.23087117
-0.01975448
0.08673063
-1.02384663
0.27355251
-0.30083266
0.24719767
0.07734521
0.19340721
0.12694538
0.04036088
0.29617992
0.92859459
-0.20671412
-0.29972899
0.40829962
0.19471160
-0.56359214
1.25226021
-0.33456975
-0.71793318
1.13769698
-0.64697623
-0.17651570
0.08431586
-0.73030198
0.31259903
-0.12949899
0.44079465
0.00673711
-0.95811802
0.35504740
-0.05976620
0.12669152
-0.31129608
0.15894186
0.21323603
1.33644640
-0.51610911
-0.61086220
-3.06230474
-0.07322010
-0.43089068
-0.54516381
-1.74108660
-1.33953953
0.30856124
-0.32511264
0.92868519
-0.22279477
-0.15322447
-0.80419624
-0.03871236
-1.76795352
-0.51082826
1.37824833
0.33356863
-0.98027110
0.14767973
0.53822184
-0.56810236
0.75574547
-0.11991458
0.11382756
0.55107677
-0.41880986
-0.98313719
0.49418786
-0.37774932
0.88224554
-0.06284155
-0.03776624
0.55783933
-0.62827349
-1.59306312
-0.46955585
1.08607781
0.03353232
0.13009846
-0.05418774
1.51241779
1.04017222
1.29197669
0.70611113
-0.03733499
1.28534389
0.38985658
0.37771282
-1.49895120
0.70099759
0.25178140
0.52192193
-0.36412537
0.19739534
0.94258475
0.17874536
-0.27884993
-0.32253730
-0.21034221
-1.38994098
-0.22393511
-1.65254092
-0.20434904
0.39934099
-0.95348114
0.35449374
0.18815558
1.01015329
-0.91377538
-0.96689391
-0.33245808
-0.14377250
-0.53959858
0.70964473
-0.11512462
0.91724986
-0.78857982
-0.12365697
0.39781642
0.06689289
-0.12892024
0.10922432
-1.70245922
-0.13083044
0.43696779
-0.13897017
-0.22391897
-2.27051616
-0.52861643
-0.78808308
0.04461642
0.00357506
-0.10131494
-0.44525951
0.24988581
0.18591368
0.02610558
0.34245530
0.26798403
0.17804404
2.81852818
0.13682210
-0.10385884
-0.60702670
-0.25219765
-1.54023278
-0.36489013
-0.62430716
-1.34863114
-2.02555394
0.15812850
1.22165632
-0.05090350
0.07004863
-0.61707973
-2.43447423
1.03867209
-0.04153516
0.06883477
-1.28318477
-0.04449434
-0.16586529
-0.12493432
-0.54923642
-1.14833498
0.07227791
0.05395622
-0.06889480
2.32410288
0.42858008
-0.56664717
-0.43807328
-1.52360773
-0.18617599
-0.08265421
0.16260737
-0.16924819
-0.61088943
-0.07954113
-0.08400681
0.88022470
1.08514106
0.20732871
0.24400786
0.13783999
-0.84982109
0.12059142
-0.41548389
-0.88374043
-0.40354902
-0.17438839
0.12839098
-0.38742200
-0.46589094
-0.15478933
-0.01144311
0.28517109
0.67639399
-0.34070700
0.61370128
0.53902376
-0.17763284
-0.78326106
-0.36242193
0.27018356
-0.28773251
0.01549893
-0.23732364
-0.58867222
1.19986188
-0.19139192
0.50861871
-0.33178449
-0.40406549
0.20677584
-0.29166013
1.35043180
-0.31207123
-0.17681733
1.03936446
0.31984296
-0.86501539
-0.00391660
-0.06449534
-0.38021269
0.55933261
1.35351300
-1.15402532
0.01113832
-0.16491753
-0.42313868
-0.53382993
1.54721975
-0.26267478
0.90665781
-0.49747789
0.33836153
1.01407814
0.26816118
2.07429957
-0.49932414
0.30553335
1.19056988
0.20306347
-0.33383447
0.30692732
-0.30262145
-0.02671668
0.27185249
-0.49551874
3.29336333
-0.50250465
0.36540854
0.65095210
1.33588052
-0.06527415
-3.46434832
0.07527182
-1.98057997
0.07650290
-1.76228118
0.24259225
-0.21817654
0.84148437
0.39121720
-0.23918028
-0.03941049
-0.43583712
0.21478564
0.59047055
0.42839697
-0.34563404
0.34004295
-0.15223813
-0.75560677
-0.59354436
-2.78764725
0.28599209
0.01843594
-0.02042641
1.22914875
-0.03101795
0.29000330
0.20868693
-0.69770658
0.57103741
-0.65323681
0.43347850
0.82278091
0.01588855
0.10501529
1.00926518
-0.40877777
0.59300911
-0.49183965
0.00438312
0.03212463
-1.52737403
-0.09999143
2.34041882
0.59170115
-0.22476226
-0.34959000
