384
0.62037909
-0.40125751
1.12845731
-2.23414946
-0.77655584
-0.46952668
0.29465103
-1.91607022
0.49399266
-1.03277946
-0.31156981
-0.01663917
-0.44841346
-1.60910070
-2.24181414
0.59396386
-2.62109590
-0.12539041
1.03898358
-0.19930242
0.16452372
0.51361585
0.02826262
-0.01492245
0.49529269
-0.38510838
-0.57453781
2.56394792
-0.84005588
-0.31442335
0.29743522
-0.15059371
-0.15001296
1.46116471
-0.15620683
-1.97406769
-0.02771404
-0.13356623
-4.49574661
-0.03453135
-0.25327340
-1.28215659
0.19314578
2.41259050
0.21758510
0.87542862
-0.63387001
0.05693907
-0.76529086
0.75222558
-0.06486681
0.30750710
1.57218838
4.22466564
0.38874140
0.41806105
0.07840388
0.40426886
-0.09420165
0.50875396
0.43631244
0.23950075
-0.36950210
0.36265045
-0.10920641
-0.71706927
0.16481906
0.63267297
-0.69682801
0.26736498
1.26464152
-0.58224416
-1.58742523
-1.11561513
2.08560276
0.77506095
2.07691026
-0.74969625
-1.52517390
-0.07473750
1.44115806
-0.05837398
-0.32045603
0.36554807
-2.03533888
0.15322740
-0.35984558
-0.15002035
0.32535693
0.60897994
0.05046128
0.27073497
-0.64116204
0.61902404
-0.12410992
-0.49834511
0.26688668
0.16087729
0.33050308
1.20186949
0.83624697
0.07666843
2.15459299
-0.17875302
-1.91556001
0.68472213
-0.87230521
0.50386691
-0.25318336
-0.60992312
0.29613352
-1.15661621
-0.33530384
0.22408408
-0.33523822
0.09728227
0.29399395
-0.26642913
1.84145677
0.46154100
-0.24947184
-2.29875922
-0.32891494
-0.34676534
-0.17927097
-0.77011406
-0.76155394
0.22016649
0.05736004
0.55337691
0.17133699
0.44996393
-0.22573295
0.59204853
-0.28091949
-1.01867282
1.85151327
0.49771386
-1.26164913
-0.73361421
0.85708374
0.48783946
-0.20704103
-0.45002991
0.33300442
0.28970027
0.91471612
0.40513599
-0.02645242
-0.60167432
1.37566268
0.20834982
0.17785271
0.58227807
-0.57955801
-1.18388474
-0.17796838
0.60595196
-0.54797471
0.32773668
-0.76864594
0.21127993
0.59266186
1.09189630
-0.42597350
-0.44119462
1.22187722
1.51100385
2.38880014
-0.93975228
0.71373475
0.71033180
-1.29723001
-0.79326624
-0.53094649
0.36389127
-0.18511695
0.43490973
-0.24509029
-0.20504577
-1.55483973
-0.03587379
-0.76486218
-0.34060717
0.96316397
-0.68771636
0.39514005
0.33922645
1.89057791
0.29164088
0.28166854
0.22299440
-0.29657933
0.02030964
0.26755512
0.59164476
1.05491447
-0.76886815
-0.28182018
-1.63342738
-0.42157865
0.34894201
-0.30967146
-1.58449316
-0.56329143
0.21529171
-0.27072227
-0.24752504
-1.61291420
-0.31092778
1.44426703
-0.33179563
-0.68982655
-0.22845641
0.12132221
-1.21697557
-0.02804707
-0.15649825
0.24363881
0.57004756
0.22103016
1.02580822
0.01574147
-0.04855120
-0.39233366
-0.40308848
-1.46037829
-1.62999499
-0.25141919
-1.88826394
-1.72222245
-0.22357008
1.57857156
0.47808072
0.69815624
-0.62120986
-1.59576368
0.52903509
0.27345341
-0.29023907
0.13422698
0.00475854
-0.40530801
-1.59315336
-0.26202494
-0.30886790
0.74759614
-0.28142533
-0.92604774
1.64430392
0.72574943
0.16072750
0.79650915
-2.26805234
-0.11716115
0.00699074
1.07566023
0.05525687
-0.45983168
-0.16581142
-0.13565098
0.95840812
1.12125599
0.30598086
0.36586726
0.05694990
-0.09635866
0.11177367
-0.11076415
-0.08290446
0.17068505
0.29751724
0.51865274
-0.60428834
-0.24061628
-0.40076131
-0.37816057
0.25258720
1.13866222
-0.11002118
0.95679760
0.40036267
0.57210350
0.66671729
0.64311826
0.57258165
0.14905918
0.18789986
0.28691313
-2.16768408
-0.36606103
0.33183244
-0.26513270
-0.36137265
-0.64931726
0.37306780
-0.98202693
0.80868733
-0.46117344
0.22074597
0.59969014
0.14124006
-0.37798527
-0.17842309
0.64322388
-0.36694443
0.83456290
0.95852154
-0.21512544
-0.69711900
-0.22139335
-0.20029873
0.34537217
1.13038623
0.11005656
1.54818177
-0.80547243
-0.72918457
1.66073680
0.34498468
1.60802042
-0.48282146
-0.30327749
0.25129545
0.03770884
-0.05582765
0.38058788
-0.47658589
0.54171902
0.29680514
-0.90401053
3.35453153
0.05203189
-2.03423119
0.44444788
0.47222900
-0.30500415
-2.72711563
0.01447649
1.58320713
-0.04205773
-0.85462266
0.89231777
0.19080167
0.76104128
1.59589553
0.10444897
0.02674426
0.30222645
-0.43368593
0.97595620
0.10508765
0.83661515
1.32872999
-0.76429933
-0.63749164
-0.46205074
-1.46243644
0.55067706
0.17846042
-0.58189380
0.00940463
0.27060851
0.10617046
-0.26951241
-1.12401021
-0.66095483
-1.29498339
0.36669064
0.50804353
-0.23259103
0.03491232
1.36135328
0.38501066
0.60365981
0.40979815
0.01926501
0.04266073
-0.35894978
-0.19885874
0.80168623
0.06126344
-0.27656445
0.51063395
