384
2.19077349
-0.23985979
-0.45428604
-2.20547199
-1.25459981
-1.22654009
0.32307583
-1.33265984
-0.57051259
-0.88893223
-0.25532311
-0.15362769
0.26761651
-2.12481833
-2.11568999
0.33553278
1.09559309
0.46338847
3.23078537
0.13629565
-2.00007010
0.65015334
0.05902596
-0.86145204
-0.63855779
-3.04213643
-0.20034702
2.37625241
-0.27886963
0.03228991
0.44101733
0.14844047
-0.34044996
0.99884844
-0.08165091
-2.82122612
0.08601116
-0.05224875
-0.59317505
0.35730135
-0.19946903
1.49241626
-0.10817422
2.20131254
-0.21316896
2.13546300
-0.30067432
-1.36962128
-0.84682649
-0.53092241
0.63893664
-0.26277310
2.20296597
2.71620989
-0.06896318
0.01475051
-0.33255440
0.90133363
0.47731170
0.56136340
0.23279223
-0.43981463
-0.14336970
0.32784271
-0.28404588
-1.69973910
-0.08034206
-0.36844203
-0.10164446
-0.60879242
1.27373683
-0.59408784
-1.43366075
-1.15716219
-0.66498053
0.02477610
2.07208538
0.64693987
-0.34680662
0.11386988
0.78372699
-0.13788104
0.35175365
-0.24107355
-1.12169111
0.13176508
-0.33665884
0.59896338
0.23913856
0.01542656
0.26484013
0.08928815
0.20160745
1.51737690
-0.25236887
-0.49849239
0.46512958
0.09884962
0.34001952
1.10131931
-0.25017345
-0.69638634
1.41920877
-0.96663576
-1.19457185
-0.21679543
-0.75401884
0.37855366
-0.18200855
0.07203425
0.18247920
-0.68496037
0.05218600
0.05957466
0.22461388
-0.15995084
0.12520131
0.16050415
1.01863515
0.17054170
-0.87086987
-2.46619534
-0.04639055
0.43755287
-0.48778415
-2.10304976
-0.41768450
0.75753367
-0.34892425
1.17574835
0.32165295
-0.23412807
-0.59666538
-0.16991177
-2.02266693
-0.44192883
1.25325155
-0.05370281
-1.00320864
0.29620004
0.27146378
-0.66398913
1.96630168
-0.23660618
0.43226996
-0.13021255
-0.11616687
-1.58097816
0.38848257
-0.26637059
0.70519781
0.55461800
0.08345453
0.27573982
-0.68683439
-0.32686254
-0.10769914
0.67244828
-0.38373327
-0.42264476
-0.13019922
1.98560345
0.97933424
0.89574838
0.67245346
0.12538561
1.20148826
1.49905038
0.57801610
-1.88711143
0.84138137
0.72358882
0.09871641
-0.32471222
0.36868808
0.85126424
0.19064760
-1.11257577
-0.72954452
-0.23202197
-1.85059404
0.16958821
-1.79173505
-0.50149649
-0.47023109
-1.00975895
0.69191563
-0.43318614
1.31504571
-1.27605963
-0.90892613
-0.08313014
-0.45647424
-0.71589929
0.34064239
0.20036031
-0.27794379
-1.24533963
-0.31069854
0.27048823
-1.04149938
-0.12546730
-0.01703165
-1.48160338
-0.16697918
0.09821533
0.12098116
-0.13485524
-2.02912855
-0.34882408
-0.82578969
0.11326654
0.54245561
-0.60257739
-0.48428291
-0.39131105
0.07071424
-0.35284871
0.15586798
0.50039172
-0.15109339
2.62423015
-0.19843462
-0.03140483
-0.42446271
-0.21232954
-1.53028429
-0.09590997
-0.13220495
-0.57960415
-2.13673401
0.23253262
1.63550198
0.10207842
0.08216828
-0.26825154
-1.34005964
0.83959144
0.16680175
-0.00545347
-0.55481249
0.14956313
-0.29940274
-0.48296940
-1.02440238
-0.44297069
0.02520303
0.01119892
0.10567701
1.91125858
0.69153333
0.08131056
-1.45915484
-1.29256916
0.26545754
-0.05228449
0.47979707
0.62119305
-0.07162885
-0.26230639
-0.28880593
0.83049142
0.80255103
0.29968381
-0.77674991
0.21055333
-0.08428892
-0.05371222
-0.29092428
-1.04438937
-0.94740891
-0.31827173
-0.16549206
-0.33272970
-0.48153040
0.12337631
-0.10683218
0.23606920
0.73310679
-0.50923008
0.40937024
0.33209845
0.11267775
-0.50288498
-0.37776154
-0.32901767
-0.36995801
-0.04771812
-0.41992912
-0.84407687
0.83388555
-0.37373599
0.48599410
-0.70329452
0.00983413
-0.19107172
-0.39446571
1.12916398
-0.40998334
-0.46698311
1.16854560
0.54065144
-0.75460827
0.03822014
0.09954530
0.11734733
0.86671495
1.06126058
-0.15795690
-0.47799027
0.27328742
-0.03222467
0.08795930
0.95715129
-0.01369390
0.86615670
-0.76502454
0.22198960
0.73533350
0.24469754
2.31679988
-0.28011084
-0.18318073
1.26449740
0.02502795
0.00189216
0.03591608
-0.11021233
0.11416091
0.55860269
0.02650064
3.09442306
0.22122934
-0.17471346
1.00027132
1.77338636
-0.30741271
-2.02462125
-0.19188812
-2.45501351
-0.05380058
-0.90029621
0.30288222
-0.29641226
0.99382579
0.54641038
-0.17523259
-0.28581294
-0.49841392
-0.18318437
0.58432841
0.40550959
-0.53273702
0.18698290
-0.36018896
-0.80762094
-1.02236402
-3.45356846
-0.06123405
0.05854956
0.28221124
2.20942736
-0.26929128
0.29826570
-0.02636664
-0.98270762
0.43390337
-0.72036624
0.27695391
1.32542384
0.34990406
-0.04329569
0.32930556
-0.58930802
0.45810252
-0.50551164
0.10318588
-0.39727581
-1.39670265
-0.09322154
2.55118179
1.18375778
-0.33181992
-0.71081781
