384
-0.27434540
-0.72899294
1.01972771
-0.38252938
-0.68674093
-1.07685244
-0.00409335
-0.34243953
0.08141217
-1.62679076
0.11244045
0.19775382
-0.31540537
-2.07223558
-1.76222253
0.97537315
-1.26397991
0.33444461
0.75616324
-0.26255393
-0.36697578
0.44760025
-0.40176767
0.07779625
0.71818352
1.33406126
-0.94521713
3.71166134
0.01874858
-0.33191454
-0.37511390
0.02865925
0.22369121
-2.21464372
-0.51922303
-2.09235549
-0.20124725
-0.09104642
-0.43754053
-0.15544805
-0.67062151
-1.04265237
-0.08571242
1.13906479
0.05235922
-0.33400586
-2.16778636
2.13913941
0.26509207
1.30095696
-0.23673801
-0.07987189
2.01033115
2.50498128
0.68470681
-0.03530321
0.46244338
0.69749451
0.32698548
0.62862670
-0.28681853
0.16572098
-0.18293379
0.78901327
-0.33535227
0.10299903
-0.16766603
0.27538043
-0.25785279
-0.26595196
1.25257540
0.17669807
-0.87039596
-1.49484801
-2.38422513
2.33964872
-0.81183612
-0.92745876
-1.37329435
-0.06994046
0.24702531
-0.15031418
-0.29177591
0.00139350
-2.41587162
0.66725457
-0.42790416
1.04203904
0.19062050
-0.41140309
0.17053118
-0.17943479
-0.43316725
0.85948676
0.07766411
0.34219345
0.26159459
-0.08645745
0.15693353
0.01428705
-0.27977222
0.79879510
1.76196170
-3.14200020
-1.76635551
0.04446237
-0.09536279
-0.38159713
-0.14900151
-0.66323918
0.53633654
-1.10412931
-0.81271315
0.58290273
-0.19693412
0.34581959
0.20108466
-0.21221976
2.16822529
1.03205681
-1.37817156
-2.37541437
-0.51965779
0.32384405
-0.33444721
-1.26960135
-0.03258795
0.57525688
-0.37921017
1.22439492
-0.19856152
0.85200804
-0.36093605
0.32546639
-0.79183769
-0.02983814
1.68728423
-0.20659466
-0.91513741
-0.59962803
-0.47899890
0.68725044
1.09218645
-0.26436180
0.46789822
0.09225465
0.73175883
0.78891772
-0.07098849
-0.79795885
-0.49526668
0.02041403
0.09560303
0.06548690
-0.11029762
-1.28837407
0.10082647
0.53620088
-0.51402253
-0.41726226
0.20057833
1.17535400
0.55570102
-0.57303846
-0.39247081
0.27676079
0.19409102
1.51530313
1.93980837
-0.13554597
0.24329495
0.48366356
-0.98137325
-0.87596893
-0.45565021
-0.14149499
-0.43641108
0.52619183
-0.57505751
-0.12654844
-4.42889404
0.19794740
-1.66742420
-0.58233130
0.91713816
0.06053670
0.43104443
-0.10848425
1.97107124
-0.07187468
-0.38046092
-0.18136322
-0.11846900
-0.22160172
-0.54095984
1.54421771
1.16534758
-1.59768999
0.13960907
-1.41954780
-0.46248832
1.20888555
0.18795303
-0.39446622
-0.36192667
0.22133787
-0.35338861
-0.12921229
-0.73345411
-0.04408571
0.85871023
0.23323166
-0.03440335
0.31441930
-0.31648126
-0.44125736
0.03550472
0.42178935
0.38343588
1.20373499
-0.40234113
-0.75221586
0.05231169
-0.33215538
-0.09844857
0.31329954
-1.94641757
-1.09629858
-0.94401020
-0.66571963
-1.66053987
-0.60912973
1.08689380
0.66009653
-1.25070250
-0.66544652
1.18447375
0.39744085
0.60341990
-0.08493230
0.73273838
0.22822168
-0.65240908
-0.73788577
1.24581814
-0.21220309
0.15833211
-0.02140473
-2.04620647
1.10939026
0.69923508
0.04276978
0.25086510
-0.79414368
0.52439535
0.13843727
2.10364342
1.25764668
0.49342638
0.48470587
-0.16581042
0.24483952
0.83292449
0.66821277
-0.63228536
0.54604918
0.46821874
-0.03812100
-0.23877311
0.18888366
0.72579110
0.00709384
-0.51863241
-0.67579448
-0.22103560
0.33340397
0.30439955
0.16539991
0.32304233
0.05155084
0.54767656
0.42194211
-0.71130580
1.53417432
0.32454368
-0.57969844
0.10401230
0.28656894
-0.02317453
-2.84990931
-0.38686663
-0.19612479
-0.20472386
-0.45942312
-0.18171212
-0.00200242
-0.87771434
0.06645238
-0.18365003
0.23715934
0.38075501
0.47852355
-0.52505344
-0.25284499
0.90145683
-0.08958832
0.34994149
0.97378701
0.67423892
-1.86933756
-0.78263140
-0.23082575
0.84871459
-0.02198225
0.26887634
0.43703985
0.44853735
-0.31733167
-0.46437004
0.41137040
0.46789762
-0.17351209
-0.21797068
0.66461176
0.30987734
0.51997799
-0.27712122
0.17167719
0.07760966
0.30589616
-1.38590705
3.72392559
0.76053196
-2.41503453
-0.12989518
0.76076442
0.31221724
-1.31194162
0.49392384
1.73003197
-0.00924684
0.62871015
0.91291076
-0.32441354
-0.01176158
1.66200876
0.39490604
0.43322921
0.22441298
-0.54506886
1.78389800
0.02736555
0.47999668
1.15649211
0.36982611
-1.07953382
-0.29416841
-1.85892260
0.06188959
0.24823849
-0.06019378
0.85918719
-0.00413894
0.22111230
-0.23163413
-3.63279223
-0.58442938
-1.14112997
-0.55856341
0.54578042
0.09066486
-0.15582512
-1.09219313
0.09324269
0.88938153
0.41109693
-0.24002568
-0.46930718
-0.12436633
-0.74294925
-0.96557260
0.17498918
-0.10322637
0.50118542
