384
1.23237848
0.10073475
-0.08083642
-1.72751343
-0.80258542
-1.13686574
1.80805981
0.06419337
0.61350811
-1.81313634
-0.61986858
-0.44280457
-0.89116764
-1.38413703
-1.45667005
1.25028968
0.52864283
-0.33290800
3.17572832
-0.89637148
-1.95973754
1.03201222
0.50906432
-0.50717914
-1.84972107
-2.37197065
-0.16982619
2.61547804
0.68605268
-1.08932579
0.32544664
-0.29091108
-0.45799482
2.26835251
-0.60347247
-1.85518157
-0.66239667
-1.01187181
-0.85151994
1.09507751
0.20991442
0.91943336
-0.48362494
2.10855174
0.53163183
1.06889474
-1.62439108
-0.27147651
0.65311730
-0.13798213
-0.20593584
-0.74532294
3.66599441
-0.10664880
-0.98810047
0.08530110
0.27491736
1.49515820
-0.34285104
-0.22598797
-0.62914503
-1.01947165
-0.03448837
0.58333319
-1.03418994
-1.73210895
-1.35083318
-0.86973643
0.82175797
-1.30280423
1.80646324
-0.64662480
-2.43680716
-1.57566869
-2.03276205
-1.42391443
1.89725292
-0.70481884
-0.18472952
0.53111732
0.40347797
0.60923529
0.11740200
-0.14449212
-1.23093784
-0.17422101
0.35658449
1.32210958
-0.62477493
1.17664921
-0.48187977
-0.22309074
-0.68463778
-0.41005960
0.25393042
0.12849650
1.13357043
-0.10998853
0.68387175
1.34661210
-1.00170851
-0.85142642
1.31293750
-0.02204332
0.02922940
0.89643300
0.46526271
1.35178983
0.24649137
0.39745462
-0.38320574
-0.84716702
0.60134864
-0.96616304
-0.08735880
0.95502448
0.83979875
0.54560310
1.95473576
0.50725961
-1.43783569
-2.27989173
-0.17765236
1.20082891
-0.99231577
-0.12471503
-1.19970250
1.47263360
-0.28774527
0.73960751
0.37125546
-0.31650400
-0.80376065
0.17786872
-1.88101745
-0.75705510
0.41727102
-0.25012612
-0.65485632
1.16005611
-0.05464702
-0.29438847
2.75412512
0.09536263
0.04287785
-0.36552459
-1.25692189
-1.13325810
0.14460585
-0.89926624
1.23579192
0.79101914
-0.61220306
-0.79284835
-0.38561398
-1.00082135
-0.28720421
0.85787499
-0.91177475
-0.06420082
0.74814242
2.87619448
1.10202372
2.04382610
0.11937898
-0.24708267
1.09387505
0.19146544
-0.20635539
-0.83924794
0.45200887
0.08934635
0.10369611
0.23033276
0.87178314
0.77937692
1.19119751
-0.49759394
-2.05599046
-0.22669354
-0.13466460
-0.45178366
-1.13848925
-0.82706565
-0.89278042
-0.96982092
-0.12209111
-0.72404814
0.70456934
-1.13429177
-0.52831435
-0.14829889
-0.33684015
-0.31052718
0.74218160
-1.48749554
1.28280830
-1.32526207
-0.97043788
0.09169258
-0.58089817
0.52499998
-0.10639387
0.22014028
1.00884938
-0.44883463
-0.45142412
0.25665960
-1.55369318
0.57254732
-0.34710264
-0.44148582
0.13933176
-0.20765093
-0.00689495
0.50445092
1.52561617
-0.03669766
0.20018032
1.43558645
0.97207600
2.60984993
-0.01787038
0.17416179
-1.27913344
0.64977014
-2.15374470
-0.29963681
-0.94140810
-1.65572453
-1.52721131
1.22209406
1.59758329
0.29830489
0.44351116
0.22698087
-0.93647528
0.55068409
0.23210493
0.93753445
-0.71539581
-1.24810481
0.57125849
0.50365043
-0.22562873
0.05163434
0.62050086
0.14864174
-0.05189633
0.01222181
-0.23625320
-0.40521613
-0.08189380
-2.33881783
0.02588725
-0.13573165
0.39633822
1.48475981
-0.11501446
-0.50123823
-0.95612079
0.44426966
0.49835226
0.20567670
0.61275369
1.32349706
0.27410519
0.40296614
0.55433613
-2.04377794
0.18178469
0.25877589
-0.75720042
-0.36111286
-0.65139836
0.79357374
0.04087880
0.11802721
0.15858683
-0.36217400
-0.01409397
0.08108214
-0.22972527
0.62290490
-1.29237425
-0.54424584
-0.50571078
-0.14291549
-0.04181466
-0.98501074
1.26493478
-0.25197309
1.54749298
-1.30623055
-0.05662738
-1.00533855
-0.69507885
1.26845360
-0.95374763
-0.23136333
2.42845130
0.40524179
-0.10470736
0.62950927
-0.81046522
-0.84391844
-0.04513703
0.88009232
1.37943530
-1.10770726
0.49894941
-0.42314917
-0.56107271
-0.07988566
-0.68526530
0.33075130
0.85657108
0.20928337
-1.15946496
-1.06644034
0.55670136
-0.27817607
0.12884076
-0.08471664
-0.06595839
0.00214200
-0.11583395
0.30119187
0.28222921
0.48732206
-0.89356279
2.96168756
-0.11475053
-0.22972299
0.63958192
1.52944207
-0.18129908
-2.30792356
-0.16495605
-1.83389902
-0.38652170
-1.14652359
2.23375368
-0.30885068
0.84288907
0.19005409
0.08186993
0.28957337
0.02125031
-0.51642090
1.58662415
-0.29175165
0.03349835
0.46884796
0.17326725
-1.71882033
-0.17629592
-2.69149065
0.67048115
0.26904118
0.08280807
2.63403034
-0.59123707
-0.12006161
-0.55458504
-0.02382684
0.83960563
-0.33538499
-0.57149684
1.05720425
-0.22409153
-0.20271003
1.13922918
0.08182812
0.64645046
0.00805372
0.36501554
-0.58030868
-1.22316527
-0.90995812
2.62571859
0.62543118
0.72466195
-0.61805582
