384
-0.92448282
-0.03810327
-0.08438057
-2.07252359
-0.90418035
-0.59750879
0.11769772
-0.71597707
0.15059862
-0.99995691
-0.34217808
-0.13240544
0.32611009
-0.56973922
0.63255036
0.95461488
0.76271540
0.32527363
2.23343921
-0.43004709
-1.71709561
0.97515994
0.53821874
-1.77490044
-2.19761229
-1.55824065
-0.05607946
2.87254119
-0.04797366
-0.39596242
0.49708307
-0.26770219
-0.18676525
1.69388747
0.29900107
-2.96228313
-0.10860208
-0.09654222
-2.54836798
0.68904948
-0.02268578
0.19708936
-0.13737050
1.05980492
0.94344234
0.89784104
-2.24663281
1.01146412
0.94189435
-0.54267937
1.16940320
-0.37061036
1.77044117
-1.74208808
-0.26226577
0.61496514
-0.31531596
0.80280519
-0.09614331
0.00272459
-0.57336259
-0.03893317
-0.05345073
0.75504857
0.46017057
-0.94550496
-0.13127095
-0.23026839
0.23843579
-0.61643380
1.58966184
-0.32675776
-1.34984851
-1.24409151
-0.70728242
1.84318709
0.75934184
-0.35490292
0.78609097
0.00692487
1.25395489
0.75972259
-0.55553150
0.30485129
-0.28268021
0.24595764
-0.49162176
0.36343652
0.11486931
0.17427577
0.03362777
0.20699702
0.31403872
-0.49246249
-0.21146482
0.35053974
-0.04494226
-0.13120818
0.84880769
1.04468846
-0.43019742
-0.52049887
2.58555651
-2.76474571
-1.39271796
-0.02769751
0.24111652
0.11799544
-0.00514150
0.15849650
0.55543947
-0.25573897
0.12240662
-0.15165021
0.39864033
0.35059229
-0.16796890
0.43559405
1.48814178
1.00710988
-1.05513310
-3.24925756
0.59533679
1.78278017
0.19646561
-0.66341799
-2.54722309
0.50494981
-0.38167024
1.06961298
-0.12934138
0.16364300
-0.20819077
0.78320730
-1.58295107
0.11034508
0.91771185
0.31305051
-1.02408147
-0.67872822
0.64905083
-0.56286907
0.75485587
-0.19166359
0.10872343
-0.35675550
-0.29872429
-0.40143931
0.68715674
-1.03258252
0.84623617
0.40117344
-0.57395995
0.37736753
-0.22697884
-0.71991324
-0.01163712
0.57996964
-0.77437210
-0.18646634
-0.25421566
-0.04556556
1.72963893
1.27765226
0.01532108
0.09336290
1.86751342
-1.00396287
-0.42612776
0.39863515
1.31632900
-0.87974519
0.30077192
-0.12702437
0.57269990
0.14441341
-0.11219206
0.44512305
-1.86042309
-0.35870928
-0.47639436
0.26264590
-1.75590646
-0.12308666
-0.62231946
-0.47697282
-0.03394228
0.22801346
0.12845886
-0.99231195
-0.86498868
-0.44426006
-0.96761703
-0.19136485
-0.39255232
0.15468651
2.04010439
-0.67858398
-0.21674821
-0.60735285
-1.22884488
-0.25817442
0.16895194
-0.02766919
-0.16925326
0.52621359
-0.08742833
-0.25333971
-2.03824806
-0.10835437
-0.93643606
-0.04203853
-0.11364874
-0.03797043
-0.06036824
0.37099725
0.34220195
-0.06523506
0.49757409
0.56984079
0.48249093
1.54762769
0.16557246
0.27276102
-1.06431520
0.33490902
-1.45594466
-0.49049693
-1.47894716
-1.70235169
-0.40134010
0.22353753
2.33147335
0.07676846
0.06686917
0.55148566
0.99910617
0.65746486
0.36390656
0.61013269
0.37428597
-0.41066447
0.21221092
0.19434345
-1.02706552
-1.04558086
-0.18683416
0.30702645
-1.30397177
2.35304809
0.32800227
-0.59166211
-1.93103719
-1.78654218
0.50197673
0.55041581
0.97244108
1.29868305
0.04385810
-0.30400091
-0.78306341
0.35686952
0.57433969
0.44093427
0.74978149
0.45956177
-0.07837597
-0.22809802
-0.05607599
-0.93810999
-0.60561562
-0.41462731
-0.55536634
-0.82741755
-0.37804759
0.51026702
0.33859545
-0.24590228
0.12038666
-0.30956438
0.21367073
0.40023398
-1.10297608
0.04722676
-0.62884796
-0.04644458
-0.10138535
0.06095881
-0.62773669
-1.59947062
1.23446369
-0.31980550
0.73835725
-0.61803502
-0.68018895
-1.03148007
-0.14482474
1.15962410
-0.30190945
-0.11499250
1.35841477
0.34331137
-0.30541199
-0.37687555
-0.50288826
0.13090023
0.52184623
0.95245582
1.08663201
-0.82467401
0.38979673
-0.14547780
0.11853623
0.33794865
0.04212812
0.48435295
1.11432195
0.42380282
-1.31296504
0.08571952
0.23254898
-0.43334028
-0.21345556
0.76384121
0.09472044
1.08531976
0.15283346
-0.14251122
0.53320098
0.74171710
-0.82076740
2.94740057
-0.31632635
-0.14224578
0.98789638
2.37822390
-0.19934434
-2.93939590
-0.33240139
-2.10748434
-0.39686200
-0.42904595
3.06844473
-0.17619294
0.78586459
0.59066993
-0.18766810
0.05619202
-1.10552216
-0.44280511
2.18512964
0.25440779
-0.24831405
1.43151009
0.39912739
-1.73279572
0.55890006
-2.81307602
0.68711805
0.43783543
-0.16097060
0.60131979
0.07017498
0.03966627
-0.28971800
-1.02735221
0.69594342
-1.09108567
-0.22062100
0.24731685
-0.15205291
-0.25317663
0.73748773
-0.83273900
-0.11240363
-0.28821203
0.21782607
-0.01547507
-1.72625518
0.13335085
1.20159030
0.41496474
-0.33121109
1.19786108
