384
-0.63561368
-0.09437478
-0.07526815
-2.26739883
-0.30355576
-0.78938556
-0.31404129
-1.36351275
0.00527221
-2.79517794
0.31173760
-0.10552132
0.53951627
-0.90050906
-0.41251254
0.09474680
2.37204909
0.58586705
2.20142317
-0.34292588
-2.06109285
0.78913087
0.85623014
-1.33869815
-0.75479817
-0.26167884
-0.92244643
2.77607870
-0.58546937
0.30544078
0.36857736
-0.65907466
-0.44601402
2.07828045
0.82051390
-3.11288261
0.03204494
0.23001237
-1.86681116
0.48900044
-0.26585460
-0.36019605
-0.14247683
2.56684804
1.68502867
0.61720878
-0.26212457
0.80630851
1.05423820
1.72279370
1.01978016
0.24197523
1.63588667
-1.65210903
-0.29903406
-0.09324540
0.15099002
1.37911248
-0.71363044
0.54723155
-1.99175990
-0.15705460
-0.10906443
0.87141967
0.23567687
-1.60933828
0.02666431
-0.88968170
0.55987823
0.03629084
1.08253300
-0.62010312
-1.36686373
-0.19036365
-1.49357963
-2.09666419
1.14262342
-0.57733572
1.28598726
-0.12717327
1.66101766
0.40057468
-1.70841646
0.31573513
-0.42195255
0.35362688
-0.52369326
0.37163877
-0.29453677
-0.05326091
0.55152923
0.03114658
0.06493442
-1.22834349
0.00977517
0.22870821
0.21860279
0.19798851
0.10990632
0.51204079
0.01046440
0.30880773
1.23518980
-0.94251227
-1.70114934
0.54921120
1.02250111
0.16776255
-0.29737687
0.71022904
0.83474928
-0.79588103
-0.23577720
0.03122690
0.09528485
0.59088498
0.01086557
0.27691281
1.12860560
0.95382988
-1.69024944
-4.06698895
1.45632386
2.49139977
0.48628813
-0.34163728
-0.47712392
0.70201778
0.20660660
1.10680604
-0.23803055
0.25705084
-0.39998585
-0.81681120
-1.02739000
0.64999920
0.88691491
0.03197129
-0.85592431
-1.07854438
-0.04546961
-0.50755346
0.78018641
0.05738152
0.28807965
-0.03074004
-0.85123295
0.47141033
0.73199069
-0.81239486
0.76958990
-0.02356003
-0.10307823
0.04459861
0.03913975
-0.68278027
0.40680689
0.23315445
-0.65510750
0.29471809
-0.15022317
-1.49752104
2.01430655
-0.06619336
0.51366782
0.33750805
1.52532172
-0.25989068
-0.26076069
-0.14699507
0.33994064
-0.48446181
2.02962089
-0.80643821
0.85213953
0.25915369
1.89398026
1.08975267
-1.44671607
0.14164346
-1.29071355
-0.11420526
-0.87442321
-0.38586050
0.01005062
-1.19581079
-0.05151200
0.59852499
0.27465814
-1.62440002
-0.46892136
-0.40791345
-0.86807227
-0.28358865
-0.52316123
1.27595270
0.64930981
-0.67348111
0.31215000
-0.49559480
-0.83456004
-0.00635734
0.14453956
-0.30548048
0.03350179
0.55111367
-0.18942429
0.05396112
-0.32292259
-0.52833402
-1.25525749
0.24632864
0.12575160
0.38466221
-0.90700847
0.56202817
-0.46568120
0.26995295
-0.10391849
0.72383505
-0.31101304
0.54378361
0.39527971
-0.12394349
-0.04698808
-0.37060022
-1.50668776
-0.63996398
0.27360386
-1.71805513
1.10051858
-0.18141867
1.41312480
-0.13454738
-1.06173742
-0.29184377
-0.18906385
0.43043697
-0.12756646
0.04048248
0.33290306
-1.13269234
-0.49114808
-1.50391316
1.39235044
-0.92947698
0.07932366
0.23552932
-1.39701784
1.76303470
0.94128662
-0.92301452
-0.29435560
-3.18344069
0.73829818
0.05797431
0.55115724
1.01380885
-0.18366903
0.02767733
0.01917091
0.44035065
1.13705659
0.09597310
0.17518494
0.22538924
0.17888817
-0.09731789
-0.16129859
-1.68293393
-0.33831027
-0.32813370
-0.74443412
-0.09908989
-0.50827789
0.41574821
0.32080653
-0.26319236
-0.26753068
-0.95187092
0.12433394
0.37102431
-1.51956344
0.17501871
-0.38189086
-0.07084221
-0.75415397
-0.05276193
-0.16229248
-0.64557230
1.56173348
-0.17109738
0.43288970
-0.69122183
-1.09015429
-0.34582880
0.66489595
0.36885819
-0.73876297
0.65897441
0.74255693
1.00574553
0.07209712
-0.16460097
0.46412998
-0.53028190
0.32220310
0.23973134
1.50914454
-1.67597866
-0.18911424
-0.16986510
0.76300919
-0.24829137
-0.24705809
0.23653828
0.09334828
-0.02435772
-1.25271583
-0.27304843
-0.18710837
0.38165927
0.02873512
0.21184781
-0.15725696
0.93872368
0.11013406
-0.51803064
0.00286917
0.82544041
-0.75106281
3.47499418
0.00632757
1.40065491
0.58444953
1.63901663
-0.07619821
-3.25254726
0.19259264
-1.94779813
0.48223644
-0.74033594
2.33226967
-0.33411285
0.69149643
0.88790667
-1.05777931
-0.19369899
-0.50478601
-0.30320415
2.30772209
0.25135860
0.93742847
1.62055814
0.78359818
-1.97495985
-0.14885226
-1.45768535
0.62909102
0.25529891
-0.04845285
-0.42763752
0.06999445
0.16652846
-0.06268686
-1.02502453
0.77372015
-0.58464777
0.05322003
0.12653705
-0.05297235
-0.24431615
0.30197152
-0.55707991
0.07653201
-0.40200034
-0.23165402
-0.06483228
-1.23085761
0.06392718
-0.21171342
-0.20138544
-0.94160998
1.58451939
