384
1.43691730
0.13856257
-0.40623343
-2.94340491
-0.91461420
-0.71449322
0.17721191
-2.33408427
-0.17891046
-1.60807538
0.03172354
-0.10235560
0.18320230
-1.63173389
-1.70845473
0.52985251
1.46629477
0.32427612
2.40300107
0.28642526
-1.76046824
0.41911119
0.17919874
-0.92237335
-0.54775542
-1.98167086
-0.21783607
1.93929350
-0.54557419
0.17053324
0.11986868
-0.71019220
-0.02758564
2.88132358
0.18963335
-3.16720295
0.06545158
0.00047256
-3.22643805
0.20139511
-0.24035133
0.41328859
-0.06335980
3.41934514
0.52636606
2.26191616
0.63542706
-1.13787508
-1.26825857
1.61896825
0.70681554
-0.25780341
1.81421113
2.91502309
-0.40904057
-0.05670535
0.06644539
1.05248964
-0.08299252
0.38813877
-0.03937921
-0.25966883
-0.02117071
0.45330194
-0.16732275
-1.53828526
0.44950256
-0.29359061
-0.09569584
-0.16766964
1.60334778
-0.66470867
-1.52898514
-0.18438947
0.95704013
-0.55527329
2.88647890
0.18911579
0.20905109
-0.07145344
2.23349714
0.20084001
-0.59349006
0.00258474
-1.05844975
0.26197508
-0.33444208
0.00750852
0.17767417
0.12240628
0.46651465
0.33148935
0.24907450
0.53992975
-0.17996807
-0.32839862
0.71112072
0.03402850
-0.63197207
0.82732350
0.22153896
-0.59884393
0.91865712
0.45742530
-0.97684848
0.13157743
-0.82216853
0.08946988
-0.14560339
0.57729381
0.02120617
-1.43737841
-0.00239411
-0.21527399
0.26760209
0.09467961
-0.14083752
0.29854363
1.45738840
-0.58659840
-1.00369716
-3.29738450
0.29180449
-0.25450999
0.07531421
-1.27453542
-1.18533623
0.16469648
-0.13743490
0.65742576
-0.02133369
-0.32933015
-0.55477846
-0.15772957
-1.36958623
-0.46723449
1.23632598
0.22007817
-0.63002098
-0.03230079
0.30437359
-0.63028979
0.25732392
-0.39599454
0.20844126
0.82267225
-0.93756753
-0.55680132
0.57542253
-0.63765168
0.67452455
0.16656509
0.11284418
0.53645778
-0.49616584
-1.35303283
-0.15919361
0.85010135
0.24107355
0.40643585
-0.00751919
-0.45335993
1.09463072
0.92405427
0.54643965
-0.15235353
1.42335343
0.54212523
0.51351953
-1.48425102
0.55392301
0.07156688
1.08069086
-0.60815501
0.47057971
1.08837748
0.59403050
0.29627913
-0.22953779
-0.05525991
-1.31522536
-0.05768189
-1.51101732
-0.41857412
0.00323018
-1.20320952
0.00123465
0.24805281
0.84439766
-1.51438355
-0.71685266
-0.44251591
-0.42808372
-0.36970586
0.25737372
0.68420804
0.96654785
-0.84220004
0.24737236
0.19541222
-0.42954412
-0.09395805
0.24956280
-1.67444086
-0.25399601
0.32215452
-0.11576763
-0.19590896
-2.06833744
-0.30009642
-0.90148556
-0.04876786
-0.14680773
-0.49814934
-0.77012551
0.19164738
0.14337870
0.17334215
0.17134428
0.37718660
0.03912586
2.63550878
0.39554894
-0.16595298
-0.60895288
-0.22943294
-1.49511647
-0.33149382
0.01729882
-1.52438140
-1.03054619
-0.19626656
1.36586523
0.01465036
-0.25795019
-0.51243740
-2.51641297
0.72646022
-0.30520505
0.06484531
-0.97949612
-0.07750450
-0.21741959
-1.11138070
0.19351119
-1.35252130
0.04176501
0.12899226
-0.37111598
1.88480031
0.93199635
-0.35960963
0.05707806
-2.25999951
-0.15995014
-0.32923692
0.19425648
-0.41610163
-0.39729017
-0.15111208
-0.03299172
0.64450914
1.08034515
0.43835571
0.33483541
0.08355919
-0.18375708
0.20639692
-0.38207150
-1.45981383
-0.35905948
-0.36246419
0.41138530
-0.42153841
-0.48126614
-0.05783463
-0.19580336
0.05228158
0.40200174
-0.39413595
0.34885401
0.43167430
-0.26217806
-0.51112068
-0.31679696
0.24292617
-0.35875106
-0.10055216
-0.21038175
-0.59816438
1.05915427
-0.16312869
0.63574666
-0.50577700
-0.60505843
-0.28482878
0.11612484
1.12685394
-0.45460582
0.16043079
1.11090469
0.31649676
-0.49033365
-0.04830715
0.36698472
-0.53163856
0.67193907
0.92650831
-0.52385676
-0.25188220
-0.32991999
-0.49209651
0.27720439
1.40561461
-0.07386817
1.05754328
-0.80184370
-0.04850462
1.86461377
0.09115374
1.42460048
0.07915027
0.35193369
0.49964836
0.04063121
0.41330698
0.48220363
-0.61089098
-0.03325167
0.31271970
-0.39413768
3.33922696
-0.76844090
1.11327314
0.50641596
0.96942770
-0.26639956
-3.70303464
-0.21740903
-1.78853023
-0.02727485
-1.57629716
0.32848465
-0.17389651
0.90081680
0.56323582
-0.63752282
-0.27634346
-0.42272928
-0.26066804
0.57955861
0.35843807
0.22704151
0.97137636
-0.11671638
-0.90354347
-0.56515187
-1.84252024
0.76042879
-0.13267599
-0.13296057
0.48002994
-0.11074880
0.66056436
0.15494940
-0.22202408
0.33718523
-0.52230769
0.44840944
0.51995414
0.05932023
0.14106922
1.47526097
-0.38698551
0.53468931
-0.13998029
-0.11930056
0.19667523
-1.32237029
0.10804602
1.67926955
0.21784076
-0.19923672
0.21403497
