384
-0.19764931
0.29849318
1.39772618
-1.20521545
-0.65451920
-0.65827537
0.44131017
-0.38707912
0.67689788
-3.46279764
-0.47420186
0.07843973
-0.51041806
-1.25587165
-2.30292082
0.90394723
-2.37652469
-0.05041347
0.39520946
-0.07954995
-0.30725276
-0.11142792
-0.10161069
-0.06663650
0.46654668
1.18290901
-0.82589918
3.58432484
-0.19392291
-0.16947280
-0.55182827
-0.66653001
-0.01421094
-0.22543836
-0.33615735
-1.59948397
-0.62179816
-1.16277063
-2.94632339
0.65146965
-0.35241944
-0.91094363
-0.35992056
2.12430859
-1.25937712
-1.13878179
-1.23742688
1.55930054
1.55689430
1.90824866
-0.38383815
0.06347178
1.85590577
1.28749275
0.32856315
0.51047474
-0.27593267
0.19679853
-0.04096097
0.57081628
-1.90361953
0.03051262
0.15437986
1.21097648
0.29828191
-0.37741786
-0.40731400
-0.05560279
0.28326997
-0.03617696
0.05767578
-0.21785584
-0.76259995
-1.83922517
-1.09238780
-2.10680294
0.02607167
-1.08650041
-1.32347655
0.04579343
0.67501670
0.05415779
0.46994138
-0.16554861
-1.79847932
0.29099900
-0.10687268
0.22996280
-0.03289505
0.28908300
-0.16903175
-0.22861131
-0.56822848
-0.24294376
0.19876608
0.50603926
-0.07656057
-0.37877956
-0.30977696
0.71679568
-0.30697805
0.52997553
0.97185576
-1.53056467
-1.04992545
0.38117659
0.76932490
0.46003240
-0.21823144
0.29903182
1.27013695
-1.45232630
-0.29969794
0.22147943
-0.47101220
0.61714560
0.46645498
-0.02324805
2.06424236
1.79067492
-1.09304070
-3.01977754
-0.47909105
1.26191521
-0.64292645
-0.24041089
0.93984300
0.60773981
-0.15001833
0.63501775
-0.16819599
1.32703996
0.28745973
-0.77330983
-0.65965509
0.59239864
1.62763119
0.02511121
-0.97652137
-0.46554759
0.37967902
0.74469388
1.83793521
0.02896233
0.65695715
-0.14189786
0.98099524
1.15145266
0.52437204
-0.09166920
0.16728541
-0.62111741
-0.37050879
-0.21611974
0.18652388
-0.90440375
0.08002774
0.26829821
-1.78314400
-0.56056690
-0.15816467
1.20805681
0.93985683
-0.22746605
-0.33517805
0.16547620
2.14406848
2.22522807
1.92985106
-0.04933918
0.31723410
-0.05359119
-0.55079508
-0.95605469
-0.61212867
-0.33886540
1.28873312
0.60730135
-0.43314049
-0.32218808
-2.36764240
-0.15311380
-0.86717534
-0.42386016
0.83913112
-0.50517797
-0.31041980
-0.18642086
1.89598036
0.16274083
0.26174241
0.26847753
-0.64366174
0.12390856
-0.86302096
1.32124877
0.22870377
-1.53290248
0.23143789
-1.35681927
-0.29249194
0.75754660
0.44539148
-0.07184422
0.05430367
0.12870844
-0.35132754
0.26573652
0.92396665
0.53781813
0.86396384
-0.55987823
-0.58101887
0.37963754
-0.29364800
-0.70709097
0.47712022
0.02103065
0.28034413
1.13954389
-0.47462568
-0.06313997
0.34639388
-0.20349269
-0.03580391
0.07129291
-2.22992611
-1.39742613
0.68687034
0.22862674
-0.21211085
-0.05593182
1.23279047
0.55805987
-0.54237366
-1.02007198
0.64653337
0.84241521
-0.06076156
0.29130250
0.82224822
-1.17239380
-0.16633576
-2.58470583
1.54684925
-0.26503658
0.34104520
0.25927210
-1.92039454
1.00291169
1.08921659
-0.63767540
1.20834661
-1.75673652
0.17386529
-0.12413311
1.21922374
1.39677584
-0.43756750
0.14511071
-0.72077477
-0.20151815
1.24105000
0.39713636
0.24619704
0.77950430
0.33977383
0.69152164
-0.21807609
-0.87586325
0.76901269
0.66837025
-0.76509303
-0.36714149
-0.30073848
-0.06864002
0.84499305
-0.45434096
1.05201721
0.67070711
-0.14370677
0.91107678
-0.17113806
1.40669799
0.88639444
0.06195381
-0.36643121
0.52138799
0.09475906
-1.79778409
0.31265819
-0.28164575
0.11412814
-0.07737415
-0.49914375
-0.37991786
-0.93301672
0.34809735
-0.13048901
1.56647491
0.29212588
0.46990791
0.11895663
0.29809174
0.68092895
-0.28307635
0.30762541
0.74995816
0.97049308
-2.43209982
-0.15784106
-0.20025891
1.67731988
-1.31562257
-0.03818799
0.61165810
0.43942276
0.07157159
-1.42589605
-0.21389741
-0.30437738
0.30805579
-0.73441386
0.04471919
0.43435651
-0.55426115
0.22315811
-0.05448213
0.28084785
0.39261252
-1.37279928
3.64328599
0.52619022
-1.83079147
-0.35853803
0.49616617
0.34885150
-2.24973989
-0.15277883
1.91356528
-0.32230160
0.18972531
1.57619524
-0.03148826
-0.13184339
1.11711252
0.44245297
0.76563972
0.27518666
-0.00177225
1.62266183
0.25516129
0.94191670
1.09007776
0.76692176
-1.54648566
-0.20368826
-1.90469289
0.26832363
-0.20929149
-0.27117246
0.04211169
-0.19078930
-0.79941911
-0.35184944
-2.55279398
-0.24374980
-0.63652831
-0.65849376
0.07594046
-0.39821970
0.26528746
-0.04903993
0.61516738
1.38596106
-0.20492275
0.14459506
-0.19398621
0.61224240
-1.03375340
-0.87360513
-0.54863751
-0.05306864
0.29304245
