384
-1.66065741
-0.17904055
0.97136867
-1.45398307
-0.03950079
-1.60346246
0.51398677
-1.96412492
-0.09504419
-2.68288469
-0.22490737
-0.29794601
-0.08614048
-0.05205679
-2.28697395
0.73615617
-0.93345165
0.63527048
-0.64908504
-0.88096678
-0.68909961
0.36391950
0.01353839
-0.18015760
-1.55611706
-0.56219542
-0.15992771
2.45913601
0.92670804
-0.18668848
-0.88719994
-0.31620049
0.42011902
1.80592513
0.05120683
-1.44989204
0.05328292
0.29147905
-5.10545349
1.30245459
0.22836262
1.52231479
-0.46045002
2.66315699
0.27977735
0.42237616
0.73302913
0.89610100
1.32519174
2.09986281
0.34689158
0.06557176
1.09450746
0.32634777
0.27023575
0.21723096
0.03745755
0.85542673
1.61589956
0.46138170
-1.25679040
-0.10136952
-0.53615344
0.47736791
-0.05730815
-1.42167211
-0.35075977
-1.33959079
-0.25272703
-0.13167843
-0.14439189
-0.27319431
-1.40577781
-1.34543908
-0.43895078
-0.42746240
1.75785899
-0.60142589
1.18048525
0.39575559
1.65725827
0.72146285
-0.08953442
-0.55453587
-0.29163575
0.60368699
-0.22655395
-0.16917810
0.05462801
-0.10735026
0.21202353
-0.16937339
-0.08947623
-1.11468816
-0.18897513
-0.19426186
0.86303627
-0.25286770
0.82550943
-0.09061012
-0.28878146
0.03261678
1.71109736
-1.18458450
-1.78053260
-0.19630727
0.98613727
-0.15343469
0.22327672
-0.20007673
0.83310759
-0.53136563
0.69424593
0.88772106
-1.33013117
-0.08351337
0.17639668
-0.27750841
1.80603385
0.02022302
-2.29628396
-1.74983180
0.48564610
0.49462146
0.41966909
0.16649044
-0.63621539
0.67662853
-1.14465559
0.38345405
0.42262670
-0.31868124
-0.91036707
-0.31938383
-0.04818112
0.27007002
1.47345138
-0.14257826
-0.06969857
-0.52812207
0.01343413
0.18268958
3.97577810
-0.53482848
-0.49633563
0.11822686
-0.92476237
0.55866444
1.28625405
-0.88248813
0.91780305
-0.21870688
-0.68008357
-0.61187446
-0.00365576
0.39375040
0.03884001
-1.54759490
-0.35187492
-0.05273190
0.89856541
-0.64614534
1.03293717
-0.39075091
0.03777066
-0.36059579
1.03034484
1.02056801
-0.73512661
-0.51760328
0.04682398
-0.73925573
2.40370464
-0.10875705
0.22799331
0.64808989
2.55776358
-1.71816814
0.01847977
0.04058410
-0.01335460
-0.61064750
-1.72718239
0.17756850
0.10104674
-0.76841438
-0.05484179
-0.22111817
1.08750868
-1.35756385
0.65562546
-0.69078600
-0.11635699
0.18755297
0.12284052
-0.30211022
0.09455258
-1.41817427
-0.30910861
0.59897369
-0.66784620
-0.26047546
0.15797864
-1.04267430
0.42226267
-0.27950215
-0.19598909
0.95841718
2.52535844
0.11531845
0.17600206
-0.44618797
1.68224931
-0.25680864
-0.45197245
-0.61811256
-0.27066794
0.56179416
-0.51994729
0.89494967
-0.51104951
0.43137804
0.03539667
0.16561383
-0.00358573
-0.89882267
-1.73767090
0.37963185
0.61615294
-0.86597931
2.03179336
-0.30636257
2.59928155
-0.01418392
-0.54005235
-0.41478026
2.37111235
0.47210726
-0.53187889
-0.05117858
-0.26105559
-0.61275375
-0.08230286
-2.07555246
1.57841587
-0.67106950
0.20337431
-0.16865292
-1.63438606
0.86965555
0.47576904
0.33846790
-1.35250211
-3.29767942
0.08060291
-0.27163684
1.88434303
-0.65985137
-0.05344815
0.00711031
-0.57911080
0.93039262
0.35482746
0.46394581
1.22196448
0.44249064
0.22507817
0.35292628
-0.39540270
-1.54529452
-1.42927647
-0.00252064
-0.13446257
-0.07778029
-0.57846832
0.62508631
-0.80294037
-0.33785430
0.86468375
-0.20980090
-0.40333536
1.03551745
-1.06106567
-0.17444089
0.09414257
0.50509083
-0.97522032
0.32168299
-0.14677662
-0.93461609
0.30220044
0.06831552
0.93325400
0.20784444
0.21443011
-1.15373492
0.18238002
-0.41500837
-0.97686702
-0.88473427
0.89575249
0.73325503
0.62470722
0.10046017
-0.74123043
-0.15301669
-0.47740912
1.91841578
1.96942890
-1.59708476
0.92833948
-0.45303524
-0.26719409
0.81587678
-0.42858753
-1.78393543
0.78471863
-0.32384023
-0.34679025
-0.29529703
-2.52890253
-0.12155768
-0.21847405
-0.37100998
0.33196431
0.62172735
0.64929509
-0.61503106
0.00500676
0.77557337
-1.77733541
3.52843523
0.39844897
2.68875313
0.90180296
0.37122852
1.01330566
-2.06249571
0.71559429
-0.89477420
0.42419821
0.66199195
0.02595800
-0.36366150
0.53716224
0.36962682
0.30528340
0.44357383
-1.00418878
-0.15520239
1.87666464
-0.81672347
1.05924225
1.76680839
2.19431448
-2.52147722
-0.48408592
-0.27767503
0.17589179
0.05858846
0.06757447
-0.72678143
-0.32862079
-0.15012953
0.50954807
-1.73095894
0.19306695
-0.20967782
-1.09600425
-0.09508979
0.19920507
0.55065590
0.53968900
0.72007233
0.91724598
-0.40802473
0.09756467
0.15681182
0.57881212
0.70194441
-2.98560691
-0.12081373
0.63587081
0.70385778
