384
0.44556040
0.12475862
1.33307886
-1.92759585
-0.39564919
-0.37875950
-0.00372341
-2.30420876
0.12612143
-2.31952000
0.19332157
-0.10120742
-0.16731332
-1.57727993
-2.14565587
0.75530893
-2.67783713
-0.44680828
0.88962686
0.40111417
-0.03010660
0.33960986
-0.54148793
-0.48036289
0.96868569
-0.35659149
-0.43681920
2.60696769
-0.87465513
0.10775092
-0.25744015
-0.49586862
0.22196351
1.52820981
-0.08721651
-2.18756652
-0.28024334
-0.19597104
-4.38883209
-0.00410184
0.11511057
-0.71702063
0.27612016
1.94365108
0.18253027
0.53801495
-0.62262177
0.10564875
-0.99767810
1.17094409
-0.23948108
-0.06035386
1.54149818
4.01938105
0.16639082
0.16837020
-0.17763190
0.10688227
0.02454677
0.79278344
-0.06818756
0.32551378
-0.14044295
0.74297357
-0.21897452
-0.87022257
0.09301717
0.32576466
-0.48095894
0.18729740
1.16100800
-0.27062309
-1.10857844
-1.08373284
1.49915004
1.59762073
1.90924168
-0.28339770
-0.64328688
-0.15354113
1.25649464
0.34686571
-0.59762126
-0.13960913
-1.89783335
0.54454356
-0.69459367
-0.07381964
0.02097065
0.01125380
-0.32311919
0.38684767
-0.05661090
1.02508175
-0.00791541
-0.08836696
0.36911407
0.19327556
0.06435586
0.49751949
0.22395797
0.62802833
1.54504251
0.01408851
-2.70859218
0.29811943
-1.25834858
0.21036434
-0.52648324
-0.01624404
0.68636847
-1.24717498
-0.71740091
0.50677013
-0.00722970
0.55914170
0.30221874
0.30664375
2.04525828
0.50882512
-0.68165958
-2.26096201
-0.33898121
-0.29985237
0.00697470
-1.08102989
-0.28106654
0.24478090
-0.09537479
0.54971606
0.51920211
0.40234697
-0.06486306
0.26125643
-0.59441340
-0.22674060
2.01355863
0.33924246
-0.50139731
-0.65247995
0.47258046
0.38995275
-0.46153057
-0.27309453
0.66624773
0.60881710
0.57703698
0.58746856
0.35797739
-0.58867580
0.82063794
0.24040563
-0.02293169
1.20981538
-0.36911601
-0.95744610
0.37761134
0.53447473
-0.59389198
0.00437547
-0.27076179
-1.40431893
0.98482281
0.45551357
0.21849124
-0.26354286
1.31292415
1.74374628
2.20827174
-0.79755521
1.13260269
0.48378393
-1.17424512
-0.80936503
-0.51051676
0.41770250
-0.32091600
0.87315559
0.09455487
-0.19477075
-2.23173094
-0.23037046
-1.04710150
-0.73270953
0.15176605
-0.86667615
0.03957766
-0.13076928
1.95021415
-0.00378364
-0.19563426
0.15305778
-0.32349038
0.01792501
-0.46345481
1.84396613
0.64992535
-1.14940083
0.13431095
-1.49071980
-0.82752603
0.26077569
-0.31257811
-1.45679951
-0.30525970
0.07264127
-0.19992256
-0.68397117
-1.62682712
0.58198112
1.24330008
-0.60401309
-0.81037837
-0.18878281
-0.45859990
-0.71086723
0.89183974
-0.14650834
0.23316243
1.12411368
0.61860204
0.48201036
0.46011606
-0.69122434
-0.08811828
-0.15028684
-1.52557003
-1.56925499
0.91322422
-1.09227443
-0.84149420
-0.48534039
1.69271350
0.42149675
0.09362805
-0.95153302
-0.59295475
0.16342542
-0.06827393
0.09540539
0.62259865
0.00246228
-0.37514558
-3.34218478
1.23696101
-0.23182450
0.15658748
-0.09623563
-1.27443576
0.96463346
1.11160123
0.37565812
0.63893342
-2.37533188
-0.59180450
-0.66542113
1.13905096
0.30479741
-0.12929994
0.49102181
0.04440454
0.53509617
1.04873431
0.58969069
0.32319567
0.08221604
0.09579435
0.48136091
-0.13480833
-0.66685629
0.70075190
0.30826867
0.28113514
-0.96769720
-0.38090968
-0.32921445
0.27502182
-0.01865603
0.86905646
0.21896887
0.53619719
-0.08572597
0.31239489
0.48860121
0.63047642
0.24468926
-0.19675410
-0.21829972
-0.35744077
-2.51723194
-0.39395273
-0.07944442
0.03650763
-0.69717020
-0.12456127
0.16096076
-1.21768498
0.68856776
0.28649604
0.61261392
0.83280605
-0.19666266
-0.05760638
-0.28090256
0.77794212
-0.18158564
0.17691790
0.49024686
0.38481683
-0.93571138
-0.15266663
-0.00845188
1.15902257
0.40487957
-0.02715372
1.71020973
-0.89462650
-0.34078968
2.31448674
0.09677949
1.25192881
-0.42419484
0.20085964
-0.10836047
-0.15372100
-0.03593017
0.42812645
-0.67514324
0.21898358
0.27846596
-0.96639395
3.48328829
-0.41173401
-1.52177250
0.21304770
0.16383141
0.20247439
-2.73494101
-0.38835135
1.87770438
0.10837718
-0.12286405
1.14465833
0.18813872
0.29485363
1.22061133
0.29513305
-0.28250659
-0.20609760
-0.10643941
0.96684682
-0.31103134
1.48148751
1.38103330
-0.49280602
-0.82306302
-0.45478821
-1.21958947
0.49371791
0.10512647
-0.09375010
-0.36070108
0.18705526
0.57381439
-0.42937994
-1.62057972
-0.61859328
-1.01339877
0.22618195
0.40773714
-0.14616542
-0.05191369
0.82273436
0.16651800
1.01941752
0.07145858
0.06029243
-0.02283393
-0.09592092
-0.66915613
-0.38490844
-0.25253832
0.06392349
-0.04299337
