384
-1.50030410
-0.19367865
0.88924348
-2.34832621
-1.09078407
-0.19290733
0.76302934
-3.53421140
-0.36518526
-0.56468427
-0.16433559
-0.03571221
-0.34165502
-1.10007167
-2.29077721
0.78619379
-0.27031150
0.20710213
-0.25696206
0.10739083
0.14253861
0.07626241
-0.18934958
0.46225750
-0.73431027
0.18308215
-0.04677761
1.59628844
1.62069440
-0.25224096
-0.35599554
-0.11080272
-0.01402245
0.41447943
0.00157309
-1.88678265
-0.04523724
-0.27570468
-3.69288015
0.00371224
0.03681001
0.16168736
0.13341628
2.68044925
-0.21155612
0.32378528
-0.34479487
-0.44787961
-1.75741231
1.56367791
0.15416297
0.00869426
1.39137030
3.37640452
0.40072531
0.18570000
-0.09368183
0.04133278
0.98151529
0.55268043
0.85870636
-0.22192471
-0.49262097
0.21226197
-0.01630566
-1.42431831
0.31645170
-0.16488141
-0.24902622
0.23457450
0.45809102
-0.36361241
-1.89573145
-0.69116986
1.62162924
2.73651624
3.47664523
0.01621127
-0.48844075
-0.06332429
1.53699183
0.42716709
-0.14523205
0.05470647
-1.42835832
0.00561863
0.20513968
0.47989285
0.14476378
-0.01601939
0.19472758
0.20230648
0.15195000
0.03675762
-0.02661657
-0.70716649
0.37269896
0.22888038
0.30533817
-1.25973117
0.17986566
-0.56624442
3.67668200
1.47807741
-2.20466065
0.21326093
-1.39767456
0.15676335
-0.41320282
-0.22105938
0.42816514
-1.10750091
-0.37060452
0.48481017
-0.55418789
-0.43285826
0.17623904
-0.17762592
1.90226555
-0.48458534
-1.42769289
-2.32027936
-0.30956537
-1.02789974
-0.22614075
0.13270557
-1.99099445
-0.08924747
-0.20750624
-0.07546455
0.73758161
-0.05337481
-0.62074912
0.62415504
-0.00549960
-0.75808787
1.61488080
0.14846787
-0.20738412
0.34673333
0.21818435
-0.17478471
0.63438976
-0.37401572
-0.04536104
0.78186899
0.05356065
-0.33344349
0.73923874
-0.41731203
1.05259418
0.05144191
0.01003957
-0.21968062
-0.02732700
0.08700576
-0.61748338
-0.54902196
-0.13621393
-0.39799115
-0.31472141
-0.51567811
0.93651938
0.44764072
-0.61831760
-0.03839644
1.07482576
1.73318255
0.01187068
-1.64842153
0.83823276
-0.15346837
0.21447800
-0.52107137
0.09633087
0.75795531
0.16376644
-1.70841300
0.62365007
0.00387929
0.46536195
-0.24852347
-1.35606277
0.22042656
0.94441092
0.47655171
0.18870375
-0.52578819
1.79250383
-1.05722761
-0.24725223
-0.40842202
0.53578883
0.36585492
0.17591803
-1.62019575
1.04436040
-1.14601862
0.34602961
-0.04645522
-0.72454679
0.09890691
-0.18886572
-2.29626346
-0.30785072
-0.41823715
-0.22020361
0.19030869
-0.88606322
-0.11126104
-0.20104815
-0.05191140
0.44166824
-0.86053610
-1.24346352
-1.66964054
0.24429998
0.34104037
-0.14631304
0.49625021
-0.07356775
-2.71216488
0.41837645
-0.04918052
-0.26159286
-0.18292496
-1.01700687
-0.13481116
-1.09803438
-0.43548477
0.03105360
-1.07024217
2.29636621
0.18901792
-0.12667257
-0.51467824
-0.87997895
0.74114156
-0.35327908
0.02208687
-0.31531012
0.09341060
0.56067568
1.79640913
0.45220891
-0.00019145
-0.03540286
-0.26976773
-0.85145354
3.31369591
0.47277856
0.36555636
-1.54651546
-2.24264455
-1.04125106
-0.01783229
2.37060165
-1.79027402
-0.23917815
-0.02266521
-0.08931302
1.21541905
0.73642498
0.51019412
-0.27627128
-0.05104023
-1.27192688
0.31142426
-0.32744437
-1.23199725
-0.30473423
0.03119011
0.64287716
-0.80536902
-0.49807858
0.04274280
-0.23720205
0.08843428
1.40492296
0.29672861
0.14009561
0.48967981
-0.02433464
-0.83224320
-0.12894569
0.07173866
-0.09203287
-0.10924896
0.02390552
-1.91027856
-0.63732582
0.36813185
-0.01168736
0.04581217
0.67519093
-0.31994367
-0.25803292
0.73502636
-0.02702047
-1.46438301
1.38226151
0.42191899
0.16940834
0.14616345
-0.39188099
0.63477969
-0.18782838
1.88206983
0.65261751
0.88838482
1.73207664
-0.27538264
0.68495953
2.10419869
-0.08443404
-0.69856578
-0.20790894
-0.14252053
2.40087771
0.22750655
0.55954075
-0.06977392
0.01222372
-0.42054492
0.15120319
1.07597852
0.30157110
-0.59350908
-0.33164823
-0.07174149
-0.94229972
3.43411231
-0.06267685
0.69143182
0.02215391
0.60115385
-0.19141664
-1.86221218
-0.30478883
-0.59530067
0.17556885
-0.20264161
-1.31880236
-0.27933893
0.16436248
0.69441146
-0.24850404
-0.35199896
0.16449335
0.01185996
0.00689948
0.08726057
0.04331020
1.75653541
-0.04204911
-1.51988602
-0.53517377
-1.06192148
-0.39668745
-0.09138030
0.04109897
-1.58931959
0.04848121
0.28680104
0.65720105
-0.55450761
-0.03189719
-0.68378949
-0.20408142
0.16419256
0.19796619
0.18453199
1.04057908
0.19523758
0.70262516
0.46359712
0.08011432
0.36995137
0.17806137
0.15960504
-1.28166556
0.46314168
0.23961945
-0.16470259
