384
-0.14073975
-0.52111477
1.16656077
-0.57844985
-0.78349686
-0.12313634
-0.47142947
-0.14899790
0.91033429
-2.25357270
-0.31134570
-0.35531473
-0.02821320
-1.71494079
-1.36699009
1.66983771
-1.40545130
0.13981551
1.62640429
-0.31076634
-0.39899465
0.94262296
-0.25978243
-0.21229668
-1.43396688
0.04193655
-0.89282846
3.31060863
0.39396852
-0.48596230
-0.14171362
0.04141825
-0.19471017
0.37531346
-0.45253125
-1.38096666
-0.02991995
0.10943832
-0.99040174
0.42642596
-0.05028476
-0.92075819
0.21389696
0.88248599
-0.46937937
-0.45022732
-2.80240440
0.99836773
0.18020885
0.02755016
0.18527183
-0.29856575
2.58192253
0.68777716
-0.13594988
0.50426871
-0.09758480
0.21535522
-0.55600607
0.42320251
-0.70279986
-0.00320543
-0.82752109
0.54294538
-0.15562779
0.05210710
-0.34843165
0.21810386
-0.09499188
-0.26951602
1.60787404
-0.02795422
-2.24539661
-1.67568588
-1.37778831
1.26123142
0.86857533
-1.56108820
-2.20116496
0.03620433
-0.27122939
-0.25498676
0.11766043
-0.67410851
-1.96013999
0.36687583
0.05230606
0.68067479
0.04883762
0.34159863
-0.13751173
0.25759330
-0.14504302
-0.71355152
0.04974615
-0.20197752
0.19947189
0.13245629
1.24076915
0.95838493
-0.09195878
0.26620069
3.33530760
-1.33585024
-1.12662327
-0.04838237
0.08796541
0.30695319
-0.37084445
-0.04370184
1.15060043
-1.21129799
-0.54942858
-0.00565962
-0.23965460
0.26563144
0.48463327
-0.42407700
2.19559312
1.30006409
-1.22027695
-2.51504230
0.17982849
0.64662468
-0.89884686
0.49997434
-1.22884333
0.94105172
-0.35888982
0.74668074
0.74785972
0.64980531
0.17066523
0.91955626
-1.75315499
-0.35565621
1.42851019
0.25279373
-0.79638886
0.33330661
0.21642509
-0.05989556
1.26637685
-1.12003875
0.20053454
-0.67263842
0.36478108
-0.42652786
-0.34555325
-1.16331863
0.08462954
-0.36219585
0.03476706
0.00072374
0.06222886
-0.62968272
-0.36872005
0.17766650
-2.14555240
-0.30646029
-0.39270154
1.98848629
0.33707899
1.43428826
-0.15202981
-0.14960898
0.57589710
1.59064674
1.29668224
-0.07591170
0.02862510
0.18458319
-1.68464971
-0.43174323
0.37810719
0.50450408
0.07357258
-0.06849533
-1.86941993
-0.26733291
-1.91381669
-0.01487581
-1.11191905
-0.48756671
0.38844529
-0.53462225
0.18835546
-0.74932599
1.82558823
0.70598572
-0.81989980
-0.07475895
-0.39474785
0.21419029
0.41385311
-1.37909269
1.75813103
-1.68215227
0.09045572
-1.73799789
-0.78722405
0.25992674
-0.21008563
-0.13199395
-0.18481195
-0.39770520
-0.34382403
-0.41946200
-0.97554684
0.25816858
1.30782664
-0.08975839
-0.36975759
-0.41089839
0.17579532
-0.28221738
0.66833925
-0.52557313
0.36762002
1.82209229
-0.21735664
0.90523279
-0.21640554
-0.09482768
-0.13238801
-0.03654051
-2.06202030
-0.81028318
-1.28680491
-1.78452718
-2.56230259
0.31563568
1.23651779
0.51555187
0.06683731
-0.09156987
-0.06585968
0.33098698
0.28573823
0.04467854
0.53088057
-0.27725673
0.48413587
1.95094442
0.19116288
1.21184444
0.10663953
0.25399119
-1.23364413
0.15775716
0.56487799
0.21955755
-0.01682073
-2.28197765
0.72961986
-0.04363611
2.06136656
1.55350327
0.32565686
0.47176909
-0.46651623
0.98126769
0.54415625
0.55185890
-0.19923899
0.60249549
0.41787523
0.11804096
0.22784057
-0.13390779
-0.39804643
-0.09831063
-0.42626870
-0.06709498
-0.57330257
-0.06241546
0.06919597
0.15559998
0.90869308
0.12801594
1.22622073
0.36962298
-0.71842337
0.88322026
0.19989058
-0.65210903
0.06185985
0.30971280
-0.24499869
-2.71804094
-0.34033188
-0.20643304
0.04025403
-1.03225374
-0.27830210
-0.45088667
-1.64943182
1.13262820
-0.43563366
-0.82271916
1.65274370
0.33684632
0.11949262
-0.29319453
0.59499121
-0.09705162
0.36210534
1.20293546
1.11008048
-1.62716126
0.15303648
0.20252082
0.67355371
0.53341663
-0.49206567
0.97229004
1.20598924
-0.02146181
-1.28414321
-0.14844584
-1.22503328
-0.26731932
-0.61714470
-0.88111961
-0.03386043
0.56060547
-0.52287084
-0.21330768
0.17187244
0.39140952
-1.23823571
2.94408751
1.03085005
-2.89001346
0.58052540
1.67990839
-0.01665982
-0.57476294
-0.02603707
1.67341316
0.00496344
-0.10495624
2.86262631
0.00850286
0.94450903
1.16555369
0.33943290
0.32590544
-0.12683159
-0.52885461
1.68196297
0.12049459
0.99832892
0.63837266
-1.24326861
-1.83130193
-0.25996992
-1.81344867
0.04962058
0.04673797
0.07386850
1.93767452
0.30435121
-0.34860355
-0.29132873
-1.49520588
-0.86726093
-1.04979765
-0.11440030
1.21601248
0.08051406
-0.17048183
0.84842479
-0.53260428
0.89581144
0.34328645
0.05255957
-0.25587463
-0.59012723
-0.32314831
1.50687671
0.16793293
-0.49261221
-0.25976473
