384
1.07009292
0.85422915
-0.01189739
-1.16315174
-1.07154155
-1.44320631
0.27673754
-1.00410426
-1.05303371
-2.82889342
-0.16030902
0.24102607
-0.59136897
-1.41139853
-3.43737984
0.44416416
-0.24259275
1.02669978
0.20422971
-1.25998747
-1.20571756
-0.53068024
0.32571834
0.80212033
-0.41864088
-1.52746439
-0.68588853
3.24596453
1.22194672
-0.06531918
-0.92287320
-0.44484293
-0.35551834
-0.59398705
0.15803197
-1.85842574
-0.22997782
-0.13943079
-2.19459009
-0.15044832
-0.50370812
2.70345974
-0.61539054
2.32844615
-0.09572928
0.64917839
-0.24467862
0.89191407
0.48000669
1.71918774
-0.47699028
0.69851148
1.84744251
2.79810524
-1.04568446
-0.23155440
0.04432271
2.15315533
1.99283695
-0.63125193
-0.50317740
-0.43848112
-0.62978989
1.20380247
-0.92986178
-1.05340481
-0.58285630
-0.46631932
-0.02785519
-0.28652674
0.02267940
-0.36742556
-0.78427589
-1.68779325
-2.43552780
0.85411167
0.00760937
-1.12080538
0.61205208
-0.96095634
0.52007806
-0.19078863
-0.74693924
0.55074906
-1.60740316
0.38581198
0.08012211
0.22559196
-0.27790546
0.35453898
-0.04562998
-0.32110220
0.32754463
0.66390789
-0.05963662
0.48139173
-0.54162604
0.49335176
-0.30252692
-0.27706817
0.30880558
0.06464319
-0.74072921
-2.73911977
-0.12529337
0.81939328
-0.08628476
-0.19001174
0.17730427
-1.00044239
0.15858921
-1.22378755
-0.53634650
0.59605414
0.00712316
0.09025919
0.00120630
0.03018521
1.14367604
-0.04590654
-1.79913116
-1.92156744
0.23612547
-1.12206411
-0.70893615
-2.34209895
-0.92869395
0.21360303
-0.15868175
0.97334337
-0.02037215
0.40169686
-0.95368892
-1.42423093
-1.17114198
-0.20006682
0.37263846
-0.58670151
0.30069265
0.37401068
0.32181585
0.09150095
4.76136160
0.12307158
0.66752511
0.20286655
-0.70772284
-0.74093509
1.15836644
-1.19054163
-0.13351005
-0.16092199
0.53900427
-0.12861311
0.15877679
-0.72727609
1.13242757
-0.02489001
0.19474643
-0.19334425
-0.04137378
1.06955528
0.96828073
-0.28055394
-0.48997930
-0.30090854
0.67688197
0.70732927
0.21143144
-0.97532785
0.49225307
-0.02377830
1.95891452
-0.25183672
-0.72718751
-0.34767228
1.31511021
-1.95751071
0.12115341
0.35447139
-2.86519289
0.02871090
-2.79226851
1.00819242
-0.04075475
-0.91871095
0.21627612
0.45843261
1.02382076
-1.56873357
-0.79346675
-0.66959375
-0.64833719
-1.33075881
0.07236856
0.23950547
0.65207440
-2.02233362
0.61526215
0.98801684
0.07145926
0.26698339
0.13823387
-1.07761765
-0.33284539
0.19616039
-0.65180546
0.54402375
1.07700658
-0.84183061
-0.86899352
0.99510962
1.52889788
1.24351907
-1.32527232
-0.17477080
0.70295852
0.94389725
0.05777322
0.59636492
-0.45897922
2.04733801
0.86177790
-0.31266931
-0.83536845
-0.54728532
-2.09186125
0.49545956
-0.36376205
-0.23351988
0.33882836
-1.13581610
2.39933205
0.40128255
-1.04451120
-0.12707007
1.94940090
0.17912546
-1.02987516
-0.91197944
-1.02569425
0.40240389
-0.61467153
-2.41148925
1.84803104
-1.97399914
-0.38214850
-0.30217719
-1.15142238
0.24217832
0.62397790
0.25504208
-0.33826479
-0.76826751
-0.75235766
-0.43761262
0.91848660
-0.06817725
-0.28772900
0.10511714
0.64550328
0.62351441
0.31462216
-0.00055253
-0.24525493
1.23363459
0.65790242
1.19878745
-0.50097477
-0.33869109
-0.36751872
-1.00060630
0.19550523
-1.50981176
-1.11778092
0.69850534
-0.18901967
-0.76137090
0.52074319
0.33447897
-1.46130145
0.23747854
-1.03123164
-0.32557562
0.57838881
-0.92839491
-1.17552221
0.08628856
-0.12163360
-0.76124942
1.14966178
-0.37964565
0.87545466
0.00560930
-0.00850609
-1.29486108
0.48845682
-0.49139813
1.06307006
0.03856176
1.05007839
1.64156795
-1.32838738
0.55758607
-0.42354158
-0.37312305
-0.10167383
1.99869442
0.01723605
-1.88786590
-0.97236502
0.55855805
2.50560522
0.06164345
0.88312292
-1.72840738
-0.69146204
-0.31823638
0.40326327
0.27306619
-0.04832029
0.93196893
-0.16926828
1.77852893
0.05246566
0.00256743
0.32024327
-0.23194280
-0.87895912
0.01505091
-1.21787810
3.80558991
0.12443951
2.19363308
-0.35628831
0.38453752
0.13328488
-1.93132997
-0.86425078
-1.45671952
-0.60504991
0.85285163
-1.62798405
-0.09315503
-0.26967508
0.80676544
-0.58458626
-0.11730939
0.49221396
-0.22527644
1.86204708
-0.31003645
-0.24393848
-0.18774396
2.87603307
-0.92981899
-0.84882152
-1.54353011
0.97726178
1.00982809
-0.91422778
1.29833746
-0.82108909
0.66371667
0.41529486
-3.03951216
0.22384289
-0.32447362
-1.54476810
2.84825754
-0.17769311
-0.37951085
-0.86874557
-0.12693948
0.65778589
0.68865269
0.07242629
-0.41227847
-0.18171570
-0.55367780
-2.48209620
-0.50509483
-0.81964445
0.09021765
