384
2.03994083
0.17290062
-0.50058806
-1.99078393
-1.15055823
-1.53275895
1.06501842
-1.25891244
-0.11716403
-1.02928007
-0.59157455
-0.01031868
-0.09743404
-1.98925614
-2.46941352
0.98784280
0.19997685
0.47140473
2.06581974
0.27583861
-1.54053700
0.55921417
0.71097720
-0.64535224
-1.21361423
-2.58211040
-0.46462679
1.95419633
0.27508759
-0.42700630
0.28699028
-0.49526808
-0.54791081
1.92487419
-0.02924068
-2.31266284
0.02080231
-0.04635404
-3.59686232
-0.27450824
0.06271753
1.18390608
-0.22965956
3.07097769
2.06327176
2.88247275
0.47889280
-1.07321823
-0.83701670
0.58037829
0.56361943
0.00451618
2.01599956
4.11888742
0.17928615
0.00016476
-0.09237886
1.06329119
1.06709683
0.52083325
0.72000730
-0.50496531
-0.16196103
0.52181250
-0.31755853
-1.71415329
0.24208094
0.16568503
0.01194569
-0.57150394
2.71218228
-0.65420443
-2.06847453
-0.73387432
0.72031832
0.22221282
2.41687512
-0.45186281
-0.44915736
-0.25189617
2.22941208
-0.44001827
-1.35648930
0.10333081
-1.39844775
0.21758673
-0.06938030
0.38000602
0.33475602
-0.01804621
0.27272677
0.45555699
0.18136662
1.32991457
0.34984589
-0.30089140
0.85786116
0.38282970
0.23036695
1.32030749
0.09087010
-1.06470037
0.89957094
-0.68829614
0.16248393
0.44326323
-0.97873551
0.37703335
-0.39188683
0.32501763
-0.29252875
-0.89095759
0.05025187
-0.42060658
0.09973059
0.07786208
0.12321164
-0.22685811
1.80850971
-0.41487920
-0.82204849
-2.29865623
-0.90501040
-1.87883961
-0.57003087
-1.31978285
-1.67881191
-0.06469135
-0.15577225
0.39469531
0.01314873
-0.27842206
-0.79611337
-0.24895756
-1.31438911
-1.24503052
1.17007148
0.19638646
-0.07364161
0.28193778
0.43967783
-0.61949807
2.00723600
-0.36484069
-0.06824070
0.53684533
-0.82793033
-0.88801974
0.11101146
-0.24771194
0.46283460
0.29884413
0.40084177
0.16766192
-0.32064512
-1.89887929
-0.38771644
0.73316640
0.45783269
0.11102593
-0.30854458
1.62651742
0.55763209
1.43325746
0.29459107
0.06630721
0.44450927
0.75763297
0.19748431
-1.96218181
0.10143530
-0.14297575
0.80033642
-0.85286039
0.59389633
1.32883787
-0.13291764
-1.39375472
-0.06892126
-0.26548919
-1.07368708
-0.86928958
-2.04316068
0.18951787
0.18019895
-0.48841172
0.76109535
-0.26240689
1.11045969
-1.08556128
-0.60662258
-0.41920537
-0.38333377
-0.19546154
0.48688030
-0.46181971
1.04545093
-0.83571845
0.31693730
0.32637399
0.29941857
-0.24288219
-0.31034070
-1.58483779
-0.28042027
0.10409930
0.49948943
-0.03546514
-0.95175898
-0.33537918
-0.47046599
0.51147878
0.55265659
-0.21933541
-0.32272133
0.08203264
0.19036520
0.07272163
0.16010115
0.32949749
0.25131178
3.55345631
0.26701581
-0.41250294
-0.51906133
-0.08250345
-1.78798974
-0.57421243
-0.29949704
-2.42130256
-2.03966713
-0.52251291
1.24376678
-0.12005188
0.21867582
-0.72433978
-1.38046217
0.83156848
0.04368661
0.28171054
-1.45168734
0.04671337
-0.05407125
-0.86577386
-0.51269704
-1.66723347
-0.40976018
-0.02066453
0.43790859
1.38898349
0.07489131
-0.10656293
-0.55803782
-1.27407026
-0.34138066
-0.84392220
0.37040365
-0.45464969
-0.41762173
0.15905172
0.20191611
0.76166433
0.59277284
-0.06243317
0.60515565
0.21471307
0.05001995
0.00649762
-0.39269727
-1.06944048
-0.75758052
-0.31266221
0.35495126
-0.05645346
-0.82673353
-0.18045631
-0.23645236
0.26516378
0.43969360
-0.41919383
0.19961131
0.55183923
0.37697548
-0.17699262
0.06812175
-0.52660680
-0.60112959
-0.16938521
-0.28058803
-0.49865746
1.41816306
-0.14852533
0.62109601
-0.08441377
-0.49753219
0.06232494
-0.05696436
1.16020620
-0.42142028
-0.22035158
1.71932840
0.38071683
-0.51100081
0.07630296
-0.19543019
-0.64903915
0.61598414
1.18527591
-0.55578876
0.51164496
-0.07404929
-0.45813611
-0.90155286
2.07795429
0.34900296
0.54301178
-0.83257395
0.16584843
1.34894085
0.36701113
1.58443654
0.21354905
0.31579900
1.22404242
0.12047088
-0.29433316
0.31867740
-0.20549455
-0.25092584
0.41971421
-0.25377071
3.38311887
-0.29541206
0.59044486
0.23667786
1.02436721
-0.05527940
-3.13271427
-0.03325599
-1.88104868
0.08371654
-1.53307545
-0.34344518
-0.33215678
0.63587558
0.61845458
-0.19091162
0.17625256
-0.60825396
0.01252493
0.38336217
0.38774237
-0.23954085
0.60838604
0.16136646
-0.40868467
-0.99850667
-1.88895869
0.52741730
0.06401893
0.08708475
1.45733440
0.05731547
0.12001228
0.41290691
-0.74268186
-0.04603136
-0.37452281
0.21492274
0.51935041
0.18638852
-0.12191267
0.83056200
-0.63413662
0.91422611
-0.05599031
-0.03385960
0.19430859
-1.02591848
-0.30213466
1.73164821
0.25852460
-0.41220456
-0.51761788
