384
-1.26251125
-0.86287415
0.85358095
-1.70040905
-0.42889094
-1.75220644
1.45544338
-0.85123098
-0.04140180
-1.86613417
-0.72883981
0.08619285
-0.99172264
0.10231262
-2.28689671
1.65455425
-1.35417569
1.65381074
-0.36350739
-0.57456136
-0.54596579
-0.08670796
-0.35414222
-1.81582904
-2.78497744
-1.46928108
-1.25366008
1.93375993
1.35178089
-0.67706299
-0.73047864
-0.94846582
0.85962993
2.51540160
0.38961518
-2.11150360
0.96516973
-0.06390348
-4.98977995
0.76621336
0.51826560
1.91016650
0.40194201
1.54784405
-0.49823880
1.14498556
-0.82613623
-0.13651863
0.41171795
0.12741804
1.82643151
-0.70958781
2.35750294
0.10974491
0.93763107
0.26576751
0.22877648
0.61264652
2.47358632
-0.50219411
0.31270480
-0.44452921
-0.37505287
0.26509249
-1.03901339
-1.43519664
0.37399861
0.62546635
-0.10293084
0.81149328
-0.77333492
1.04668057
-2.04128027
-1.57034159
0.07149947
2.33157706
2.14567804
-0.23639907
1.21783209
0.41846246
1.19268727
0.28990936
0.41117519
-0.65042567
-0.78217196
1.23400533
1.78862166
-0.39183289
1.76030338
0.25236556
-0.10095255
0.52839583
0.71351367
-0.59715337
-0.70175463
0.00746520
-0.52888960
-0.46078402
0.99476433
0.76466507
0.81303543
-0.80535841
3.13563108
-2.76401114
-0.62122047
-0.56854534
0.68972117
-0.25312737
0.40543488
-0.07312858
-0.02657670
-0.11340144
-0.01378040
0.74747467
-1.27588785
1.11455595
-0.11797687
-0.53705215
2.55158520
-0.37366939
-1.51443291
-1.44014502
-1.09923875
-0.47146398
-0.71620762
0.59483826
-2.99533343
-0.04006657
-1.91733313
-0.44695374
0.11728808
0.60883212
-0.42187309
-0.12103468
-1.13059139
-1.06460845
1.40670288
-0.65261662
-0.43325773
0.64968616
0.11203972
-0.55169034
3.53657389
-0.97161567
-0.80186176
1.20766127
-0.94203448
-0.75311816
1.53002167
-1.22803140
1.45919931
0.89851868
-0.06327508
-0.19121957
0.72471261
0.35538337
0.04469404
-0.49739590
-0.65090424
0.00632365
0.66826230
0.80998027
1.05315924
1.24292660
-1.24540484
-0.17850365
0.11646646
0.32493776
-1.45902538
-0.01788730
0.00605804
-0.99142343
1.40739250
-0.26379940
0.88895386
0.35319978
0.09392678
-1.46918261
-0.55887961
0.07011470
0.79773510
-0.60699868
-1.77503276
-0.04566283
-1.35733223
-1.68627512
-0.15455712
-1.05600083
1.00068581
-0.80222654
1.01106250
-1.31179094
0.79941165
0.29488102
0.81690109
-1.19906497
0.97601128
-0.40446299
-0.04951851
0.88507617
-0.59622246
-0.28386167
-0.87229234
-1.33950400
-0.84556633
-0.38159233
0.04838597
0.45006222
0.56579113
-0.88001633
0.54925179
-0.20540969
1.25106847
-0.59502161
-0.10872221
-0.43164119
-0.11613750
0.07032935
0.25148037
0.63563812
-0.79753536
1.36237848
-0.54403830
1.37594318
-0.37990904
0.22007740
-2.08740902
0.55235922
-0.19282733
-1.77828050
0.64483738
-1.14072156
3.25431728
-0.74893838
-0.34821653
-0.86074167
2.23290277
0.60693175
0.12059283
0.79236889
-1.00925589
-0.52581179
0.45997620
-1.09608459
0.73230779
-1.07229722
0.00505082
0.33786958
-1.64294076
0.92945552
-0.27146882
0.69447225
-2.35158896
-2.01410627
-1.05030656
-0.24482301
1.46108139
-0.84226769
-0.57735449
0.37880668
-0.09246923
1.25587392
-0.22897482
0.70813227
1.46913552
0.51356357
-0.06575963
0.40972704
-0.88859689
-0.98584497
-0.64396065
-0.49186739
0.06012926
0.19882013
-1.44594598
-0.10057875
-0.68203044
-0.30906862
1.18721211
1.00474346
-0.36058566
1.09903026
-0.95144361
-0.47525117
0.14366445
0.15012558
0.31496131
-0.02505326
-0.33488882
-1.33281529
0.42803183
0.49556112
0.72205472
-0.91722012
0.24697463
-1.22689080
-0.52306688
0.18940315
-1.14218128
-1.77246583
1.05278611
0.34642306
0.09917575
0.04664500
-1.30658793
0.69928628
-1.01292098
2.62589931
1.06594169
-0.83579278
0.74099660
-0.32973799
-0.93627214
1.60839987
-0.58981466
-2.00784039
-0.05899277
0.13285547
-0.28839597
1.12560070
-1.15134752
0.11413437
-0.65356719
0.04574376
0.98143440
0.65844834
0.69293255
-0.77981478
-0.59826189
0.32389262
-1.27927971
3.23606038
0.30247390
1.99194252
-0.05049346
1.73588133
1.44476187
-2.61199427
-0.03754628
-0.77825463
0.08581412
-0.29068798
0.79776883
0.03553344
0.69049841
0.90089250
-0.23938733
-0.05590875
-0.62036020
-0.05470658
1.81198716
0.00603113
1.52137959
1.63842511
1.67125678
-2.14772749
-0.56849182
-1.09626794
-1.05836117
0.23777111
-0.71893519
0.15341729
-0.20118169
0.23975813
0.96199471
-0.91109723
-0.01614884
0.80340409
-0.61252350
-0.09547380
-0.50017637
0.99334514
0.91233218
0.75208575
-0.46451545
-0.65472817
-0.71793348
0.60626984
0.76719743
0.86522150
-1.17330301
0.06545264
1.46477568
0.63896108
