384
-1.09544778
0.28809449
0.93689620
-0.98568726
-1.02981687
-1.31301963
1.13142240
-2.08733678
-0.91420221
-1.22186732
-0.09652030
0.17920974
0.09141171
-1.09043181
-3.15002036
0.84053445
0.15833849
-0.13295703
-0.66782451
0.02692766
0.09862095
-0.31300965
-0.51273358
0.34308857
0.51891398
0.96591544
-0.00451590
2.53787136
1.61320186
0.30200297
-0.26133275
0.08959261
0.09784585
-1.71290624
0.21819100
-1.57473779
0.40136412
-0.33407086
-0.84523857
0.20822363
-0.17681935
1.59291530
-0.08758326
1.66631031
1.00788438
-0.94325781
-0.81620544
0.50478077
-0.88081878
1.82627511
-0.45230129
0.59405577
2.55006385
2.41127872
0.26858461
-0.01173766
-0.24142019
-0.07660841
2.15570402
0.66843319
0.75625432
0.50133896
-0.52222133
0.33480018
-0.02873638
-1.33585644
0.10796616
-1.28442359
-0.52363825
-0.14802909
0.13190240
-0.99157852
-0.82097870
-1.32529163
-1.71633935
4.16824770
1.37969589
-0.14161301
-0.08352891
-0.25083733
0.52151322
0.26569885
-1.33622241
-0.14208932
-1.27399552
0.09809999
0.07298455
1.18900442
-0.21035804
-0.52117831
0.19498414
0.13640496
0.15255833
1.19912648
0.28543621
-0.28054655
0.31730214
-0.10484827
0.22388652
-1.34625578
0.02186395
0.30595982
1.75260401
-0.71655422
-2.73489666
0.00304022
-1.03631949
-0.17106600
-0.34286249
-0.20011747
-0.39184943
-0.50624144
-1.03019333
0.95267779
-0.89671224
-0.24603792
0.11112112
0.04263267
1.52676392
0.37456903
-2.47138977
-2.33088183
-0.72089154
-0.06457579
-0.45171818
-0.57400739
-0.39698583
0.05780113
-0.61160219
0.82446873
0.47458634
0.06077078
-0.26283377
-0.21235083
-0.70833975
0.03173825
0.94304669
-0.24471988
0.08964786
0.41675463
-0.05202413
0.53827596
1.94450927
0.04594021
0.66376567
0.74543488
0.68834567
0.46018970
0.66739404
-0.15501991
-0.16394317
0.29692161
0.24244978
-0.76668227
0.23958199
0.11274701
-0.34736359
-0.46138379
-0.06651610
-0.53105021
0.03037872
-1.16123724
1.29465771
-0.86625415
-1.05270624
-0.10140952
-0.13990867
1.23045218
0.36441773
-1.20132983
0.79981512
-0.65786421
0.56546569
-0.54490149
-0.21347329
-0.07853538
-0.03605598
-1.22170424
1.11981642
-0.63337016
-1.27373636
-0.00671154
-1.98710549
0.48407486
0.16231424
0.99717265
0.28062463
0.01275072
1.61958885
-1.64584291
0.32792443
-0.53061301
0.14790525
-0.05082435
-0.24369705
0.38393253
0.97013736
-1.40979838
-0.02909330
0.19964594
-0.77552480
0.47580799
0.03468991
-1.67219865
-0.00631219
-0.47403222
0.27423015
0.58216536
-0.80974180
-0.61746919
-0.47348323
-0.55047053
1.11330283
0.68080640
-2.06005859
-0.87381470
0.31634077
0.93755621
-0.25962180
1.17691672
0.21369350
-3.53906417
0.71493256
-0.21712855
0.05786787
-0.51352215
-0.67014116
-0.01306209
-0.53341734
-0.34305698
1.48517084
-1.82322359
2.97190404
0.39931521
-1.25701308
-1.34009051
1.56024206
0.20111716
-0.08520745
-0.25522625
0.38492417
0.55029035
-0.14492989
-0.29637229
2.16998172
-0.34610718
-0.10534466
-0.45612496
-1.16634762
2.44446659
0.49319100
0.17235520
-1.97739565
-1.34819853
-0.53785920
-0.03282865
2.20030737
-1.21283436
0.07620304
-0.11458380
-0.02807113
1.11685205
0.97816694
0.18627974
-0.46580315
0.27962956
-0.77519119
0.38086024
-0.68499821
-0.87394458
-0.12064850
0.07605577
0.30051771
-1.28768861
-0.97820926
-0.51936138
0.13402361
-0.23042771
0.85466868
0.65987158
-1.05081105
0.53452647
-0.74424875
-0.25906807
-0.11751564
-0.31840879
-1.00556517
-0.47337520
-0.68388784
-2.24561405
-0.51653904
-0.28002882
0.17400914
0.84299839
0.20195970
-0.44868389
-0.44593003
-0.55555594
0.16766194
-0.54380590
0.65829337
0.86301649
-0.93281281
0.28422564
-0.53116047
1.03024542
-0.43065840
1.77758956
1.32913828
-0.18302172
1.78176761
0.20991327
2.24512601
-0.14190674
0.26815897
-1.74449372
-0.13276385
-0.07446152
1.93709922
0.19012567
0.91147423
0.35082641
0.36740485
-0.17327496
0.33210236
0.64997405
0.27522653
0.60592818
-0.29636452
0.04012793
-0.34298521
3.98714399
0.31576940
1.61161065
0.28553575
-0.11356229
0.08735789
-1.21939683
0.28989401
-0.49251676
0.47151035
1.70932317
-1.33498251
-0.33326399
-0.48577231
0.61907732
-0.01448841
0.41555116
0.40218091
-0.46395284
1.42198062
0.11984746
-0.08596632
1.29773211
2.00704908
-1.82845974
-0.10681579
-1.02962899
-0.64794773
0.77908754
-0.27443540
-1.20716810
0.41875952
0.79262269
-0.34122816
-2.57195282
-0.04869050
-0.06262727
-0.86568916
0.02448750
0.79077029
-0.25225133
-1.09003484
0.00896674
1.37342286
0.79597139
-0.08960326
0.33850017
0.93324006
-0.22660838
-3.57302904
-0.00475346
0.29504511
-0.16233356
