384
-1.30939794
-0.37076530
0.44874072
-2.09045672
-0.91837704
-0.46482956
0.88080788
-2.36434269
-0.34940854
0.43656063
-0.17860967
-0.21422020
-0.36353582
-1.56349421
-2.37778783
0.71797258
-0.06169145
0.22914524
0.21591312
0.04885652
0.12951064
-0.30262530
-0.09959191
0.21342540
-0.79210722
-0.12872842
-0.48431283
1.64000583
2.47671580
0.25336805
-0.13950600
-0.02646545
0.12058902
-0.84815419
-0.00099199
-1.64318645
-0.00239467
-0.00261256
-2.55024743
0.01737779
0.07008427
0.22712867
0.11150265
2.16287303
1.13740921
0.92213374
-0.70090854
-0.65581942
-1.59353149
0.33681145
0.04771137
-0.06316611
1.67674577
3.66140699
-0.03440055
-0.14261855
0.20544626
0.46008635
1.30053794
0.63367546
1.20749867
-0.14675751
-0.64913034
-0.00265430
0.19856355
-1.52291739
-0.08702262
-0.60609454
-0.25808036
-0.14851500
0.72482091
-0.68858314
-1.95892406
-0.58748364
0.69886589
3.31105709
3.03374338
0.08649716
-0.89151537
0.06082533
0.97386265
0.17944022
-1.37352550
0.02867908
-1.64644372
-0.02288684
0.64648306
0.48084897
0.23470998
-0.01574763
-0.29311949
0.10768484
0.21171558
0.83436704
-0.08876644
-0.74781227
0.36386633
0.29274762
0.85279775
-0.79141873
0.19439861
-0.42993176
4.10655928
0.35165995
-1.23873639
0.23698714
-1.37741137
0.36617947
-0.21721362
-0.54607463
0.24757729
-0.61200970
-0.69376326
0.34877887
-0.45152444
-0.74394441
0.06725782
-0.05438679
1.68035471
-0.16615975
-1.23490727
-2.12769747
-0.44248354
-0.83832979
-0.53740907
-0.08010100
-2.26694107
0.06962836
0.06609963
0.30000827
0.33229265
-0.16083822
-0.64811325
0.93121016
-0.22835585
-1.02327454
1.52173853
0.26647198
-0.34507251
0.15716726
0.02944067
-0.22187413
1.08741903
-0.14030740
-0.19317269
0.45665050
0.00818257
-0.71199626
0.62749851
-0.38640031
0.47385556
0.07309211
-0.04406013
-0.19417310
-0.43341345
-0.03826421
-0.58943117
-0.56984186
-0.06066404
-0.44203481
-0.13509074
1.14186263
0.64237785
0.53264856
-1.06781268
0.13830523
0.69882751
1.93356383
-0.18435767
-1.84683347
1.05498493
0.36591679
-0.43154031
-0.61029637
-0.04002124
0.57985556
-0.43863949
-2.20958877
0.57410938
-0.09079591
0.28397536
-0.25936386
-1.32731366
0.02201924
0.99194211
0.39641213
0.86040115
-1.06903756
1.90253425
-0.77755445
-0.57605255
-0.12914720
0.47523382
0.24733141
0.06613599
-1.99708545
1.02562833
-1.05304003
0.13897723
-0.08392099
-0.55763453
0.04117624
-0.04088865
-2.35996771
-0.25048706
-0.42257997
-0.40985337
0.27959397
-1.05628669
-0.19278076
-0.12351170
0.10759420
0.33465981
-0.58561623
-1.45658684
-1.78910780
0.00325070
0.17153285
-0.25105301
0.54407030
-0.32531136
-2.26010895
0.25894052
0.06311216
-0.26913095
-0.37786776
-1.38319182
-0.72765803
-1.58002377
-1.18289638
-0.85935652
-0.88756275
2.05646253
0.58420944
0.28902397
-0.33529878
-0.94953185
0.43474066
-0.12118265
0.06019072
-0.52388835
-0.01274222
0.42569834
2.60074902
-0.09807694
0.13183071
-0.22935995
-0.35261708
-0.75187778
3.53179121
0.70862585
0.68519366
-1.79314852
-1.26873255
-0.78288400
0.10358560
2.28318071
-1.41193926
0.02920156
-0.00837354
-0.00146876
1.50247121
0.77638781
0.59117991
-0.30769736
0.10198332
-1.40534532
0.05559506
-0.25059187
-0.95108449
-0.23287198
0.05016290
0.04601198
-0.61178935
-0.51926124
-0.03652343
-0.41334546
0.11936349
1.49406791
0.28678352
0.21868908
0.57267153
0.16602534
-0.78996235
-0.04412912
-0.34083176
-0.06563768
-0.27108237
-0.18192381
-1.70205069
-0.29118687
0.15639596
-0.04477756
-0.04711244
0.61459124
-0.31283897
-0.45600474
0.81139833
-0.07109106
-1.60414076
1.28380573
0.63238889
0.09803981
0.07589227
-0.25004065
0.61097318
0.43467450
1.83035707
0.58518124
1.02724743
1.99575031
-0.00517461
0.41137969
2.43541884
0.04944181
-0.68790567
-0.38656640
0.12285545
1.59801185
0.12202679
1.25289583
-0.10667518
0.00775811
0.44652838
0.23000644
1.11182606
-0.08347187
-0.70828396
-0.48975801
0.03199059
-0.59865779
3.48536706
-0.05789623
-0.06867487
-0.14246887
1.53907943
-0.04538658
-1.65368867
-0.54211825
-1.06958091
0.23630536
-0.56256080
-0.90192193
-0.10718279
0.29478765
0.64991868
0.01830178
-0.34596094
-0.04255180
-0.02359895
0.03059101
0.07551990
-0.64027071
1.76650310
-0.01672125
-1.22261763
-0.37216744
-1.26407981
-0.46113807
0.01506115
0.27867657
-0.65556359
0.22052917
0.20603734
0.63227230
-0.94176769
0.08796014
-0.80984044
0.15662667
0.33494046
0.46894324
0.19070895
0.64754307
0.18595500
0.82520342
0.41285825
0.08627234
0.31505111
0.00104457
0.25598365
-0.49667251
0.50532055
0.16926718
0.03990236
