384
-0.57897222
-0.13483171
1.16794622
-1.44065690
-0.80134171
-0.06150275
-0.54195559
0.12908673
0.27636868
-1.17191672
-0.10241657
-0.14036015
0.37734506
-1.13200831
-2.21084213
1.15151858
-0.36551100
-0.06945921
2.00844502
0.07371782
0.14657211
0.14474475
0.84983420
-0.14312294
-2.36313438
1.20639169
-0.13565432
2.23590660
2.17070222
-0.11733198
-0.26746196
-0.26915562
-0.64115447
1.55092192
0.23488453
-1.72293234
0.47365898
0.22664078
-0.22931445
-1.15894759
-0.30940568
-0.74824536
0.50420171
1.87732756
0.02528220
-0.40126961
-2.93264866
-0.64623767
0.51398993
0.28423792
0.39328939
1.85380018
3.66848302
-1.31186211
0.68307972
0.30014265
-0.20725977
-0.47645897
0.14883727
0.62303025
0.51485747
0.00979500
0.04045808
0.45991412
-0.12118973
-0.62551016
0.18631950
0.31056559
-0.86130607
0.65148866
1.82939076
0.16011271
-2.29540443
-0.86418688
-0.95930231
0.49310505
2.01642871
-0.46169454
-1.36941814
-0.03413597
-0.79704517
-0.02243633
-0.40164554
-0.90072441
-0.72183251
-0.23961262
0.39405078
1.00027931
0.44692820
-0.29893678
0.02232289
0.67280209
0.69009471
-1.25083435
0.30727080
-1.45461881
0.64017510
0.21958655
0.26574457
0.50462574
0.08946208
-0.97051477
3.97584391
-0.55383021
-0.42294466
-0.29229373
0.90179896
-0.51346767
-0.54127544
0.59991920
1.09275723
-0.35377631
-0.55472928
0.72921365
-1.02370656
-0.66713107
-0.70064169
-0.46781874
2.70596242
0.37581319
-0.96647042
-3.83402634
0.85254139
0.89695328
-1.43387508
1.50133455
-2.22534847
-0.29778206
0.15092656
-0.23147133
0.61910343
0.37975025
0.61537480
0.07454246
-1.70611596
-0.71526194
1.53257549
-0.37780145
-0.19041567
-0.00463736
0.21940355
0.22074223
-0.68195081
-1.00902343
0.03897684
-0.02226223
0.08742040
0.95423138
0.79679060
-0.34091061
0.63512033
-1.31246328
-0.03474197
0.69029754
-0.12735149
-0.41123727
-1.11796153
0.23812732
-1.22711515
-0.94765162
-0.19249405
1.93701732
1.43953764
1.08776116
-1.41888511
-0.19429439
-0.01456475
0.24257259
0.26513091
-0.19855517
0.68324471
-0.61179227
-0.34287024
-0.58976567
0.29946271
0.47758752
-0.33983395
0.98926842
0.15095268
0.04580099
0.74039197
-0.40849292
-0.30518126
0.03549670
1.06996822
0.85668051
0.88783896
-0.86388886
1.13272560
0.31102812
-0.53806603
-1.04393780
0.04815549
0.86174309
0.05664110
-1.65376842
2.08980346
-0.36219662
0.31967887
-0.82109892
-0.83378857
-0.26021531
-0.57906115
-2.00421286
-0.97783977
-0.54405588
0.48796442
0.08164930
-2.30251694
-0.62203538
0.75570017
0.44122484
-0.95032448
0.70680213
-0.76116991
0.74816644
-1.00065017
0.12021968
-0.11518636
1.02705407
-1.87883210
-2.08162761
0.35772532
-0.11777915
0.71869844
-1.08656883
-1.40834093
-0.19487485
-0.78120542
-1.41085625
-1.22539198
-1.79687440
2.28051567
0.20321563
0.28529972
-1.83318579
-1.34433794
1.24399662
-0.73987526
-0.82036412
-0.14078446
-0.28432867
1.21548438
1.03561866
1.31964123
1.16983998
-0.49555993
0.38245627
-1.07292593
3.49796963
0.84305829
-0.42128167
-2.09706879
-1.93046069
0.26586989
-0.78966486
1.12729609
-1.04767859
0.17292093
0.60624278
-0.34120154
2.12804937
0.86700416
0.66949713
0.78218853
0.23700967
-2.04904318
0.37485555
-0.14322796
-0.67935699
0.38656166
-0.46153599
0.45259851
-0.86618388
-0.37924194
-0.92281926
0.25714099
0.04130575
1.66432834
-0.44450352
-0.05886014
0.19819856
-0.31953543
-0.92615783
-0.11248939
0.10946353
-0.20364004
-0.02912140
-0.22076063
-1.73679483
0.08291677
-0.25742209
-0.17550740
-0.14008313
-2.24094391
0.93271512
-0.85174620
1.47045207
-0.35000643
-0.68193787
0.30693722
-0.14332601
0.57351619
-0.20182715
-0.31114739
1.15683770
0.10832086
2.19980359
1.01157081
0.26511455
1.24941993
0.07942457
0.67546803
-0.27968612
-0.32841203
-0.65035534
1.28227401
-0.69734156
-1.17465138
-0.05171281
1.23127317
0.41403872
-0.22884990
0.51280576
-0.12915066
1.03517258
0.04276854
-0.74454671
0.11713420
0.12629457
-0.83133739
3.35781479
-0.07991522
-2.05724716
1.75878024
1.74725258
0.59153903
-2.61346722
0.37284383
0.67464960
0.24400857
-0.46663582
2.36081910
0.04713733
0.20189136
0.32687798
-0.50257927
-0.30698019
-0.55453598
-0.40406710
2.21553683
0.40622190
1.12044811
1.32567954
-0.55355144
-1.85699487
-0.92899966
-1.56418920
-0.64580488
-0.11286166
-0.13623352
-0.39292580
0.85783565
-0.77960229
0.13211694
-0.35910630
-0.09728222
-0.09529719
0.33533156
0.32065135
0.26001564
0.43839267
-0.65275204
-1.20119810
0.37383142
1.03011537
-0.35748595
-0.31288096
0.49127269
-0.26012823
1.16426992
-0.10610737
-1.10692012
-0.31683788
