384
-0.73224908
0.84751606
0.21535894
-0.86977470
-1.00625551
-1.75413680
0.35366490
-1.36382091
-0.58347207
-2.94987106
-0.54622579
0.25072357
-0.16379291
-1.28858244
-3.04884362
0.59422135
-0.36684677
0.73173052
-0.69732088
0.63444346
-0.80128694
-0.25406912
-0.56843656
0.28274617
-0.81846714
-0.24044400
-0.64484715
3.26902056
1.82617259
-0.12015487
-1.11022973
-0.86134529
0.62787884
-1.18208981
-0.38912988
-1.21937561
-0.90454525
-0.35822746
-3.02458429
0.30610871
-0.13476439
1.76631427
-0.18127090
2.65051317
-0.02117586
0.05542335
-0.28750634
1.59358108
1.29549944
2.00983334
0.69691539
-0.18611246
1.28445649
1.95974922
0.27483380
-0.45411038
-0.05544472
1.59010363
1.53383899
0.48065230
-1.01252460
-0.11818930
-0.50405174
0.44965410
-1.05143464
-1.44978833
-0.34984970
-0.99108928
0.29792240
-0.10798847
0.16017056
-0.47969630
-1.37733102
-1.90348148
-2.35907173
-0.11389756
0.31507540
-0.74301368
0.46356896
-0.54596591
0.26360619
-0.03792411
-0.39268467
0.07734488
-1.08623302
0.48520097
-0.06182522
0.29366362
0.62763578
-0.97964489
1.20968342
-0.16172524
-0.10667588
-0.21538177
-0.15020707
0.33324242
0.12389725
-0.05783957
0.05674297
-0.56214011
0.35611317
-0.89275670
0.36622822
-1.95710135
-0.28862929
0.45240110
0.43077987
-0.23956786
-0.36073276
0.12469447
0.38553599
-1.12093079
-0.08070157
0.83511865
-1.79341006
-0.28736538
0.36943933
0.77037150
1.37552953
0.64304233
-2.03907394
-2.17787313
-0.18754584
-0.49151641
-0.65643716
-1.61649632
-0.61336029
0.63300341
-0.74783719
0.60913944
0.11263500
0.01895015
-0.02167137
-0.87095547
-0.24553925
0.39265576
0.19140327
0.04519403
0.67669022
0.25213337
0.16505811
-0.50599176
5.07267666
-0.72980303
0.38745129
0.21861395
-0.34889749
-0.32307860
0.38252747
-0.67217529
-0.39373490
-0.34207571
0.57795417
-0.47163588
1.12258542
-0.31303215
0.25291985
-0.41010001
-0.19224885
-0.69090706
-0.64571375
1.55309880
0.93448693
-0.86864698
-0.25938499
-0.17384772
-0.01982944
1.30142283
-0.14224172
-0.98675692
-0.32567349
-0.47053957
2.28887892
-0.36632735
-0.64359140
0.15670307
2.12284946
-2.95960402
0.19168937
-0.08328317
-1.60547376
-1.07145882
-2.02399206
0.03549386
0.68448085
0.40982234
0.58159471
0.55286819
1.15442407
-1.25966728
-1.05288386
-0.85912651
-0.32521218
-0.54623294
0.31662178
-0.85225546
0.66902852
-2.32764959
1.43521643
1.12200499
0.08234155
0.48281074
0.04730545
-0.96479106
0.32058862
0.21166083
-0.30080014
0.90043664
2.39097214
-0.56376916
-0.90599948
-0.08849847
1.56400967
0.49380606
-1.20974576
-0.17123559
-0.10101152
1.06677842
-0.69667202
0.44078705
-0.88369191
0.31816158
0.36994815
-0.19871014
-0.14433144
-0.93845308
-2.27473855
0.45911562
-0.36373502
-0.05569455
0.83288884
-1.35929048
2.57666922
0.22085956
-1.35179865
-0.70686412
2.24031305
0.17228767
-1.09895611
0.13005447
-0.77155066
-0.36662343
-0.01657701
-0.47881776
1.84160209
-1.23669529
-0.81187081
0.50598967
-1.31809950
0.90487027
0.91681820
0.58933419
-0.81037313
-1.37683749
-0.17420988
-0.40318418
1.82319403
-0.49096200
-0.48293310
0.00987449
0.41139504
0.38132468
0.23513369
-0.26097551
-0.28176999
-0.12104534
0.43024963
-0.11465764
-0.26103699
-0.98269063
-0.63908243
0.03123009
-0.62343431
-1.40220332
-1.45338976
-0.49603444
-0.10388094
0.29047370
1.02309430
0.56919181
-0.62283599
0.49875826
-0.83935463
0.11227540
0.58387053
-1.20512772
-1.20613456
0.08950264
-1.05191183
-0.93633991
0.68222755
0.13116084
0.00197558
0.75806373
0.01198339
-0.77037263
0.53599536
-0.24753886
-0.07026029
0.07700014
0.28720900
1.58128572
-0.66513628
-0.30549949
-0.42152619
0.12677556
-0.49981621
2.22702551
0.75237399
-2.12553668
0.03834505
0.47265875
0.71176434
0.34865794
-0.48305982
-2.36682343
0.80876237
0.19595399
-0.24344623
0.17977108
-1.41086161
0.52746832
0.43174013
0.88206953
0.41310722
0.02958516
0.11296806
-0.59858316
-0.01549309
0.17714992
-1.63998902
3.87436986
-0.13465148
2.28680062
-0.31866407
0.20727885
-0.23930156
-1.37562108
0.41273090
-1.25316596
-0.17388922
1.18756747
-1.82965827
-0.74285924
-0.57336855
1.12234318
-1.29011345
0.26510394
0.18711497
-0.78879583
1.78648758
-0.49489281
-0.10076475
0.10148153
2.73074007
-1.91541576
-0.82337385
-1.20272005
0.24426907
0.19170895
-0.23442587
0.50214982
0.67235887
0.05594039
0.37402743
-3.06631279
0.24616817
0.19084635
-1.26336443
3.23757458
0.06310666
0.46337810
-0.53156340
0.83726799
0.84510040
0.25907528
-0.17700468
-0.16373482
0.52825630
-0.14672986
-3.18869829
-0.04860785
-0.28542715
-0.21181934
