384
1.12373507
-0.15476850
0.07057756
-0.86826229
-1.42612827
-1.85464382
-0.30556953
-1.50743020
-0.40521830
-2.30823660
0.06392108
-0.06711870
-0.10055621
-1.00660264
-3.31004906
1.07370555
-0.31875506
0.23862603
0.56099135
0.60111153
-1.02868032
-0.86425066
1.16626704
-0.30465174
0.04201186
-1.96908784
-0.26597577
2.70659852
-0.14114812
0.51512545
-0.12908562
0.06608377
-0.42246392
0.09190798
-0.56101227
-1.68029737
-0.01590782
-0.14273603
-2.69063425
0.35958150
-0.67607808
3.28556132
-0.16202907
2.17097950
-0.89511287
0.58934832
0.71138185
0.47690621
-0.26333469
2.01986384
1.09825730
0.54191834
1.67599630
3.39575529
0.54403728
-0.39007354
-1.06880414
0.99949801
2.24933434
0.29811963
-0.06375101
0.20224522
0.02147303
0.37771469
-0.48900431
-0.78697330
-0.23565310
-0.90504849
0.20724973
0.22801949
0.56033301
0.05844271
-0.45768088
-1.51458597
-1.59288323
2.37209630
0.74282086
0.62551904
0.62572843
-0.02334261
0.96711206
-0.42822176
0.49905050
0.02380639
-1.13434374
1.29854345
0.25458726
0.48117390
0.83939922
-0.20012569
0.53452373
-0.12724668
0.67887270
1.59141040
-0.38437480
-0.28806201
0.65871787
0.34402066
-0.63003194
0.63477886
0.38391393
-0.18138736
-0.73198676
-2.86389017
-1.43888474
0.03118103
-0.22422880
-0.30027258
0.09573870
0.01916112
0.39913434
-0.78300297
0.26124224
0.71054786
-0.00143988
-0.34444326
-0.62362289
-0.17771572
1.34529817
0.55788237
-1.75561547
-1.67933512
0.32821733
-0.99000013
-0.30000144
-2.00899220
0.11204886
0.28186482
-0.28575170
1.30619407
0.03661714
0.29620260
-0.36798635
-1.15284085
-0.92765206
0.32820487
1.23960805
-0.38350758
-0.63574266
0.10327672
0.35804579
-0.19499737
3.83759737
0.00370404
-0.03090408
0.77340913
-0.37720293
0.48634359
0.79833621
-0.21210591
-0.18489149
-1.18575823
-0.70833272
-0.03964037
0.23440018
-0.57375336
0.30833697
0.27956137
0.64582366
-0.03305134
-1.10392272
-0.71694863
1.51509047
-0.96918970
0.01828276
-0.07134172
0.62734491
0.58084178
0.39584911
-1.21803319
0.26628965
-0.83234036
1.56359935
-0.84478974
-0.25081778
1.11940622
0.48843271
-1.50946105
1.08519590
0.12963822
-2.65399218
0.40645576
-2.23782802
0.48239198
-0.24104667
0.13751549
-0.05669616
0.67607534
1.12886715
-1.75872004
0.17513093
-0.73783410
-0.49607950
-0.45896083
-0.55910736
1.06402194
0.54544187
-2.10536051
-0.15904817
1.22821879
-0.04675384
-0.34158316
0.04432466
-1.73270369
-0.62702847
-0.09455328
-0.60464191
0.73246187
0.09418595
-1.04667687
-0.54008901
0.15573005
1.51028657
0.64277208
-0.70247555
0.08114371
-0.53722143
0.88366866
-0.25800708
1.57071900
-0.62182063
2.00695038
0.47273237
-0.33786881
-0.15314743
-0.63666540
-1.32506609
-0.32301202
0.15236652
-0.36691424
0.58302975
-1.58930874
2.68278289
0.51239407
-1.15133715
-0.85499507
1.84574926
0.47474462
-0.04562855
-0.14925179
-0.96546358
0.31915179
0.00990570
-3.39843607
1.65851295
-1.59828210
-0.57721645
0.33178830
-0.80214119
0.33788276
0.30667299
-0.23024769
-0.86206424
-1.51403093
-0.84599018
-0.97223067
0.82565224
-0.66580319
-0.60380870
0.14169957
-0.02419741
0.94556850
0.34240571
0.78332168
0.17546709
-0.06998083
0.13958460
-0.18977724
0.02053270
-0.60587609
-1.12440777
0.35726866
-0.22606505
-0.38995686
-1.13269293
0.15606633
-0.56212097
-0.21359396
0.91490328
0.48124456
-0.46615717
0.50148916
-0.74081677
-0.57319438
0.28551093
0.17958128
-1.09327269
-0.05091931
0.19525425
-1.14588034
0.67982793
-0.02122605
0.51459664
-0.31559533
-1.15422809
0.07233870
-0.14837295
-0.23217213
0.28792095
0.50429845
0.82756996
1.06159782
-0.87828815
0.41135815
-0.30686337
-0.10279708
0.14633460
1.85371375
-0.08828682
-1.25833750
-0.37225628
-0.07784593
1.19706249
0.38772166
0.62039256
-1.31862569
-0.61770070
0.23896520
1.87038100
1.03141975
0.04689366
0.82296377
0.13720685
0.58551824
0.18552670
-0.58549601
0.51949167
0.24175119
-0.09549735
0.08249718
-0.87650305
3.75878358
-0.14973277
2.61190200
-0.43708116
-0.47793567
0.32454482
-2.26228380
-0.40242755
-1.28808725
-0.09613900
1.83515000
-1.39228904
-0.53405792
-0.32747138
0.74569833
-0.15910332
0.56115890
-0.61375260
0.37510765
1.58250177
0.39451277
0.40820700
0.69159430
2.57373166
-1.39140129
-0.79469001
-1.92138314
0.16635881
0.09841123
-0.36067194
0.96462500
0.37536603
0.88022691
-0.22147602
-2.87152529
0.24177808
0.44336414
-1.33356667
0.54959476
0.56498849
0.61556381
-0.43905196
0.09977053
0.73440766
-0.09794682
-0.36159071
0.38949221
-0.02769800
0.58262914
-2.50412202
-0.24596345
-0.35548848
-0.32943055
