384
0.44582072
-0.41178340
1.27459085
-1.67008352
-1.11998057
-0.51806581
0.24123275
-0.62479794
0.89097667
-1.53898275
-0.37395808
0.30667347
0.38610968
-1.18236268
-3.06085277
1.23659837
-0.83145130
-0.13766380
1.53980601
0.14716861
-0.86202300
0.86433542
0.52528572
1.69355011
0.34684056
2.26425719
-0.58712125
3.25396061
1.29776931
-0.33168834
-0.55808032
-0.00486894
0.82556057
0.35195428
0.90693879
-1.15222764
-0.35247669
0.35424754
-0.19415116
0.89100969
-0.12660402
-1.29733014
-0.10174868
3.18408155
0.06697488
-1.40493405
-1.23623729
0.98448384
2.12523127
2.58075309
-1.22245574
-0.39886332
2.50422859
-0.41539907
-0.18181649
0.58651644
0.20955521
0.09323514
-1.28008687
0.25142160
-1.06260633
-0.24893466
-1.09278429
-0.36595166
0.97132671
-2.02558494
-0.35779247
0.89245552
0.23475008
0.54249394
1.22612441
-0.05372060
-1.76905942
-1.12205768
-1.49454308
-2.50410342
1.05954385
-0.68818885
-0.87006116
-0.37693700
1.80185580
0.37361240
0.43055028
0.56048763
-1.51059163
-0.42413691
-1.09223425
0.84540629
0.45282501
0.19038889
0.23827954
0.34439814
-0.30675498
-0.89150435
-0.21332255
-0.52136689
0.81579393
0.24393135
-0.25105655
-0.84359908
0.78046679
0.18012393
0.69523096
0.18883228
-1.10344362
-0.27223253
0.67007059
0.00733489
-0.71846879
-1.87643456
0.34744799
-0.85087347
-0.39869326
-0.10663441
-0.12260561
0.27616230
0.63433743
-0.00136047
2.24695539
0.16715136
-1.48364794
-4.00474167
0.91421020
1.93695295
-0.03362039
0.92411709
0.84608024
0.79460174
-0.31378448
0.12707184
0.13229851
0.37239674
-0.11235285
-1.08349359
-0.61491644
0.73530102
1.56003261
0.33412582
-0.14463106
-0.64868504
-0.23841012
0.91395360
-0.04495156
0.34889668
1.24222493
-0.16465241
0.14492854
0.68820918
0.58748662
-0.99962580
0.94321501
0.06365117
0.45537680
-0.57989359
0.17127860
-0.94728720
-0.20013742
-0.47933483
-0.50986612
-0.79596436
0.58861023
0.35310042
1.25495684
-0.71474242
-0.27861300
0.58915436
1.29605269
1.32700932
1.53970420
-0.33176851
0.19258630
0.40073830
0.88907963
0.39230019
-0.52253675
-0.65408051
2.41259670
1.74098551
0.80885643
0.07631759
-1.63401234
-0.33335641
-0.47237229
-0.07599622
1.49206746
1.16746640
0.50044602
-0.12749846
1.90252852
-0.80945581
-0.42553118
-0.40547863
0.81481874
0.12807760
-0.52680099
1.25267613
0.44224423
-1.44438434
-0.30540073
-1.43866074
-0.75071388
0.33022636
-0.01225515
-0.64434862
-0.02506372
-0.75089419
0.01804425
0.08633230
-0.38948375
0.40439856
0.68233263
-0.49895182
0.58432627
-1.23654878
-1.33642972
-0.59699029
-0.64598763
-0.14309296
-0.13927591
0.95776641
-1.55515933
-2.29198694
0.08563110
-0.71551162
-0.43699428
-0.18467264
-2.11638451
-0.90716529
0.81755602
-0.08675984
-0.01362950
0.94809127
1.12846255
0.84415931
-0.87032592
-0.94648093
-0.75296062
1.00738442
0.25397933
0.15005873
1.14750028
-1.52297771
0.86806476
-2.63155770
1.67750072
1.17890263
-0.43053639
0.08245926
-1.97059369
1.98413086
0.59531307
-0.00524130
-0.00355148
-2.13818741
0.82945603
-0.97709286
1.05380821
0.17568062
0.24964193
0.50191295
-0.28344774
0.77690643
2.02163553
0.28872868
0.56394005
0.40069631
-0.28593302
-0.08360452
0.10665467
-1.89620614
0.65709817
-0.49504751
-1.32081735
-0.66174424
-0.88856488
0.51766729
0.04648894
0.25415343
1.42711413
-0.43635491
-0.24970403
0.08421981
0.28237063
0.74745154
0.27121747
0.10018514
-0.66719943
0.17908062
-0.12411849
-1.14600396
1.31674242
-1.12035036
-0.03804803
0.26747906
1.25846374
-0.61774933
-0.15014178
-0.80844545
0.71172440
0.59051430
1.11627913
0.34472561
0.92353809
-0.07095128
0.33896995
-0.38551292
-0.38288307
0.63423681
2.37950230
-1.10346317
0.19423848
-0.67458522
-1.59437180
-1.13233829
0.82750571
-0.15844114
1.12591887
-0.39835876
-1.31318998
0.18307048
1.11994874
-0.21819511
0.20685977
0.09844360
0.00010723
-0.39797264
0.27099344
-0.84086800
-0.46040857
0.70518541
-1.52371812
4.01261044
-0.37796277
-1.74070799
-0.59832013
0.27055550
-0.07522917
-2.22866940
-0.14902690
1.42662883
0.29743081
-0.04958925
1.74014664
-0.17513654
-0.36219719
0.33309752
-0.24268538
-1.17073607
-0.10382916
-0.18803632
2.13744783
-0.02495514
0.44169676
1.40633702
1.05753195
-1.61451793
0.34202871
-1.39676571
0.57201737
0.58728212
-0.10983698
-1.48011529
0.38719571
-0.57128417
-0.10252762
-1.84926057
-0.22761087
-0.11154544
-1.09796274
0.07872348
-0.16571969
0.69036460
-1.07998788
0.54912764
0.91914129
1.30802739
0.62064910
-0.46461648
1.54301715
0.07108550
-0.57644486
-0.81347555
-0.37632591
-0.06606348
