384
-0.06710248
-0.03151613
0.09798924
-1.61320317
-1.00131178
-1.26287627
0.47092518
-1.39668524
0.09105404
-2.05640697
-0.03911359
0.05433913
0.02103452
-1.29435205
-2.30516386
1.00185955
-0.64574838
0.25118807
1.03954995
0.05683729
-0.32254642
0.31447864
0.02840471
-0.07976882
-0.46968472
-0.47129974
-0.23431601
3.20315361
0.79294205
-0.10713236
0.02203962
-0.04389434
0.05646057
0.94357800
0.00613330
-1.99252415
-0.04128600
-0.06526211
0.17871246
0.62299222
-0.07385804
0.30748421
-0.00216192
2.72351670
0.21923208
0.39956087
-0.61002767
0.60946655
0.22652215
1.14893627
0.22097328
-0.08784037
1.75441265
1.08553433
0.15000930
0.12740518
0.06194484
0.65460920
0.77296925
0.63493347
-0.44637346
-0.02266760
-0.21258271
0.65737915
0.07658042
-1.14388633
0.16912305
-0.28547210
-0.22386554
0.08366439
1.17602253
-0.39745453
-1.59912932
-1.73211074
-0.79407692
1.60059333
1.98146868
0.00471583
-0.24483263
-0.04243217
1.42001283
0.05205528
0.25149298
-0.00841760
-1.51687789
0.23823825
0.05548958
0.62885749
0.24261063
0.10472775
0.16835932
0.16467784
0.00876546
0.36160293
0.04722228
-0.15392505
0.54113567
0.19488376
0.35394487
0.40821630
0.11701861
0.02440419
1.42982173
-1.06246138
-1.31641722
0.20212448
-0.06126346
0.33125809
-0.32696640
-0.00811696
0.87937987
-1.08915699
-0.30589205
0.32898459
-0.23253584
-0.00163168
0.26064032
0.02428554
2.05211329
0.45686549
-1.15817237
-2.79178143
0.11040919
1.02245378
-0.22293790
-0.48732698
-0.71336311
0.52642047
-0.22690743
0.75556076
-2.76055741
0.31377020
-0.25351760
0.02437982
-1.63311672
-0.02122729
1.48216391
0.12026711
-0.45337665
0.10521835
-0.11092007
0.19736476
1.82474840
-0.28975570
-0.06968205
0.21522087
0.15985978
0.16176656
0.72114897
-0.58693981
0.72219586
0.28752142
-0.00720246
0.10837360
-0.05812933
-0.28716975
-0.21250662
0.32984471
-0.48605508
2.68716812
-0.13485770
0.06898408
1.43253005
0.49809158
-0.18796687
-0.00346728
1.34555864
1.81042278
0.87097144
-0.97484756
0.91038495
-0.15164348
-0.34917209
-0.55137944
0.05481410
0.68103844
0.50477695
-0.38842538
-0.11940868
0.00427164
-1.40669012
-0.15953855
-1.37877858
-0.25528285
0.50110972
-0.01619847
0.18305948
-0.20249385
-1.82745636
-1.07085514
-0.28829449
-0.23583859
-0.14837661
-3.39604735
-1.07064033
-0.19062978
1.43627834
-1.59340692
0.14564854
-0.35924262
1.27092242
0.19431153
-0.02243203
-1.33745718
-0.09964728
-0.24908869
-0.11974482
0.13591263
-0.80891335
-0.08194031
0.40653944
-0.02699903
0.27467227
0.12006031
0.00381020
-0.33548927
0.27422693
0.30127522
0.05360580
1.18106604
-0.10387054
0.37567598
0.67771482
-0.14221796
-0.27819908
-0.19190650
-1.94672632
-0.92869246
0.12257267
-1.16768372
-0.09217022
-0.11855122
1.78327179
0.30637139
-0.58162713
-0.61619961
-0.18371147
0.70036566
-0.05071869
-0.18508229
0.37047443
-0.42329532
-0.04183649
-0.73485088
0.97478664
-0.37984878
0.09556000
0.14024539
-1.21216905
2.26714087
0.48822308
0.09879033
-1.13767123
-2.16096592
-0.04513035
-0.19961131
5.26465893
0.21214439
-0.10542935
0.12888081
-0.10150619
0.88343740
0.98862731
0.58430666
0.40789026
0.28932124
-0.50795764
0.23519483
-0.07374737
-1.28934383
-0.05958287
-0.03778543
0.07029853
-0.73137629
-0.57399929
0.20749187
0.15265876
-0.02122845
1.65787792
0.16452068
0.05455593
0.50003958
0.02222379
0.11786915
-0.02675251
-0.15016833
-0.64704573
0.03451606
-0.12807575
-1.35805559
0.55473518
0.05404750
0.28076977
-0.17302454
0.16686203
-0.23990312
-0.37713844
0.74080962
-0.21931854
-0.03488547
1.21217728
0.94962692
0.15089116
0.02105810
-0.30431312
0.08393078
0.24337870
1.64265227
1.73722935
-0.46572214
0.83019793
-0.25568044
0.08176148
0.58551550
0.11929140
-0.09060109
-0.02549618
-0.03161534
0.52759123
0.15146229
0.71615964
0.01697342
-0.09857859
1.70168245
0.21067446
0.93280196
-0.14206788
-0.28455171
-0.00439243
0.72426653
-0.78511500
-17.20624161
-0.19253129
-0.01903932
0.37995213
1.55757236
0.04764662
1.46395993
0.12206087
-0.62570715
0.21151474
0.13473766
1.36814117
0.19880971
0.63791811
0.55981410
-0.24143139
0.07475545
-0.10582916
-0.26386058
2.06258845
0.20192274
0.63954073
-1.24613857
0.67367500
-1.71019900
-0.32103872
-1.38830686
0.13473296
0.09679874
-0.04154009
0.45872405
0.17901871
-0.27521420
0.04571010
-1.39078426
0.48845488
-0.41173208
-0.27122623
-0.47734869
0.11878429
-0.00222611
0.47992992
-0.03646937
0.85901183
0.20160195
0.17324859
-0.16235687
0.04948739
-0.11833714
-0.00458667
0.03970399
-0.07574469
0.46717137
