384
0.46965772
0.23307535
1.18627369
-0.89585048
-0.63457143
-0.51095593
-0.09796213
-1.38012278
-1.16292548
-0.66497612
-0.24005173
0.15681021
-0.11648040
-1.32475424
-3.23533750
-0.26231566
0.17908740
0.02363743
1.15665865
0.15385367
-0.39430603
-0.29081494
-0.33936238
0.92527789
1.76839590
1.62202179
0.50246674
2.86399221
0.90864885
-0.10266347
-0.58390224
0.28122246
0.35573646
-1.20372581
0.58608449
-1.82318068
0.19762877
-0.34969705
1.25394011
0.67732191
-0.15629309
0.31307024
0.10281006
2.10338116
0.17658892
-0.93000299
-1.11107504
0.65806019
-0.78289807
2.18749070
-0.35442919
0.25604117
3.62441969
1.46000862
0.32953840
-0.64566040
0.25989348
-0.14349532
0.24631700
0.55350888
0.12694907
0.15051183
-0.27848828
0.74257028
0.26629126
-1.63370407
-0.24414951
-0.30063382
-0.72542083
0.25890172
0.40830216
0.06804903
-0.78343391
-0.87314928
-1.61261201
2.54922199
1.43501222
0.38787192
-0.75835872
0.05381863
0.20999533
-0.40888363
-0.57118857
-0.23990211
-1.97709727
0.27706647
-0.14245473
1.26518917
-0.44560567
-0.60655862
0.50800407
-0.20942596
-0.38242888
0.76756406
0.25177133
-0.25724351
0.96951294
-0.02113030
-0.30182865
-1.31163979
0.00130203
1.13244951
0.85760295
-0.35391155
-2.72503996
0.45292798
-1.34211028
0.35796547
-1.29923844
-0.34845597
-0.15782845
-0.67964178
-0.76557058
1.15748596
-0.27154291
-0.43638536
0.32397833
0.36933902
1.78864217
0.80177855
-1.79238629
-3.40451026
0.46724391
1.61351216
-0.04956210
-0.60117966
-0.25523698
0.54548699
0.03063169
1.01879001
0.42250144
0.11524555
-0.64263749
-0.20721817
-1.07771397
0.34929094
1.02891564
0.24266727
-0.12977061
0.00409543
0.43634412
0.62272406
-0.44461083
0.19888498
1.03218985
0.52154529
0.59772933
1.14873028
0.51534283
0.31938308
0.04507742
0.31555277
0.37864128
-0.31439531
-0.20245691
-0.29164693
-0.13302559
0.02184036
-0.05431420
-0.50787783
0.02518888
-1.22980714
2.12445712
-0.90246874
-0.88085514
0.27999562
0.99143124
1.16177797
0.73066425
-0.45585507
1.56226754
0.50702477
-0.69949508
-0.93535507
-0.33020464
-0.08502614
-0.25138104
1.50231779
1.19027197
-0.16934772
-2.34330535
0.35581577
-0.21152055
0.01633568
0.26380563
1.73873138
0.04368281
-0.36120266
2.05715513
-1.19044805
0.34705907
-0.46670166
0.43230206
-0.34256774
-1.02586794
1.91244209
0.79196805
-1.38125002
0.86063838
-0.88759148
-0.72218484
0.57372862
0.00191728
-1.59526002
-0.26001567
-0.68645191
-0.12777078
-0.25116742
-2.82724142
-0.25705338
0.02528128
-0.32453763
0.19091254
0.49977982
-1.90670276
-0.52190685
-0.30906370
0.53280395
-0.61982632
1.73684442
0.03835103
-3.68388605
0.43886074
-0.55675238
0.42961937
-0.24702194
-0.72912186
-1.85828686
-0.16656454
-0.14999676
0.46954137
-1.18591785
2.11099577
0.16100802
-1.15397966
-1.17980433
-0.47354645
-0.08722337
-0.22312894
-0.39086404
0.70598125
-0.37892362
-0.24765664
-2.15397835
2.31220007
0.37233528
-0.22632423
-0.12713437
-1.46975732
3.15187502
1.14264989
0.37802157
-1.07002521
-0.93202317
-0.33423728
-0.56655824
1.38035929
-0.79292965
-0.58504575
0.39179230
0.00446342
0.00336543
1.23400331
0.71309751
-0.45685765
0.41618738
-1.40773106
0.79664439
-0.40375766
-1.96031892
0.99215662
0.45714140
0.41247961
-0.60857260
-0.32520497
0.39244214
-0.59030402
-0.19551229
0.88873661
0.84473145
-0.67856812
-0.01344557
0.24317114
-0.42123592
-0.02040941
-0.10793306
-0.81691420
-0.22549553
-0.16653609
-1.98790073
-0.01593828
-0.10816034
-0.28314811
-0.41729239
0.40365085
-0.25092626
-0.47948730
-0.16948497
0.62540269
0.09232966
0.92537451
0.33143508
-0.05285585
0.02995658
-0.25795588
0.01054063
-0.96306270
0.73538816
1.74657345
-0.17734514
0.87016928
-0.07099451
1.09181702
-0.85420042
0.26187417
-0.40426743
-0.07767111
-0.32921830
1.47817063
0.01918302
2.73556733
0.27398238
0.18196066
0.62603819
0.18534799
-0.72339523
0.20989709
0.47842619
-0.05411243
0.43568420
0.16671245
4.13381863
0.06868390
-0.47822800
-0.41822642
0.17784947
0.20673268
-1.82164788
-0.41531116
0.79814017
0.25950119
0.79844362
0.18147740
0.00856645
-0.45722845
0.55548269
-0.13326269
0.06602682
-0.22693211
0.17573293
1.74574149
0.87395686
0.56091893
1.28187585
1.02737594
-0.94072902
-0.38781586
-1.40036511
0.16549262
0.00388344
-0.09542597
-1.50937903
0.29851708
0.43158954
0.14035845
-2.20126247
-0.06444734
-0.37003899
-0.11100771
0.11025187
0.43586591
-0.30111247
-1.95190299
0.61267895
1.27201939
1.34523451
-0.20939682
-0.59661514
0.95776761
-0.85167134
-1.90521777
0.49087462
0.46372828
0.27274650
