384
2.28509998
-0.44820970
0.86855781
-2.09859514
-0.66192651
-1.13605070
0.02636248
-0.70605391
-0.06078422
-0.59883505
-0.11066371
0.18003130
0.03980508
-2.27511597
-3.05204105
0.75090516
-1.62847888
0.02551583
2.24962091
-0.05841448
-0.34715053
0.10263926
-0.50972629
0.32957971
0.16387203
-0.94786656
-0.25206742
2.70850182
0.17242891
-0.20512438
0.15346158
-0.03621340
0.31813797
0.33218598
-0.34967661
-1.70573759
0.08213329
-0.01822671
-0.48234379
0.40861183
-0.40292788
-0.07936800
0.05266041
1.53732848
0.19228029
0.49482924
-0.93754172
-0.70309210
-0.63660705
-0.58636189
-0.45287549
-0.36709952
2.97657585
3.30069089
-0.02639541
0.06369822
0.06782348
0.05428183
-0.03122410
0.65837967
0.45112839
0.09126507
-0.45051643
0.76553452
0.25702509
-1.01033258
-0.03909197
0.60405731
-0.14113310
-0.43392396
1.83516026
-0.32624573
-1.21431899
-1.45298767
0.39519387
0.77112585
1.78166640
0.32888398
-2.08053374
0.03708636
0.28834724
-0.49054250
-0.25054795
-0.40742052
-1.79124069
0.76021886
0.29731593
0.72401953
0.06741913
0.75793493
0.06122525
0.36552781
-0.38153878
1.13240099
0.13206066
-0.47956812
0.06365250
0.35329133
0.69389951
0.95432729
0.18916887
0.08643198
1.93568635
-0.88733029
-1.88758969
-0.01227901
-0.89225608
0.20293160
-0.26605749
0.10459913
0.98429239
-0.41412023
-0.42267776
0.31683254
0.30244279
0.06830388
0.35692906
0.06198460
1.62005806
0.72065395
-0.31870741
-2.65671110
-0.34819943
0.59837568
-0.20574206
-1.03125036
-0.16244841
0.38544649
-0.07962696
0.64596629
0.26609004
0.51741320
0.07863242
-0.26657391
-1.37936902
-0.18482304
1.80917096
0.48533934
-0.71272457
0.06385576
0.41990113
-0.00582246
0.56195277
-0.21762100
1.30796385
-0.39525062
0.73705721
-0.68267399
0.38167995
-0.12028365
0.81121886
0.12183414
-0.10347264
0.06963810
-0.35266370
-0.60226130
-0.50023508
0.67950618
-0.95046890
-0.83175731
-0.35452706
2.00710082
0.62616408
1.04838371
-0.34658599
-0.17688476
1.10604846
2.93423605
1.45283580
-1.61151576
0.83154553
0.93668461
-1.71322441
-1.03410518
-0.20965606
0.31175616
-0.79155815
-0.55068797
-0.49032903
-0.28446868
-1.60744500
0.04207043
-0.75652140
0.13400602
0.70351565
-0.20913304
0.94326246
-0.55736208
2.59098363
-0.09617436
-0.64904022
0.22058265
-0.13396928
-0.03713537
-0.40771058
0.41523683
0.11344099
-0.93871289
0.05978045
-1.19150031
-0.79900873
0.44270110
-0.25738662
-1.89725924
-0.22608344
-0.51567680
-0.55509490
-0.43173683
-2.21338511
0.22367984
0.90191162
0.14719924
-0.82601070
-0.37144476
-0.51338130
-1.30043101
-0.41536808
-0.66379762
0.34953675
0.84392673
-0.63907045
0.91549057
-0.01415709
-0.21897189
0.12964109
-0.00322086
-1.44873822
-2.03133607
-0.22934753
-0.98572540
-2.83160901
0.30075234
1.35107565
0.59623504
0.22316360
-0.26823434
-1.66136110
1.05795693
0.03730940
-0.15920994
0.61001879
0.60848701
0.21808547
-1.55075574
-0.71314925
0.64091021
-0.25492865
0.12411337
-0.58027726
1.74438286
1.13934016
0.45537573
-1.38232112
-0.58512092
0.19210786
-0.61145401
1.22393954
0.53661501
0.02252665
0.12694333
-0.14576566
1.06378877
1.44700265
0.42798251
-0.45851213
-0.16686325
-0.53853452
0.01788898
0.26667708
-0.86089206
0.01441500
0.10998474
-0.16847260
-0.28905392
-0.26144147
-0.24517007
0.26899362
0.34805998
1.40044975
-0.19923145
1.30137384
0.57102269
1.06376708
-0.38629958
0.08390965
-0.18097985
-0.19864178
0.03279852
-0.21051812
-1.59644198
-0.01788881
-0.06708084
-0.20307250
-1.13178945
-0.03161794
-0.10916829
-1.43277836
1.09306121
-0.18031815
0.43971968
1.11948419
0.26540995
0.37720162
0.32310617
0.18619071
-0.42916819
0.84913069
0.41918439
0.16160035
0.40799555
0.43455985
0.08648671
0.42861408
0.20309183
-0.20220956
1.38036466
-0.72409862
-0.82948554
0.45154342
0.08286242
2.74188018
-0.22241127
-0.33984023
0.57963258
0.25695732
-0.46521497
-0.25197995
-0.20119308
-0.08065363
0.48308843
-0.54766393
3.29112315
0.44016364
-2.87608647
0.66100812
1.62662160
0.06741449
-1.33476782
-0.14250796
0.81233126
-0.37889212
-0.29105783
0.71495205
-0.04220983
1.00994301
1.10108304
-0.03296354
-0.00776409
0.18400866
-0.51301461
0.72861826
0.16760343
0.45406246
1.04472637
-1.29748476
-0.16909885
-1.14780176
-2.98016596
0.09681144
-0.07511988
0.28547180
1.22891188
0.38179657
-0.57880151
0.24553314
-1.33402538
-0.76871669
-1.08306539
0.67851865
0.49458063
0.24613674
0.25791460
-0.10633995
-0.46668619
1.18053496
-0.17107856
0.09631136
0.03647254
-0.14272362
-0.36611110
2.34700251
1.27814436
-0.00273100
-0.72925985
