384
-0.62075716
-0.19824681
1.10748839
-2.66293144
-0.94910407
-0.33521098
0.09930529
-2.81012726
-0.00963944
-0.53320390
-0.62074566
0.19086060
-0.01444109
-1.02191830
-2.18726540
0.61474520
-0.17638221
-0.69928819
1.51210785
0.14755230
0.26354167
-0.19361591
-0.19787773
0.05832070
0.20398712
1.19203734
-0.93360198
1.90128410
0.86783171
0.32934874
-1.20134103
-0.34492126
0.18046147
1.10284889
0.27669281
-2.78628731
-0.12466849
-0.51036930
-1.39942288
0.04921386
-0.36079952
-1.49965513
0.00293161
3.54525423
0.40904719
-0.14796743
-0.59933221
-1.02580106
-1.51701081
2.01637268
0.33757734
-0.76121455
2.87237263
2.57853937
0.55769318
0.59862006
0.12855339
0.05398059
0.06312329
0.79393017
0.90701282
0.23104036
-0.09422230
0.73713762
-0.12407066
-1.18268752
0.82080334
0.16818646
-0.49495095
0.26554865
0.32153314
-0.78183478
-2.06683993
-0.62768078
1.81199348
0.99929667
3.32110882
0.16661650
-1.15774810
0.22280298
1.86185765
0.67819148
-0.08184962
-0.74007684
-1.42507243
0.00559272
-0.22095817
0.43742362
0.64793152
1.23968923
-0.38978338
0.48594952
0.20687971
0.16080666
0.41613573
-1.23541415
0.13453270
0.09878840
0.03693275
-0.72250509
0.63853717
-0.52941000
3.04204369
2.16706657
-2.30321288
0.35443407
-0.40570819
0.46650124
0.02814251
0.13499148
-0.29554400
-0.81291085
-0.77579367
-0.02408347
-0.76201856
-0.27475512
0.13351224
-0.38359645
1.74444914
-0.70542592
-1.11942554
-3.38939428
0.15587747
0.54720342
-0.14736819
0.22408289
-1.19688678
-0.02652135
-0.27178031
0.09702954
0.39788383
-0.19720232
0.04695588
-0.42813972
-0.55500507
-0.62672508
1.68699002
0.56360769
-1.05275583
-0.39401585
0.97074604
0.64617217
-1.67062557
-0.62420785
0.61180973
0.53371942
0.64574021
0.46336880
0.04221342
-0.38760036
0.99955517
0.59351754
0.17382281
-0.51589119
-0.36339921
-0.37910873
-0.15578628
-0.21560672
-0.89216608
0.07210153
0.52754629
-0.31489885
1.35846484
0.67972672
-1.10393012
0.25593436
0.74331814
1.49385536
0.88645351
-1.65493202
0.70837796
-0.06602913
-0.25149578
-0.25013563
0.04225141
-0.17504773
-0.39405146
1.00115967
1.25410473
0.27950475
-0.12582451
-0.15552799
-0.12108147
0.53191805
1.26489234
0.61699450
0.59447908
0.08995336
1.62830651
-0.64108849
0.68975008
-0.27671731
0.71709263
0.26282153
-0.09165941
-0.02434340
1.27101374
-0.15814856
-0.45823634
-0.29429334
-0.42397499
0.66885990
0.74572116
-3.02703691
-0.39914781
-0.41611570
-0.15404677
0.37987486
-2.72556376
0.15700144
0.33508435
0.61991477
0.17079750
-0.16584772
-1.24219465
-1.47781157
-0.02325425
0.29661220
-0.25335780
0.57309723
0.13517925
-2.76325488
-0.20320965
0.69007301
-0.62139922
-0.66412842
-0.71761942
-2.00781083
-0.31717509
-1.13586116
-0.76624143
-0.11089130
1.37097132
0.39323092
0.12248072
-0.82767332
-2.69771862
0.45990726
-0.33023834
0.07766263
-0.00360602
0.04379625
0.68108118
0.31210405
-0.01265523
0.65911484
-0.10965924
-0.67336506
-1.37463295
3.41850758
0.05665147
0.82524252
-0.58917761
-2.20138049
0.15362668
-0.04236591
1.30940676
-1.12150717
0.14900091
0.22076717
0.03138729
2.44250131
1.41774273
0.26878786
-0.10796797
-0.28926757
-1.43590319
-0.13882655
0.24500684
-1.06594944
-0.01128411
0.06830089
0.87415755
-0.91635609
-0.06148327
0.16968635
-0.74687469
0.30534685
1.97376812
-0.19248508
0.14104140
1.12231469
0.52565712
0.19633293
-0.41638526
0.01465616
0.10330100
0.02792253
0.54096514
-1.70176435
-0.48019648
0.14450927
0.44678777
0.14150441
0.24984749
0.38171422
-0.57683218
0.56183565
-0.18118887
-0.93319923
0.79587150
0.25839171
0.21296802
0.56240880
0.08253329
0.64617610
0.20510875
1.49569261
0.21664613
0.77151954
1.21588588
-0.37884495
-0.28627047
0.35257754
0.52687258
0.81488383
-0.79534864
-0.92220211
2.16381955
0.46017042
2.61781454
-0.25484654
-0.25704166
-0.00887188
0.08449630
-0.75969428
0.35646355
0.12113073
-0.51409310
0.13480684
-0.62984055
3.57479024
0.09241100
-1.34844613
0.41244388
0.07897520
0.47444791
-2.49064684
0.68438011
0.49046367
0.29140878
-1.10753286
0.72376323
-0.24255866
-0.15689023
0.59340292
0.52558422
0.10014276
0.26592159
-0.21630172
0.89553630
-0.25240090
0.04683560
1.61333418
-0.66108948
-1.49358439
-0.74678981
-1.45962596
-0.41723013
-0.19861615
-0.28531530
-1.80235672
-0.15958145
0.60260212
-0.20827958
-0.17115343
0.11207666
-0.05269102
1.45357943
0.01830970
0.52555561
0.03795701
0.93980306
-0.41544771
0.89372730
-0.02675909
1.01081932
0.27690318
0.25540209
0.24878615
0.37414667
-0.03747731
0.24737951
0.16498822
