384
-0.27400932
-0.24309272
1.35267997
-0.87127876
-0.53601265
-0.69537836
-0.38338304
-1.41168582
0.01635897
-1.91095018
-0.19621877
-0.16706821
-0.17467840
-1.49657917
-1.27116728
0.95012212
-1.53184104
-0.17828754
1.07666695
-0.11804077
-0.15982622
0.36454481
-0.53313220
0.00881500
0.86759043
0.26395914
-0.55363762
3.27728057
-1.06952250
-0.26607513
-0.36196071
0.08346134
-0.06135605
-0.41778207
-0.33194709
-2.02495241
-0.18171750
-0.02629589
-2.35805225
-0.17616954
-0.57733524
-0.84046555
0.26456898
1.07994163
-0.11332047
0.01349285
-1.06988251
1.47183919
-1.23148859
1.63636303
-0.31058395
-0.48691809
1.63503051
3.36648297
0.30310297
0.27799934
-0.01118328
0.35815403
0.07844555
0.72420919
0.14357319
0.37658694
-0.19588958
1.04351640
-0.03345264
-0.11784720
-0.05229479
0.43512577
-0.10965252
0.03750670
1.73978531
-0.16134915
-0.62373608
-1.49049067
-0.40374219
3.80560160
0.51911002
-0.00425435
-0.86760956
-0.18062286
1.04101443
0.06003570
0.05384424
-0.14259240
-2.25055695
0.86608231
-0.80067867
0.34870514
0.06533097
0.28901061
0.32513943
0.14870697
-0.54388726
0.84718680
-0.09972414
0.18643580
0.27600965
-0.02002273
0.27104545
-0.04609750
-0.19735923
0.97316051
1.75120890
-2.06427336
-3.54138136
0.05262960
-0.53236455
0.32742617
-0.59671450
-0.32868645
0.80154103
-0.94747221
-0.31262383
0.56232113
0.24481967
0.38228559
0.13309933
-0.00244451
1.91399348
0.78616726
-1.27120125
-2.02951431
-0.38537443
0.21350807
0.27262565
-1.09887242
-0.04353589
0.34010392
-0.24753843
0.82117069
0.30945289
0.82653952
0.09611422
0.56226802
-0.56555641
0.03619516
2.10510564
0.29373953
-0.70207441
-0.47320771
0.09387754
0.19713485
-0.21759331
-0.69125772
0.44732210
-0.12022883
0.68291044
0.58704877
0.45254782
-0.66215813
0.09979916
0.13685554
0.03839025
0.11953436
-0.16593316
-0.90377998
0.21144085
0.33275956
-0.25945351
-0.13907002
-0.08584145
-1.37628460
0.65820086
-0.31154367
0.67056566
-0.10357898
0.97031462
1.30381382
1.89618254
-0.46093202
0.71552134
0.63034517
-1.22476351
-0.53968656
-0.13281815
0.37344024
-0.59184301
1.06850195
-0.70997381
-0.16335896
-3.84213233
0.21643144
-1.45801389
-0.43753737
0.50427604
-0.08802310
0.15623929
-0.12486605
2.19749045
0.06304169
-0.10208762
-0.17673090
-0.58547992
-0.07384915
-0.38176316
2.21287394
0.74597532
-1.45083058
0.14250106
-1.79355645
-0.79738700
0.54853314
0.07268363
-0.70699114
-0.07663746
0.09460510
-0.41533607
-0.00952445
-2.04922223
0.26137260
1.36930776
-0.24395019
-0.51921028
-0.22265263
0.20220339
-0.76477218
0.21319851
-0.22678679
0.33586696
1.53546238
0.54797006
-0.84882915
0.15968268
-0.73388982
-0.17170112
0.18623406
-1.31221390
-1.25795639
-0.72265244
-0.69956475
-1.16685867
-0.22647469
1.34322393
0.31046546
-0.94707453
-0.38711488
0.42892724
0.40255013
0.27947807
-0.36686194
1.30337179
0.24531053
-0.11362545
-2.19107604
1.22656226
-0.25126764
-0.05571655
0.03174090
-1.43967009
0.93496710
0.94712514
0.29654670
-0.25738508
-2.11158895
-0.26454914
-0.14398035
1.87717390
1.22153842
0.34466982
0.53393495
-0.22338659
0.37445253
0.88863349
0.53790832
-0.38756323
0.09257147
0.33921838
0.02037661
0.14512332
-0.50245774
0.23280497
-0.04509559
-0.07558972
-0.32742733
-0.17260672
-0.12224630
0.26160803
-0.04665356
0.15056562
-0.20972461
0.85282391
0.16594312
-0.38381183
0.87143129
0.24282852
-0.20427741
-0.25428492
0.04610598
-0.08711936
-3.47866535
-0.83001876
-0.13265422
-0.13641466
-0.85709065
0.08953339
-0.02722797
-0.91653967
0.25327253
-0.12027603
0.14826366
0.74802756
0.20332772
-0.24307345
-0.20399623
0.59979874
-0.20900045
0.61292243
0.81792068
1.15089178
-1.25594866
-0.50413430
-0.17449728
0.46779668
0.38256717
0.18701069
1.17702770
-0.08682112
-0.47437915
1.74785149
0.20786232
0.25732708
-0.30980283
-0.32541782
-0.27813387
0.13155062
0.32270530
-0.07339337
-0.19933555
0.09969102
0.41194344
-1.31888402
3.50996137
0.52401197
-1.66744316
-0.00645871
0.34462917
-0.10433926
-1.76995993
0.29268759
1.81611609
-0.01946951
0.78063047
0.91334105
0.08350310
0.59548450
1.65895128
0.11179654
0.47791606
0.06184791
-0.42838570
1.57985878
0.21129581
1.57010412
1.32025206
-0.30903667
-0.74626100
-0.37411857
-1.66560245
0.49002713
-0.02425366
0.04995733
-0.13247092
0.19640249
0.73011565
-0.26588175
-2.66618800
-0.80102515
-1.51692724
-0.07517060
0.55868900
0.03341921
-0.01735689
-0.16439101
0.13977060
0.83015388
0.53338289
-0.07908207
-0.29689899
-0.57735497
-0.71474004
-0.90976048
0.18791001
-0.14313461
0.20073336
