384
-0.85034722
-0.30974454
1.08763242
-0.52688980
-0.63723320
-0.28291351
-0.29357743
0.41690588
0.79054761
-1.59154141
-0.23425163
-0.17255221
0.03392772
-1.27957666
-1.37107110
1.54593992
-1.86100733
0.01365415
1.21332932
-0.34751540
-0.39382154
0.62726891
-0.16683947
-0.75818563
-1.58785331
0.24178165
-0.69513643
3.03159904
0.46700191
-0.55688298
0.07867468
-0.06407743
-0.07173585
0.34460679
-0.42599407
-2.07705784
-0.04945812
0.05272749
-2.33282065
-0.08295977
-0.22790919
-1.58629560
0.04005352
0.75701785
-0.01923990
0.22255991
-2.53008890
0.86492854
0.23280147
-0.20244747
0.29928178
-0.36633012
2.35909653
0.50790590
0.14277551
0.44557309
-0.03101780
0.31510407
0.06372440
0.41239876
-0.13479578
0.12839502
-0.69723684
0.76246303
0.13678274
-0.09635866
-0.19742188
0.27860147
-0.22257753
-0.19715279
1.37627184
-0.06243311
-2.20071268
-1.61742306
-1.04758549
1.59302735
0.60745543
-1.46090364
-1.37829471
-0.00820831
0.17987943
-0.09214994
-0.28917843
-0.36900318
-1.81811678
0.43730292
-0.23951779
0.48727149
0.06322107
0.20916513
-0.29028994
0.13945591
-0.20705335
-0.67075974
0.06999321
-0.15704200
0.11958058
0.13255134
1.14099705
1.10767102
-0.14189333
0.36966783
3.91397333
-2.99002218
-0.49318427
0.03192601
0.15162443
0.47211677
-0.38691801
0.07933141
1.40568066
-0.91266733
-0.48440015
0.13687906
-0.10471594
0.07790707
0.14092670
-0.38126445
2.34883237
0.72148377
-0.94724697
-2.63216090
-0.12967849
0.15575963
-0.76952374
0.23501158
-2.41580439
0.56972939
-0.36130366
0.69757390
0.17994702
0.72760189
0.16051474
1.17874563
-1.68720102
-0.82063633
1.86236572
0.24955004
-0.64548981
-0.30919904
0.04502308
0.08504656
0.39846718
-0.80064875
-0.25683081
-0.26603693
0.58715475
0.08784131
0.11758274
-1.13746619
0.40488243
-0.04345274
-0.03627414
0.26289752
-0.41017097
-0.78690451
-0.26743093
0.18521750
-1.43750238
-0.40373322
-0.32079062
1.97176754
0.46719992
1.35996819
-0.43713108
-0.19905037
0.47132888
0.87656653
1.25374424
-0.14456391
0.43379527
-0.02289973
-1.66703737
-0.45977953
0.33797526
0.18663335
-0.96805876
0.84901977
-1.68461418
-0.10216841
-1.73038483
0.07020794
-1.38192999
-0.43439803
0.34938323
-0.29322076
0.37445396
-0.47042125
1.48280621
1.48330784
-0.50129616
0.04245603
-0.39073241
0.28134030
0.13547784
-0.55595320
1.23945892
-0.89664996
0.09014663
-1.55395746
-0.42920321
0.25394070
-0.24098060
-0.56974888
-0.21839112
0.06284146
-0.35927653
-0.37666836
-1.32806480
0.24624333
1.48853469
-0.04813005
-0.63534421
-0.01409832
0.39227217
0.08124799
0.58865321
-0.35082072
0.43019208
1.39495754
-0.17064878
0.61103129
-0.34999457
-0.22231728
-0.15426409
-0.06490207
-2.51951885
-0.65233302
-1.27943969
-1.86694169
-2.11183834
0.05941731
1.50406837
0.29518199
0.11751953
-0.22498778
-0.12834468
0.81627488
0.21762061
0.10784820
0.57775283
-0.45277673
0.20709561
1.05039835
0.11056000
0.74408489
0.30203366
0.21936767
-1.51485527
1.36770284
0.46075323
0.05202378
-0.77663529
-1.60941482
0.55576301
0.15163139
1.79165983
0.91967267
0.21197495
0.51374006
-0.27580270
0.75482863
0.18888402
0.67804140
0.53638768
0.33459806
-0.11425042
0.03663341
0.16663933
0.06440592
0.09864371
0.00121517
-0.44910765
-0.11385870
-0.33897772
-0.18933851
0.14487681
0.13645041
0.62171686
0.05070364
0.99552560
0.40860611
-0.62216735
0.91639662
0.36434036
-0.36198598
0.33759138
0.22953829
-0.22114064
-2.43415284
-0.18340617
-0.12564775
0.04197995
-0.76164544
-0.27451819
-0.27451700
-1.16794348
0.84690273
-0.36096233
-1.07449484
1.01329565
0.22895449
0.01572616
-0.37948298
0.41934472
0.42000818
0.55191237
1.48012829
0.77849728
-0.87687337
0.19199367
0.09459281
-0.01512801
0.84147900
-0.31760681
0.56663764
0.98337531
-0.20457654
-1.53387499
0.04245014
-0.91132498
-0.35735071
-0.52199149
0.30438966
-0.01142523
0.73483807
-0.25684130
-0.76959920
0.31726205
0.45940065
-1.35971940
3.10612106
0.41130096
-2.72222519
0.36672300
2.03843641
-0.02557111
-1.93113863
0.25826272
1.78740072
-0.11634977
-0.85908324
3.28563404
-0.00185357
0.61110079
1.30111790
0.25431541
0.39469972
-0.20793481
-0.52375960
1.75921166
0.00872478
0.97090214
0.80502635
-0.87918258
-1.40908611
-0.11515667
-1.62362528
-0.26259357
-0.15069366
0.09606401
1.12166107
0.27470154
-0.36500138
-0.25214970
-1.92523575
-0.61700749
-1.32425094
0.13561612
1.12850475
-0.03071132
-0.09193890
0.64332157
-0.31547064
0.64111829
0.15568246
-0.03115014
-0.17081799
-0.54151034
-0.45455930
1.18052936
0.08214654
-0.51663041
0.53950429
