384
-0.17423549
0.07077149
1.37493062
-1.60621858
-1.02382934
-0.47678500
0.10762952
-2.19118977
-0.51976579
-1.06895483
0.15935215
0.30775657
-0.27151150
-1.15258348
-3.06677580
0.34998271
-0.01023546
0.19923639
1.19014156
0.03448582
0.00637168
-0.31185761
-0.11870778
0.44618094
1.46816063
1.48454857
0.37256086
2.44188786
0.92808688
-0.00795994
-0.24679504
0.12408769
0.12684919
0.36438721
0.58715141
-2.10087395
0.09102971
-0.81963193
-0.10398209
0.71555161
0.25409430
0.00851858
0.38200277
2.23184347
0.52040845
-0.87433046
-0.82236010
-0.11788262
-0.98738343
2.14160919
-0.21800721
0.67409766
3.05032444
2.09281540
0.51910192
0.13264589
0.11813404
-0.36200097
0.14702728
0.61562639
0.34833694
0.24435535
-0.28314370
0.40972000
0.56120038
-1.61247611
-0.11843997
-0.74785769
-0.73390925
0.01120539
0.29546982
0.13590635
-1.02181637
-0.38491994
-0.09946668
2.69946909
2.56539679
0.20749784
-0.35766360
0.10202385
0.50086498
0.51753509
-0.81118220
-0.41497079
-1.93655443
-0.00541667
-0.22799250
0.67232287
0.32710275
-0.44743770
0.44719803
-0.15371187
-0.03323932
0.89461315
-0.05705096
-0.84030372
0.75689602
0.54680926
0.10217854
-0.77241790
0.28135663
0.52319831
1.23717058
0.57319772
-3.51790333
0.44625098
-1.48672128
0.28249833
-0.57750523
-0.39890328
-0.06281656
-0.78203243
-1.03578258
0.83521760
-1.14071178
-0.03118335
0.57023799
-0.15908244
1.88299727
0.43757769
-1.79302168
-3.37278223
0.54038751
1.24844766
0.10741693
-0.11478192
-0.03050753
0.17489332
0.54445934
0.84187448
0.60600221
0.31723866
-0.76988924
-0.66030204
-0.60634518
0.09228784
1.38933253
0.12809761
-0.57257390
0.03557257
0.58708155
0.34732473
-1.23454535
0.55885005
0.68946147
1.06706381
0.63150120
1.16489601
-0.09587367
-0.42308229
0.33858138
0.06540859
0.22227210
0.07813239
0.15354812
-0.17252553
0.23261367
-0.11200091
-0.42432982
-0.25137892
-0.19522479
-2.85965943
1.97020411
-0.87537050
-0.64446628
0.11132826
0.75382566
0.95006102
1.08014202
-1.01129687
1.11045861
0.36075118
-0.43966478
-0.59738237
-0.23025005
-0.03878143
-0.14029580
1.72517002
0.90031034
-0.09206267
-1.52885067
0.12605563
0.13085496
0.30114242
0.19918650
0.79080492
0.24697593
-0.04467744
1.89244699
-1.22728121
0.17775318
0.10779726
0.16809849
-0.04950833
-0.86390471
1.95784044
0.68660265
-0.53903145
0.54241586
-0.60879147
-0.57547176
0.43682089
-0.18713221
-1.92188072
-0.09085667
-0.43466401
0.10607289
-0.16422108
-2.84369326
-0.22913742
0.10082394
-0.38122457
0.25957957
-0.04988282
-1.62335086
-0.90557468
0.47581917
0.42821199
-0.50470972
1.66964889
-0.06967522
-3.59748006
0.55625039
-0.18305710
0.36267802
-0.42232829
-0.13935399
-1.98500061
0.33750847
-0.66714883
0.81513983
-1.52172613
1.98521161
0.59852910
0.33458611
-1.42502868
-0.96442437
0.29649037
-0.02695659
-0.03096779
0.83988929
-0.52453780
-0.00914693
-2.56394482
2.50119352
0.29505885
-0.10785891
-0.06880315
-1.07976675
3.01370764
1.25320482
0.13113785
-0.75419474
-1.82515574
-0.32502005
-0.37174323
1.40842032
-0.89263237
-0.13590357
0.14436769
-0.12670572
0.74732447
1.38374496
0.90976262
-0.44709259
0.11776887
-1.01469398
0.63912594
-0.41907948
-1.58910775
0.78555369
0.23180050
0.19367504
-1.27711654
-0.49160129
-0.20300893
-0.11184478
-0.25179315
1.15671313
1.03179729
-0.90914226
0.32981509
0.04322818
-0.20972519
0.06650984
0.27277353
-0.76196015
0.01684830
-0.36596215
-2.04930663
-0.47881860
0.24280626
-0.67283964
-0.25795019
0.21638051
0.01427533
-0.65232188
-0.05310702
0.00519845
0.14904587
0.99217975
0.49481559
-0.11226843
-0.21784145
0.01229922
0.80066490
-0.20299709
0.81596464
1.48053086
-0.16315418
1.53245544
-0.07846248
1.28902245
-0.23212695
0.14631790
0.28568161
-0.48180422
-0.35351005
2.46830750
-0.18434179
2.56266475
-0.14453012
0.21902674
-0.24680769
0.11785126
-0.66028613
0.45847711
0.35012668
-0.01782465
0.31634900
0.09720389
3.98409367
-0.05779395
-0.26168528
0.13180843
-0.08797556
0.36041054
-2.01839638
-0.56010771
0.68049401
-0.00731074
0.59991354
0.42520109
-0.12852624
-0.31815422
0.73587996
-0.25599581
-0.00533891
0.25502425
0.04612535
1.53847122
0.38460934
0.88812768
1.46053493
0.59329021
-1.86846781
-0.05561258
-1.25541413
0.10017057
-0.05838168
-0.73010063
-1.98996282
0.21173210
0.66567284
0.12538062
-1.15334594
0.11860725
-0.35803542
-0.18006775
-0.15386832
0.48127413
-0.10534909
-0.57144082
0.32414281
1.02707160
0.75332463
-0.19657397
-0.10676106
0.60312474
-0.04509443
-1.72520375
-0.31059557
-0.04286048
0.33263257
