384
-1.49539900
-0.46144137
0.86544347
-2.05103469
-0.55908757
-0.76845896
0.57188761
-3.51498175
-0.83544123
-1.58892548
-0.20572197
0.17911008
-0.41488752
-0.94448608
-2.50364447
0.71254915
-0.52463943
0.44893765
-0.72164309
-0.11143748
-0.12100720
-0.17845286
0.04451057
-0.10557923
-0.55305183
-0.72751212
-0.20923623
1.80109310
0.77463901
0.22388992
-0.14151530
-0.31132141
0.01343971
1.04818940
0.04429962
-1.69379020
0.00750320
0.17978394
-4.96925735
0.60785186
-0.58124566
1.62848520
0.10362004
2.52911258
0.49437132
0.66117358
0.75558656
-0.00345756
-1.52901232
2.00508857
0.48500955
-0.21313021
0.96351719
3.82178307
0.54075515
-0.18119052
-0.29273999
0.15915550
1.68371296
0.86894113
0.40220556
-0.13140148
-0.37713203
0.59561449
0.08210782
-1.44539106
0.11978659
-0.28607965
-0.23837364
0.04384919
0.28093660
-0.43416846
-1.41370928
-0.59461272
1.25136471
3.35129619
3.23013902
0.28739351
0.55275464
0.09971704
1.91136861
0.67407221
-0.42951599
-0.09320710
-0.85652930
0.32586473
-0.00466653
-0.05824474
0.04176749
-0.45201617
0.30119348
0.56243581
0.43324870
0.09475040
0.11643375
-0.47660127
0.34594983
0.23001713
0.51817489
-0.89654493
0.02716252
-0.15328915
2.36449623
0.58143771
-2.88762569
0.34505749
-1.00156403
-0.03052831
-0.31222317
-0.00367974
0.52710342
-0.95304805
-0.38410082
0.50660807
-0.24675035
-0.30171156
-0.09607275
0.10710306
1.50896025
-0.10127974
-1.97472453
-1.63922071
-0.26402146
-1.03504431
0.55615455
-0.30832520
-1.44335127
-0.20446113
-0.18727237
-0.09177774
0.87713623
0.30797824
-0.53754777
0.11386080
-0.14186984
-0.19850037
1.19809580
-0.18618578
-0.08274561
-0.00005350
0.26049227
-0.06782878
2.03921509
-0.51972473
-0.17664292
0.69424838
-0.48039740
-0.26220363
1.12091041
0.01192308
0.55872399
0.05326532
0.17519179
0.18218711
0.15556973
0.34234512
-0.05870064
-0.56754947
0.16851640
-0.12029524
-0.20918587
-2.15804386
0.99521410
-0.24420451
0.01250574
-0.32897300
0.89922678
1.57211423
-0.29672819
-1.68896770
0.55377007
-0.57129496
0.94605273
-0.61413229
0.01797749
1.23500931
0.47482726
-2.16753101
0.71994781
0.21169680
-0.21844947
0.01615265
-1.92747259
0.08517121
0.41932857
0.10365112
0.26017201
-0.57958382
1.53740716
-1.45454323
-0.14166188
-0.28974649
-0.05645210
0.40043923
0.01348495
-0.32012692
0.76374531
-1.42669678
0.26565230
0.25522888
-0.72903198
0.01567736
0.13000989
-2.26096773
-0.34685495
-0.20451036
0.05297294
0.49603376
-0.03021073
-0.16222699
-0.20437071
-0.18989073
0.63833815
-0.34932181
-1.01240826
-1.37529755
0.44262677
0.67894149
-0.08254115
1.31181169
0.09409583
-1.61937177
0.12028033
-0.07987761
-0.63943738
-0.27597094
-0.93956906
0.42528152
-0.24139634
-0.86753947
1.04675257
-1.31620431
2.80489922
0.44802159
-0.44695926
-0.22417524
0.65797222
0.52908564
-0.36074561
0.17041881
-0.31535298
0.02908653
0.62487471
-0.41702455
1.34379542
-0.83942574
-0.26203161
-0.36676389
-0.77102339
2.06765842
0.50735044
0.19789204
-1.53059459
-2.71251297
-1.26946664
-0.42507902
2.31856394
-1.51490736
-0.36962134
-0.35431284
-0.38301367
0.85314155
0.49204755
0.30126515
0.04310977
0.00231440
-0.59404063
0.16822532
-0.28991801
-1.27085352
-0.56268710
-0.12834467
0.29966822
-0.89102268
-0.47610405
-0.00709648
-0.38088167
-0.24313693
1.03734410
0.41200674
-0.35239142
0.71752632
-0.47183371
-0.66334409
-0.12730896
0.14184219
-0.71794760
-0.21975762
-0.18343778
-1.85299778
-0.53217304
0.07603967
-0.02524603
-0.15904900
0.05416715
-0.25951177
-0.28368965
0.36163127
-0.19817108
-1.23485804
1.21646702
0.71602660
-0.01065020
0.22602008
-0.19777475
0.44408748
-0.00279792
1.70163405
1.05401635
-0.07978809
1.28156590
-0.54497820
-0.11712843
1.94200563
0.05027926
-0.89689583
-0.49404764
0.01755698
3.10500813
-0.00670446
-0.30066687
0.24390152
0.41566676
-0.79289424
0.01999182
0.92795765
0.45891947
-0.72786796
-0.17480744
0.23765373
-0.63392168
3.49129224
0.20015532
2.49532104
0.01764521
0.11304688
0.11843156
-1.87094915
-0.35765159
-0.91599596
0.42430514
0.77939308
-1.39771819
-0.38213927
0.21815532
0.93031543
-0.71314049
0.08506100
0.35371730
-0.55255479
0.61310911
-0.00014697
0.79022503
1.70031595
1.10615122
-1.77704394
-1.01095319
-0.36875427
-0.24305406
-0.02856664
0.32075810
-1.32678878
-0.11196548
0.81667989
0.68135893
-1.01195133
-0.01188632
-0.28233361
-0.15444344
0.02017409
0.19542760
0.07045965
0.76663399
-0.01155607
0.84753323
0.47890443
-0.35258573
0.71783739
-0.04440443
0.41337055
-2.66886020
-0.37524569
-0.04747239
-0.17321631
