384
-0.60356355
-0.09482105
-0.29328799
-2.13755751
-1.18471599
-1.39242291
0.14550656
-1.24263906
-0.31641433
-1.23137581
0.21736506
-0.19719081
0.17466414
-1.48869371
0.34018314
0.44823182
2.00322676
0.30677846
1.71536756
-0.13572648
-1.87603271
0.54291886
0.25395691
-0.42801756
-0.19321236
0.14118353
-0.65115440
3.63276196
-0.10935307
0.18650335
0.64277005
-0.03572475
0.20069268
-1.34788072
0.15817603
-2.62022328
0.05681749
0.01565978
-0.81027031
0.29927725
-0.13570756
0.43507361
-0.30739605
1.78334141
-0.26840216
0.11690770
-1.57961416
2.49528766
1.92441785
1.24092793
1.04391158
0.04938315
1.06861591
-0.27160335
-0.58820224
-0.02364587
-0.28440326
1.67869556
-0.81279212
0.40880382
-1.46495330
-0.15136230
-0.19412294
0.78571177
-0.27528718
-0.69869339
-0.17389977
-0.71016937
0.50670981
-0.20393537
1.19903994
-0.33009195
-0.78717107
-0.83162981
-2.22891283
0.15370065
-0.78784955
-0.48169398
0.05007404
-0.19617239
1.09379232
0.27091375
0.61292464
0.27397382
-1.19035757
0.62230611
-0.56718081
0.45255882
0.28795788
0.28610221
0.27395010
0.01367788
0.28505471
-0.19492823
0.16800664
1.00973618
0.57403421
-0.27014017
-0.47534671
0.37674180
0.23411693
-0.19882500
0.48896706
-1.92284155
-0.96113169
0.21218714
0.35055983
-0.16076320
0.07563139
-0.39407438
0.30684748
-0.73958266
0.15325207
-0.10444756
0.11507592
0.67628610
0.40355122
0.47228086
1.01553726
1.52697015
-1.48450434
-3.64834309
0.20373768
2.14598441
0.53986591
-1.53640485
-0.75303686
0.62917864
-0.57819867
1.06771505
-0.64926916
0.24989223
0.21650931
-0.34843525
-1.42678893
0.82424927
0.98610461
0.34307408
-0.83022410
-1.07374847
0.56521982
-0.37855953
2.24769449
0.20473705
1.43337762
-0.62249696
-0.39537364
0.00608708
1.07307804
-0.79201591
0.54592323
0.09585290
-0.01669130
0.11272775
0.42954022
-1.39270926
-0.05357674
1.00775921
-0.85829175
-0.48785013
-0.27107355
1.00822783
1.94234324
0.11351073
0.55485618
0.10931920
1.44322133
0.50389832
0.04892156
-0.15121353
0.59625357
-0.39419430
1.31582129
-0.43957010
-0.05868176
-0.42078039
0.92619252
-0.41962469
-0.95245588
-0.39736778
-2.40617371
-0.32557994
-2.11202192
-0.68866789
0.69230443
-0.32015526
-0.02749708
0.48610711
0.22717762
-1.99507272
-0.94286734
0.20221972
-0.96609616
-0.18946412
-0.52464020
0.57697481
2.52672172
-2.03341961
-0.11175089
-0.11720909
-0.21005058
0.14134592
-0.27882916
0.49148428
0.17935522
0.70194852
-0.12104901
0.44464546
-0.36977422
-0.82105041
-1.66262984
0.09690078
0.33000755
0.39314863
-0.76921648
-0.00681490
-0.40205312
0.74620825
0.32057244
-0.14687419
-0.65943098
1.23603344
-0.27028388
-0.41420108
-0.73787367
0.09657638
-1.97017395
0.05969073
-1.06393170
-0.25524369
-0.87786400
-0.18260412
1.72982407
0.01737797
-1.58487749
-0.00747502
1.23236287
0.49583134
0.24512810
-0.45413265
0.44270593
-0.17371424
-0.50428295
0.99916333
-0.51615262
-1.16322732
-0.10394740
0.13682616
-2.08119202
2.06630611
0.19093165
-0.66375768
-0.38286704
-1.29285169
0.44855872
0.37275019
1.25175476
1.47376513
0.30484056
-0.21311739
-0.30982265
0.69968665
1.79929256
-0.14650433
-0.38739002
0.67183119
0.49587423
-0.41195843
-0.41927904
-0.56185722
-1.05609345
-0.36093891
-0.80989766
-0.65032911
-0.46405324
0.53059697
0.52373540
-0.19260719
0.15193987
-0.29788670
0.17280178
0.54003924
-0.99543995
0.41587612
-0.11755146
-0.17000650
-0.47573924
0.18372476
-0.37477356
-1.41158056
1.57332218
-0.08031286
0.01215844
-0.16990711
-0.53301984
-0.84376919
0.72287452
0.37113354
-0.90556192
1.26090038
0.86915636
0.99724227
-0.85897690
-0.28706166
-0.13821523
-0.66916686
0.01477951
0.97736657
0.67593706
-1.94301391
-0.89874661
0.10702534
-0.69132131
-0.58277512
0.35827747
-0.11763854
1.30565023
0.02645901
-1.39762998
0.52290732
0.73538566
0.13325679
-0.13885352
0.95692569
0.17844120
-0.22899401
-0.18805408
0.71980047
0.10004805
0.57955444
-0.91837597
3.50453353
-0.25743544
0.15905218
0.52516115
1.31261551
-0.35216701
-2.06626105
0.49433762
-2.40542459
-0.11963449
0.31118000
0.74316239
-0.25159994
0.40685898
0.93888205
-0.33394882
0.06506182
-0.22982952
-0.19735275
1.77626610
-0.09046642
-1.40960038
0.41666797
1.45579541
-1.36428154
-0.13174587
-3.11024690
1.24862337
0.43549958
-0.33371302
0.82608384
-0.30897897
0.12323774
-0.18668441
-2.67544293
0.80058217
-1.34836495
-0.74802834
0.66632712
0.12249174
0.19031990
-0.41727099
0.00711115
-0.06428570
-0.29966742
0.07085135
-0.27986073
-0.95609283
-0.09239867
-0.73483419
0.67619103
-0.12666658
0.98392868
