384
-0.91205597
0.11919024
0.61938161
-1.94142568
-0.59224820
-0.81335568
1.33130646
-3.40819430
-0.24711545
-0.48342067
-0.24659936
-0.68213403
-0.45880777
-1.06061244
-2.39185238
1.00792658
-0.66397154
-0.17437585
-0.59513921
0.21478190
-0.01182878
-0.07663655
-0.28788188
0.31245679
-1.08178806
-0.99764484
-0.53183007
1.56034803
1.24260807
-0.19194686
0.20515762
-0.67032301
0.37793642
0.72352982
0.60267186
-1.44740558
-0.16911471
0.12107900
-4.97820139
0.46225679
0.25526601
0.90968037
-0.02218613
2.79341841
-0.10897800
1.01936269
0.43826550
-0.22581279
-1.78179121
1.79907560
-0.31151840
-0.04622990
1.19000518
3.92121196
0.22595742
0.09266683
1.05484283
0.13152580
1.64456272
0.21617077
0.73370504
-0.16449404
-0.55507690
0.36557823
-0.22643438
-1.61252165
0.43822449
-0.57360137
-0.98813009
-0.77455384
0.54986590
-0.84674776
-1.95751762
-1.05280817
1.75370002
2.67208409
3.15800810
-0.24386221
-0.15742080
0.75716203
2.32122946
-0.26721507
0.11861742
0.19487594
-1.22498512
0.59421682
0.49306899
0.38454360
0.11755219
0.22070852
0.32106948
0.49476793
0.66559887
0.31741673
0.22140154
-0.41898862
-0.15886590
0.26585919
0.25279981
-0.98109007
0.54405034
-0.58885419
3.06797743
0.90066475
-1.63820052
0.45956105
-0.82343704
-0.24020319
-0.26047394
0.09086155
0.06840643
-1.02023149
0.01898488
0.99823791
0.04653156
0.35766804
0.62098002
-0.07713344
1.72480249
-0.88268340
-1.59225619
-1.77908468
-0.99225271
-1.49252176
0.14846522
-0.26591861
-2.14366293
-0.09406105
-0.99848717
0.42181742
0.49951923
-0.65937257
-0.32941940
0.63366240
-0.06549340
-0.93809068
1.80919778
-0.05286890
-0.81143111
0.18797480
0.62567830
-0.22257978
2.15341783
-0.89148074
-0.26567733
0.04753435
-0.35862076
-0.74014634
1.27361739
-0.93426836
0.68566948
0.12795998
0.54296827
-0.26262355
-0.50871485
-0.21313408
-1.05324173
-0.34288272
0.40559232
-0.27282265
0.67863727
-0.25810006
0.61688840
0.84633267
-0.29925498
-0.66244709
1.43707001
1.85679555
-0.41668117
-2.00104761
0.43110895
-0.21263196
0.64004397
-0.43940604
0.06740727
0.84383094
0.29639256
-2.71024323
0.27445507
0.30327305
0.34296834
-0.73774713
-1.39656734
0.69137287
0.40028581
0.09026599
0.14992446
-0.39868981
1.55373979
-1.08850324
-0.39905798
-0.14752135
0.61665064
0.04111382
0.25435552
-1.50204277
0.97163510
-1.20061123
0.26915863
0.16516215
-0.35244468
0.14385925
-0.30601954
-1.86660480
-0.14163603
-0.47051784
-0.52674437
1.11659324
-0.06638151
0.15386337
-0.09077413
-0.37340015
0.83772141
-0.55405605
-0.64888787
-2.00595212
1.03356373
0.10505769
-0.86962783
0.54794645
0.75989997
-1.03206193
0.26838213
0.35588107
-0.58545822
0.46947676
-1.71599913
-0.05806819
-1.37319827
-0.54593682
0.00753936
-0.50397342
2.21303701
0.27661401
-0.33230400
-0.35340533
-0.18187392
0.89724159
0.09588686
-0.24190614
-0.62360770
-0.01894271
0.47590408
1.47669041
0.02923912
-1.04130828
-0.07458213
-0.18474631
-0.54287440
2.27730417
0.17395908
0.17619497
-1.43900251
-2.26542306
-1.75602150
0.05778040
2.30516338
-1.80150497
-0.49471721
-0.34437162
-0.36780596
1.02007735
0.45588976
-0.02880706
0.14529186
-0.45912194
-1.01982474
0.53243506
0.30166829
-1.41583562
-0.97747213
0.24384667
0.67725807
-0.14394128
-0.67996866
-0.59634548
-0.27491939
-0.03117082
0.78597927
0.52505380
0.46691850
0.27568561
-0.14744203
-0.86129439
-0.27133393
-1.27040195
-0.43171695
-0.51364702
-0.08263768
-1.83291888
-0.22268581
-0.20962626
0.05226392
-0.20819455
1.14057398
-0.80637378
0.03225544
0.23425886
-0.79481256
-1.46442187
1.47241509
0.28921527
0.00274247
0.55129182
-1.01574636
0.11905479
0.07351056
1.91761851
0.67937982
0.85838759
1.23891509
-0.76386112
0.02241631
2.45637536
0.13852510
-0.67562008
-0.61492908
0.37786174
2.33862543
0.30390561
-0.10158050
-0.10895435
-0.43300265
-0.23649625
0.26577342
0.42176837
0.22723301
-0.23773888
-0.31871045
0.06393999
-1.21996760
3.39650440
0.79698396
1.69630265
-0.16933849
0.33817911
0.23153165
-1.99790883
0.34742913
-1.02882409
0.35354084
-0.50911629
-1.80972934
-0.15296058
0.90733993
0.56752825
0.17330347
-0.49214825
-0.05931805
-0.17231512
-0.08370471
-0.13681166
0.12308872
1.44982660
0.46895930
-0.98862278
-0.90013152
-0.78583539
0.70474988
0.02077131
0.37115431
-0.83581764
0.23136961
0.41830009
0.48729458
-0.61796093
-0.03486222
-0.62937939
-0.29325038
0.23664422
0.40689415
-0.05322297
1.19609153
0.09149850
0.83138585
0.18664126
0.43221924
0.25093180
-0.18727988
0.29284060
-1.56916070
0.98523617
1.36267900
-0.14521705
