384
1.00607920
0.40315539
0.26642045
-1.28983152
-0.30330479
-1.57649279
0.40294492
-1.08893192
0.09361346
-2.55970287
-0.15592697
-0.34810606
0.04416701
-0.05722260
-2.24239063
0.56898671
-0.37484893
0.45765305
1.18092966
-0.03512836
-1.71445251
0.54884619
0.78941488
-1.47315264
-2.14594984
-2.14001608
0.25667986
2.27771616
-0.48600474
-0.28646934
0.42667025
-0.25678164
0.03406032
4.10343933
0.56033939
-2.47502732
0.25135356
0.01898855
-4.45659447
0.81784898
0.05304990
1.73878741
-0.21866120
2.48275185
-0.99036837
1.65237188
-0.03709018
-0.14812431
0.78960943
1.57728946
0.45188206
-0.07320085
2.44008017
-0.53873038
-0.58215189
0.00132798
0.25084037
0.69121134
1.03738081
0.09860626
-1.27285767
-0.17495102
0.23414031
0.41280565
-0.08707030
-1.80031645
0.31288671
0.02178037
0.06412866
-0.29079127
-0.01857767
-0.23911425
-1.74949491
-1.30896139
-0.11236256
-1.07255554
2.13360691
-0.46734220
1.31817865
-0.20627698
1.59924722
-0.06985715
0.73456067
0.28293401
-0.83839542
0.01050598
-0.36353350
0.48266089
-0.15232331
-0.17428319
0.07953466
-0.19667204
0.67008686
-0.70824486
-0.01463808
-0.70806754
0.87682575
0.35955942
-0.08014123
1.44893360
-0.02955417
-0.54190129
1.01623166
-2.26757383
-0.89804339
0.48940513
0.27715266
0.77217579
0.22056657
0.53624392
-0.07448301
-0.92039692
0.17434204
0.09199701
-0.27410346
0.44469243
0.30881858
0.23569791
2.15608263
-0.45378593
-1.59614229
-2.70789647
0.49181402
0.96985459
-0.21590370
-0.40130758
-1.47638237
-0.26636219
-0.21989329
0.78882784
0.21959463
-0.57308131
-0.33233279
0.24304673
-0.86182117
-0.33164400
0.97897601
0.15302606
-0.06528752
-0.10791339
-0.17351079
-0.65079844
2.33351088
-0.82147187
-0.81704855
0.03653315
-0.98275393
-0.10216527
1.15979838
-1.12631059
-0.01365127
-0.07892141
-0.33501399
-0.12141944
-0.32796538
-0.48183143
-0.38077432
-0.05665326
-0.42125589
0.71583271
0.23729539
-0.78814381
1.80289972
0.25723714
-0.18998653
-0.05383086
1.54882085
-0.54881102
-0.18890777
-0.60836434
-0.17140415
-1.11716688
1.94618797
-0.41416109
0.82159024
0.87361157
1.95487905
0.71512127
-0.63301420
0.15594025
-0.80478024
-0.26924938
-1.31181419
-0.02055737
-1.27222490
-0.58889687
-0.51652473
0.20294499
0.89340341
-1.30414677
0.39057273
-0.86403751
-0.41165167
-0.35954240
-0.04524858
0.99835455
0.03123075
-0.75328493
0.70297766
0.30824566
-1.31011486
-0.10175197
0.01544368
-0.91972935
0.28000340
0.04476084
-0.39164665
0.17035134
0.10617578
-0.45854098
-0.14376298
0.35924003
0.25929260
-0.27199063
-0.10464463
0.14556223
0.55911905
-0.15348229
0.07207634
1.38994575
0.02713889
2.69886255
-0.04981959
-0.18996778
-0.15999459
-0.28923744
-1.88009381
-0.55867094
1.08274913
-1.22730899
0.79346919
-0.66860467
2.39294887
0.01615386
-0.30740541
-0.92631304
0.84378427
0.44378814
-0.14696626
-0.02057227
-0.52498007
-0.81471491
0.19051421
-4.10095692
1.12232971
-1.28675842
-0.04287411
0.24396539
-0.63748097
0.26805007
0.87428975
-0.38379759
-1.04354763
-2.78906965
0.04195954
-0.52966422
0.34437948
-0.32490355
-0.26557565
0.30596286
-0.26852345
-0.15856618
-0.25661099
0.63126689
1.77005219
-0.11977557
0.01289850
0.42318776
0.25610137
-1.92657113
-0.22046241
-0.05259218
0.12762806
-0.65209872
-0.40737554
0.00084712
-0.17183045
0.03724997
0.37600464
-0.00031183
-0.51352775
0.37588409
-0.52731228
0.20308608
-0.21191803
0.13914879
-0.40118626
-0.37224528
-0.04895766
-0.46843809
1.03644466
-0.87357759
1.13763249
-0.86377138
-0.55018467
-0.60154009
0.08777535
-0.04176052
-0.44169217
0.22294375
1.16046929
0.38341713
0.80065197
-0.08230047
-0.39807674
0.19967359
0.08584214
1.60026252
1.08951056
-1.40753913
-0.23595923
-0.54441488
-0.18630305
0.95901597
-0.14411308
-0.57609099
-0.21476790
0.29130593
-0.47428626
-0.03582994
-0.75805998
0.26440322
0.03986621
0.24385302
0.23121455
0.78937691
0.70916498
-0.44130582
0.24875636
0.38269171
-0.97676706
3.38123631
-0.87274563
2.08037424
0.48607641
1.23632526
0.17846498
-3.54592800
0.19356284
-0.95132846
0.03388594
-0.59541488
1.35058355
-0.38584736
0.63054419
0.30796313
-0.30031908
-0.14708084
-0.43327963
-0.35588148
2.17028880
0.05431599
1.91334546
2.15908957
1.57174253
-1.90746319
-0.28586179
-1.35663033
0.95967609
-0.36048639
-0.24771349
0.29565179
0.38185263
0.07741816
-0.13322608
-0.61346245
0.39489496
0.11444199
-0.86334419
0.10843281
-0.02511194
0.24419373
0.82263547
0.24398607
0.57369375
-0.08696020
-0.19609368
-0.21282580
-0.71329486
0.01881786
-0.09169361
-0.68984938
-0.13280389
0.76034933
