384
0.96179640
-0.23391843
0.11067712
-2.10806131
-0.91515028
-1.55474567
0.38346237
-1.69731975
-0.59848398
-1.57036102
-0.25792885
-0.21813592
-0.02367215
-1.76385069
-2.87403679
0.43101287
-0.63801432
0.28984588
1.49205542
0.30706787
-1.04407585
0.12815680
-0.00585128
-0.67471635
-0.92487293
-3.08146811
0.13985766
2.20815492
0.23143418
-0.16129732
0.20450363
0.26438075
-0.16849716
0.59007895
-0.10141514
-2.01871181
0.07989530
0.27173340
-2.97236347
0.60206693
-0.42830175
2.47811675
0.19040737
1.77374148
-1.25778210
2.09869218
0.13307983
-1.15757120
-0.94139087
-0.73639357
0.39371121
-0.14497954
1.64799368
4.13069725
-0.24844359
0.00491677
-0.05729221
0.76787484
1.53579760
0.36054391
0.54738832
-0.21780354
-0.01189598
0.61416078
-0.26267126
-1.16110253
-0.09177983
-0.47667170
-0.17670506
-0.41399133
0.18453571
-0.56684411
-1.13531387
-1.74249768
0.04132688
1.69737458
1.95774424
0.82164764
-0.51411557
0.02623416
0.30768535
-0.13766116
0.48798433
-0.52955103
-1.10814404
0.30310473
0.30571026
0.06833436
0.29791918
-0.11926091
-0.16092668
0.11987391
0.18739757
1.39368474
-0.12064070
-0.52030736
0.34006339
0.14101852
0.94128519
1.17430913
0.06473314
-0.87905538
1.49877453
-1.65252757
-1.39038706
-0.08825158
-1.12500846
0.13301387
-0.07566234
0.12850848
0.66123527
-0.91453028
-0.29976693
-0.15533623
-0.24828723
-0.95983434
-0.01387399
0.31588733
1.36040914
0.33797306
-0.98078537
-1.06291580
0.09299195
-0.40821820
-0.54619813
-1.85535932
-1.07212830
0.84982729
-0.02403301
0.71029872
0.54144853
-0.49010092
-0.35785314
-0.08492047
-1.31204152
-0.56306946
1.03793347
-0.05347947
-0.64133006
0.35408604
0.53217530
-0.39378521
4.02359581
-0.54007965
-0.23356560
-0.37050176
-0.03028663
-1.36501098
0.31234407
0.00265750
0.58421791
0.58663356
-0.29548603
0.18112731
-0.42885846
0.22027579
-0.76990938
-0.35919064
-0.34857243
-0.32620081
-0.51778752
2.35123873
0.43263096
0.33612502
0.13218161
0.12564507
1.25779343
2.05890727
-0.03765363
-1.86141801
1.01887119
0.46134368
0.18379487
-0.52907544
0.36291620
1.06352448
0.24509329
-2.94403529
-0.80272532
-0.05512057
-1.11276937
0.15461282
-2.56078672
-0.37923649
-0.12779863
-0.44840497
0.34875309
-0.80681276
2.05818176
-1.25687337
-0.23252024
-0.20581141
-0.41488764
-0.53409225
0.38884336
-0.63108021
-0.54283810
-1.62878370
0.10591898
0.89886749
-0.61835611
-0.06635197
-0.12623370
-1.96214080
-0.14295341
-0.00687452
-0.13094714
0.11374620
-0.08236271
-0.30189058
0.21752526
0.10217912
0.39500934
-0.23866999
-0.24751523
-1.21838272
0.08391100
-0.01557228
0.24985319
0.48617029
-0.00671585
2.88582754
0.08175792
-0.20600612
-0.28756636
-0.21720457
-1.23410738
-0.27764541
-0.19627641
-0.31087568
-1.78327596
-0.38517851
2.25836420
0.14205602
0.22589207
0.10740410
0.42575592
0.80917341
-0.04568624
-0.28604892
-0.94762558
0.16763607
-0.70806557
-0.59818661
-1.37325585
-0.32157385
0.14159089
-0.26765186
0.11195159
1.50438356
0.63107723
0.30149329
-1.60713911
-0.80100334
-0.34382951
-0.07472001
1.26501000
0.62526459
0.03825029
-0.04546428
-0.29164290
1.10059166
0.38702178
0.44959641
-0.72993553
-0.07977135
0.08733246
0.41452363
-0.31111416
-0.43021381
-0.61644095
-0.45765784
0.51100457
-0.82124823
-0.21908514
0.56131649
0.10185884
0.47501674
1.08761573
-0.49507466
0.57098544
0.30660990
0.14285633
-0.60497385
-0.38068449
-0.29663545
-0.88608181
0.15243864
-0.46318844
-0.62396592
-0.01493396
-0.28746533
0.10782813
-0.59424460
0.15249155
0.08069406
-0.59600711
1.08593595
-0.27961886
-0.53405082
1.26943350
0.78460151
-0.43695760
-0.21393369
-0.47830027
0.20542853
0.59217751
1.60012674
-0.43141478
-0.19534767
0.33625156
-0.08020145
1.52913618
1.72441781
-0.18322699
0.07804278
-0.68713462
-0.08155847
1.15191698
0.25559902
0.67684191
-0.34553516
-0.00987379
0.93016827
0.06996449
-0.00526018
0.32983187
-0.45093161
0.36321902
0.09653340
-0.58473057
3.00731039
-0.09713534
0.59112930
1.13798404
1.54667532
0.14997064
-1.24266601
-0.15233457
-1.94739127
0.11212306
0.09420916
-1.47767663
-0.29336649
0.96125138
0.85289043
-0.23402642
0.29088095
-0.17588232
-0.31710127
0.47545379
0.55987900
-0.14982378
0.55745357
0.23329329
-0.89598870
-1.48197412
-3.06071925
-0.44927615
0.12970892
0.27378306
2.10937500
-0.03987649
0.00223568
0.21591622
-1.28950012
0.17798066
-0.83929634
-0.11880526
0.97471106
0.50618505
-0.09732583
0.52934682
-0.40263742
0.56518728
-0.42668298
-0.08899805
0.10490493
-0.83391744
-0.11251824
1.35461402
1.06257081
-0.17366526
-0.58037645
