384
-0.22092906
-0.40913492
0.82051039
-1.71560717
-0.98475826
-0.40074047
-0.01163673
-1.24564409
0.35528871
-0.68760431
-0.25828171
-0.14648126
-0.08626297
-2.14908957
-1.35782290
1.13908505
-1.25241029
-0.07757656
1.05485964
-0.02419651
-0.05480421
0.40668410
-0.30583921
-0.31685767
-0.19367455
-0.06044172
-0.64914727
2.85330439
-0.08106893
-0.37952089
-0.14015701
0.11471211
-0.08903591
-0.62143105
-0.46460506
-2.04942203
-0.01672025
-0.16007626
-2.70306230
-0.23076290
-0.08751704
-1.83085406
0.14900833
1.07549024
0.11284137
1.20509052
-1.11368179
0.45172080
-1.71401024
-0.04033101
0.06147063
-0.35488960
1.64412630
3.83809638
0.32454869
0.46482700
0.01402698
0.42710879
-0.00297603
0.41890118
0.73292691
0.07576180
-0.56993955
0.85844684
0.05737938
-0.28137457
-0.21083422
0.21995169
-0.21262026
-0.36378402
1.68867409
-0.08777800
-1.46807683
-1.26189590
0.56129861
2.47313595
1.19038117
-0.79658610
-1.93373954
-0.03213776
0.77847379
-0.21630929
-0.37168598
-0.13142782
-2.50380707
0.46792087
-0.13761690
0.43186086
0.22745749
0.32991317
-0.04661809
0.39214283
-0.39558595
0.90010828
-0.26034620
-0.54133576
0.11168858
0.03615153
0.73501587
0.62281084
0.18766150
0.14546075
3.33525324
-1.75899959
-1.84900784
-0.16366729
-0.84461707
0.36559671
-0.44669539
-0.37085903
1.03740728
-0.92894870
-0.44518855
0.18898463
0.00062130
-0.06793709
0.15340184
-0.32984906
2.16088104
0.48884022
-0.50511974
-2.47686601
-0.81920910
-0.61486936
-0.51614201
-0.85078746
-1.22681260
0.53510553
-0.25417009
0.83483040
-0.05899775
0.46145579
-0.15555495
1.14742482
-0.52838910
-1.03709519
1.97539186
0.34080908
-0.90772754
-0.30892155
0.13757879
0.26928335
-0.29151356
-0.72528839
0.26674664
-0.11062747
0.85862714
-0.34209129
-0.12561536
-0.61711508
0.34502828
0.22629087
0.05313802
0.46029729
-0.54286224
-1.19823146
-0.25399423
0.30144700
-0.68737292
-0.15287435
-0.33700937
1.69816208
0.34232831
1.02551508
0.16789627
-0.11993536
0.94697446
1.81012511
1.90652788
-0.99610323
0.35572389
0.94296420
-2.01668406
-0.54678142
0.10532533
0.34775487
-0.96336001
0.23595685
-1.00029266
-0.29072881
-2.12125015
0.11001591
-1.42702758
-0.44364458
1.24366713
-0.24694923
0.51949245
-0.46978751
2.15750861
0.87470567
-0.60159773
0.08617651
-0.37137249
-0.07422170
0.15093598
-0.05472264
0.95764792
-1.21703720
-0.02139162
-1.20230365
-0.39469624
0.38794035
-0.06898186
-1.33018804
-0.09233290
0.26934808
-0.26210806
-0.41461527
-1.43215370
0.24292158
0.94236153
-0.05466580
-0.58541036
-0.54047906
0.11914998
-0.98431844
0.29650167
-0.15296693
0.50317132
0.74273878
-0.04220706
0.72748178
-0.04702336
-0.61196119
-0.11668663
0.08625975
-1.75331962
-1.28333330
-1.56907272
-1.28999853
-2.54396057
-0.20485356
0.90900433
0.38469380
0.11906847
-0.26300392
-1.35133791
0.88892400
0.29474968
0.04172432
0.50260496
0.26286539
-0.46709782
1.07457829
-0.39785767
-0.00364187
0.18266474
-0.14272210
-0.98266411
1.82178020
0.85203946
0.31711501
-0.52563530
-1.54079461
0.14005803
0.46013188
1.96958196
0.67475605
0.45580834
0.39367804
-0.19486299
0.85111403
0.94938034
0.77849656
0.01690561
0.20419788
0.04879802
-0.05393364
-0.10896917
-0.16810685
0.04234892
-0.22019550
0.16683289
-0.20536619
-0.32216209
-0.37880489
0.23672561
0.09808405
0.82624626
0.07967263
1.23457444
0.35115090
0.01502831
0.81202269
0.28440413
-0.02852449
0.27277160
0.23202935
-0.27897942
-2.45213985
-0.78524262
-0.04755118
-0.10982659
-0.89197290
0.11427294
-0.03180093
-1.01055098
1.18267012
-0.28099030
-0.49900413
0.77335608
0.22809285
-0.60983205
-0.30556747
0.88609833
0.15616231
0.99428433
1.38934422
-0.19257605
-0.44963270
0.15806392
0.04301727
0.77666926
1.78448534
0.07314907
1.43997598
-0.23729005
-0.16137107
0.43243331
0.26093653
0.84913331
-0.63800323
-0.40543091
0.60700107
-0.01929989
0.75966388
-0.19008063
-0.33158183
0.25269356
0.30932927
-0.98247588
3.25863719
0.48338565
-2.68814826
0.40906477
1.35593951
-0.10361127
-1.59752107
0.10053478
1.55619669
-0.13414374
-0.88189757
1.19746709
0.03615429
0.94412309
1.86439776
0.47033346
0.58314657
-0.19838272
-0.51174664
0.48717451
0.31997317
0.19281930
1.10672796
-1.31478429
-0.43955034
-0.31788781
-1.98719907
-0.20310241
0.18347925
0.39660031
0.66990149
0.25760543
0.26770711
0.00566139
-1.82388115
-0.57539254
-1.96350777
0.22398287
0.77359313
0.26121372
-0.15747991
1.31999755
-0.17703930
0.83300859
0.22644784
-0.01674134
0.03997761
-0.64826798
-0.47673455
1.23074281
0.61462599
-0.40259379
0.19757903
