384
-1.06022084
0.23391254
1.07649994
-0.76883823
-1.05048013
-0.75725293
1.16753745
-1.29075551
-0.61560273
-0.70819497
-0.00410578
0.30394161
0.25596654
-1.38043582
-3.06793594
0.34506002
0.42589810
-0.73722780
0.09649104
-0.15168023
0.10981369
-0.42527652
-0.15636611
1.21994674
0.77829587
2.26719189
0.00426993
2.99789333
2.26018429
0.02647221
-0.23157051
-0.39999723
0.13729863
-2.29659319
0.37474406
-1.82313132
0.04352611
-0.62163806
1.15729523
0.02936006
-0.06992653
0.32793641
-0.11580046
2.03396749
0.73041439
-1.28736711
-1.73849106
1.32053435
0.15907171
1.91240978
-0.53846288
0.65656054
3.24794960
1.12967098
0.09841549
-0.45141613
0.24996640
0.15416069
1.11837387
0.96646297
0.19966778
0.17020255
-0.80180174
0.36594209
0.42953020
-1.50411570
-0.25578961
-1.26451039
-0.82379818
-0.09841517
-0.09175539
-0.83449924
-0.97212481
-1.08774018
-2.48631573
2.19094038
0.77836728
-0.76896369
-0.66661811
-0.09914563
0.05424184
-0.00493306
-1.16655755
-0.05264433
-1.75620532
-0.22444749
0.14030348
1.40067136
-0.20387159
-0.42831516
-0.15373351
-0.14611639
0.09223317
0.48850554
0.38620561
-0.04815446
0.52426612
0.14155139
0.09994213
-1.55859971
0.33764729
0.14184548
1.67455387
-0.53587735
-1.63557100
0.03182481
-0.47590569
-0.01983319
-0.64381725
-1.13698292
0.02064740
-0.69738394
-1.08763266
0.71409231
-0.78178287
-0.55202579
0.19327933
-0.19220985
1.51835477
0.76219028
-2.12503123
-3.24854040
0.38407710
1.10903251
-0.43962148
-0.08335617
-0.64057493
-0.24109372
0.03640443
0.90824550
0.15723321
0.27821738
-0.21480480
-0.64140654
-0.84319985
-0.09182429
1.21045327
0.14473560
-0.17932102
-0.36470407
-0.52056962
0.76508141
1.02606189
0.65222365
0.48948863
-0.06045224
0.55519855
0.65975964
0.72685289
-0.07881334
0.06395489
0.05003764
0.70654774
-0.62097734
0.38384712
-0.20959088
-0.58613902
-0.09511793
-0.25111401
-0.59281945
-0.03184789
0.34492910
1.38181663
-1.13729692
-1.74216151
-0.25859901
0.31845057
1.44591343
0.38387361
-0.90123129
0.98309499
0.05533448
0.49033096
-0.47229970
-0.53988492
-0.43118477
0.10266101
-0.11088602
1.23628235
-0.73442811
-1.55840755
0.03166160
-1.07934260
0.32853162
0.82674748
1.32950854
0.43427706
0.53018481
1.90624034
-1.61285281
-0.06841969
0.28296146
-0.06881720
-0.24837856
-0.42042091
0.13513602
1.24901390
-1.32883584
0.27790460
-0.30003288
-0.84154028
0.73689306
-0.20740308
-1.66094375
-0.14330898
-0.52696282
-0.38583404
0.37054574
-1.08683920
-0.59754455
-0.31625620
-0.22818024
0.95955920
0.87641108
-2.33290815
-1.05319953
-0.56473702
1.17154026
-0.27047402
0.77088165
-0.77594101
-4.08025599
0.61075646
0.06586050
0.65405297
-0.57509619
-0.81560647
-0.23290318
-0.74581242
-0.29874748
0.73571074
-1.19993877
2.23871040
0.63775802
-1.29075170
-0.98750842
0.64570904
0.37437153
-0.25049290
-0.20121258
0.13745363
-0.15912667
-0.46638373
0.08568078
1.97167206
0.44930571
0.43578374
-0.50992286
-1.72082043
3.40902376
1.07097006
0.01182917
-1.24594986
-0.77533919
-0.43506989
0.09777977
2.02086782
-1.14536226
0.17283565
-0.02596837
-0.14096382
0.84823829
1.49237788
0.13990374
-1.13656855
0.21370360
-1.36390197
0.52399266
-0.10935691
-0.80238962
-0.51020658
0.53305805
-0.27507505
-1.20892119
-0.60861063
0.44395036
0.19863780
0.30197805
1.22206616
0.45351595
-1.04152584
0.33895633
-0.28050423
0.36291832
-0.14468998
-0.42217442
-0.67780745
-0.08982156
-0.27098668
-1.66876960
0.02418357
0.15728790
-0.51955724
0.63069081
0.88514352
-0.33823681
-0.51741672
-0.70831043
-0.14223073
-0.31551835
0.56222016
1.01423037
-0.47589529
0.18660553
-0.36442775
0.47734374
-0.44730991
1.38853562
1.34057224
-0.65051585
1.27510893
-0.05183454
1.80477118
-0.59366465
0.51037562
-1.43661261
0.57858884
-0.23476025
0.44409645
0.12945937
1.75937939
-0.12773819
0.32144406
0.60978162
-0.06949896
1.09434867
0.13255972
0.27044410
-0.00913554
0.26796049
-0.43663228
4.10288095
0.22372298
-0.01780875
0.06263793
0.67318386
0.37954515
-1.19696951
0.74460781
-0.10088012
0.69330180
0.98210043
-0.47359455
-0.33682969
-0.63876873
0.56607896
-0.15372792
-0.51777756
0.39080435
-0.33749962
1.67691541
0.06507673
-0.59945571
1.74124074
1.67332375
-1.64712822
-0.07379475
-1.44801986
-0.12073219
0.19331196
-0.02068013
-1.18921340
0.03089131
0.23462321
-0.36033806
-2.61222172
0.10012656
-0.24088669
-1.03408456
-0.23645647
0.40090358
-0.01311405
-1.67525530
0.37378794
1.20056558
1.18486285
0.33755243
-0.08234695
0.96696246
-0.45070806
-2.63075209
-0.00534880
-0.09658735
0.20127034
