384
2.32933640
0.18520381
-0.40232271
-1.42698467
-1.73702288
-1.57526147
-0.17961086
-1.28338301
-0.75339633
-2.28360724
0.42674476
-0.55450141
0.51670629
-1.45279694
-2.59735155
0.98691213
1.89384532
0.39596820
2.31560230
0.88209385
-1.75885201
-0.80581683
1.15312171
-0.68199962
0.48318714
-1.66633391
-0.23754364
2.71764970
-1.00075245
0.86360747
0.10634081
-0.29942244
-0.09075175
0.56031299
-0.45925608
-2.84362459
0.08470289
-0.26195133
-0.16269207
0.26628363
-0.53770310
2.15458417
-0.67086589
2.45582461
-0.49712944
0.58878988
0.11491561
-0.07639775
-0.56288105
2.26546907
1.35381663
0.75700110
2.60363579
1.83623350
0.20336226
-0.17625351
-0.46199083
1.07579970
0.76405400
0.46465963
-0.30900726
-0.05824243
-0.11713204
0.54375523
-0.53486580
-0.95623553
0.38709509
-0.63000447
0.06736910
0.42844629
0.99708647
-0.27337655
-0.69764417
-0.92588753
-2.45276856
0.97212571
0.88008416
0.87137866
0.52465069
-0.42844731
0.84302151
-0.22105594
0.30541170
0.06378843
-1.19386065
0.81624341
-0.14106938
0.33052540
0.68923324
0.04843245
1.08153892
-0.10806195
0.42128003
1.57514131
-0.30489913
0.48671186
0.63227975
0.02810159
-1.47932148
0.79177725
0.34644955
-0.40547726
-1.01213586
-2.18499470
-1.37205684
0.10963593
-0.19069275
-0.40083826
0.12209334
0.34257770
-0.30582938
-0.88552880
0.34133846
0.60574967
-0.02847001
0.14794046
-0.24270271
0.10425663
1.17358088
0.39175624
-1.62425578
-3.41977906
0.21210386
0.51455629
-0.35971022
-2.13759327
0.69207317
0.54265064
0.07701389
1.38770854
-0.38056138
0.06953062
-0.59028345
-1.26619112
-1.86033368
0.24941236
1.34689248
-0.09993760
-0.87909579
-0.44955620
0.08792454
-0.46181571
1.63438404
-0.52023137
0.85301328
0.45365870
-0.61607999
0.43776518
1.01406121
-0.14378843
-0.28451100
-1.03386211
0.35792050
0.18199980
0.28807366
-1.15281796
0.17145075
1.23895741
0.58567512
0.22682452
-0.86776054
-1.10334659
2.02895784
-0.63810110
0.26201150
0.04411407
0.58372998
-0.13716155
1.07376826
-0.75404459
0.38569754
-0.30854264
1.43679440
-0.99837565
-0.12585649
0.54832435
0.30715972
0.78374392
0.36026099
-0.05873363
-3.33011913
0.38235545
-1.18308067
-0.07094871
-0.65582991
-0.03906226
-0.25167853
0.82049465
0.61925977
-1.90223157
-0.22768615
-0.59115207
-0.62040681
-0.80819505
-0.56995863
2.26750016
0.86952430
-1.50625515
-0.09739449
0.68119717
-0.45526713
0.08556214
0.21280912
-1.16797125
-0.85546327
0.09148683
-0.17848094
0.26432705
-2.16043234
-1.09469593
-1.28424048
0.15956765
0.48762327
0.66518843
-1.08445477
0.72747791
-0.52278268
0.64717126
0.07086104
1.18570375
-0.18998389
1.83096778
0.52805394
-0.20601439
-0.19656713
-0.61187911
-1.29723465
-0.42034736
0.29272860
-0.34467849
0.08408752
-0.83647442
2.00994205
0.41890222
-1.25563383
-1.28701425
-0.19082338
0.66111416
0.39193285
-0.23859502
-0.37540358
-0.08437193
-0.22070807
-3.32785130
1.61574531
-1.57416296
-0.89910012
0.07328761
-0.93315345
1.05254793
0.42370450
-0.78788787
-0.37463015
-1.55390489
-0.47636133
-0.61574721
-0.06399691
-0.13393161
-0.75476974
0.07557337
0.53107810
0.41419876
1.14349461
0.70749021
0.00070038
-0.03709473
-0.17158002
-0.60112000
-0.32815412
-1.19592893
-0.94360232
-0.07066299
0.04557341
-0.03008747
-1.33087373
-0.22253463
0.09188154
-0.65844816
0.46751785
0.46523708
-0.36436024
0.43854871
-0.91192186
-0.77861917
0.10505548
0.16219530
-0.90428030
-0.52860057
-0.10932165
-1.11365271
1.37142992
-0.39407894
0.68540180
-0.22580186
-1.36836767
0.18549728
-0.02708626
-0.10766047
-0.08282820
1.14327431
0.40167791
0.66228402
-1.28630507
-0.04905614
-0.13426062
-0.13278541
0.51634622
1.14197648
-0.32670224
-1.44258535
-0.62958074
0.23953028
1.16853786
-0.84563613
0.63974988
-0.00658341
-0.60443765
0.77060831
1.44921827
0.79286808
1.75505292
0.85948300
0.10633506
0.88458407
0.08997183
-0.50488293
0.29671526
0.65097690
0.19739802
0.31683677
-0.49071413
3.83898282
0.11652684
2.10375547
-0.24579684
0.22409198
0.07899988
-3.12902927
0.04139038
-1.87223268
-0.04840415
0.77566993
0.02611431
-0.26215583
0.03791649
0.40770668
-0.01089090
0.03421527
-0.82974899
-0.03068530
1.78517056
0.50627035
0.17867815
0.34924644
1.67271543
-1.44811249
-0.08439031
-2.67033243
0.44466406
-0.18730469
-0.37402844
1.07955492
0.24285279
1.03101373
-0.30026028
-2.30091190
0.40857172
0.25732273
-0.61396253
0.75554705
0.12532219
0.52157861
-0.69063592
-0.26095670
0.88649613
-0.56957895
-0.22552645
-0.16520223
-0.38461190
0.08053456
-0.64413577
-0.28894538
-0.46662116
-0.17687978
