384
0.83148265
0.30203491
-0.09984243
-1.81246686
-0.78671837
-0.60920656
0.90576375
-0.29986608
0.39054742
-1.81397414
-0.04867244
-1.29484618
-0.78986794
-1.32503605
-0.75364304
1.23223698
1.29220688
0.17050748
3.03081131
-0.27741387
-2.05832529
0.76967239
0.19631174
-1.02080536
-1.89123249
-2.00208426
-0.83421385
2.61227775
0.30615485
-0.17255449
0.89474338
-0.40571213
-1.05790150
1.45885420
-0.00960376
-2.23841500
-0.05346933
-0.17349985
-0.58546019
0.61439133
-0.26881737
0.60186011
-0.75082511
1.62532532
0.29455838
0.87998879
-2.04084015
0.16437882
0.50856453
-0.37230980
0.50988287
-0.29365596
3.38441467
-0.66595805
-0.68933171
0.43647289
0.60516453
1.01736140
-0.80262995
-0.01934263
-0.85536575
-0.95645201
0.24765038
0.95149976
-0.76297045
-1.57719684
-1.17995453
-0.68411970
0.59695411
-1.09680939
1.78650808
-0.79194379
-2.36877084
-1.30158556
-2.37426329
-0.49078327
1.52536869
-0.65917647
0.05064388
0.15017080
0.50695509
0.28679779
0.20106986
-0.85751134
-1.21030271
0.34245414
0.33639142
1.13891029
-0.00989771
0.69352579
0.24827166
0.08453178
-0.67707455
-0.55413938
0.20454201
0.19225319
1.01499796
-0.10599613
0.83798885
0.87953794
-0.49001855
-0.75843525
1.98749709
0.01300889
-0.44581342
0.46725032
0.27243090
1.14258146
-0.07442534
0.15691093
-0.14984243
-0.88426775
0.46236300
-1.12315416
-0.31273279
0.83334637
1.34458923
0.27489603
1.59987056
0.76505256
-1.18795764
-2.99697113
0.03022182
1.81822991
-0.56784606
-0.37605998
-1.41457593
1.43254113
-0.13904417
0.93070304
0.43386412
0.24811101
-0.42633337
0.23462096
-1.92023015
-0.78764784
0.47202024
0.02085685
-0.43556112
0.80328077
0.15101640
-1.16589057
2.11024261
-0.54677564
0.05692017
-0.88465464
-0.66319966
-0.79189932
-0.05491856
-0.54164201
0.85159785
0.61957014
0.00780612
-0.35239953
-0.20559873
-0.59690225
-0.45613417
0.88002634
-1.24569988
-0.14662789
0.10040013
2.17327166
1.52967882
1.99601340
0.24062654
0.00058976
0.96045226
0.41307810
-0.16741955
-0.35842067
0.76750863
-0.02039346
-0.24267530
-0.18469767
0.99050105
0.66983587
0.91431332
-0.59384143
-2.15247989
-0.26337928
-0.20293790
-0.62353504
-0.90733886
-0.55063891
-0.55624384
-0.38559991
-0.33293876
-0.85137993
0.43381238
-1.06082165
-0.82239258
-0.15636727
-0.44166955
-0.13540672
0.31646532
-1.41666734
1.67391133
-1.51248884
-0.13163427
-0.20752807
-0.76787639
0.39545065
0.18027793
0.13306397
0.43091923
-0.19419524
-0.19456685
-0.12128133
-1.89993572
-0.20856076
-0.77828628
0.22194661
-0.33982724
-0.25590265
0.01913461
0.70256519
0.59934038
-0.52446449
0.41844124
1.04547930
0.52298796
1.53721452
-0.14478648
0.20689864
-1.44134212
0.52474385
-2.05223894
-0.38579658
-0.93011940
-1.44601202
-1.48910236
1.11798954
1.54843485
0.30589333
0.11831930
0.03959170
-0.67218548
0.56084579
0.13655689
0.63138247
-0.39581692
-1.34379649
0.50104487
2.25608516
-0.32248938
0.40724385
0.66521227
0.61567795
-0.51144236
0.66484571
-0.43490019
-0.52994984
-0.51808804
-2.35673237
0.21940857
-0.38115409
0.61972243
1.46541309
-0.29465076
0.20329157
-0.14194770
0.34709674
0.68547410
-0.20887063
0.24110769
0.48143873
0.27432239
0.59671158
0.24580573
-1.84981143
-0.31180373
-0.32388467
-0.57255536
-0.09111170
-0.67716396
0.82611924
0.59181541
0.46295756
0.14478770
-0.46504083
0.03320235
0.37748832
-0.50828439
0.11482823
-0.40370181
-0.88298625
-0.28835455
-0.04932863
-0.86726034
-1.28305173
1.34513748
-0.47673732
1.07537556
-1.12932372
-0.18291587
-0.87389088
-0.40429267
1.48970604
-0.99040204
-0.38569984
1.59107924
0.43680885
-0.27730206
-0.02195853
-0.47153729
-0.58414143
0.39329067
0.96905142
1.22043228
-1.10006320
0.37627101
-0.18799025
-0.43326107
-0.25529957
-0.99012351
0.76800823
0.97659355
0.84074908
-1.51933229
-0.20545112
0.55291134
-0.27293503
-0.11165129
-0.05291098
0.23350753
0.18309066
-0.18074423
0.25455242
0.14274770
0.47341967
-0.61079109
2.96092772
-0.11137117
-0.57083434
0.11375016
1.91713703
0.00159279
-2.19697404
-0.07910803
-2.15230513
0.10561639
-1.25054717
2.64853811
-0.59906489
0.88739872
0.79328609
-0.30931437
0.00364431
-0.27794507
0.04924253
1.37077427
-0.58296740
0.04392593
0.42619738
-0.21485204
-1.81901002
-0.09493424
-2.86004257
0.70961368
0.27136561
-0.08883704
2.59508133
0.20587438
0.19498691
-0.58674556
-0.26299262
1.11582088
-0.78599221
-0.27314448
1.09689736
-0.12471550
-0.65589845
1.27029467
-0.50952065
0.34315702
-0.05725503
0.62946379
-0.18873143
-1.23326337
-0.67153704
2.35110331
0.68831837
0.27236664
-0.30254418
