384
1.38081086
0.19057105
-0.53554642
-1.36125290
-1.98283648
-1.58739233
-0.38055640
-0.54862916
-0.70208859
-0.95343500
-0.25647688
-0.11613415
-0.13931948
-1.92080808
-1.52475035
-0.00487939
2.76358294
1.41810775
2.41508818
-0.28262118
-2.25635362
0.05106416
-0.23522231
-0.12383926
0.42508394
-0.90022826
-0.07476953
3.38069820
0.08788091
-0.04529756
1.11204290
0.19221306
-0.12956709
-1.00979674
0.00225140
-2.59365177
0.18175514
-0.33924377
0.77630353
-0.01400591
-0.16960053
0.75772059
-0.74334371
2.58326268
-0.24387233
1.10259330
-0.99305695
1.18113506
0.88941371
1.65940404
-0.51565421
1.16131806
2.43041754
0.43495554
-0.69251466
0.62882513
0.07948951
2.96976852
-1.03005981
-0.04548071
-1.37304676
-0.37163481
0.68934518
1.03581774
-1.13072860
-1.84911871
-0.77567923
-1.03503776
-0.88018167
0.78371584
2.19859338
0.06074338
-1.02920806
-0.46378219
-3.31615710
0.38769323
-0.04650760
0.34541035
0.76745659
-0.44932926
0.51679444
0.00598402
0.15518039
0.52606738
-1.41594160
0.31516761
-0.97134972
-0.39952627
0.31287304
0.18128057
0.04561982
0.14354073
-0.27871716
0.42339599
0.14890431
1.20671833
1.06498742
-0.14846827
-1.75972784
-0.44645965
0.42764550
1.18985295
-0.27389228
-2.35054970
-0.15474975
0.23441477
-0.62063837
1.36136985
-0.02772705
-1.37722003
0.43401927
-1.13479829
0.78744626
-0.75704312
-0.10321629
-0.18666983
-0.23776069
0.46233991
0.60706604
0.40237680
-1.30302477
-3.78878427
0.62530124
0.75448954
0.23710978
-2.75102186
-0.22889930
1.48981547
-0.32413614
1.08062410
-0.13812512
0.79260331
-0.07453158
-0.22708732
-1.89158082
0.00214761
0.61497688
-0.04944932
-0.65653366
0.56318259
-0.18146855
-0.80728042
1.64549685
-0.25803378
1.23379540
0.21651760
-1.24221778
-0.56227851
1.12763524
-0.93174314
0.74023712
-0.31369632
-0.24700120
0.29813880
0.01687097
-1.27391362
-0.22698152
0.33396012
0.03870183
-0.93717605
-0.73093939
0.28665012
2.12143278
-0.53732038
1.18856144
0.16706690
0.94658309
-0.17571217
0.92241037
-0.37782562
1.55126357
-0.26168042
1.16522515
0.00632458
-0.37104604
-0.16122566
0.25200456
0.36043882
-0.19308072
1.14978552
-3.38991714
-0.72116750
-1.91457713
-0.76594412
-0.12736702
-0.52471125
-0.69790906
0.75502741
0.75127900
-1.55551779
-1.09326768
0.34221798
-0.34778512
-0.86989802
-0.24687299
1.47433174
1.42806041
-2.49529505
0.49697179
0.09783372
-0.07196297
1.00855577
-0.00908551
-0.01050419
0.32082993
0.48641825
-0.05523770
0.72646165
-1.86405146
-0.37757394
-1.69293928
0.56914973
0.03903517
0.75530994
-1.47163939
1.58113825
-0.67440426
0.30078971
-0.28088683
0.11972702
-0.93352920
0.57986712
0.57468498
-0.58824921
-1.50851536
0.66990936
-2.17691875
0.80318087
-0.86954457
0.55019498
-0.64739275
0.05084532
2.06794524
-0.00097597
-1.90571976
0.26386732
-0.44421887
0.42826045
-0.33605152
-1.13796008
0.78797877
-0.02537581
-1.09069502
-0.45961049
1.69059539
-1.05250835
-0.73269677
-0.26431423
-1.12376571
2.34148550
-0.36470321
-0.86550677
-0.77418911
-1.69156992
0.78251719
-0.23356169
0.02467555
0.49739900
-0.77127016
-0.54324049
-0.41729173
-0.37138045
1.01555192
-0.03044571
-0.07530159
-0.05231518
-0.18993381
-0.94906557
-0.34126908
-1.42417789
0.13010520
0.16932303
-0.17653018
-1.24274087
-0.68786919
-0.40808946
-0.18318796
-0.31505379
-0.73024684
-0.97339439
-0.50018650
0.00029894
-0.66565579
-0.51079309
-0.35369682
-0.65849751
-1.08333111
0.29948926
0.64468777
-1.28722167
1.32730675
-1.11434221
-0.16912293
0.52341473
-1.06375742
-0.62864745
0.99291301
0.20915124
-0.52676910
1.25560212
0.62855101
1.24159515
-1.92780912
-0.49086133
-0.17364462
-0.53624666
0.76815885
0.62422782
1.14885414
-0.98320669
-1.15041590
-0.26550785
-0.12122779
-0.75545973
0.30319732
-0.48960930
0.93124878
-0.51428390
-0.05548215
0.27520996
1.64616144
0.09652004
-0.19606666
1.52342594
0.43429181
-0.39689034
-0.26183918
0.25103724
0.28708801
0.56680393
-0.46647987
3.73467302
-0.94933271
1.18625653
0.75983632
1.13494658
-0.69612503
-2.77381611
-0.45628941
-2.09922218
-1.47880602
0.10585608
0.00978532
-0.55544394
0.48146260
1.00715494
-0.43361092
-0.38597727
-0.50619525
0.11946490
1.70818353
0.90593630
-0.04853624
-0.79476678
1.74507451
-0.97318804
0.17701444
-2.52729630
1.05171812
-0.97813487
-0.11986826
0.74271822
-0.46810490
1.43653286
-0.20214619
-2.98004889
0.44860995
-1.37429845
-0.52261543
2.74385190
0.43416843
0.22081661
-1.12505579
1.60198665
-0.03435689
0.75354952
-0.17237571
-0.93536305
-0.82907891
-0.78335482
-0.70639306
0.33431116
-0.50097841
0.62516040
