384
-1.47249627
-0.32182157
1.45977020
-1.02905917
-0.57164174
-0.72848296
-0.04289016
-1.00869441
0.89137262
-3.11829615
-0.03504765
-0.15219417
-0.03539107
-1.16029322
-0.66256011
1.16286969
-1.80289972
-0.07900783
0.84223652
-0.25293288
-0.15135109
0.70580423
-0.28915244
-0.44834906
-0.47834039
1.16522348
-0.88346040
3.44126797
-0.31024104
-0.62969458
-0.14427206
0.00416562
0.03014618
0.49893570
-0.22945711
-1.79668510
-0.09955646
-0.09674472
-3.29692841
0.22429270
-0.26901218
-1.90866494
0.06650675
1.48105049
0.08740176
-0.47694322
-1.69181991
1.66445816
0.96448815
1.65097189
-0.28679582
-0.29841620
1.30147147
0.53270864
0.06544858
0.32732061
0.07290204
0.44996899
-0.15776998
0.57989937
-1.27103961
0.16755132
-0.56180286
0.77394402
0.17473736
-0.43399334
-0.10843131
0.28942561
-0.21679944
0.07573067
1.49774039
0.03467858
-1.30956030
-1.79667282
-0.64436460
-0.25481904
0.18628764
-1.43434525
-1.04215801
-0.08638066
0.83864129
0.16683669
-0.20142600
-0.00771253
-1.77904272
0.40000004
-0.77743769
0.25332776
0.05347062
0.13463812
-0.11069354
0.03406978
-0.24556008
-0.68318319
-0.08343314
0.06095713
0.24280708
0.13475306
0.74073792
0.24918327
-0.06242123
0.94500828
2.83040047
-1.86802816
-2.43859577
0.11167134
0.68699980
0.35850063
-0.57659280
-0.17250703
1.19201779
-0.84075654
-0.42539597
0.30456880
-0.14886867
0.45561230
0.32340950
-0.23588221
2.39969063
1.32531857
-1.41047764
-2.60643554
-0.07999330
1.12221801
-0.63749290
0.04677323
0.01013607
0.59493250
-0.35769382
0.88757348
0.47521353
0.76303405
0.16522634
0.54129595
-0.50631446
0.30492660
1.72770786
0.25083601
-0.62087387
-0.58993345
0.69710428
0.26938593
0.35435396
-0.64351165
0.33484617
-0.30840200
0.52636373
0.83811700
0.12016517
-1.17143941
0.14196981
0.03039818
0.10359646
0.15249500
-0.03940032
-0.70545936
0.01543671
-0.06184902
-1.41118217
-0.50295180
-0.12192060
-0.40553090
0.79110575
-0.09411156
0.90275687
-0.06260452
1.44589353
0.93737239
1.62588716
-0.09902579
-0.18515337
0.19950993
-0.13064191
-0.42543429
0.27592379
-0.18513286
1.03256345
1.15637624
-1.49282789
-0.15259945
-2.87321210
0.16492519
-1.05374050
-0.51178813
0.73653328
-0.20928006
0.27608711
-0.20082700
1.71198094
0.41683728
-0.02714583
0.02756654
-0.47426525
0.28695056
-0.00456583
1.20738459
0.20463634
-1.10179269
0.01543360
-1.61177635
-0.28189269
0.54326499
-0.06244140
0.18643308
-0.06373779
0.08169965
-0.29083037
-0.18364194
0.53857803
0.33355230
1.19465625
-0.32059991
-0.30540910
-0.36875680
0.09196854
-0.52188653
0.40869263
-0.23506719
0.19356757
1.22433126
0.08906397
-0.89052659
0.27325481
-0.31771022
-0.05807622
-0.05464232
-1.88742363
-0.61149484
-0.16430432
-0.69897228
-0.46560213
-0.23719646
1.11374378
0.41155905
-1.20299959
-0.70072031
0.86217964
0.61193329
0.25837007
-0.10735089
1.32438779
-0.47986510
0.08528116
-1.49791312
1.48800874
0.24143232
0.05077108
0.24021724
-1.85651350
0.91700512
0.70054984
0.09109806
-0.07271707
-2.86706209
0.40270656
0.26006091
1.94968629
1.90024209
0.33949614
0.46931884
-0.25361159
0.29995391
0.86130333
0.74074042
0.04050653
0.22413871
0.73191440
0.10050181
0.07961369
-0.68758589
0.00038637
0.01649827
-0.73547113
-0.10974428
-0.44122365
0.01714718
0.37320739
-0.01132600
0.38195387
0.25862545
0.63957912
0.31687313
-0.75542605
1.18531549
0.34399360
-0.21190651
-0.14320102
0.14023584
-0.09920053
-2.98294210
-0.61380100
-0.04359536
-0.09568511
-0.58182669
-0.08814076
-0.29662621
-0.80939090
0.07266068
-0.19026212
-0.07001556
0.79706538
0.30655527
0.58750939
-0.51617938
0.71241945
0.02500096
0.45515952
1.01670134
1.94623828
-1.83315921
0.05675367
0.00785168
0.82182270
0.02313074
-0.00958189
0.73177516
0.95911664
-0.28996804
-1.15765572
0.01892720
-1.26359963
-0.39445409
-0.49885982
-0.73313439
0.10936881
-0.15714595
-0.02402240
-0.42635089
0.25089109
0.63586766
-1.62800145
3.32434988
0.51293159
-2.13315845
0.34699336
1.04351521
0.05987554
-1.78004754
0.52010864
2.02018476
-0.06716830
0.07044101
2.35362864
-0.04176949
0.49336049
1.20750284
0.21933722
0.29420879
-0.19389343
-0.50307781
2.18029499
-0.04049191
1.53558314
0.74424875
-0.39185584
-1.87445724
-0.03985766
-1.34716630
0.11527663
-0.04628777
-0.17813006
-0.77568680
0.17950153
-0.35179543
-0.63399440
-2.19648576
-0.67797893
-1.20377076
-0.47068051
0.62992185
-0.06068245
-0.02443457
0.12754697
0.02391286
0.77763247
0.21099769
-0.01131414
-0.22804348
-0.33487409
-0.67483854
-0.77154803
-0.16570896
-0.26386487
0.49837291
