384
1.47944629
-0.39259550
0.90654081
-1.86496794
-1.00353408
0.35860452
0.41953421
-1.03809202
-0.18242353
-0.56408805
-0.02737471
0.26205951
-0.46602440
-2.16705322
-3.01737165
0.80701208
-1.80100858
-0.16769820
2.02585745
0.24037661
-0.40865493
0.51456326
-0.21505180
0.37751424
-0.19729218
-0.62809181
0.17943674
2.51229882
0.40960354
-0.47941917
-0.17361361
-0.58633411
0.19743422
0.93373346
-0.06631435
-1.93936753
-0.20150146
-0.07811100
-2.00750852
-0.23895875
0.00306084
-1.12118399
0.26462972
2.83168507
-0.70229077
0.89722663
-1.03172731
-0.64879960
-1.09625733
0.39974552
-0.21226498
0.09093230
2.69882298
3.78373480
0.33575243
0.27710894
0.03574122
-0.78211391
-0.27875394
0.87092340
0.77815074
-0.34294921
-0.29442754
0.44356418
0.20888986
-0.81123555
-0.03719297
0.42200723
-0.40512678
-0.10556129
1.66284537
-0.08233297
-1.93505275
-1.31953049
1.26493573
0.32323176
2.07878208
0.43037492
-1.83037853
-0.00531590
0.63794726
-0.43467590
0.60323149
-0.12353931
-1.77816975
0.34752721
-0.11954147
0.57600337
0.56777811
0.11745429
0.19832841
0.41991401
-0.08719229
0.73493510
-0.43975478
-0.10067710
0.31074792
0.01762692
-0.03777432
0.85412800
0.03267598
-0.26747051
2.14403892
-0.34233594
-0.56671119
-0.08567457
-0.98687339
0.15353855
-0.43890548
-0.02972752
0.65040207
-1.05323970
-0.81668055
0.56301880
-0.12531289
-0.05052580
0.09387730
-0.15457910
1.85536933
0.23050162
0.08048999
-2.85349226
0.12686437
-0.59819579
-0.43705344
-0.76653624
-1.01855469
0.06611685
-0.01352807
0.80251360
-0.04800604
0.15691137
-0.48177338
0.34997895
-1.14560843
-0.57727200
1.86671710
0.41429380
-0.22346216
-0.33807358
0.46676132
0.51651955
-0.73417628
0.25817358
0.53460538
0.22073862
0.53150636
-0.26819938
0.85828412
-0.36122513
1.22942257
-0.16861127
0.10846709
0.77076483
-0.72113770
-1.65519309
-0.19672385
0.93048465
-0.21916592
-0.32627380
0.08362031
1.78867626
0.56150502
1.00250769
-0.35285282
-0.26548162
1.63248026
1.63876104
1.50713992
-0.99096882
1.10193312
1.15854001
-1.71895862
-0.32768479
-0.79217422
0.54320562
-0.93927193
0.34577098
0.30961424
-0.28999153
-1.33908772
0.13016582
-0.85416180
-0.31283376
1.38079429
-0.38736051
0.58840621
-0.33238339
2.33127666
0.31014168
-0.78469586
0.31845927
-0.07697296
-0.16214512
-0.07838881
0.15203112
0.73166376
-0.97145963
0.09898323
-1.14864743
-0.34104902
0.10065576
-0.30182371
-1.86834800
-0.32815769
-0.13730992
-0.41617888
-0.75960958
-2.63460112
0.16867292
0.84804928
-0.06466521
-0.73366225
-0.32198265
-0.24603370
-0.96064359
0.10835545
-0.32088980
0.54748583
0.75611842
0.10410586
0.90407312
0.04599951
-0.21475612
-0.30895588
0.07232781
-1.63442636
-1.86135530
-0.31083757
-0.78666639
-2.70787120
0.55894458
1.25688863
0.42419010
0.50927913
-0.50738722
-2.48116708
1.45988345
-0.30873424
0.41630456
-0.15129536
0.09685140
0.03580838
-1.28363609
-0.62743837
0.11626166
0.16223720
0.21378660
-0.50926107
2.52075958
1.00786209
-0.17328957
-0.12680477
-0.71720213
-0.48464933
-0.63131446
0.81181943
-0.31277505
-0.41531578
-0.00012561
-0.05072057
0.61828411
1.30150175
0.50183058
0.14456595
0.07311662
-1.40668142
0.41420346
-0.05859383
-0.68454486
0.62683427
0.01223622
-0.19745308
-0.76323736
-0.56279302
-0.56084514
0.21995024
0.15138966
1.74567401
0.57352459
0.95725071
0.16287522
0.93430114
-0.15141533
0.67728961
-0.10655166
-0.03476956
0.30672267
-0.35381716
-1.44664311
0.64624476
-0.00418960
0.07279938
0.07001287
0.15948255
0.58318615
-1.15214276
1.27586877
-0.26621485
0.11460380
1.30740643
-0.08319184
-0.05558029
0.26590690
0.44434547
-0.56495965
0.51760471
1.06700599
-0.45636678
0.32868993
-0.07476398
0.12758593
-0.81247675
0.84576494
0.19279394
1.48556912
0.12338537
-0.20445898
0.95946705
0.27593726
2.66358590
-0.60060924
0.07288827
1.04775167
0.26165867
-0.34982705
0.23171154
-1.14573777
0.02644939
0.17722312
-1.12000108
3.41627526
0.19937050
-2.66405916
0.45331615
0.92227983
-0.06489417
-2.73015690
-0.03866243
1.29721868
-0.02395295
-1.09772193
1.30460024
0.09076369
0.35086885
0.65007514
-0.06608868
-0.33210850
-0.23716334
-0.39907035
0.39550108
-0.28874925
0.42151803
1.21295571
-0.86796898
-0.21847147
-0.72763228
-2.38748527
0.21210012
-0.03202777
0.25777543
0.22156180
0.04960094
-0.40957439
0.29512364
-0.93288362
-0.50555080
-0.94463348
0.37461221
0.49039099
-0.06127423
0.47234374
0.19428727
-0.22754422
1.02801478
0.42919466
0.28082225
-0.05025426
-0.30911386
0.08279774
1.82175803
0.10036543
0.22839105
-0.87674910
