384
-0.07682876
-0.15863289
-0.54410875
-2.81182241
-1.44747186
-0.67669749
0.02833295
-2.04952741
-0.26820016
-0.09808421
0.04624883
-0.28152502
0.16091646
-1.73222697
0.33925295
0.48491007
1.37040925
0.50604069
2.48155665
0.19498937
-1.72786713
0.59967059
0.14491634
-1.10351956
-0.69908625
-1.83798504
-0.38166371
2.69054174
-0.18113124
0.02628395
0.03891405
-0.16619340
-0.25698391
-0.46923184
0.08622424
-2.84165430
-0.17410055
-0.12599726
-2.88100481
-0.33591935
-0.18057245
0.24139881
-0.09702766
1.84087121
0.21487048
1.45555651
-0.98514783
0.51077521
-0.31269485
-0.42480022
1.15234458
-0.31630164
0.92824793
1.98594618
-0.20948449
0.18974532
-0.20400317
1.04473889
-0.75104129
0.41847143
0.31106418
-0.39737296
-0.06492874
0.86006701
0.05434473
-0.80614483
-0.19674611
-0.77848899
-0.02707875
-0.60623443
1.55330849
-0.50038892
-1.30864453
-0.59193933
0.53924495
2.03770733
1.27623677
-0.05454531
-0.28697485
-0.17729281
1.45064497
0.20316696
0.05693819
-0.05479950
-1.47018325
0.48090893
-0.00273745
0.43932870
0.14313135
0.10843034
0.24833825
0.33844751
0.24037148
0.89130908
-0.27034885
-0.07807942
0.27871838
0.11194088
-0.12279250
0.67017853
0.19164519
-0.88937056
1.90001380
-1.21310282
-1.52971256
0.07746008
-1.15640676
0.09265637
-0.04893176
0.25644496
0.31954226
-0.81924254
0.13174918
-0.30206630
0.28365958
0.01083981
0.07497133
0.13043448
1.14146531
0.66186172
-0.72365618
-3.23992205
-0.23343775
0.84569323
-0.01499984
-1.42014074
-1.93686235
0.60777807
-0.51272321
1.10908914
-0.26182339
-0.11616246
-0.25267518
0.67962468
-1.49100041
-0.43190962
1.39061439
0.09316419
-1.01782227
-0.59837061
1.02410555
-0.79832149
0.52270383
-0.54651260
0.78816003
-0.29649270
0.21223253
-0.98530644
0.33367038
-0.57853532
0.60026813
0.44121236
0.08781952
0.34210932
-0.35910362
-1.31537986
-0.43270317
1.04047096
-0.68227452
-0.20045128
-0.14140175
1.11867070
1.47751904
1.39367247
1.16274619
0.07594514
1.61304784
0.86859459
0.29262349
-0.91650081
1.33287954
-0.11771236
-0.34384552
-0.40196410
0.32293442
0.63811421
-0.47486275
-0.94076455
-1.05863833
-0.20021069
-0.94203067
-0.02766570
-1.95118189
-0.53404200
0.51683414
-0.36164993
0.00286959
-0.07641392
0.39209133
-0.72956431
-1.51387978
-0.18240602
-0.72708440
-0.22231324
0.13197143
-0.47961944
2.34940195
-1.65127790
-0.05903500
-0.11503673
-0.14032412
0.04168855
0.23054054
-0.63705236
-0.21450470
0.65065670
-0.15342101
-0.12112781
-2.23376322
-0.34110865
-1.34144640
0.16724014
0.04802391
-0.73516572
-0.51186705
-0.45854342
0.18071444
0.21339694
0.61940157
-0.16707629
0.30292976
1.72465897
-0.14585984
-0.24763837
-0.80826473
0.12384641
-1.57108152
-0.07991175
-1.75672102
-1.11998856
-1.87204933
-0.34235039
1.66530371
0.10531110
0.16367453
-0.06623572
-1.26890516
0.79375947
0.16205433
0.12625208
0.27666104
0.33332372
-0.21489316
2.11321020
-1.58711779
-1.07434511
-0.13620169
0.34248608
-0.80306703
2.93264890
0.71032166
-0.39860129
-1.23423243
-1.51000619
0.29698566
0.71588165
1.26671970
0.46962428
0.08116974
-0.08169067
-0.43553409
0.99666071
0.97475833
0.25791225
-0.15422077
0.37397847
-0.03356203
-0.53993368
-0.43299073
-0.80477798
-0.67845118
-0.54465920
-0.00684552
-0.40234074
0.04847686
0.06327274
0.31742030
-0.03500928
0.36647907
-0.37426913
0.45000327
0.48554456
-0.47866791
-0.39743569
-0.00144908
-0.17200841
-0.18449804
0.04508836
-0.59013951
-1.34600425
1.11747432
-0.01156925
0.19715729
-0.81991976
-0.26636386
-0.42136064
0.13326555
1.82405806
-0.51768029
0.23931730
0.99208343
0.37621516
-1.41936696
-0.13011850
-0.18795127
-0.14842653
1.02933800
1.21477878
-0.45693541
-0.39421868
0.01985225
-0.09172764
-0.30043393
1.69216001
-0.08043452
1.21514380
-0.04024735
0.24447304
-0.10720000
0.44061011
1.49934494
-0.09427827
0.01399198
1.39754605
0.05756994
0.13502391
-0.15057224
0.16275501
0.06821099
0.49393076
-0.17012811
3.08877277
-0.20222627
-0.94690895
0.95745629
1.78245115
-0.32706395
-2.26520038
-0.18062289
-2.61008930
-0.09148553
-0.73715872
0.83354169
-0.14830521
1.00361538
1.26551294
-0.18362066
-0.09748452
-0.33876717
-0.04636861
0.53744364
0.43561220
-1.63133264
0.29694507
-0.33097577
-0.67143202
-0.48476514
-3.23516250
0.88418466
-0.02396513
0.02227849
1.16128945
0.04852924
0.59573579
-0.05085769
-1.12016916
0.83914924
-1.48429644
0.23640248
1.17628205
0.33886689
-0.41108197
1.37898743
-0.56398904
0.06193340
-0.63097370
-0.02633376
-0.08994728
-1.75592828
-0.08460437
1.90106106
1.40810764
-0.38664615
0.02267577
