384
0.41559994
-0.26154280
0.37003964
-1.38649464
-1.00569808
-1.09750497
-0.81113672
-2.12360978
-1.37493205
-0.77064395
-0.06905042
-0.57981110
-0.32508054
-1.94951999
-3.09811974
-0.28895083
-0.76828474
0.05498321
0.88857627
-0.25893897
-0.67801118
-0.45756394
0.21830271
-0.07569881
-0.94473940
-2.67748141
0.15891132
2.07361937
0.16926144
0.65758580
0.24116237
0.84051263
-0.19621967
-0.17264396
-0.29538301
-1.35813212
0.29905608
0.43006873
-3.09168243
0.47728857
0.32069862
2.27711391
0.19148944
1.70236635
-1.11325598
1.80371296
0.35373193
-0.92532456
-0.93233401
-0.51738739
0.71437240
1.08511996
1.23718047
4.13297415
-0.03973370
0.36523730
0.16385591
0.47181469
1.36709511
1.15300226
0.25213045
-0.27034265
0.06285350
0.55017972
0.23994058
-1.34175313
-1.19925916
-1.18254447
-0.34613451
-0.63759422
0.35299391
-0.20296024
-1.10203922
-1.31030655
-0.15265083
2.74631000
2.07827258
0.84191990
-0.59900337
0.46613473
-0.41241550
-0.75737870
0.19104341
-0.70252997
-1.26527989
0.09286514
0.25055075
-0.03273715
0.89761233
-0.85430670
0.42955554
0.37160698
-0.49387774
1.14295840
-0.18936811
-0.85863447
1.26678038
0.34319124
1.16808558
0.78798532
-0.71267903
-0.55076385
2.42931318
-1.46982527
-1.60389435
-0.56079847
-1.23296809
0.22418505
0.60600883
0.04931246
1.28854430
-0.78603745
-0.13741304
0.35158592
-0.81788903
-0.29366884
-0.22446758
0.08218054
1.57489836
0.72788340
-1.09189606
-0.98772299
0.58982444
-0.19272453
-0.04573210
-1.69932485
-0.60069954
0.48810834
1.41151118
0.59817719
0.64363104
-0.54156113
-0.86137164
0.54391545
-0.89780885
-0.55111599
0.99674839
-0.11248124
-1.29667878
0.02729416
0.73300493
-0.86374164
4.26497602
-0.34009472
-0.57489443
-0.77924007
0.50592184
-0.62667739
1.34388709
0.90758502
0.71996373
-0.41148603
-0.19839518
0.41112381
-0.62552702
0.79008329
-0.52515250
-1.23179173
0.24417920
-0.56286502
-0.90955424
1.77703631
0.10529441
0.08187515
-0.22084355
-0.53032625
1.18779969
2.42823648
-0.45150304
-1.40472353
1.11317587
1.49976826
-0.32494950
-1.09695470
-0.40589365
1.38542295
0.39847273
-3.81519961
-0.69607341
0.03980949
-0.95784569
0.23461494
-1.74518108
0.01356588
0.35665482
-0.45286182
0.27400082
-0.91647410
2.22799349
-1.00876284
-0.62756765
-0.51535046
-0.33872768
0.05052261
-0.07115582
-1.37129283
-0.23062921
-1.88162386
-0.12547758
0.34978181
-0.39338458
-0.69357622
0.28042930
-1.88948750
0.00213504
-0.13820969
-0.13093619
0.52241397
0.00257164
-0.14023060
-0.03715214
-0.22628647
0.43612653
-0.09680972
-0.41525331
-1.68381464
-0.14723863
0.05182460
0.13711499
1.53126502
-0.83310390
1.57483530
0.52015418
0.25045115
0.29604602
-0.93998575
-1.36772513
-0.64256674
-0.74819952
-0.02391226
-1.55997062
-0.57743043
2.47021317
-0.27743143
1.12244892
-0.17961654
0.82131881
1.00773597
-0.14558208
-1.31552947
-0.91511154
-0.43021733
-0.79299694
0.70226192
-1.08294797
-0.61227977
-0.36603689
0.22992618
0.49566042
2.63581085
0.90537882
0.00613213
-2.12986755
-1.21058130
-0.97179276
-0.32307890
2.00297642
-0.36793110
-0.71482635
-0.01495931
-0.01390072
1.24990606
0.27982527
1.08631182
-0.82944298
-0.15813658
-0.51153022
0.58001894
-0.27906486
-0.70927846
-0.07816958
0.22863260
1.13526273
-0.89507753
0.12148976
0.04684618
-0.15885156
0.09687215
1.34439981
-1.02651274
1.29832351
0.16850892
0.02766845
-0.97393340
-0.74381554
0.13543709
-0.89242208
0.00942122
-0.71260506
-0.90412343
0.05415961
0.52195436
0.63269138
-0.16608448
-0.98005331
0.72264284
-0.39447802
1.05152106
-0.64219445
-1.27832258
0.43662828
0.60634822
0.14631239
-0.39778572
-0.51003695
0.41643620
0.83271247
1.45788217
0.47012112
-0.50689483
1.37754154
0.42056876
2.02282214
2.25707102
-0.20636785
-0.32085508
0.08543950
0.08693767
1.19536889
0.18742132
0.00544291
0.72715074
-0.12094679
1.01256871
0.18637179
-0.20317829
0.03938016
-0.97984362
0.68476945
0.13298658
-0.97209471
3.13821697
0.68725139
0.79358566
1.22234535
1.89782953
-0.29193032
-0.75009263
-0.17801210
-1.70552909
-0.20210761
0.79047179
-1.63874495
0.09190701
1.05965734
1.14185047
0.13454102
0.17704463
-0.47677833
-0.47648454
-0.12812352
0.54307765
0.24117297
0.61974233
0.09547406
-1.17775035
-1.43338799
-2.52775264
-0.94922686
-0.45851299
0.18835807
1.83779752
0.25958097
-0.24314491
0.66823053
-1.48121750
0.24646930
-1.30515158
-0.38083372
0.69066381
-0.10345554
0.20776218
0.14556144
-0.26014900
0.71404374
-0.13204882
0.72036934
-0.12926263
-0.80482805
-0.21426961
0.49485299
1.13948357
0.30366561
-0.15961993
