384
0.29385066
-0.45654067
0.52384669
-1.40864754
-0.60027611
-1.46373320
0.43298605
-2.19240260
-0.18207109
0.23490524
-0.65541178
-0.52633810
-0.26384720
-1.90643001
-2.53953838
0.62250352
-0.00853863
0.19813792
1.01278436
0.47936013
-0.05014533
-0.50832444
0.56474543
0.36088797
-0.72951490
-0.60812736
-0.04392096
1.86769819
1.39543223
-0.17657885
0.57123125
0.20867714
-0.34671438
-0.97025537
-0.29648903
-1.58193171
0.19929743
-0.53008342
-1.10453010
0.41216999
-0.40812981
1.30853748
-0.56247771
1.47988272
1.10670006
0.40464580
-0.54793048
-0.69956952
-1.08345389
-0.06987238
0.01768008
0.02907879
2.25627685
3.10741806
0.03676264
0.25238064
0.26084152
-0.12392983
1.23382974
0.78268969
0.99604350
-0.06869392
-0.14442690
0.65532303
0.03784213
-1.43746865
-0.15617184
-0.12981457
0.26861989
-0.36863792
1.79211998
-1.10090208
-1.24155831
-1.18105435
-0.13200888
3.56707215
2.39839149
0.40709639
-1.18278003
0.74136984
0.57897079
-0.17348494
-1.14102399
-0.55552018
-1.13784695
0.48124793
0.45231897
0.77404863
0.34289423
0.48797044
0.09560245
0.66819680
0.04894314
1.10392940
0.31076318
-0.64953160
0.15429963
0.38873416
1.39435947
-0.18890697
0.19960664
-0.91154450
3.90758538
-0.21368641
-2.33095765
0.04109526
-1.27955425
-0.40843254
-0.46350649
-0.11065042
0.57715040
-0.21007022
-0.49896970
0.59681326
-0.26567358
-0.23031357
0.04314874
-0.33761421
1.67832518
-0.15138507
-1.42156351
-1.86102891
-0.57637221
-0.22375274
-0.39609233
-0.39798111
-0.60597521
0.22450732
-0.65506136
0.26949525
0.78233230
0.07132977
0.15726210
0.15746601
-0.86501878
-0.47861850
1.72647810
0.27098542
-0.69628519
0.58257717
0.68412673
-0.14450678
2.11946297
-0.39440531
0.38050428
-0.70734966
0.97087920
-1.06062627
0.71524227
0.08745512
0.75405681
0.10528341
0.36925063
-0.33173421
-0.30495331
0.70769680
-1.09160376
-0.49028641
-0.60419190
-1.17132831
-0.41159016
1.23711216
0.41431364
0.84814465
-0.40685457
0.10862181
0.21504313
2.80325031
0.12632829
-2.09614372
0.67767805
-0.05972785
-0.21723771
-0.70044708
0.01275516
0.61709964
-0.06600264
-3.06783700
-0.03312244
-0.07269902
-0.14302742
-0.61136234
-1.47268987
-0.15825725
0.76419067
0.75410426
1.20100081
-0.97582793
2.38768339
-0.97144282
-0.72625661
0.04514191
0.17615950
0.50582707
0.05719900
-1.57742119
0.49402457
-1.04865301
-0.22149467
0.07147889
-0.31762114
0.36624679
-0.32510281
-2.27055693
-0.03231353
-0.79409266
-0.96394902
0.73019820
-0.71400017
0.09110718
0.19273917
0.16064134
0.64800465
-0.64610910
-1.24859643
-1.61207366
-0.43814656
-0.63253039
-0.19479153
0.34966335
-0.71127158
-1.96579933
0.50548661
-0.07364205
-0.96492040
-0.43324786
-1.00087333
-0.78943050
-1.00311542
-0.56241220
-1.43774486
-0.68404812
2.01506782
-0.03288341
0.21441847
-0.75869596
0.02571504
1.25002670
0.12747656
-0.34388703
0.15508747
0.82369018
0.68194544
2.40423012
-0.62391269
0.66109049
-0.49131495
-0.75581014
-0.37314636
2.89018488
-0.06878939
0.52471459
-3.03348541
-1.12417006
0.27609283
-0.29434016
2.73212910
-0.41715750
0.28932571
0.15058689
-0.19124486
1.66570210
1.34628963
-0.07913603
-1.16078377
-0.42785522
-0.92776197
-0.17742680
-0.24700731
-0.57777685
-1.27829075
0.23876598
0.13229391
-0.59412587
-0.03564313
-0.42944703
-0.12059399
0.37921676
1.26953578
-0.22208673
0.53234130
1.34627473
0.42499506
-0.89285612
-0.14612649
-0.19740030
-0.27792230
-0.00521386
-0.11876947
-2.00894976
-0.53482234
0.05713853
0.08299382
0.18314870
-0.21692625
-0.28937104
-0.58200562
0.48633167
-0.46739483
-1.33301425
1.15822017
0.63176185
0.36755884
0.65276957
-0.43219474
0.44623619
0.79493994
1.30829763
1.01752841
1.24361324
2.27687144
-0.36888778
1.08390224
1.59784210
-0.12459652
-0.49668390
-0.10011747
-0.69422978
1.38975346
0.25185421
1.34466684
-0.38156778
-0.71701348
-0.33774292
0.18050860
-0.34707561
-0.37364709
0.16158083
0.01654880
0.32157823
-0.60738760
3.32104564
0.74710166
-0.39623007
1.39459252
1.68493450
-0.17422348
-0.43864584
0.17669152
-1.30420673
-0.04126018
0.71620220
-1.42956424
-0.27546370
0.83442283
0.64027774
-0.10060123
-0.03149618
0.17304736
-0.30388620
0.31158102
0.21708125
-0.28739032
0.68668079
-0.50949532
-1.25852787
-1.03314114
-2.22341180
-0.82874095
0.01560332
0.87413871
0.25855640
0.16719563
-0.47352242
0.43074593
-1.44386530
-0.15252562
-0.96438628
0.04814547
0.53932685
0.59364784
-0.35561842
-0.29061076
0.06594935
0.85336632
0.01225126
0.06906256
-0.06016456
-0.00528137
0.35769877
0.23236328
1.04044545
0.16098987
-0.61908633
