384
0.27752078
0.45060715
-0.33361495
-1.50091338
-0.94389081
-0.82348210
-0.13887882
0.02796733
0.24645358
-1.75796092
0.34824571
-0.54798996
0.14463189
-0.53245461
-0.82767260
1.04877865
1.61434770
0.56029230
2.73701477
0.33962703
-1.72328544
0.45890623
0.79357111
-1.41759002
-2.34150982
-1.44419801
-0.76556599
2.48386550
0.38287526
0.35359305
0.91640460
-0.55662626
-0.48064131
1.92244101
0.36149999
-3.09456015
0.29324442
0.59603238
-0.97311187
-0.19235282
-0.39476481
0.00864378
-0.31786779
1.60646200
-1.77532399
1.09970832
-1.95159268
-0.33550894
0.08129020
-0.30717087
1.19890296
0.77400702
2.96484876
-1.24671614
-0.48468903
0.21653305
0.64855647
0.93996209
-0.30409533
0.20869517
-0.44809574
-0.48537263
0.69716519
0.69408417
-0.56847364
-0.96044868
-0.32990927
-0.55076224
0.14110197
-0.10360854
0.63907862
-0.66029871
-2.11890364
-1.03694737
-1.66646600
-0.30429018
1.45102894
0.11346661
0.19474795
-0.18387339
0.53041494
0.10714446
1.01074696
-0.35665828
-0.71137786
0.39440376
0.00644954
0.48686647
0.58140802
0.41952983
0.67711979
0.34028769
0.45436370
-0.69187713
0.04285775
0.12663209
0.49585506
-0.26556930
-0.85304010
1.26223254
-0.11654069
-0.84460258
2.89950800
-1.88689470
0.71463037
0.06447448
0.62124860
0.61416346
-0.23391750
0.66983408
0.77936256
-0.95431823
0.00340953
-0.50372171
-0.10847259
0.12180060
0.04933769
0.07334162
1.91496980
-0.10439965
-0.82308656
-3.78454208
0.70475066
0.78239554
-0.63643491
-0.05049601
-2.16981792
0.57058614
0.14082840
0.69670379
-0.10456935
0.05338544
-0.10430986
0.20956433
-1.92886710
-0.96912241
1.09098148
0.30497929
-0.88056195
0.12606332
0.36173692
-0.88600844
0.92234033
-0.78628379
-0.52971530
-0.68079627
-0.75750065
-0.11266562
0.30435500
-0.72254473
0.59766418
-0.71555948
0.43273523
0.52965432
-0.16716385
-0.41353261
-0.47829562
0.72843045
-1.06401014
-0.18982098
0.08645330
1.64743137
1.90564227
1.50307107
-0.19854400
0.12309991
1.32244182
-0.67284590
-0.25353286
-0.28542495
0.98253739
-0.45429486
0.24493285
-0.75628883
0.89819741
0.28651232
0.11432070
0.58082271
-1.93129933
0.07208130
-0.38639694
-0.26530087
-0.66819477
-0.13003883
-0.67925453
-0.51751184
-0.64076829
-0.20431212
0.14626873
-0.53241938
-0.67708802
-0.82753342
-0.42585391
-0.13576603
-0.09249732
-0.84897822
1.79726803
-0.92810696
0.00608905
-0.10835572
-0.78678727
0.01313522
-0.00095052
-1.00560355
-0.15680972
0.60792387
0.29463032
-0.20749706
-2.22997212
-0.77095377
-1.06629789
0.32838953
-0.46382016
0.24662156
0.07712254
0.93697786
0.11682163
-0.00884324
0.41553545
0.72921419
-0.56186247
1.64299250
0.31197709
0.02189669
-0.66318142
-0.22264002
-2.22806406
-0.37965736
-1.02740288
-0.67102540
-1.05409479
-0.03199381
2.11192536
0.37060142
0.40650699
-0.65996146
-1.29648077
1.22672045
0.04704508
0.00237545
-0.10893598
-1.38095117
0.33508310
1.37404966
-0.09439909
-0.42530608
0.22639641
0.52966124
-0.95131004
2.25625968
0.11016695
-0.73084337
-1.49917078
-1.85846210
0.48305631
0.37687021
-0.02174544
0.36973041
-0.42174718
0.15792377
-0.01208985
0.62877917
0.28329712
0.53308344
1.16066313
0.28218478
-0.44469050
0.47612846
-0.24470188
-1.64244568
-0.08770409
-0.56845725
0.28480029
-0.29878449
-0.33541816
0.11887179
0.50012004
0.21983953
0.45291635
-0.62052155
-0.03351773
0.43757060
-0.62599969
-0.47615987
0.05002211
-0.40875003
-0.29752225
-0.21239273
-0.74200094
-0.88211572
1.36524117
-0.28049088
0.37079263
-0.67468649
-1.35583115
-0.53437370
0.17252910
0.95982754
-0.82307863
0.00835717
0.60339600
0.17239867
-0.36096036
-0.27208275
-0.44275331
0.61657476
0.36597973
1.97220683
0.03324062
-0.68152088
-0.06159997
-0.26584113
1.23540497
0.00056673
-0.91976857
0.15329583
0.48673868
0.65680587
-1.37657976
0.23514019
0.73777235
-0.13774884
0.19824719
1.50026715
0.28276849
0.55557430
0.06033430
0.08039021
0.22743624
-0.00850251
-0.53816128
3.05103374
-0.54973960
-0.18978944
0.63053966
2.24892426
-0.06943198
-3.62822247
-0.06343040
-1.92307353
0.51574343
-1.58111775
2.77955627
-0.30814815
0.90547228
0.53930825
-0.15852696
0.22465922
-0.70896047
-0.51324469
1.71117258
0.04167587
0.74302864
0.74683201
0.06069803
-1.28958642
0.09208268
-3.12828445
0.52246749
-0.07516104
0.11312540
1.72842169
0.27963948
0.35967097
-0.44265032
-0.80269343
1.15345693
-0.74740642
-0.33761311
0.63378614
0.00117469
-0.41913524
1.09472966
-0.52876687
-0.29704654
-0.01295492
0.22924075
-0.23283643
-1.17185760
-0.19637394
1.93786478
0.31824142
-0.46047401
0.65113783
