384
-0.92487812
-0.29065669
1.02161002
-2.01248169
-0.85108191
-0.33063388
0.13629550
-2.00591969
0.45680183
-1.53073442
-0.18236913
-0.10513392
-0.28407785
-1.89304352
-0.83117092
1.21194720
-1.53497243
-0.09295100
1.09731507
-0.00368798
0.08795339
0.69171631
-0.48519716
-0.42354470
0.07544449
0.03881837
-0.85586023
2.75321937
-0.57549018
-0.21630877
-0.22275290
-0.01453370
-0.19358146
0.30262285
-0.40273568
-2.46106791
-0.08090247
-0.15239574
-3.48540401
-0.14892524
-0.15547532
-1.93777823
0.20776117
1.64127314
0.37520489
1.03442907
-1.10466826
0.42677340
-2.07032824
0.54539281
-0.08170366
-0.39217007
1.20533013
3.80268884
0.38911986
0.50874883
-0.00721228
0.52887136
-0.13864264
0.56056178
0.50635898
0.14530641
-0.43365765
0.80894321
0.06014118
-0.19170165
-0.13221762
0.30140108
-0.37916493
-0.34738892
1.59331679
-0.20338482
-1.28952777
-1.14503586
1.12871695
1.83684230
1.51854086
-0.70758128
-1.65873146
-0.01814517
1.17979980
0.13330442
-0.28312582
-0.13949376
-2.22115993
0.56351066
-0.52153027
0.11697400
0.14301489
0.24852201
-0.17681032
0.33135587
-0.16795471
0.55747271
-0.10730798
-0.39833325
0.17845762
0.05435870
0.50191826
0.36422807
0.19469869
0.47113478
3.24531126
-0.74506086
-2.62811732
0.05684289
-0.74208784
0.32600355
-0.44824636
-0.24287657
0.92260849
-1.07465982
-0.54270208
0.11531132
-0.06106773
0.13370818
0.06432779
-0.11123048
2.19628787
0.48945081
-0.81965542
-2.39410520
-0.78274465
-0.57283103
-0.36666000
-0.58950126
-0.95877683
0.42218238
-0.18080997
0.89393306
0.39507759
0.46440956
-0.21554831
1.12971079
-0.04768646
-0.89427543
2.10529232
0.37544224
-0.96645021
-0.41704574
0.38414574
0.20075682
-0.64136600
-0.84528702
0.11291278
-0.07197399
0.70457917
0.07634358
-0.04811940
-0.72135592
0.50434047
0.20058805
0.09500008
0.45460212
-0.47784957
-1.06019330
-0.18788004
0.35491028
-0.77720654
0.04525405
-0.18980828
0.04573929
0.44974840
0.67870533
0.52309072
-0.18165709
1.30948710
1.44337296
2.03986144
-0.89051431
0.56304109
0.73313272
-1.82785749
-0.46362600
0.01349967
0.66297936
-0.51577723
0.38116193
-0.76281434
-0.16116002
-2.37109447
0.26945245
-1.28778613
-0.35186011
1.07498074
-0.50380266
0.61277181
-0.27627146
1.85806310
0.54915160
-0.23218739
0.13092597
-0.43220928
-0.15141484
-0.03476894
0.61918205
0.84271657
-1.27470613
-0.07323514
-1.34872985
-0.64291382
0.44502419
-0.10028473
-1.11624539
-0.19092482
0.30300093
-0.35242537
-0.30276531
-1.29753637
0.31483078
1.02381432
-0.26054335
-0.54448557
-0.81964314
0.39795280
-0.96194160
0.39832973
-0.25221378
0.36993238
0.83370107
0.38321596
0.23047629
0.00859734
-0.34015247
-0.07467683
0.07137311
-1.54276180
-1.27151632
-1.26049697
-1.39938474
-1.86777329
-0.39780486
0.96639752
0.30769774
-0.11584614
-0.25397030
-1.27771688
0.41431525
0.12807624
0.27333847
0.60144210
0.22246447
-0.21380572
0.26006758
0.08346838
-0.17108378
0.26798719
-0.09272201
-1.00148749
1.49208581
0.88236910
0.28311840
0.22965759
-2.49430180
0.06099582
0.47399616
1.91208673
0.86358368
0.20566368
0.34380746
-0.25251657
0.73817545
0.78803581
0.63021994
-0.14532036
0.05982024
0.32426316
-0.02486993
-0.01808415
-0.23627013
0.04404184
-0.01994508
0.07750130
-0.09391922
-0.27574164
-0.37299573
0.14435694
0.10044877
0.91073561
-0.07150261
1.31188452
0.37039506
0.04268011
0.64332455
0.37281296
0.12746213
0.27953213
0.21216345
-0.23468605
-3.02011657
-1.17984772
0.09335275
-0.04962870
-1.03561187
0.22335759
0.04264367
-1.08456969
1.05800736
-0.15546004
-0.50342095
0.89165556
0.12298739
-0.24384776
-0.29362327
0.94907391
0.21900609
0.84146267
1.22226214
0.26964790
-0.75994653
0.09190625
-0.03099422
0.75786948
1.50400758
-0.13334702
1.66839790
-0.19943592
-0.28171819
1.39772165
0.28467578
0.39851126
-0.47099894
-0.36779952
0.00348039
0.03531830
0.66948831
-0.03090192
-0.50503832
0.22901881
0.41770944
-1.08974612
3.20932889
0.41836566
-2.25526285
0.42969215
0.78266734
0.05435115
-1.89055860
0.18447305
1.63749957
0.07433524
-0.66962880
1.21149969
0.04227687
0.89015889
1.51244998
0.37941882
0.31141600
-0.05081582
-0.38568467
0.66300994
0.13169420
0.69428164
1.23100269
-1.37004924
-0.79474503
-0.15594260
-1.80208504
-0.07169244
-0.12227319
0.12188885
-0.01047134
0.21011540
0.92884541
-0.07544295
-1.66860747
-0.70535535
-1.80920291
0.26086405
0.73140967
0.17264155
-0.11859392
1.50520205
-0.14219326
0.67298973
-0.01708455
0.00882363
0.14970821
-0.80624712
-0.58533406
0.67671239
0.30327618
-0.34436041
0.18736333
