384
-0.26737902
0.38756078
0.29363510
-0.86429262
-0.78148556
-1.90247416
1.48306322
-1.37726367
-0.51199460
-3.43308210
-0.65867221
-0.27446967
-0.26390859
-1.09748054
-2.68631268
0.35383606
-0.42615867
-0.35565591
-0.00642502
0.07630376
-1.32528758
-0.38759658
0.06596020
-0.43883631
-1.12258613
-0.76912940
0.18799853
2.94113016
0.78000349
-0.86145502
-0.18310098
0.17100005
0.15644550
0.85401112
0.44462949
-1.24168873
0.05134202
-0.37860087
-3.98948455
0.16598070
-0.79315192
1.77534032
-1.24650586
3.11116433
1.76370883
0.64699841
0.73200393
1.35885072
1.89795983
2.42319250
0.91874439
0.28205436
1.08983696
1.11625266
-0.64446652
-0.93353784
-0.66341680
0.63409323
1.75867486
0.70238841
-1.67119622
-0.46775302
0.52879524
0.74761903
0.29111296
-1.83816540
-0.08991608
-0.72502953
-1.41878641
0.19700974
1.50850725
-0.26696688
-1.38606322
-1.13463855
-1.65524888
-2.08187008
0.78583610
-1.39651299
0.64314300
-0.24252672
0.81713867
-0.18064524
-1.27247429
0.34980065
-1.61212945
-0.32128251
-0.08036567
0.15585741
0.91967016
-0.08111568
-0.28937104
0.29083633
-0.38843209
-0.59064496
-0.58636808
0.17212132
0.64209259
0.20904765
0.29565531
0.27796361
-0.24386314
0.16983417
-0.38853693
-1.50102508
-0.74491185
1.08076406
0.62411535
-0.11501646
0.09739958
-0.01921723
-0.17708312
-0.82830721
0.25241393
0.76956075
-0.25743937
0.04489619
1.12791491
0.22391027
1.56457424
0.30065310
-2.03596020
-2.23252177
-0.51890659
0.87065303
-0.45601964
-1.26793385
-0.50429428
0.27877125
-1.12905145
0.59082633
0.05837317
0.13532592
0.69570088
-0.75294769
-0.60177696
0.58790892
0.17206538
-0.72914553
-0.41712680
0.75926578
0.41610363
-0.22922030
4.50177765
-0.38908789
0.06715983
0.17619169
-0.37084028
0.17770736
2.07115722
-0.98681742
-0.02012554
0.10692605
0.13299841
0.05770026
0.09677547
-0.93925381
-0.73835027
0.08817410
-0.69234693
-0.49742478
-0.15318757
0.80998063
1.23839831
-0.54971504
0.57981324
-1.32342076
0.65641719
0.78225470
0.12560862
-1.14267182
-0.48126900
-0.64309084
2.50148916
-0.79975843
0.14054517
0.58792460
2.83985376
-1.69967771
0.08174267
-0.62251598
-1.42987704
-1.14251053
-1.94921887
-0.44869131
0.57407594
-0.42107606
0.82250321
0.58839548
0.73603249
-1.35241592
-0.30545360
0.03015843
-0.26473996
-0.25232416
0.06602784
-0.02475673
0.09840864
-2.07640266
0.90020120
1.02593875
0.09664072
0.78713173
0.20810285
0.24970698
0.60452127
-0.10752200
-0.34046942
1.03896165
2.94193506
-0.25266361
-0.19647397
0.08280896
0.59068811
0.40486291
-0.77995723
0.34414729
1.03407705
0.90181154
0.13780975
0.40020913
-0.11152303
1.96542382
0.07469633
0.26895642
-1.09719980
0.20996408
-2.28026962
0.35773268
0.90212625
-1.33689725
1.01754892
-1.44255877
2.01999354
-0.03228744
-2.00600338
-0.77289426
1.73322761
-0.34392679
-0.54418093
-0.19101530
-1.13700950
-0.59860259
-0.01529485
-2.39371490
2.35440350
-1.42824614
0.02202808
0.12078314
-1.37626779
0.00211310
0.64466554
1.02472329
-0.06472760
-2.34441328
0.01105503
-1.01556146
1.07090878
0.27677518
0.11712275
0.92798942
0.73460877
0.17530382
0.91129458
-0.02434888
0.94736922
0.41460228
0.39896059
0.89992929
-0.24068560
-0.70352304
-2.28030825
-0.05765599
-0.26834092
-0.16080779
-0.87730694
0.29061964
-0.16449997
0.41257387
0.45372659
0.66461170
-0.78282678
0.50278723
-0.90550339
0.12171678
-0.43708962
-0.11796354
-0.79515368
0.53777921
-0.42407179
-0.57945836
1.03682816
-0.07939444
0.28889671
0.76319599
-0.28966767
-0.04024532
0.60338271
0.10699067
-0.86617070
0.49824408
0.76859277
1.18955302
0.07551789
0.04601802
-0.62891901
-0.62938315
0.24688576
1.76560712
1.59410882
-1.61276174
-0.06144157
0.43823740
-1.03032327
0.17819104
0.70778137
-1.96578443
1.02257538
0.69990122
-0.84878659
0.53900880
-1.24210370
0.41879347
0.08005748
0.08568781
1.07004297
-0.45643449
0.28873381
-0.61355084
-0.34912339
0.60724783
-1.04192805
3.73212147
-0.30959868
2.20124793
0.39860031
-0.01447344
0.22342470
-2.20426345
-0.28012067
-1.14124620
-1.05660033
-0.01150623
-0.51140130
-0.68330348
0.43536091
0.08044653
0.03239951
-0.50837731
-0.47024545
0.30102983
1.84349751
-0.09313805
0.43462908
0.41163433
2.59980583
-2.11529112
-0.76208246
-0.45673612
0.72833502
0.05435264
-0.90171802
0.27138168
0.32316583
-0.28748205
-0.45362353
-2.19228745
0.10589984
0.86634290
-1.21648383
1.63238788
-0.01451130
-1.01073325
-0.28311515
0.55162305
0.03174999
0.44566363
-0.45957047
-0.23245576
-1.31568909
0.45885730
-2.17161131
-0.51694423
-1.40601623
0.21969426
