384
-1.20576680
0.46817282
1.53699768
-1.48000073
-0.69402784
-0.81549537
-0.08648754
-1.73328042
0.71074158
-2.10493183
-0.19519715
0.05088932
0.18528825
-0.43985510
-2.50867701
0.39612323
-0.39043212
0.32313943
1.14858544
-0.04081840
-0.46055526
-0.31951836
-0.41512159
0.84523046
-0.64693004
2.07807875
0.31368095
2.88035512
1.32512140
-1.03278518
-0.70616245
0.45808062
0.07521057
1.42930615
0.04744005
-1.68595350
-0.38147014
-0.89206290
-1.20629764
0.28396884
-0.06100500
-0.98053104
-0.10277416
2.62747550
-0.53961098
-1.50705910
-1.72542512
0.43887973
1.14114380
2.55618334
0.10039359
-0.00148195
2.67827082
-1.54788899
-0.11128148
-0.25575733
-0.39294377
-0.71661365
-0.42606735
0.87276316
-0.98115808
-0.82699931
-0.21368369
0.56681603
-0.05578190
-2.28924727
-0.94972223
-0.70219731
-0.37335375
-0.86579841
0.55356777
-0.34633109
-1.48366225
-1.02048910
-0.69790566
-1.31296432
1.83639705
-0.98022938
-0.35351980
-0.30110189
0.35027128
0.76007307
0.04706371
-0.20030215
-1.42790234
-0.25057286
-0.20276426
0.77825618
0.39922193
-0.09943948
-0.60814202
-0.58555132
-0.10036309
-1.47716177
-0.70870197
-0.45021820
0.00551644
1.28870606
-0.17367801
-1.02854013
-0.26174450
-0.17473742
2.08591366
0.63010681
-2.59636402
0.86307609
0.61013675
1.13649154
-0.33397052
0.12804228
0.40796140
-0.80963528
-0.23558980
0.54254568
-0.68313634
-0.07009555
0.32852253
0.24704181
2.78718066
0.21573099
-1.98164976
-4.02802896
0.38191879
2.14694977
-0.79251540
1.28085661
-0.58067214
0.36340457
-0.48165306
-0.01380187
0.77285177
0.35846913
0.03278480
-0.82304716
-0.34616235
0.48468053
1.23885083
-0.67472619
-0.37236029
0.36845905
0.05808954
1.28779554
-0.66803265
-0.42641109
0.77147722
0.47586992
-0.31072986
0.84789592
0.66683334
-0.50928575
0.58716363
0.62585682
-0.07823956
-0.78633559
0.51247561
0.07224512
-0.02516018
-0.32858089
-1.54289579
-0.91336173
-0.12699041
-1.16019225
2.28537822
-0.54158729
-0.43992674
-0.06334279
1.76642275
0.78342545
0.01345386
-0.53436625
0.13809539
-0.72220343
0.88959622
-0.05218019
0.54365575
-0.29914457
1.50519943
1.87198985
0.03026235
-0.22092643
-0.31184256
-0.34382012
0.56312066
0.22486041
0.66641784
0.38727164
0.05324816
0.39311066
1.68906677
-0.64794302
0.20083548
-0.47249907
0.17214464
0.02843142
-0.18711138
0.50105095
0.35539883
-1.02267456
0.03486691
-0.85093081
-1.33638155
-0.04113017
-0.30928475
-1.04066658
0.06975560
-0.83711416
-0.36527854
-0.15441707
-0.70572925
1.12844801
0.17597343
-0.25358069
0.10760598
-0.34357265
-1.51115549
-0.43086016
0.52753872
-0.01562081
-0.20309688
1.67129982
-0.57123840
-3.67832136
0.62078059
-0.10979482
-0.39609575
-0.16877532
-0.94763219
0.05200636
0.55706871
0.01315555
1.28278410
-1.37198198
1.97078586
0.50338572
-1.18295872
-0.93992573
-0.48923445
1.17469597
0.21841305
0.06422003
1.19715059
-0.45469245
0.52000821
-2.13665199
2.20994854
1.02614331
-0.18384789
0.23257947
-1.77117407
2.25661087
0.29524475
0.63483900
-1.28653216
-3.04467821
-0.51136625
-0.14062317
1.54783332
-0.62488192
-0.64134300
-0.07038395
-0.68418282
0.79168910
1.42951965
0.44618320
0.60138404
0.14510101
-1.01425231
0.33447686
0.02794375
-1.93318999
1.06970084
0.76906955
-0.22850665
-0.58754003
-0.38339967
0.82019514
0.69988078
0.21394886
1.16094172
0.46184582
-0.20360506
0.03911406
-0.18736829
0.01536394
-0.05284816
-0.17598654
-0.78797883
0.13552947
-0.26958448
-1.71897602
-0.20478743
-0.13339758
0.15239260
-0.89726341
-0.30742377
-0.54308355
-0.18719049
-0.26963905
0.09249650
0.32338995
1.18411279
0.25790820
1.02816069
0.03193243
-0.29264060
0.38355213
-0.60381675
1.45158482
2.31592941
-0.42289287
1.42795444
-0.71242517
1.24278927
-1.13809180
0.39119583
-0.58775437
0.81423503
-1.02669060
-0.72715920
0.97035712
0.73082352
-0.12222544
-0.03977694
-0.87792659
0.32523277
1.03327799
0.31092504
-0.39216325
0.40688294
0.13370474
-1.58244252
3.58581591
-0.64625168
-0.71348381
0.77991551
0.42100129
0.11012162
-2.22314239
-0.04992668
1.14464891
0.14854769
0.00278854
1.10917783
-0.69934398
-0.47306645
0.48992342
-0.14212482
0.33992428
0.25572765
-0.82075727
2.22807097
-0.16203661
1.33525324
1.79450417
0.54915690
-2.01309133
-0.23492977
-0.95807707
0.31072566
-0.80578375
-0.00385019
-2.61278582
0.25139451
-0.48579472
-0.63460481
-0.66437507
0.14888009
0.26382643
-1.02389920
0.18852970
-0.40825236
0.28836998
-0.66652519
1.32362688
0.95214629
1.54843032
0.26882794
-0.76878989
0.81994390
0.14585057
-1.39438999
-0.37074259
1.02819276
0.26887044
