384
1.42692435
0.19093785
0.98218465
-1.07600284
-0.72453475
-1.12880611
0.04550454
0.15757918
-0.33558667
-1.37811732
0.34463990
0.32958966
0.12713782
-2.06151819
-3.54689455
0.41600546
-1.66991448
-0.20235258
1.38569713
0.10777791
-0.47284639
0.03249219
-0.14866596
0.23998049
1.51325762
1.02501667
-0.33331853
3.50447512
0.40223694
0.27035442
-0.20956984
-0.20395947
0.26261109
-0.84768987
0.25612810
-2.00313425
-0.18582261
-0.26842451
0.32127976
0.18240622
-0.30102676
-0.33376399
0.28773192
2.23281527
0.54260713
-0.53931183
-1.81869745
1.15581286
1.09912062
1.20003867
-0.33602303
-0.22029556
3.25742412
2.17321515
0.50002384
-0.11334854
-0.14524379
0.48807818
0.29493976
0.81932306
-0.26752371
0.14959118
-0.68471402
0.45838580
-0.01589252
-0.82447767
0.07120453
-0.06810594
-0.68974447
-0.09894602
0.62539423
-0.49134123
-1.10974336
-1.31119859
-2.05184722
-0.19796067
-0.17767489
-0.50152189
-1.17164946
0.24057713
0.04585224
-0.30280459
-0.81674373
-0.07507694
-2.13766217
0.19942576
-0.36541733
1.07673693
0.12367877
-0.29793993
-0.17440589
0.01189031
-0.33757687
1.11375284
0.16873710
-0.14594948
0.66246647
0.00702985
-0.48769322
0.29643616
0.23794039
0.77425319
-0.09514511
-1.87767959
-0.85082167
0.33991838
-0.32296300
0.34853151
-1.01255035
-0.73604602
-0.25723830
-1.03972507
-0.71633804
0.43192407
-0.45480385
0.09803887
0.65914989
0.41608891
1.97056508
1.02241862
-1.04081202
-3.05051517
-0.10754496
0.85262084
-0.53392494
-1.14222336
0.09755278
0.29516205
-0.32887280
0.99919462
-0.30034214
0.30315980
-0.26727337
-0.64913547
-1.15655446
0.04115763
1.15343952
0.13905862
-0.77266902
-0.65361220
-0.45414740
0.98495716
0.81122762
0.24193788
1.30211926
0.54674006
0.50670147
1.17224038
0.23521064
-0.25873134
0.12445532
0.06540976
0.06076473
0.53401816
-0.21012570
-1.37316751
0.47254205
0.75035387
-0.50140691
-0.26080650
-0.09797563
1.28380251
1.44570851
-0.67990953
-1.32938766
0.11057663
0.25021043
1.53737128
1.96564651
-0.47743663
0.64812350
0.48534209
-0.56202841
-0.84079963
-1.01266897
-0.58447683
-0.12140763
1.17217517
0.70857167
-0.11548682
-3.44541836
-0.35314259
-1.05258071
-0.28290445
0.55131525
0.10041758
0.33003351
0.22521751
1.79471922
-0.72058111
-0.01552219
-0.18549578
0.25038058
-0.31382903
-0.50681615
1.93941116
1.03043628
-1.26741624
0.30357438
-0.88446379
-0.72609305
0.77621388
0.01644862
-1.05185652
-0.52863306
-0.28275108
-0.14950776
-0.08010639
-1.49616086
0.24498388
0.72905850
-0.35386002
0.10541758
1.04085839
-1.28093839
-0.32299718
-0.20402369
0.82406914
-0.32730970
1.18413985
-0.74001908
-0.50999069
0.20348808
-0.19365129
0.65405244
-0.15447797
-1.74106574
-1.20705843
0.56066525
-1.09423721
-0.96432352
-0.59449267
1.61352754
0.45676947
-0.80421972
-1.30118763
-0.07830527
0.15737584
0.37235907
-0.14092767
0.27862617
-0.58807760
-0.87318134
-3.50902677
1.74120522
-0.10415533
0.12933102
0.01162651
-1.91144645
1.49957705
0.67774475
0.21209534
0.72772408
-0.40507746
0.02251203
-0.51067680
0.97944224
0.30743322
0.03925995
0.51348966
-0.24953005
0.38413057
1.18222022
0.35565513
0.03870638
0.35189658
-0.06122622
0.44742095
-0.17382690
-0.53629208
1.07846248
0.07929615
-0.58301127
-0.61405337
-0.45109484
0.11895221
0.30617043
-0.29409945
0.99144709
0.50946909
-0.37241870
0.21870410
0.28378332
1.07115626
0.52118224
-0.16221620
-0.43682986
-0.12113377
-0.12373447
-1.55358398
0.58505261
-0.35656062
-0.30132377
-0.27558133
-0.25255886
0.10142308
-1.13685870
-0.11900967
0.38603148
1.33690155
0.47216642
0.47254485
-0.59603411
-0.33005530
0.44664225
-0.28130329
-0.68531179
0.53897560
0.19399649
-1.80820704
-0.55458784
-0.38483188
0.93314224
-1.19046617
0.29540479
0.34708077
-0.31188214
-0.22051197
-0.09671868
0.03588023
2.76218772
-0.00793440
-0.04416983
1.14939559
0.01027776
0.18996319
0.28290445
0.29696947
-0.30481800
0.34115314
-0.65307474
4.10219479
-0.22467670
-1.83654094
-0.29338688
0.40126130
0.37984487
-2.29600143
-0.15537846
1.41564548
0.23790574
0.20482005
1.10179722
-0.00342628
-0.50374687
0.97859859
0.50063425
-0.26920348
0.02943747
-0.14880857
2.16989374
-0.12829380
0.22050023
1.33414340
1.16864157
-0.95980185
-0.29802164
-1.70991278
0.46680567
0.05547588
-0.34043455
0.41545242
-0.06896714
0.19163819
-0.45522141
-2.97962618
-0.50370824
-0.17137361
-0.23761387
0.37917393
0.27409312
0.01382164
-1.43096709
0.75790918
1.20149338
0.22295560
0.17094946
-0.31143463
0.71888435
-0.99757457
-0.82438171
-0.08951479
0.00867695
0.43253145
