384
-2.44630408
-0.19215985
0.80152023
-0.94284463
-0.80207664
-0.94369721
0.78221953
-1.89878511
-0.19996569
-2.68834615
-0.00351745
0.18521154
0.12357633
-0.81732672
-2.44971800
0.20519993
-0.41411260
0.22310409
-1.03285706
-0.12495586
-0.32857078
-0.18902928
-0.20107889
-0.02320933
-0.72256839
0.78222489
0.37043023
2.89187169
1.93735409
-0.22587943
-0.59775054
-0.32391995
0.39562082
-0.66210723
0.07035829
-1.28952956
-0.37378979
-0.69461995
-3.33572769
-0.09624544
-0.50864404
1.15103662
0.12447646
2.83816433
1.10629666
-0.86221105
0.18935192
1.45646572
1.16321373
2.37022829
0.60453844
0.15247838
1.30640531
0.56275135
-0.22794053
-1.14654827
-0.80573320
-0.06167230
1.49315250
0.43295908
-1.61529136
-0.46841979
0.11750888
1.47239912
0.23777047
-1.32442403
0.05536987
-0.83564460
-1.03694057
0.04275388
0.14408332
-0.16040097
-1.52753949
-1.21322465
-1.30621338
-0.29269195
1.19121230
-1.09017599
0.30892634
-0.07238301
0.68241119
0.03688574
-0.73054051
-0.60974324
-1.05023825
-0.12337799
0.05074689
0.36666390
0.48350057
0.23319584
-0.23334855
-0.06405194
-0.02785940
-1.64024091
-0.05950250
0.04488423
0.88647336
-0.14500436
0.98417330
-0.84502900
-0.44075331
0.35827649
1.71744382
-0.68328828
-1.40889478
0.71834666
1.10631990
-0.22468384
0.01282052
-0.46507481
1.32844758
-0.60366672
-0.01910425
1.17458928
-0.61901844
-1.12545168
0.21655938
-0.08324178
1.21176589
1.06193233
-2.25092864
-2.28638697
0.09112744
0.69776356
-0.19290687
-0.30392307
-0.85588288
0.05274840
-0.59496725
0.28926951
0.68713534
0.77544540
-0.29067832
-0.81996322
-0.26249897
0.90403593
0.71488327
0.11130606
-0.24279982
-0.09881096
0.62457949
0.13753355
4.18037796
0.06157078
-0.22246264
0.41664749
-0.63724649
0.62452435
1.40909243
-0.10160252
0.51680064
-0.62025750
0.38182962
-0.03657493
0.19546574
0.30003563
-0.31874982
-1.30919003
-0.91676050
-0.88750064
-0.59583277
0.51490927
1.18369508
-1.01743078
0.15695374
-0.79608601
0.60683715
1.78296280
-0.60701716
-1.28797674
0.14534259
-1.31440926
1.98356748
-0.71146536
-0.13918982
0.63580137
1.83733177
-2.38663721
0.86748278
0.38949835
-0.29206806
0.11549968
-1.68621802
0.26536369
1.17641449
0.29256612
0.64806008
0.52058846
1.18375671
-1.10223341
0.15779720
-0.23080462
-0.72139841
0.25999406
-0.42416245
-1.10467315
0.40219799
-2.00905895
1.20776546
0.58423328
-0.10175385
0.34365660
0.28425464
-0.74995452
-0.11663817
-0.28390372
-0.49048287
0.93491256
2.59192991
-0.03312801
-0.22302136
0.22070251
1.06960988
0.79287493
-1.48912120
-0.58574057
0.10032513
1.25527525
-0.68458897
0.55617166
-0.20380887
-1.98524070
-0.14238131
0.05299407
-0.29985660
-0.48271948
-1.75242233
-0.10133722
0.08024728
-0.48775017
1.69817805
-1.63106489
2.53884029
1.05157995
-1.91765821
-0.34169576
2.23685527
-0.45514357
-0.89466590
-0.62367213
-0.49093688
-0.67976022
-0.44202399
0.17650026
2.56505728
-0.51137608
-0.27623504
-0.10370272
-1.37022901
1.75430429
0.37173894
0.46080241
-0.98501325
-2.48784852
-0.13418946
-0.51767528
2.37660170
-0.54843253
0.19733807
-0.08326962
-0.39989650
0.22832757
0.37179416
-0.18156536
-0.04714686
0.83652109
-0.40370592
0.21096444
-0.09719031
-1.00965428
-1.86789465
-0.44021112
-0.61421078
-0.52405500
-0.64045620
0.09753007
-0.07184692
-0.13687851
0.55123192
0.94634640
-1.33950531
0.82535577
-0.87419426
0.16892263
-0.05508414
-0.03952983
-1.16905761
0.27141953
0.25788131
-1.30471992
0.54137719
0.42691892
-0.01853943
1.21122384
0.02257496
-0.18508503
0.23288265
-0.01668185
0.05364273
-0.42812109
0.53251660
1.28528833
0.11938471
0.40257856
-0.50990850
0.19811982
-0.51360881
1.73492146
2.15484047
-1.11873221
0.97657055
0.09101462
-0.86005533
0.42053625
-0.10417621
-2.43134546
1.22393525
0.07211480
-0.60771692
-0.10512249
-1.60870528
0.31640199
0.14168793
-0.14372683
0.25862128
-0.36908215
0.16587099
-0.35721549
-0.59268761
0.76826477
-1.26677501
3.72346878
0.74928033
2.15610290
-0.01822793
0.35401636
0.46516004
-1.13125587
-0.22882479
-0.85086119
0.17210516
0.72268897
-0.81375688
-0.56846416
-0.13913754
0.58374476
0.34282732
0.70161033
-0.00016803
0.28732905
1.53543758
0.46932483
0.55986249
0.79433656
2.53105831
-2.56310868
-1.39625061
-0.19503254
-0.01529005
0.43644530
0.13101527
-1.08703387
0.13499844
-0.69059658
-0.48427522
-2.17939591
-0.05795674
0.43358660
-0.82730341
1.85012507
0.69406843
-0.21909988
-0.69637513
0.01406285
0.63724732
-0.47630650
0.23254146
-0.10570539
0.16723013
0.26674962
-3.42065167
-0.82145000
-1.20533907
0.22448394
