384
0.58434808
-0.44858319
0.95133388
-2.12367511
-0.64605188
-0.64679700
0.80596912
-1.63536990
-0.35549635
-0.11345267
-0.13991027
-0.11161353
-0.19921951
-2.35543132
-2.59098697
0.57169449
0.03096086
0.11494803
2.26929903
0.19241339
-0.17780817
0.12968057
-1.10051179
0.36425987
0.02394912
-0.06624863
-0.16049701
2.30719900
1.90815687
0.24835873
-0.61656165
0.12821466
0.08923185
-0.25908518
0.40415588
-1.99907970
-0.12586680
0.02168094
1.08421910
0.60971689
-0.11983845
-0.07741109
0.51983368
1.78860879
0.25279033
0.45375040
-1.32051706
-0.97441864
-1.08635020
-0.52230507
-0.50811350
-0.09737260
3.27747059
2.41452670
0.59674269
0.12253605
-0.13696012
0.11074942
-0.02907512
0.93040341
0.81445688
-0.17455721
-0.08899678
0.35599524
0.05972869
-1.61302328
-0.17707349
-0.11570838
-0.29156131
-0.09292482
1.10794783
-0.24082078
-1.27564931
-0.90849924
0.05067962
2.01718783
2.54152584
0.95752555
-1.49031782
0.14070457
-0.06893456
0.39965701
-0.40279755
-0.92296326
-1.59015012
0.46401203
0.46515828
0.59683025
0.65575105
0.07433926
-0.15515956
0.45254818
0.00928128
1.02649629
-0.14973725
-0.49156094
0.05294527
0.26308581
0.96699971
-0.07259282
0.12369122
-0.60258591
3.33694792
0.20444989
-2.32856178
-0.08305223
-1.10970485
0.48058379
0.12000182
-1.00171185
0.76858765
-0.49597049
-0.66529268
0.36977088
-0.11579029
-0.87902802
0.21134765
0.11673304
1.37151611
0.68396401
-0.75488794
-2.75826144
0.12568542
1.25217915
-0.42783532
-0.42655680
-0.53225124
0.47616357
-0.25580645
0.51439643
0.67946863
-0.01567771
-0.65712011
0.02055673
-1.24225545
-0.32910651
1.37853169
0.43475533
-0.81786948
0.64640653
0.40617532
0.26571941
-0.07856810
-0.36150602
0.99359077
-0.10231635
0.09425890
-1.29421020
0.61918896
-0.34987316
0.68524313
0.53666967
-0.46953607
0.07200398
-0.50261617
0.13456020
-0.64824402
-0.10487849
-0.52744097
-0.99332255
-0.36420310
1.37372231
0.93323946
0.32536566
-0.63241541
0.48786867
1.23972797
2.63005853
0.65531653
-1.59256053
1.53379881
1.27688146
-1.46114719
-0.18302114
-0.07038186
0.17013317
-0.85075229
-0.77715528
0.03782366
-0.08426468
-0.78844750
0.37951136
-0.41301680
-0.98462963
0.64782196
-0.11534318
0.96518797
-1.12962437
2.68423939
-0.80331618
-0.61556292
0.28942505
-0.00658488
0.04882547
-0.32568151
-0.11833975
-0.20475703
-0.76175809
-0.07770088
-0.81497186
-0.92786336
0.22042193
-0.28712749
-2.21622968
-0.41188946
-0.63236570
-0.31895757
0.03879091
-2.47111845
0.55769408
0.54799920
0.07522657
-0.30383486
-0.71859765
-1.36467814
-1.62818027
0.22010875
-0.64310640
-0.25418881
0.77696067
-0.89829683
-1.94601750
0.25488746
0.20655905
-0.32154089
-0.06485911
-0.89339447
-1.94260848
-0.47596258
-0.31884271
-2.01062083
-0.01540298
1.57470310
0.68866515
0.42614040
-0.47594377
-1.75438154
0.84890759
0.04065926
-0.16469343
0.47526979
0.29802254
0.53574741
0.87429422
-0.34966242
1.33080530
-0.42836809
-0.19170326
-0.54101801
3.44081736
1.14523888
0.84055626
-1.86501062
-0.59279156
0.20943700
-0.24888697
1.70771408
0.11452851
0.33613282
0.19664438
-0.23841721
1.03282833
1.60578156
0.26755542
-1.26552069
-0.14840651
-1.09877253
-0.03542708
-0.00609225
-0.97992033
0.24867603
-0.04601052
-0.17603421
-0.72960037
-0.38042301
-0.21408047
0.26011810
0.19345137
1.64428234
-0.34689653
0.78016436
0.25844198
0.59011519
-0.97571468
0.04193979
-0.04162163
-0.44854534
0.07905776
-0.07808706
-1.65447152
-0.55197781
0.39280397
-0.55765998
-0.88934100
0.26759854
0.11583124
-1.14346623
1.17312741
-0.44950303
-0.37930530
1.30071616
0.59687585
0.54303080
0.03623521
0.06620754
0.63362968
0.88703620
0.71328527
1.14203572
0.79864728
1.66005337
-0.23667723
0.87204808
0.67553967
-0.20230609
0.66968226
-0.46384659
0.08979902
0.91690862
0.00025174
2.90399146
-0.38683134
-0.63447189
0.07905091
0.27462840
-0.26178971
-0.00442797
-0.39464560
-0.07633721
0.40072879
-0.10715926
3.33355808
0.34574717
-2.27881908
0.88431340
1.64293349
-0.05766951
-0.90217185
-0.21323493
-0.13960843
-0.06506684
-0.21463266
0.12086153
-0.08779466
0.88033992
0.50508124
0.23913760
-0.45012742
-0.03161965
0.14444920
0.58526665
-0.19974594
0.07559830
1.21067941
-0.97258294
-0.95352000
-1.10765719
-2.89671421
-0.28795496
-0.38758314
0.59659547
-0.02099577
-0.28576136
-0.29145312
0.37362838
-0.84645206
-0.19897786
-0.50148058
0.78533947
0.28826144
0.96476752
0.03514137
-0.52180326
-0.00358430
1.18564832
0.00603751
0.15591732
0.09023789
-0.14028397
0.39296398
1.56638241
0.51588678
-0.11279263
-0.38072890
