384
-1.49265754
-0.08205263
1.10256124
-1.91586781
-0.86743689
-0.47008047
0.42442513
-3.63180637
-0.58469009
-0.98315024
-0.09769142
-0.14563113
-0.19211966
-0.96205771
-2.59183121
0.72624969
-0.17540619
-0.01626810
-0.45641822
0.16482970
0.06717783
-0.23807427
-0.26959118
0.27648503
-0.10955280
0.27531582
0.01205304
1.84267378
1.13353765
-0.05248478
-0.26803511
-0.19834828
0.09424060
0.56766641
0.08855692
-1.78348792
0.08185951
-0.32266414
-3.67221236
0.22836578
-0.08199135
0.79700941
0.21292731
2.50100970
-0.21405604
-0.05161130
0.03213263
0.04139614
-1.61226416
2.11006165
-0.21249239
0.28875697
1.39870715
3.18944693
0.50798416
0.12724832
0.02060965
0.06921613
0.92198646
0.67405301
0.53300756
-0.03584570
-0.47969586
0.43211886
0.07070816
-1.68785715
0.17017122
-0.46369660
-0.24774761
0.18911391
0.19759920
-0.35073721
-1.56597245
-0.65321022
1.23693871
3.39290118
3.49867320
0.04019186
0.14531581
0.04004369
1.85745764
0.41716641
-0.12919493
0.07015158
-1.27589560
0.09315807
-0.17932597
0.58426785
0.14530960
-0.14196901
0.10190237
0.32134187
0.15413381
0.09847549
0.09721117
-0.65734786
0.47464344
0.08597198
0.31104216
-1.51627493
0.17262720
-0.03625500
2.81240606
1.37702084
-3.26955557
0.23088124
-1.23592460
0.08269161
-0.52037221
-0.22037016
0.49530420
-1.07664466
-0.45832196
0.37837011
-0.52390432
-0.06868044
0.23999894
-0.09004334
1.78566933
-0.41395843
-1.89573455
-2.30873871
-0.08939254
-0.52132118
0.33336616
-0.09812567
-1.39988363
-0.04313746
-0.26891312
-0.12027675
0.99538761
0.06246198
-0.43694532
0.02139544
-0.10958141
-0.32207453
1.62935972
0.18681920
-0.14110865
0.33439174
0.11670211
-0.23813656
0.67950189
-0.23766138
0.14157276
0.65085542
0.07424578
0.08867286
0.94402456
-0.48730507
0.63702738
0.20488749
-0.11272383
-0.22942242
0.04741348
0.38663125
-0.37582010
-0.80907148
-0.13445303
-0.38941342
-0.10180513
-2.29354191
1.15343094
-0.31501254
-0.23412985
0.01351378
0.98246330
1.57759404
0.02473763
-1.63629651
1.00570846
-0.42910331
0.57982951
-0.58044362
0.08107470
0.69352984
0.24132589
-1.09869218
0.81471133
0.09952337
-0.11301965
-0.22118065
-1.08908117
0.21861731
0.48928976
0.51054007
-0.07508816
-0.34373823
1.93489647
-1.42531466
0.04756148
-0.14520398
0.24801506
0.39968187
-0.07808189
-0.33483887
0.69261318
-1.37320256
0.29481274
-0.17216036
-1.07789552
-0.09491494
-0.17656860
-2.11223507
-0.00657737
-0.56780571
-0.15982637
0.42718291
-1.04624343
-0.11820332
-0.10785434
-0.02299223
0.53056127
-0.59293050
-1.25927830
-1.74201536
0.21919535
0.38063049
-0.36671579
0.89757049
0.32567710
-3.28442049
0.24548119
0.05619691
-0.32038122
-0.36453488
-0.78398752
0.37884381
-0.44181389
-0.28418198
0.94105065
-1.15497434
2.66792822
0.16308236
-0.36668140
-0.55124533
-0.01339157
0.48892316
-0.31143376
-0.26480931
0.45566455
-0.16896227
0.24656202
0.00308156
1.36582327
-0.01871093
-0.26609591
-0.19572273
-0.77938342
2.78893185
0.51652700
0.44821769
-1.81641412
-2.77398467
-1.09075928
-0.25320849
2.38255596
-1.73993063
-0.20496884
0.14805202
0.19051704
0.84757090
0.77723634
0.34442541
-0.28338301
-0.05426124
-0.95117795
0.22876486
-0.33649498
-1.71872663
-0.24986051
0.13122670
0.70409638
-1.23818088
-0.51227832
0.05912397
-0.28566644
0.11984648
0.77999008
0.13406956
-0.28690892
0.47531670
-0.10188209
-0.66968834
-0.15356036
0.07324880
-0.55970937
-0.22165158
-0.01096880
-2.14040947
-0.62634647
0.25725248
0.12255821
0.16511764
0.71055710
-0.33684692
-0.14770271
0.08843607
-0.12835251
-1.32215464
1.49643862
0.39835137
0.08290331
0.22730422
-0.39371926
0.56371254
-0.05312159
1.51008189
1.40860713
0.65354663
1.73390329
-0.35764909
0.26744556
1.49731660
0.13089499
-0.72194469
-0.28543127
-0.15806244
2.98894930
0.27978820
0.31916848
0.03849052
-0.16081554
-0.81183273
0.12404443
1.09102762
0.35470879
-0.42736897
-0.23857129
0.13072297
-0.87552601
3.53926659
-0.03061894
1.48552382
-0.27401942
0.08714277
0.08837368
-1.79976439
-0.14665058
-0.43028975
0.13230482
0.41595814
-1.20361924
-0.27774733
0.23595124
0.89260012
-0.30613548
-0.16902928
0.19159083
-0.13578939
0.41546732
0.16415182
0.71967638
1.82985532
0.58400524
-1.74284816
-0.56819886
-0.65143895
-0.13469443
-0.00925965
-0.20256923
-2.20276737
0.11063006
0.76072985
0.36479756
-0.82809848
-0.01942227
-0.55859363
-0.27633458
-0.02078685
0.37260634
0.13983132
0.51805961
0.32507002
0.88164783
0.66610551
0.00902842
0.19710866
0.47185418
0.16778576
-2.48278904
-0.21605676
0.10103109
-0.05053083
