384
1.03235364
0.37238923
-0.25214565
-1.25077128
-0.93413484
-1.03729117
-0.06524061
-0.09960639
0.05642024
-1.46106005
-0.07742017
0.06106944
0.51079845
-0.50101197
-1.72446430
0.47317559
0.77979767
-0.11522254
2.59212756
0.05064712
-2.09472108
0.91748166
1.23447239
-1.21282530
-1.79705822
-2.16300488
0.72566950
2.06948781
-0.56285232
-0.74001628
0.16298853
-0.68918657
-0.28619671
3.68388081
0.64491898
-3.13447618
0.40341341
0.14274871
-2.27792144
0.31051856
0.17340985
0.58830810
-0.13300782
2.29413509
-0.01851554
1.74970865
-1.08700228
-0.59869593
0.55112237
0.57916272
0.71460080
0.78595430
3.29755497
-1.13970292
-0.61711639
0.52118635
-0.32714447
1.12290514
0.38299435
0.20009518
-1.10908175
-0.38775185
-0.39234063
-0.09464355
-0.65424943
-1.95717871
0.31541657
-1.22811973
-0.16056535
-0.19083923
1.18049443
-0.80581236
-2.09354925
-1.22085106
-0.81291306
-0.25010687
1.66483915
-0.57327813
0.85838103
-0.77320838
1.04004240
-0.21747907
-0.43331838
0.41487369
-0.42505723
-0.23392420
-0.59236765
0.18226945
-0.00155256
-0.17369604
-0.26724625
-0.05273402
0.02730003
-0.75555819
1.20471776
-0.20220661
0.97472346
0.58158165
-0.40047362
1.68390381
0.62886107
-0.43141991
1.85560668
-2.43667078
0.06883276
-0.12486596
-0.41536319
0.50943464
-0.03441654
0.65964848
0.38198534
-0.91255283
0.68445015
-0.23577297
0.03923601
-0.39028168
-0.05642647
0.05313997
1.56435847
-0.58042961
-1.19557488
-3.20505452
1.29820061
0.65246975
-0.95108020
-0.50681859
-1.89181745
0.09750933
0.11939110
0.73901564
-0.09012899
0.10838246
-0.35153764
0.19804162
-2.02537966
-0.81265515
1.51941848
0.31977263
-1.22295630
-0.49924636
-0.12744573
-0.19758809
0.83946276
0.51918787
-0.88341033
0.12427691
-0.75015295
-0.11406118
-0.32205307
-1.12226295
1.05375731
-0.61286628
0.06839474
-0.13419384
-0.33682412
-0.80212915
-0.48306996
-0.07222831
-0.27168334
0.34047550
0.48397392
0.33518988
1.73210382
0.98579264
-0.33693936
-0.03587668
1.20659781
-1.21659958
-0.16800869
-0.15564047
0.58678722
-1.06948900
1.11594331
-0.96864784
1.01138473
0.51844770
0.60038531
1.50798845
-1.06022263
-0.08969085
-0.56448191
0.20926520
-1.89532053
-0.08213022
-1.33500290
-1.30834854
-0.65763575
0.80935109
0.65483773
-1.10580504
0.02201531
-0.32217693
-0.73818874
-0.48401335
0.02661936
0.45424047
0.48778495
-0.70168382
0.40169829
0.24912044
-0.93003070
-0.28027630
0.32320338
-0.96102870
0.36046419
-0.16412219
-0.04417117
-0.35793942
-2.03350544
-0.74954796
-0.29665178
-0.27137452
0.20814331
0.43598998
-0.18693143
1.31472981
-0.50744963
0.29445636
0.36212954
0.74792659
0.58483529
2.56093216
0.60974813
-0.33516994
0.21994396
-1.04132414
-1.81243598
-0.57245392
0.21260692
-1.80703020
-0.38820580
-0.20322639
2.16529322
0.20851348
0.05881587
-0.44912142
-0.65917730
1.03898704
-0.29788870
0.09761045
-0.46004173
-0.90783346
-0.83977509
-2.51722240
0.49108693
-0.59878939
0.03498634
0.61194903
-0.50589597
1.80740952
0.32154781
-0.71147621
-1.31207180
-2.35060859
0.70084393
-0.23938130
-0.12008238
-0.27652252
-0.33800414
0.02682326
-0.61110294
0.10282654
-0.15207770
0.62396461
1.29860640
-0.04547831
-0.83057415
0.56195474
0.21437508
-1.52545857
-0.47050196
0.28509939
0.36835989
0.13096628
-0.25143528
0.09884883
-0.06930615
-0.19094069
-0.25426266
-0.35037202
0.04532114
0.16641715
-0.23194471
0.31677648
0.03827517
0.14341235
-0.25367987
-0.40062436
-0.58868319
-0.56805462
1.55757594
-0.03531834
0.49515927
0.00776936
-0.82153100
-0.58090514
0.18827361
-0.03903572
-0.59674525
-0.14161919
2.13354397
0.16211236
-0.20262448
0.12860261
-0.33637938
-0.30520356
-0.02329180
1.18476820
0.92418838
-0.38204888
0.04051509
0.01667085
1.02947330
0.44029507
-0.08384444
-0.08583998
0.64529139
0.00989509
-0.91228580
0.44915307
0.37342501
-0.39505377
-0.01614247
1.17020154
-0.01389921
0.93072605
0.36962640
-0.75139737
0.23249952
0.43020111
-0.20565012
3.19903612
-0.81942689
1.11750042
1.24230289
1.98056555
-0.24566282
-3.92986608
0.19448763
-1.53527784
0.75296015
-1.29204178
2.51068020
0.01178471
0.71867418
0.07094049
-0.35582477
0.25593466
-0.58430701
-0.00999466
1.87745857
0.17420493
1.34822893
1.56613803
0.62522596
-1.69627488
0.26280883
-1.93364596
0.07122928
-0.11285727
-0.00838995
0.79424101
0.18646978
0.11636667
-0.38957626
-0.48453248
0.37429231
0.01884449
-0.57974041
0.18243045
-0.05455025
-0.11388325
0.60504574
0.03111917
0.65206146
0.02988233
0.02371846
-0.36768919
-1.14339662
-0.54647517
1.57592952
-0.20291291
-0.46360594
0.73368847
