384
0.01635669
-0.10602887
1.50981998
-1.04755521
-0.47815439
-0.72573048
-0.00998154
-0.49428272
0.87588358
-2.80033779
-0.04393224
0.06607118
-0.00852159
-0.62171167
-2.11017632
1.04432487
-2.94858313
-0.13267621
1.01532066
-0.28875405
-0.29322210
0.54738259
-0.06741441
-0.74045861
-0.94526398
-0.25425088
-0.34527302
2.87744832
-0.64146930
-0.59897017
-0.25120056
-0.37742203
0.10734607
2.55193019
-0.04782212
-1.95320702
-0.14622253
-0.10832914
-4.66631126
0.16500089
-0.17027885
-1.07111871
0.02010668
1.63762343
0.30952331
-0.29767329
-1.67763972
0.70904052
1.25687242
1.02462792
-0.12923934
-0.08699076
2.22415543
0.12967682
0.22227019
0.35920900
0.03881475
0.05628964
0.10398841
0.58944148
-0.95805764
0.22530738
-0.42360044
0.62518477
0.20163071
-1.21906197
0.02350045
0.53137398
-0.43771341
0.23217939
1.40604377
-0.14529900
-1.65953827
-2.02396178
0.43052202
-0.14720947
0.99924368
-1.19929838
-0.18450840
-0.16237988
1.03152144
0.18153383
-0.39806059
0.10189000
-1.33187139
0.24061483
-0.69084728
0.10384521
0.04965778
0.32318464
-0.05302572
0.04465346
-0.25384569
-0.46396422
0.05190567
-0.31021848
0.26162142
0.26132578
0.48267466
0.88430631
0.01691496
0.75556922
2.43947387
-1.91404080
-1.72767591
0.38821727
0.38256425
0.53212202
-0.50794059
0.32644847
1.05668807
-0.62055212
-0.40019295
0.34147066
-0.04189956
0.54699022
0.26462415
-0.30426767
2.43598819
0.66937077
-1.03393233
-2.61889434
0.09693154
0.52637184
-0.51566476
0.16185680
-0.94151735
0.26024950
-0.15453823
0.51470494
0.58674538
0.60942924
0.10757416
0.23287047
-1.45698881
-0.04113907
1.98519623
0.29133025
-0.36638656
-0.64285624
0.70049423
0.33568808
0.27111548
-0.59612340
0.30916059
0.12410705
0.43749684
0.96746236
0.16805440
-1.09492517
0.84982419
-0.20534979
0.09040511
0.34795228
-0.36458164
-0.62892234
-0.01141015
0.24062264
-1.24076188
-0.37470350
-0.03519695
-0.59815049
1.12064898
0.82397956
0.04434660
-0.27549279
1.16869140
0.50807554
1.64065552
-0.01004028
0.48119444
-0.21226323
-0.32697955
-0.55974531
-0.12426478
-0.02747098
0.32915494
1.62987077
-0.73648900
-0.13095701
-1.49179173
0.06883411
-0.63963908
-0.41702220
-0.16739866
-0.58605540
-0.04503432
-0.01870718
1.72407627
0.68741387
-0.03960931
-0.02003695
-0.19320455
0.20675841
-0.11836017
1.10612047
0.37287089
-0.71286291
0.10848224
-1.75020421
-0.38846606
0.37609202
-0.06338505
-0.82546479
-0.24421994
-0.26466870
-0.25585878
-0.53144789
-0.73445940
0.27650696
1.56966734
-0.30184498
-0.53262603
-0.01543082
-0.11128843
-0.06832309
0.22476424
-0.42421818
0.22079895
1.21711659
0.16750298
0.29229707
0.34558526
-0.16308016
-0.09556430
-0.21003611
-2.00201821
-0.41973001
1.04636216
-1.28946066
-0.21973741
0.15213627
1.79904759
0.37803686
-0.19748908
-0.68664020
0.70684886
0.72748101
-0.01492838
0.24988803
1.00967908
-0.61798376
0.34388089
-3.82457042
1.31254673
0.20887777
0.28373501
0.31849530
-1.72426677
0.85102701
0.50063539
-0.11675094
-0.51449007
-2.61252761
0.05691694
-0.86067182
1.12316620
0.58102447
-0.24979073
0.41391766
-0.07379326
0.30077326
0.43634424
0.55405426
1.29035580
0.08832566
-0.23246826
0.34804484
0.20293808
-0.96266115
0.52895504
0.11050238
-0.35631785
-0.31589770
-0.52072012
-0.07988939
0.30065984
0.01806579
0.60410684
0.31332886
0.29746079
0.17810826
-0.03383613
0.95159674
0.55752099
-0.08534166
0.02194369
0.11625791
-0.05783731
-2.57657051
0.30778009
-0.24212031
0.29596874
-0.36368394
-0.38058263
-0.22776729
-1.22924209
0.17253554
-0.24523392
-0.08775860
0.83892971
-0.08067530
0.81795800
-0.19178702
0.26332539
-0.13590899
0.13752915
0.74002266
1.21120393
-1.06829762
0.29658705
-0.20427647
0.41796359
-0.26633212
-0.04610258
0.75556558
0.59619743
-0.42464620
-0.73773658
0.10486007
-0.22162995
-0.30357996
-0.14410365
-0.20870644
-0.01049164
-0.40474913
0.34375489
-1.02416348
0.16755757
0.56530643
-1.63835287
3.31833267
-0.06466612
-1.49468672
0.37202206
1.17874646
0.20419922
-2.98891640
0.26131958
2.16285634
0.09228453
-0.23618162
3.12417030
0.00008659
0.26209906
0.91679990
0.02030396
-0.08825152
-0.30962262
-0.46723333
2.20815992
-0.11664984
2.16796470
0.78795558
-0.14068764
-1.44090009
-0.05746561
-1.01338863
0.21414642
-0.21835291
-0.26598528
-0.78895026
0.17721514
-0.49886230
-0.33869541
-1.38435185
-0.64285660
-0.52131832
-0.38432685
0.51432765
-0.25615776
0.14921673
0.37617862
-0.10505041
0.80147123
0.11432508
0.08867906
-0.17581375
0.13137822
-0.56663203
-0.26464313
-0.48254165
-0.24626702
0.32408911
