384
0.51980019
0.09111738
-0.49698788
-3.12327814
-1.23759198
-0.44092259
0.18553105
-2.62100673
-0.26621777
-1.09386826
0.08198577
-0.23195100
0.22519507
-1.73632514
-0.48604715
0.58179444
2.09371448
0.44303679
2.62748837
0.10043769
-1.71438062
0.70913601
0.24083427
-1.13842821
-0.62992311
-1.64094543
-0.36689204
2.10038757
-0.65661353
0.27993184
0.21744914
-0.54541963
-0.23684020
2.05725384
0.05550436
-3.26184893
0.10100262
-0.13150102
-2.41721988
0.13885191
-0.24213758
-0.34214720
-0.05392231
3.21041250
0.61413759
1.96126628
-0.04229110
-0.59874028
-1.24929559
1.29865432
0.73035526
-0.23685759
1.55099308
2.07526851
-0.44558752
0.25921059
0.07625612
0.98862815
-0.42522731
0.50679350
0.01650955
-0.23879544
-0.05130428
0.53474879
-0.19145310
-1.30384481
0.20867670
-0.46382096
-0.05019304
-0.03999706
1.94041252
-0.48031622
-1.62809598
-0.25668985
0.75177699
0.32915172
2.71657538
0.52573723
0.39045200
-0.13203967
2.33724976
0.34377134
-0.26263052
0.19606301
-0.79270190
0.44067967
-0.69041157
0.15335807
0.28888547
0.10328501
0.47025380
0.50597680
0.33118179
0.58588165
-0.22209936
-0.11435185
0.66463900
-0.04806978
-0.52820629
0.56400234
0.20189926
-0.36258566
1.80129445
0.58896744
-1.66517782
-0.13145137
-0.62641847
0.23821066
-0.27236930
0.45268649
-0.05918068
-1.05637550
0.18787128
-0.22863549
0.23859873
0.23663293
-0.01666243
0.23179063
1.25471509
-0.14387688
-0.92785740
-3.41641617
0.10273676
0.36320701
0.12100592
-1.08897281
-1.04323804
0.30021536
-0.28020817
0.89203393
-0.02735198
-0.12193654
-0.41541821
0.18715626
-1.21676207
-0.47442058
1.43580818
0.41636336
-0.66068155
-0.18746887
0.69033659
-0.81518555
-0.34843421
-0.41972762
0.47901589
0.35358500
-0.70481938
-0.39936155
0.36716425
-0.56980658
0.96027178
0.39616895
0.09276035
0.75748819
-0.53147054
-1.24622583
-0.23530865
1.17102718
0.09629324
0.17944491
0.08639395
-0.94639647
1.26044190
0.98541403
1.10093832
-0.07131009
1.47261906
0.09738845
0.38534787
-1.03506184
0.86147046
0.09425545
0.85819679
-0.42868292
0.63786310
0.92096508
0.22466622
0.27801263
-0.65983152
-0.00234096
-1.31600654
-0.12169119
-1.35570180
-0.33277225
0.25529742
-0.72626108
0.08837923
0.37286946
0.48146933
-1.35777736
-0.86953855
-0.25714260
-0.41283092
-0.27462798
0.42559451
0.59185314
1.43237281
-0.75343072
0.05418207
-0.06392655
-0.41279244
-0.16760083
0.25553709
-1.05146277
-0.18085980
0.58776921
0.09975567
-0.07934615
-2.58830762
-0.53747630
-1.36809242
-0.00290283
-0.08678496
-0.58075815
-0.46329367
0.22478345
0.14153604
0.31599560
0.44752786
0.06172436
0.53086472
1.37163877
0.06578894
-0.20084737
-0.54388589
0.03666843
-1.13807082
-0.25067300
-0.74326843
-1.28709900
-1.02101088
-0.09989473
1.45578265
0.06588861
-0.43209326
-0.56155550
-2.46745467
0.89288574
-0.07899931
0.20453727
-0.34859157
-0.16328865
-0.18379770
0.65325528
-0.09459150
-1.51246834
-0.06080812
0.19219951
-0.44991648
2.51399350
0.81528509
-0.40865132
-0.27662396
-2.78120899
-0.11512379
0.36600822
0.31176442
0.01735285
-0.33768874
-0.22632772
-0.19365144
0.68146193
1.15469170
0.23494229
0.00554952
0.05711037
-0.41450635
0.01106440
-0.41912043
-1.50475550
-0.63459146
-0.43217969
-0.02119946
-0.34264284
-0.47905475
-0.20988929
0.02691537
-0.07695411
0.31428182
-0.37397024
0.47635156
0.42249107
-0.51688659
-0.57514614
-0.19430801
0.18878053
-0.28575489
-0.11653163
-0.36466008
-1.19218969
0.75602210
-0.15188605
0.36309552
-0.54390699
-0.56418759
-0.28951156
0.16309321
1.42210662
-0.31591707
-0.12252479
1.16022158
0.19746955
-0.91964513
-0.15942095
0.18294640
-0.21930966
0.57782853
0.67112815
-0.04268736
-0.44412670
-0.12309462
-0.33403045
-0.47289205
1.32775867
-0.05508173
1.19062603
-0.36916769
-0.11932026
1.68074322
-0.04557070
1.67277622
-0.06638898
0.05235875
0.44249973
0.00988083
0.27522004
0.22070906
-0.03205624
0.12385724
0.42272580
-0.19448286
3.23079681
-0.55419910
0.61450446
0.79625505
1.02103615
-0.42833620
-3.60724974
-0.11700201
-2.13863754
0.22787046
-1.42161632
0.73674333
-0.16847591
0.90605557
0.87844586
-0.55899155
-0.20595229
-0.58449948
-0.20721641
0.79831231
0.30091885
-0.00313404
0.74029201
-0.28294158
-1.09788775
-0.30845249
-2.22889066
0.62822872
-0.14542700
-0.14350723
0.13904366
-0.03308814
0.80340385
0.07722229
-0.45137793
0.46869686
-0.96164441
0.57582760
0.65434343
0.04050035
-0.16608822
1.36040139
-0.43696615
0.18298888
-0.48374107
-0.14588842
-0.00990067
-1.76929021
-0.08748624
1.64668429
0.69954252
-0.41228646
0.12491758
