384
0.32073718
0.13560906
0.06677982
-2.32431602
-0.92938644
-0.96896529
0.75376183
-2.71899271
-0.44037968
-1.91629827
-0.07404752
-0.01609757
-0.24137796
-1.21366060
-2.39937615
0.60212111
-0.69340789
0.43293992
0.35703415
0.11191536
-1.02235794
0.31492975
0.45659554
-0.74908566
-0.94972050
-2.31139040
-0.00561047
1.82723856
-0.10463119
-0.10733385
0.07511384
-0.26574659
-0.04637606
2.30032849
-0.15184245
-2.28541136
-0.22447820
0.12739481
-5.64853668
0.23131050
-0.30771488
1.62340760
0.29437304
3.16250849
-0.09223770
2.30675364
1.23510766
-0.59097832
-1.38065743
1.38215899
0.14547415
-0.03141516
0.94305384
4.43747568
-0.14803264
-0.25260571
-0.08005762
0.78088105
1.26078606
0.36644569
0.34557408
-0.10056978
-0.04528775
0.57286406
-0.13947091
-1.26282668
0.09946948
-0.62488216
-0.27572918
-0.07090805
0.86628383
-0.46722853
-1.63098621
-0.97119802
1.66580725
0.78762281
2.95036268
0.09813732
0.19417763
0.08992207
2.17924452
0.11240219
-0.17094760
0.09616680
-1.23288476
0.43581423
-0.01932444
-0.22789758
-0.03344250
0.10431257
0.48052996
0.23423475
0.34068155
0.44117635
-0.01978374
-0.26269513
0.46030396
0.26012498
-0.08701539
0.70934874
0.07921959
-0.72892153
1.21387875
-0.17361611
-0.96439815
0.16127352
-1.34126318
0.07635974
-0.32992578
0.63313991
0.27303764
-1.55268264
-0.02997644
-0.03003164
-0.21539211
-0.41162020
-0.08347993
-0.13320363
1.62700343
-0.75093627
-1.10501361
-1.68123412
0.01978409
-1.77968049
-0.22405076
-1.21348369
-1.70678449
0.11677897
-0.34845516
0.58403575
0.27846658
-0.29366753
-0.56520206
0.05409178
-0.51357269
-0.91487467
1.07514906
0.40862325
-0.21361271
0.08720867
0.45096105
-0.29545653
2.66563916
-0.57075691
-0.60444772
0.62174249
-0.56669146
-0.57197732
0.74362111
-0.40304941
0.62349039
0.04046089
-0.03128055
0.30987126
-0.38305801
-0.74138498
-0.42585859
-0.06970936
0.34919202
0.33285445
-0.11097910
0.07251729
0.60237730
0.66666007
0.28503680
-0.25207654
1.48338294
1.16332984
0.09917840
-1.86201644
0.68062145
-0.40527999
1.05902410
-0.64890540
0.23365626
1.51034427
0.63104153
-2.01413059
0.10073584
-0.06154336
-0.56375241
0.03138025
-2.18559980
-0.11302198
0.19459790
-0.44642231
-0.04375494
-0.15203407
1.40246093
-1.21168041
-0.09295785
-0.65280074
-0.24788183
-0.26525992
0.24799621
-0.45560277
0.48053563
-1.37687051
-0.00903243
0.71668810
-0.18700576
-0.30385748
0.12073135
-2.09331965
-0.15058918
0.15828758
0.00101971
-0.00121348
0.09308100
-0.34150338
-0.17359851
0.20493564
0.48430106
-0.52109003
-0.36935514
-0.60333467
0.55362093
0.33930859
0.10616793
0.71380883
0.42008844
2.86354637
0.35380870
-0.16223632
-0.64795250
-0.31530991
-1.60870790
-0.22946450
-0.18407804
-1.27379370
-0.48315042
-0.65139341
1.99406517
-0.08109806
-0.05791712
-0.16157226
-0.58533335
0.58955204
-0.16055176
-0.01076912
-1.43311274
-0.17255861
-0.18361121
-1.08909190
-0.17820424
-1.57245564
0.19976550
-0.12953191
-0.24923462
1.22748363
0.17380416
0.10765799
-0.30683440
-2.09980845
-0.51965350
-0.50322747
0.94939315
-0.86035329
-0.62064201
-0.18411545
0.08570597
0.65685731
0.16037500
0.53399885
0.55246127
0.01454064
0.04788902
0.41245270
-0.34328324
-1.11484599
-0.68277609
-0.14434150
0.34648922
-0.63248491
-0.42678252
0.16013646
-0.42708847
0.07933665
0.74376500
-0.01211358
-0.01806706
0.51118642
-0.01145032
-0.43625963
0.01159884
0.11595517
-0.55369544
-0.10822343
0.13441861
-0.67359769
0.45491570
-0.15502322
0.43275380
-0.16018930
0.04022027
-0.03588055
0.12666783
1.08368897
-0.27669555
-0.48512051
1.46370339
0.59196472
-0.19242959
0.59807038
-0.24678122
-0.36603078
0.40199766
1.77688432
-0.61047965
-0.00902686
-0.00404391
-0.49871501
0.36401331
2.33415174
-0.08088697
-0.13046375
-0.70219505
0.14885056
2.44795799
0.29522216
-0.18919966
-0.18013015
0.00676239
0.36217982
0.16026929
0.31398058
0.58209914
-0.64621902
-0.00078651
0.13368320
-1.06046319
3.27009916
-0.13683674
1.66166794
0.12044899
0.32939661
0.33249146
-2.87141871
-0.50295061
-1.27536440
0.11198366
-0.66839391
-1.14110839
-0.34351671
0.73344445
0.53082448
-0.26471531
-0.33102781
-0.13586485
-0.05665118
0.15765333
0.31273210
0.27220231
1.20404577
0.59962660
-1.14468563
-0.89108723
-1.39683104
0.22143160
-0.05372427
0.29921177
0.50171828
0.14772323
0.60936993
0.46179730
-0.69795978
0.08501238
-0.58249211
-0.27204803
0.72635341
0.54723173
-0.04543090
1.63065517
0.05552297
0.54528493
-0.20583782
-0.07689686
0.24614933
-0.63103420
0.03868994
-0.17445600
0.06025705
-0.18528792
-0.09401663
