384
1.47412729
0.35214883
-0.26770359
-1.91954279
-1.72781301
-1.11874139
0.12713766
-1.63819408
-0.49067390
-1.62628853
0.40923917
-0.27610514
0.74531156
-1.41899979
-1.51885295
0.45040995
2.66312289
0.29597241
2.39182115
0.73273683
-2.10354662
-0.19845010
0.71390629
-0.67609072
0.73558462
-1.33878374
-0.97555566
2.89338517
-1.22758257
0.57088238
0.38751465
-0.38477346
-0.53743178
-0.59792221
0.26604575
-3.38390017
-0.41842765
0.16463068
0.47215176
0.25353062
-0.19333731
1.18110883
-0.30419660
2.12162709
-1.46596932
0.37395465
-0.51399809
0.91689265
-0.48938698
1.94091988
1.09372795
0.03131387
2.51673245
1.01159620
0.17860243
0.22286803
-0.35777220
1.07171297
-0.12563042
0.68639928
-0.37006384
-0.32752430
-0.14786467
0.15682864
-0.36079264
-1.03955972
0.18277827
-0.77075100
-0.12691589
0.07075253
0.10040757
-0.53851002
-0.53190351
-0.95920724
-2.40717888
2.03293753
0.60822350
1.56467175
0.75610101
-0.18174699
1.35060036
-0.10755908
0.99412316
0.48417434
-1.36217642
1.33441114
-0.32708356
0.79765254
0.83016688
0.02860384
1.32835579
-0.00713630
0.13285857
1.28918731
-0.20032857
0.85061973
0.65369707
-0.56071538
-1.45333123
-0.13818336
0.44585952
0.54425859
-0.21041954
-2.08435774
-1.61438584
0.02216011
-0.39480442
-0.11236805
0.43836069
-0.01328839
-0.49521062
-1.11085498
-0.18853128
-0.06791912
0.32121685
0.36458278
-0.28807688
-0.50994718
0.49147516
0.48030931
-1.59611511
-3.64264059
0.30610204
1.06695330
-0.04231828
-1.70545352
0.25512749
0.78569388
0.38069090
2.04792094
-0.54734474
0.19339131
-0.61104178
-0.86145341
-2.28903198
0.42547140
1.33184147
0.29479459
-0.97476548
-0.88308454
0.09657070
-0.47287211
1.01190150
0.35859317
0.86368179
0.40841302
-0.45474881
-0.15452339
0.46255317
-0.78584522
0.18550232
-0.48016939
0.08117905
-0.09670107
0.19431365
-0.81169337
0.41250145
0.95745754
0.26665753
0.23704749
-0.70051920
-1.37136960
2.19949913
-0.55780095
0.48451176
0.00670011
1.19691682
-0.07278001
0.64597595
-0.44610429
0.93536669
0.00273750
0.96352643
-0.32119960
-0.00027397
0.02444306
0.11146811
0.83167756
-0.45874700
0.47129628
-3.20459771
0.08804749
-1.25364923
-0.22500710
-0.85525823
0.00327718
-0.86169451
1.02325952
0.65115792
-1.68440557
-0.13985552
-0.62389457
-0.43072790
-0.99992388
-0.41242108
2.04338479
0.99167633
-1.43266666
0.04584987
-0.29590327
-0.57798070
-0.11501203
-0.32154554
-0.98201036
-0.23143797
0.24141777
0.07411230
0.37751538
-2.78489065
-1.00375652
-1.65006745
0.00914823
0.63663554
0.24103229
-1.13280678
-0.05318630
-0.48844281
0.58866435
-0.28355300
0.84279305
0.41552350
0.49656078
0.38379139
0.23460321
-0.22446258
0.05649872
-1.35757542
-0.10588599
-0.61312973
0.31994098
-0.01350686
0.10628934
2.32383490
0.55540371
-1.33965206
-0.78944075
-0.38954642
0.72055525
0.24556795
-0.03083865
0.52550066
-0.50185740
-0.05100676
-1.60094666
1.01201940
-1.36872077
-0.36465931
0.29457897
-1.18749130
1.90331304
0.76162481
-1.16410470
-0.61858237
-1.81258523
-0.26705343
0.31702739
-0.03247106
0.28104702
-0.36708194
0.17365637
-0.28633660
0.51177764
0.96688259
-0.05971394
-0.21041939
-0.23524991
-0.43655100
-0.59825778
-0.35086775
-1.53724837
-1.07904005
-0.33996943
-0.35328519
0.48057544
-1.30576515
0.14590684
0.62302041
-0.72830147
0.20776254
-0.51684898
-0.04035076
0.48627889
-1.05468512
0.09984581
-0.22112241
-0.22725192
-0.57689971
-0.05313108
-0.28694591
-1.37833929
1.42727613
-0.63086116
-0.14817476
-0.66302669
-0.35340029
-0.40728807
0.14428800
-0.09415847
-0.55407548
0.64480156
0.44063163
0.69713318
-1.66037917
0.14572446
-0.40638822
0.01490106
0.63715065
0.79079616
0.10839015
-1.31735957
-0.96221632
0.30952749
1.11888790
-0.65304983
0.06279755
0.22596028
-0.43125278
0.62794685
0.99498957
0.54434317
1.63854122
0.44352022
0.11453813
1.04061651
0.49402764
-0.35564256
-0.02277425
0.59185636
0.10774671
0.26584825
-0.66391182
3.63528013
0.27803832
1.69620860
-0.27870148
0.75352293
0.31077069
-3.09641695
-0.43096149
-2.18846703
0.57883620
0.46909183
0.44418779
-0.37521824
0.39553869
0.90356612
-0.45506412
-0.72484070
-0.11942510
-0.06601071
1.71801805
0.67205346
0.08523881
0.21395250
1.40173697
-1.21748090
0.09746021
-3.05846930
1.02117658
-0.43116596
-0.43857932
0.69539583
0.11617920
1.59395981
-0.04343291
-2.19227076
0.84978253
-0.37729490
-0.57557350
0.95065582
0.41855294
0.08812201
-0.25585485
-0.12309904
-0.13487339
-0.49776950
-0.02296738
-0.42659396
-0.81910765
0.46990934
-0.69160473
0.13705014
-0.53342617
0.35492349
