384
-1.03011799
0.22604316
0.52429616
-0.96882296
-0.54546887
-1.14358246
0.78921419
-0.46679461
-0.02569193
-1.50403523
-0.15518740
-0.77560914
-0.63476503
-0.52115089
-2.21262765
0.83531040
-1.39600229
-0.63644755
0.32531583
-0.57863343
-0.57861358
0.06125788
0.53771472
-0.63960785
-3.11272097
-1.76343155
-0.11777717
1.92634892
1.52607572
-0.78827631
-0.03718323
-0.56986153
-0.52256203
1.58937073
-0.50808692
-1.59994245
-0.36892924
-0.11920857
-4.33361387
0.32248503
0.10278376
1.38781893
-0.26685131
1.75342822
-0.92675596
1.49534249
-1.13813221
-0.47463500
0.47576046
-0.37915087
0.11664347
0.68849933
2.40540075
0.57438397
-0.06490935
-0.09443791
0.65570468
1.01716840
1.90970004
0.37643117
-0.16009231
-0.45078024
0.20411214
0.50812459
-0.39453948
-1.17684972
-0.77150530
-0.80654913
0.15023778
0.01294985
0.30825850
-0.53996444
-2.62695312
-2.07459116
-0.57367057
1.22725129
1.75532126
-0.47846550
0.26890320
0.59741992
0.24970397
-0.18504192
0.49676752
-0.39273190
-0.39575809
0.02100370
0.92129326
0.49436861
-0.11089780
0.58435726
-0.79540163
0.44909182
0.28457552
-0.95283067
0.32214022
-0.56723952
1.09033346
-0.79190844
0.41752771
0.84438169
-1.15704525
-0.59156764
3.25764537
-1.98522162
0.56055200
0.71041608
0.82987893
0.81039643
0.06085909
0.23538026
1.13982940
-0.55062395
-0.39732116
-0.37639281
-0.71081418
0.20026338
0.21011943
0.65647459
2.45881391
0.09780200
-1.30441594
-1.31536448
-0.07184605
-1.03277040
-0.99405074
-0.24899244
-2.85006690
0.87575454
0.29897848
-0.22256657
0.49647772
-0.31750196
-0.51516116
0.76522452
-1.40445244
-0.84671754
1.04469538
0.04399032
-0.80086511
0.45175472
0.21586041
-0.33191726
4.03265285
-0.28473854
-1.21115005
-0.05247165
-0.34463856
-0.28435257
1.14147222
-0.59394753
1.01765132
-0.34742522
-0.55632776
0.50333583
-0.05137354
0.22169417
-0.68306863
-0.45418811
-0.54741657
-0.41696593
0.31756562
2.66550159
0.83305842
1.49150479
-0.93849671
-0.16921897
0.51810282
0.50257194
-1.19543266
-0.69359523
0.62580162
-0.69051838
0.47157437
-0.58976442
0.03557119
1.00316656
0.35026574
-2.23086286
-1.09404254
0.48861411
0.70812690
-0.25319272
-1.32024145
-0.30046147
-0.39770585
-0.10263145
-0.21103193
-0.78225935
0.72483033
-0.22220439
-0.18635361
-0.04335216
-0.16091736
0.48941058
0.39627194
-2.57219958
1.01066613
-1.03966701
-0.12962270
0.67004550
-0.25113598
0.39655873
-0.22971353
-1.48445821
0.55079854
-0.51867008
0.17516020
1.31267607
0.62678540
-0.14493558
0.28226683
0.06859635
0.24343990
0.87631744
-0.08636642
0.33428815
1.29156578
0.39564237
-0.09789414
1.22870255
-0.27996203
1.78444481
0.34215814
0.63099736
-0.46426600
-0.00562215
-2.38551140
0.22557081
-1.27145457
-0.95605040
-0.38433039
-0.54381078
3.03562641
0.18471394
0.64228427
-0.46927196
1.29758084
0.76466107
-0.63374472
-0.20282938
-1.36412179
-0.68440413
0.67321265
1.07799149
0.22453773
-0.62381029
0.00377197
-0.31117153
-0.08275485
1.71530509
-0.01250583
-0.47846580
-1.85532165
-1.93411493
-0.24618556
-0.27401799
1.25501096
-0.79489362
-0.50449252
0.00946403
-0.14027222
0.83980513
-0.73344624
0.33904648
1.57769942
0.46069574
-1.04970229
1.04900050
0.07513170
-1.03954279
0.21314624
0.11877219
1.00977254
-0.45303822
-0.34113312
0.75114375
-0.31830901
0.85282499
0.95012379
-0.37707669
0.06788091
0.38755342
-0.57349050
-0.53527427
-1.23794639
-0.16832334
-0.19746818
-0.20260574
-0.28568900
-1.07595587
0.20411803
-0.20459227
0.82165802
-0.01232806
-0.78800213
0.17557070
-0.64865547
0.88542193
-0.42801118
-1.50389647
0.73049527
0.31141528
0.15629891
-0.18421885
-1.30290353
0.43235663
-0.17481840
2.49784851
0.83229542
-0.65654969
1.14019990
-0.54947412
0.76900202
1.52334070
-1.30184519
-1.88822830
0.57617664
0.30855590
-0.84005904
-0.51155645
-1.70870376
-0.02393630
-0.04377645
1.12701595
0.10777384
0.27205098
0.32020360
-0.47514242
0.36256728
-0.11646211
-1.70542419
3.07145834
-0.11487479
1.10099447
0.54067338
1.74358344
0.51051551
-2.60369563
0.47403914
-0.93102086
0.24685195
-0.49145356
0.57334262
-0.33460355
0.39093554
0.62556154
-0.43876326
0.08464533
0.53963971
-0.58819330
1.46531284
0.78243738
0.82521248
0.97555232
1.29856682
-1.74813950
-0.66170430
-1.52063060
-0.18124756
0.05179838
0.12904243
1.25867283
-0.13241959
-0.42698795
-0.05405371
-1.43229461
0.44647104
-0.58770066
-1.03580093
0.35847574
-0.30608836
0.18632829
0.94356507
-0.55074024
0.54799843
0.29187378
0.21647668
-0.59097409
-0.22835448
-0.17030098
-0.35897213
-0.12324727
0.77670074
0.31405184
