384
0.21149172
0.57744032
-0.30185091
-1.86987615
-0.75695890
-1.89713311
0.98809361
-1.15251076
-0.33681387
-2.33897734
-0.46221614
-0.42172912
0.37420240
-1.55560815
-0.82507634
0.44806224
2.63697004
0.52561891
2.34364414
0.01017503
-2.26719570
0.80886388
-0.41368109
-0.08820221
-0.59022743
-0.27787456
-0.29191810
3.16685319
-0.02296489
-0.77374458
-0.71884549
-0.19144183
-0.27187619
0.24383992
0.52721053
-2.32162380
-0.62364721
-0.46623287
-0.90128887
0.15299878
-1.02615190
-0.19380492
-0.17769019
2.83204246
1.41120267
0.54460043
-0.69457132
1.69097257
1.77181172
2.60843015
0.98287505
-0.31204396
1.83743131
-1.07419550
-1.11877584
-0.48414630
0.45608604
0.87287432
-0.11855096
0.79725647
-1.80630732
-0.97249681
0.75519574
1.32383490
-0.30661094
-1.72277141
0.43239132
-0.80829740
-0.55055022
-0.88667232
2.79247761
-0.56919008
-1.27893615
-0.69196486
-2.72899556
-2.46199036
0.53249264
-1.01744688
0.53682721
-0.76666391
0.91830969
0.33283570
-0.52346957
-0.26969412
-1.40115702
-0.41758716
-1.14547086
0.63498002
0.79777473
-0.18923594
0.31654668
-0.58234107
-0.73729986
-0.26736137
-0.06789640
1.28545356
0.77643812
-0.22909567
-0.76495868
0.18926936
-0.42490321
-0.12990566
0.39353168
-0.51810163
-1.15702438
0.79700166
0.91298449
0.47938353
0.15022117
-0.33719712
-1.16879416
-0.45874256
0.42747611
-0.08330677
0.25401151
0.41529125
1.13186455
1.14473176
1.57825756
0.20728597
-1.80768406
-4.21551466
-1.05562794
2.54564548
-0.27127871
-1.09538615
0.04615247
0.78350407
-1.57144189
0.52307969
-0.30256432
0.19542347
-0.12272330
-0.61755401
-1.25829601
0.31655031
0.23337802
-0.47483435
-2.01669121
0.47340506
0.29066977
-0.45828992
1.37918699
-0.37888938
1.64615619
-0.22544160
-1.58268666
0.85718894
0.01153320
-0.88918036
-0.48410192
0.99333572
-0.60309702
-0.42899758
0.20640531
-1.83830833
-0.94180995
0.82880902
-0.51081890
-0.67790294
1.13925219
0.15520221
1.99474931
0.39534694
1.40957880
-0.82645476
0.72134936
-0.17022294
0.17530903
-0.82590044
-0.07614136
0.00992445
1.87652636
-0.95510495
0.86457974
-0.13876954
1.66230059
0.75402474
-1.18270612
-0.52458209
-1.81259251
-0.88431787
-1.21485329
-0.32302952
0.69735241
-0.80691719
0.28844929
0.63335508
0.24261212
-1.31467056
-1.33044851
0.12252522
-0.50537926
-0.50200677
0.00391942
0.81415361
0.89954364
-1.98035097
0.87903452
0.59861386
-0.22731167
0.67424816
0.11975801
1.28533876
-0.17865619
0.04238155
0.09634423
0.27572048
0.25960541
-0.49495065
-1.33770013
-0.85092318
-0.08880094
0.17474946
-0.68298638
1.09750223
1.18869495
1.38270926
0.19350639
0.18046159
0.81095570
0.46543193
0.10019971
0.50889248
-1.03906000
0.17859215
-1.99081755
0.35684907
0.25967664
-0.50266641
0.14808875
-0.74977219
1.46420217
0.85381961
-2.12449431
-0.74022442
-0.37052372
0.46461755
-0.17193466
0.37151879
0.31091714
-0.68580198
0.24280480
-0.39394593
1.61628914
-0.99530792
-0.08944336
0.62164468
-1.44173861
1.14409506
0.25901666
0.95528716
-0.23546278
-2.67015028
0.10337216
-0.12240702
0.34718031
1.38435411
0.55913526
-0.02403302
0.15183961
0.03004801
1.89004517
0.25107247
0.61597592
0.90465760
0.14778364
0.21575499
-0.38600934
-1.63329077
-0.49501738
-0.76740003
-1.14674795
-0.13078588
-0.41447461
0.07899547
1.29437125
-0.22739258
-0.58218086
-0.12963499
-0.29674155
0.60807371
-0.97689974
-0.12940143
-0.45909983
-0.73201019
-0.69186163
0.23589751
0.11258739
-1.05759883
1.36919141
-0.09697905
0.48864430
0.07550786
-1.24043894
-1.05597568
1.29091585
0.26973665
-1.10927415
1.11325288
0.87768894
0.37130919
-0.70764536
-0.26225784
-0.10046995
-0.52868426
0.02351133
0.84920174
1.93818831
-1.32521546
0.01401311
-0.14134809
-1.50853586
-1.32592404
0.66733229
-0.11850715
1.48608255
0.45082194
-1.33604133
0.35422972
0.77635145
-0.11694339
0.10048974
-0.00476232
0.86789042
-0.27051568
-0.23957051
0.45765877
-0.63092506
0.60904557
-0.59867340
3.49992418
-0.69027293
1.30738318
1.02586269
0.26829720
0.31486666
-2.97269344
1.39251268
-1.94577420
-0.65292954
-1.18884051
1.02491021
-0.36837494
0.71779436
0.07308743
-0.47935387
0.25146013
-0.55244046
0.05950638
1.91363597
-0.23469737
-0.10162139
-0.07518420
1.60180640
-1.82136607
-0.16500181
-1.44911683
1.20259070
0.13940451
-1.17145705
-0.25242820
-0.18960968
-0.03013027
-0.72578549
-1.78707314
0.79589307
0.28086472
-0.35976902
2.14665103
0.02563844
-1.12578273
-0.16882490
-0.19946986
0.22317380
0.05214062
-0.25749019
-0.12418926
-2.20073843
0.26927823
-0.39682880
0.19186747
-0.84893358
0.25887716
