384
-0.40719903
0.15284170
1.53466845
-1.24307144
-0.82861972
-0.66944957
0.36038506
-1.00029886
-0.06245559
-2.65723395
-0.28959167
0.09004913
0.37581062
-0.50571650
-2.81579852
0.56105191
-1.17390764
-0.05868653
1.54325140
-0.51654315
-0.55046415
0.30243775
0.05840030
0.20089121
-0.29627526
1.68122983
0.06037303
3.09198713
0.42936307
-0.96326023
-0.36086172
-0.35413116
0.33423936
2.05200696
0.56263727
-1.88304472
-0.26326987
-0.42310810
-1.58384550
0.78038144
-0.00451437
-1.16884899
-0.11891580
3.10887504
-0.42503893
-1.43431568
-1.59206510
0.34350193
1.30946338
2.34913969
0.00198078
0.47695979
2.97255826
-1.11326671
0.17537457
0.19179636
-0.10349466
-0.55623448
-0.72936761
0.72815800
-1.22995949
-0.15362734
-0.65283799
0.61136943
0.36308229
-1.64384246
0.04796766
0.08054358
-0.37472606
0.46664694
0.19133055
-0.54946333
-2.28906798
-1.08161867
-0.29666635
-2.14550710
1.78105271
-1.36071372
-0.54434699
-0.12887821
0.92374146
0.11638152
0.72448206
-0.11233605
-1.12280285
-0.47591937
-1.23148298
0.77461576
0.00786322
0.04660042
0.19744359
-0.08154193
-0.10939325
-1.51394165
-0.03686883
-0.21134381
0.44422850
0.29794654
0.06220940
-0.06043074
0.08290190
0.17876767
1.38811898
0.34745306
-2.09619188
0.49870485
0.87920117
0.38567430
-0.56701684
-0.02185716
0.42953524
-0.90298402
-0.36231267
0.66941625
-0.58646297
0.31235766
0.75854957
-0.11158372
2.36718750
0.55176133
-1.53445029
-4.19772434
0.44178122
1.83377886
0.10845837
0.97517657
-0.08428377
0.07631820
-0.26003838
0.19316295
0.33961761
0.34374407
-0.10390177
-1.23573875
-0.70338964
0.52236545
1.59181345
0.30089870
-0.18778208
-0.53456903
-0.10483532
0.53322113
-0.53730965
-0.02826089
1.10772717
0.22861987
0.23682460
1.32909787
0.60490620
-0.45562840
0.92804158
0.13042340
-0.08822678
-0.05618185
0.23033130
-0.67862368
-0.07561274
-0.18660867
-1.25172353
-0.44289279
0.02804492
-0.81493270
2.09056425
-0.23167047
-0.48773384
-0.19969727
1.37519121
0.69320476
1.11941576
-0.59866345
-0.09836179
-0.30678105
0.82904077
-0.35068059
0.14593641
-0.01897138
1.31809735
2.26866508
0.07695264
-0.15026842
-0.89551234
-0.02551574
0.53778458
-0.02846389
0.56059623
0.31486532
0.18318850
0.32154319
1.79381084
-0.49722257
0.39755309
-0.01673263
-0.38326535
0.21473293
-0.03115352
1.15889978
0.11600387
-0.69735050
0.23157135
-1.27964473
-1.26345873
0.19262105
-0.17022310
-0.88144726
-0.31550181
-0.26182216
-0.31345165
-0.20054147
-0.73438114
0.37068045
0.69044840
-0.14897017
0.35029113
-0.05482785
-0.79501069
-0.54341501
0.22183423
0.07687885
-0.13115157
1.45547700
-0.32152939
-2.30314469
-0.34657210
0.10938053
0.14791414
-0.26206994
-1.42073858
0.18182659
1.62110424
-0.76265341
0.44150060
-0.38724810
1.72260261
0.26012588
-1.11147511
-1.03615880
-0.52535784
0.95529211
-0.13533902
-0.00898357
1.45407176
-0.89752090
0.14958844
-3.64777803
1.83578074
0.91463977
0.25503018
0.27078789
-1.69955158
1.90567040
0.10626592
-0.02775709
-0.47766373
-2.69836879
0.09382462
-0.36052290
1.11057281
-0.17823285
-0.28592348
-0.07430750
-0.14744891
0.33745477
1.42222881
0.82170939
0.39512485
0.11639082
-0.67425388
0.24244125
-0.23951088
-2.01805401
0.66027135
0.15630536
-0.54361397
-0.89609611
-0.60728145
0.26413006
0.12167560
-0.05691959
1.04544842
0.53212690
-0.79873788
0.30940500
-0.03069554
0.86974216
0.14977831
0.11002102
-0.70701587
-0.13306852
-0.00877440
-1.42822051
0.56897748
0.14714646
0.08133319
0.19291508
0.14860296
-0.30338249
-0.44256818
-0.31335133
-0.10441895
0.34100398
0.95367634
0.29270199
0.31844664
-0.07367398
0.24114248
0.25201827
-0.42743349
0.94532412
1.79199994
-0.96296227
0.94868058
-0.32957435
-1.28535485
-1.26657474
-0.06058162
0.12811583
0.89789677
-0.23281527
-1.06859982
-0.16560873
1.24190426
-0.22000885
-0.08297641
-0.52982938
0.24026039
0.71486640
0.35712472
-0.37422973
0.08563794
0.77284110
-1.32764852
3.68755507
0.03586186
-1.31071627
0.41337436
0.52308989
0.02459760
-2.68659115
0.57623434
1.67747688
0.29971331
-0.58377409
2.32665920
-0.04102425
-0.51347494
0.40219563
-0.38278392
-0.03567311
-0.07191948
-0.44822562
2.35778928
-0.33473757
1.24181974
1.72696996
0.67045140
-1.77657282
-0.53244716
-1.06842363
0.17680272
-0.22517817
-0.30934569
-2.02993584
0.17949119
-0.51698983
-0.21130723
-0.73932040
-0.17616168
-0.01098973
-0.52472645
0.29509223
0.16976584
0.12213770
-0.51609516
-0.03847949
1.27996004
0.53396922
-0.13326025
-0.45261040
0.69452977
-0.32314038
-0.66187847
-0.72496951
-0.12012219
0.07580365
