384
-0.70316243
-0.15544252
-0.24671352
-3.14446211
-1.33563256
-0.60793066
0.03633150
-2.74005318
-0.24623822
-0.64789814
-0.10985089
-0.21001378
0.20645687
-1.45995057
0.89023674
0.66775513
1.22902036
0.47070980
2.36084080
0.04833368
-1.52571845
0.65143996
0.20924672
-1.14594924
-0.55029142
-1.55282378
-0.50498140
2.60558772
-0.72621202
0.08403921
0.32159290
-0.25829810
-0.19037208
0.60575879
-0.03564056
-2.95089388
0.18729128
-0.01584174
-3.61627626
-0.19883284
0.01994662
0.17064850
0.14262724
2.25055838
0.71920323
1.44652867
-0.75019264
0.43899667
-0.64587796
0.34590602
0.98402256
-0.05219610
0.59186101
1.88439631
-0.20672879
0.39040291
-0.11747783
1.17166543
-1.07336688
0.49974403
0.13301992
-0.46074364
-0.13399076
0.74058002
0.03506806
-0.74801600
-0.08348391
-0.61789870
0.10813086
-0.34502274
1.78608775
-0.46180004
-1.33513522
-0.29579300
1.13518000
1.78884816
1.58229697
0.26663196
0.09633088
0.12136760
1.85358047
0.43367112
0.06757456
0.30019283
-1.11011434
0.58363104
-0.51757514
0.41080248
0.17902911
0.19647610
0.19503328
0.58641630
0.35193250
0.57335782
-0.19951336
-0.07491611
0.41283050
-0.12649132
-0.19946361
0.56740105
-0.01944324
-0.46257126
1.66032135
-0.26397890
-2.29918742
-0.21345833
-0.88452154
0.31368461
-0.09467290
0.24692491
0.16173492
-0.88170803
0.00363448
-0.45524666
0.31336251
0.29363310
0.09344268
0.40500641
1.21269011
0.85754538
-0.94745153
-3.28449273
-0.10983692
1.02677059
0.51599628
-1.14040542
-1.77539587
0.48669589
-0.36045742
1.15044022
0.06875579
0.00623714
-0.39769244
0.42421427
-1.04217291
-0.06666839
1.45721531
0.27523029
-0.92600095
-0.69178736
0.97262442
-1.04338324
0.03838360
-0.47258565
0.68127233
-0.30713123
-0.06725466
-0.56547844
0.28200755
-0.66005564
0.91028690
0.38677335
-0.05801637
0.66622049
-0.19455957
-1.44965208
-0.39053732
1.16175401
-0.32880205
-0.02313909
0.02161064
-0.38205373
1.57822609
0.95188189
1.53352737
0.13274345
1.87408757
0.24926913
0.38704515
-0.76316416
1.36335516
-0.27598333
0.24790327
-0.41084999
0.35646093
0.60638493
-0.18460612
-0.42842495
-0.95337945
-0.10176901
-0.88236916
-0.19475859
-1.66780853
-0.39774227
0.36769733
-0.41273886
0.07497607
0.25582603
0.38970977
-1.14957333
-1.16803718
-0.07918428
-0.45867836
-0.25621617
-0.00547797
0.14666164
2.61438131
-1.62848055
-0.10907099
-0.32649010
-0.20402431
-0.12946123
0.02215295
-0.30610734
-0.13649856
0.88065851
-0.07617371
0.04294562
-2.26502538
-0.41481283
-1.24331903
0.04437800
0.17677201
-0.93725014
-0.27014300
-0.43862689
0.24444152
0.12134884
0.52969146
0.05193609
0.76967406
1.45403337
0.03157405
-0.10597274
-0.65935451
0.28476089
-1.03724480
-0.22739024
-1.64353025
-1.45648432
-1.16161561
-0.25009662
1.59872580
-0.04684879
-0.15530863
-0.01605782
-1.19493520
0.59480894
0.21886519
0.30174050
0.46201408
0.20531151
-0.12206012
1.21648884
-1.36423206
-1.43898904
-0.32204640
0.19646066
-0.67172182
2.78327346
0.70817113
-0.43445945
-0.72795248
-2.55550742
0.09410611
0.52172130
1.02747142
0.69487596
0.09145577
-0.20458663
-0.26102188
0.93094379
0.96208203
0.17393100
-0.11738583
0.07935143
0.26057106
-0.36286294
-0.38225418
-1.07477868
-0.67280948
-0.49920136
-0.05672050
-0.50958812
-0.26163858
-0.17783819
0.51522458
-0.03364696
0.15923992
-0.46428341
0.67701304
0.25387427
-0.56803989
-0.51079851
-0.09763286
0.05874939
-0.36850515
-0.05248040
-0.40011877
-1.78454590
0.63363612
-0.11601416
0.32621989
-0.80537182
-0.29580188
-0.33074507
0.11222595
1.62056553
-0.53547287
0.59203029
1.01822710
0.41213012
-1.16786325
-0.37257183
-0.28320375
-0.53576869
0.73736131
1.03606701
0.17521095
-0.47785419
-0.07123053
-0.14702758
-0.63267446
1.32763958
-0.02867566
1.37551939
-0.00165337
-0.07371941
0.82509172
-0.00356781
1.38313961
-0.10026710
-0.15862440
0.54049402
-0.16478856
0.23451360
-0.00605103
0.12034902
-0.02914156
0.62971884
-0.37129337
3.01625943
-0.12266103
-0.22883336
0.89059293
1.20201254
-0.38354403
-2.53824401
0.03533551
-2.38997197
0.17406838
-0.56254417
0.65725720
-0.22350752
1.08124626
1.37885404
-0.43592104
-0.07109375
-0.60388499
-0.29904097
0.82903504
0.34255779
-1.17110229
0.76359773
-0.29308546
-0.81381071
-0.26918387
-2.90772867
1.05219018
-0.20844162
-0.13170570
0.38098016
-0.06563294
0.92209208
-0.07112007
-0.75732768
0.62690634
-1.44379818
0.18342510
0.75137973
0.20000573
-0.41061434
1.65334165
-0.60244727
-0.04025227
-0.39807701
-0.13945198
0.10501848
-1.95549881
0.00624029
1.48766398
1.26722622
-0.37495032
0.36322689
