384
0.19884130
0.18063848
1.26184940
-2.59052086
-0.52833015
-0.40442640
0.15853254
-2.47408748
-0.30638462
-1.77978897
-0.42377052
-0.18710174
0.02033514
-1.22728097
-2.87894773
0.57984388
-0.95726055
-0.16668406
1.75056028
0.18611950
-0.27234724
-0.25446403
-0.74113220
-0.49432197
0.93693089
0.79531533
-0.50227201
2.35649586
-0.13042247
0.33726388
-0.38691536
-0.51389146
0.30986488
2.07772303
0.20190984
-2.69812346
0.20928295
-0.30836016
-1.82133698
0.47621304
-0.12082111
-0.94426203
-0.20125665
3.00530243
0.13376410
-0.30026937
-0.44474587
-0.77772790
-1.15795612
2.16858864
-0.21458924
-0.35512990
2.89585447
2.77978182
0.53705132
0.42270377
-0.25707346
-0.43680972
-0.31144685
1.04449749
0.20124707
0.31620699
0.05203874
0.71992457
-0.43516311
-0.97415447
0.41513211
0.19753833
-0.07025048
0.32276183
0.27540269
-0.60111725
-1.43132758
-0.78459632
1.47928798
0.76750004
2.90089417
0.20189115
-0.69926709
-0.37321281
1.45790648
0.69436771
-0.36964244
-0.49317914
-1.39903569
0.24467257
-0.56090301
0.21174955
0.19885623
0.28648433
-0.06543283
0.17706490
0.10156664
0.47740352
0.30556542
-0.54048431
0.23444109
0.25032628
-0.14773023
-0.19696087
0.63785124
-0.09641889
1.38422298
1.46549332
-2.89282656
0.59706593
-0.90149331
0.22308660
-0.10775054
0.41353267
0.12169880
-1.23764563
-0.55718386
-0.01060341
-0.53043348
0.24865362
0.22698572
0.11886927
1.90477228
-0.42009497
-1.21497738
-3.43558979
0.33433175
0.64316082
0.24580249
-0.22703600
-0.42005217
-0.16101116
-0.46010014
0.44387540
0.32526630
-0.05395155
-0.00271071
-0.84385329
-0.85457605
0.03861485
1.84727168
0.31066868
-0.28992921
-0.35453522
0.58143800
0.60427880
-1.69325113
-0.28988844
1.28295195
1.03460205
0.57708019
0.85385978
0.18914779
-0.71172750
1.16647243
0.59386271
-0.31295234
0.09433719
-0.45652008
-0.51572895
0.14480245
0.36812156
-0.77742386
0.07955401
0.08541930
-1.98881626
1.56995678
0.06718348
-0.53050971
-0.02151609
0.96515846
1.54178977
1.56025457
-1.32258320
0.56427956
-0.32925573
-0.31780529
-0.75573862
-0.08779497
-0.05991735
-0.40041420
1.93648767
0.87231964
0.18448046
-1.30746710
-0.24968357
-0.34925479
0.00618205
0.33460402
0.00722124
0.26187107
-0.22596101
1.81062603
-0.68683481
0.58888930
0.04183154
0.42127448
0.06263013
-0.27356842
1.77343130
0.54955202
-0.20783898
-0.08381668
-0.78655696
-0.71774036
0.86071098
0.18267299
-2.38624859
-0.14443517
-0.11250775
0.11277947
-0.08417580
-3.00534344
0.30145469
0.59837770
0.25443372
-0.34028614
0.29248115
-1.04524136
-1.12268221
0.41317579
-0.11347754
0.14105129
0.84191960
0.47891200
-1.99573398
0.14636859
0.05569741
0.02332574
-0.67603028
-0.66565901
-1.85780823
0.88922006
-0.99988401
-0.25187612
-0.43010712
1.65216613
0.25574923
-0.45024177
-0.91277885
-2.21015978
0.67128611
-0.32327655
0.14342797
0.72031230
-0.22790745
0.14344993
-3.14737630
1.16481328
0.34049547
0.02967385
-0.58131909
-1.45785522
2.03664684
0.73958564
0.46516642
-0.03799188
-2.19044495
-0.33995530
-0.26640549
1.18356144
-0.67139059
0.08430791
0.03494419
0.28029370
1.49032605
1.31550074
0.35825169
-0.03547378
-0.01090530
-0.95311868
0.17893448
-0.13264102
-1.43066430
0.60439211
0.24108183
0.66951311
-0.86941910
-0.57281274
0.27012068
0.18386300
0.25793105
1.49079597
-0.27493829
-0.03420251
0.67342889
0.40066028
0.36148161
0.15985584
0.27036712
-0.31127995
0.02610314
0.11657342
-1.67100191
-0.22385088
-0.10213888
0.32023275
-0.04884590
-0.00947961
-0.07661626
-0.78666902
0.18766220
0.04050422
0.31077296
1.10735703
0.04535425
-0.08435921
0.32188389
0.56087023
0.27953985
-0.02607252
0.70539618
0.15286592
0.04026812
0.70479971
-0.10314365
0.66676962
-0.42057249
0.37405211
1.42539787
-0.93445486
-0.96461391
2.51790833
0.26820719
2.61822653
-0.09350654
0.01452142
-0.50289321
0.49375540
-0.47668302
0.42481160
-0.24838112
-0.19447315
0.05281594
-0.75220412
3.72995472
-0.25725192
-1.30662692
0.54585755
-0.18971759
0.10778920
-2.80349922
0.49854416
1.25543022
0.41499925
-0.47380507
1.08419573
0.05213700
-0.19734433
0.67343879
0.21123317
-0.22708115
0.52918333
-0.35549659
1.24882746
-0.49066421
1.08117056
1.63097453
-0.41382170
-1.48407674
-0.59310085
-1.34220195
-0.28888437
-0.33762175
-0.30805218
-1.63208985
0.16973840
0.74750113
0.08748241
-0.38803256
-0.22100553
-0.29454869
0.76292026
0.11927543
0.42403606
0.06796013
0.49573541
-0.06791024
1.10638356
0.08027315
0.46289027
0.05129278
0.21304518
0.09474299
-0.04798132
-0.30938268
0.14154547
0.03190914
