384
-0.94081521
0.44757959
1.43121147
-1.47774243
-0.56852227
-0.34120095
-0.28891298
-1.06662166
0.94616723
-2.04240227
0.12743935
0.09911015
0.12329853
-0.52590775
-2.48581648
0.73828161
-0.66312480
0.23031980
1.40353036
0.30004665
-0.38359362
-0.77664649
-0.42311007
-0.25039411
-1.43832707
1.31605673
0.38344747
2.56038904
1.98232245
-0.71312481
-0.48188901
-0.58991027
0.25392652
2.53208184
0.10253856
-2.08467197
-0.53049076
-0.95966637
-1.63237679
0.48952582
0.11216119
-0.85441327
0.14598878
2.48446465
0.23506628
-0.98470914
-1.83478308
0.10792211
0.74757707
1.62825119
-1.05425811
-0.07601959
3.37177181
-1.90181732
0.01825014
0.28956693
0.76210761
-0.81833732
-0.42707172
0.48016164
-0.39173624
-0.46879303
-0.30687827
0.92264074
1.09654760
-1.96817315
-0.50851333
0.39919648
-0.52132237
-0.06929016
0.09269293
-0.35799068
-2.04525971
-0.79664958
-0.06884772
0.23145747
2.64417648
-0.82634807
0.10595621
0.38261676
1.36586404
0.82991481
-0.34393671
-0.22551745
-1.22103119
-0.90281016
-0.37202448
0.31893063
0.06206202
0.08455625
0.44720632
0.41947839
-0.89697015
-1.58868337
0.29899329
-0.74841821
0.24869075
-0.51379770
0.43502685
-0.63943094
-1.20796144
-0.13455194
2.83447790
-0.24040174
-2.23612714
0.84011024
0.31417260
0.73294383
-0.11092816
0.77116990
1.48710310
-1.10893643
-0.56879759
0.43160632
-0.76833558
0.20312537
0.20310536
-0.17193790
2.53477073
0.15230063
-1.70970118
-3.89225864
0.59838516
1.47725844
0.20950639
1.11898971
-1.83107829
0.22338849
-0.18727167
-0.13013113
1.14521539
0.57992798
-1.08538115
-0.62115723
-1.22989583
-0.12222565
1.45927584
0.15382488
-0.68111259
0.32152122
0.00547639
0.06208864
-0.69897819
-0.47847056
0.39828667
0.59839839
0.30426565
0.82049578
0.80481398
0.15006673
0.66579324
0.02068464
0.11646801
-0.56939721
-0.53910816
0.27548525
0.07303964
-0.50199658
-1.11247790
-0.95507658
0.89367163
-1.75203860
1.29726100
-0.36861533
-0.67768407
-0.23705107
1.19084263
0.66558433
0.10781983
-0.95829707
0.97068572
-0.67314798
0.21764068
-1.16950715
0.40378863
0.22380608
0.29677105
2.08046031
-0.44092456
0.34349281
-0.00504863
-0.33289307
0.80154037
0.22262618
-0.31443048
0.42989892
-0.23013817
-0.21788511
1.94290566
-0.51114428
-0.11923060
-0.48634645
-0.12178758
0.37284073
-0.11237523
0.60658264
0.54462838
-0.22924125
1.04060745
-1.31532013
-1.16934204
0.00928518
0.29255715
-1.74710882
-0.53873384
-0.44375265
0.53638411
-0.42168301
-1.80121660
1.07345927
0.21648288
0.09246743
0.14569074
-0.36519971
-1.43399286
-0.76425660
0.53754508
-0.24224320
-0.38335955
1.54972720
-0.99914175
-3.41373110
0.14968017
0.28376558
-0.21695307
0.11935920
-1.59901404
1.07830596
-0.01738000
-0.87906647
1.06123352
-0.38609678
2.02227831
0.23461604
0.68275225
-0.43307832
-0.40958908
0.88372529
-0.10120236
0.62557566
1.39315486
-1.83758342
1.12676501
-2.35393095
2.04832268
0.45230526
-0.05657803
0.47199035
-1.34166336
3.24084425
0.43340385
0.23121424
-2.01545715
-2.62237430
0.04160471
-0.20766182
1.36434877
-0.93064892
-0.24090651
-0.18124975
0.06552789
-0.19753239
0.18173021
0.24825634
0.12890840
-0.14498104
-1.16486061
0.23325317
0.14386916
-2.61659932
0.44806099
0.61580133
-0.00040286
-0.89792061
-0.29916048
0.52405518
0.44185990
-0.30829519
0.77545202
1.04565954
-0.84257567
0.66609961
-0.09144903
0.82073522
-0.23729393
0.25824550
-0.62669551
-0.57088602
0.23330072
-1.84248877
0.26807132
0.10336405
0.31201002
-0.66650236
0.05819260
-0.86817980
-0.79994643
-0.22717425
-0.41825077
-0.87924886
1.16418552
0.03566411
1.04585993
-0.21235606
-0.29290783
0.79780477
-0.85967910
0.77558762
2.17633724
-0.13104492
1.86239433
-1.15989923
0.00306778
-0.04040432
0.18155199
-0.42655504
0.18741506
-0.81534123
-0.69699413
-1.10386932
0.90220547
0.34079370
-0.57527471
-0.44273341
0.41578105
1.13151681
0.28249893
-0.86857843
-0.31806999
0.67009145
-1.15436375
3.47953510
0.05368060
-0.79843968
-0.27810413
1.68806016
0.35192966
-2.75549269
0.05860007
1.06556332
0.43470445
-0.55704856
2.30946875
-0.18155137
0.06911355
0.11199236
-0.06481725
-0.25571156
-0.17454776
-0.15680262
1.86361647
0.13364980
1.88666856
1.50211155
0.34800103
-2.33823943
-0.62326247
-0.98770112
-0.02159676
0.00301757
0.40109730
-2.77116871
-0.49362764
0.00282991
-0.01384532
-0.06499708
-0.06612758
0.13840601
-0.41116372
-0.20003079
-0.08261549
-0.20512705
-0.12234929
0.15711215
1.32433748
0.52158993
0.77956378
-0.06913128
0.82552850
-0.42295021
-0.56758034
-0.01227009
-0.44513229
0.84639740
