384
-0.33033964
0.04001006
1.15605688
-1.48848057
-0.81379098
-0.00618261
-0.40400910
-0.40195304
0.49037158
-1.74281967
-0.19669037
-0.43335509
0.14752948
-1.37426054
-1.92315793
0.95550972
-0.56885111
-0.15717231
2.38128448
-0.05624378
-0.39001912
0.09869371
-0.31126723
0.18908173
-1.74033237
0.55420351
-0.24972326
2.52041769
2.01853347
-0.59545362
-0.04103263
0.24644041
-0.27984396
1.28941751
0.12602265
-1.20279276
-0.06160238
0.07026851
0.74260831
0.29125339
-0.13095297
-0.35098720
0.16511986
2.11172056
-0.79366863
-0.82036746
-3.18611360
-0.36303666
0.27852362
-0.08647305
0.30695981
0.47285858
4.11556625
-0.78631639
0.35676420
0.32950330
-0.00899346
-0.27370521
-0.96432269
0.37895992
-0.54926050
-0.19165722
-0.35896778
0.43899709
-0.06213337
-0.88005847
-0.42118412
0.16994464
-0.48289195
0.06696103
0.69083202
-0.18553972
-2.37433243
-1.46859360
-1.28421974
0.21580070
2.20670271
-0.39728570
-1.64738607
-0.18589388
-0.67062223
-0.12995487
0.29613087
-0.93968832
-1.07253802
-0.19972764
0.62599146
0.83771753
0.44955835
-0.06102826
-0.22141679
0.18849277
-0.56292349
-1.73142350
0.05496673
-0.50967848
0.40612233
0.30568659
0.71283627
0.38986745
0.10367909
-0.55637521
3.30724478
0.86117435
-1.03117657
0.14252156
0.70445353
0.27234712
-0.14965439
-0.10920628
0.95740795
-1.16761351
-0.47966030
0.37687144
-0.80708653
-0.62581980
0.24061665
-0.31448391
1.89054823
0.95430130
-1.10578346
-3.21038842
0.62016052
1.87922180
-1.02590346
1.13294685
-1.43339872
0.65579575
-0.04793330
0.26857188
1.05956101
0.09234697
0.09991863
-0.31399751
-1.62704968
-0.16996431
1.13801718
0.14960298
-0.43876684
0.67788565
-0.03297837
-0.18907490
0.62503219
-0.62059224
0.17194301
-0.52191812
0.19952732
-0.41372707
0.04329672
-0.57963634
0.51760411
-0.04193900
0.03225946
0.06524436
0.05145526
0.12117639
-1.05370378
-0.30768120
-2.05286598
-0.40996668
-0.40484652
2.45434451
1.11195254
0.97911406
-1.24393797
-0.09938352
0.92393076
1.50435972
0.10974857
-0.31763676
0.76014030
0.07374424
-1.02090895
-0.57605523
0.27650362
0.47829217
0.77235055
-0.25625587
-0.74979758
-0.25499415
0.61895144
-0.09134877
-0.04822826
-0.16108041
0.51434833
0.01640269
-0.04354499
-0.71531832
1.83245254
-0.23711812
-0.29251376
-0.24016957
-0.17914817
0.37683666
0.42165899
-2.08561826
1.58214688
-1.02874160
0.16069797
-1.17347348
-1.64474428
0.04129661
-0.07264358
-0.99872237
-0.32887453
-0.90667689
0.00057986
0.00205648
-2.11006832
-0.10928032
0.76818907
0.09543368
-0.44939011
-0.20048350
-0.87309146
-0.31629905
-0.22303383
-0.59678733
-0.13243572
1.39761305
-0.73811275
-1.72379434
0.22819248
0.19304398
-0.24496458
-0.55761528
-1.26064324
-0.89185107
-1.24188066
-0.92194402
-1.73466682
0.11078745
2.12348366
0.04719079
0.54344982
-0.73565048
-1.16042721
0.55214190
0.09189061
-0.40026751
0.32155216
-0.71845227
0.71231866
1.80068159
0.39361978
1.86556196
-0.26898667
0.43206114
-0.76480883
2.18111467
0.21086453
0.22964987
-0.84771097
-2.25513124
0.34751022
-0.44868585
1.42995775
0.21111085
-0.07882005
0.28903103
-0.03807217
1.15871072
0.71846622
0.61833054
-0.41746587
0.02362209
-1.23989320
-0.05651388
0.28176457
-1.43452096
-0.29230839
0.07594565
0.44625983
-0.76138067
-0.70481211
0.17512332
-0.00310527
0.15555337
1.45573521
0.37757233
0.32157546
0.64686859
-0.09725696
-0.53449994
0.32014796
-0.61729538
-0.50170577
0.59019327
-0.42257667
-1.72353458
0.09032446
-0.18900016
0.19404054
-0.46079659
-0.24885979
-0.12797730
-1.41849947
1.12241268
-0.16815054
-0.60043049
1.52366495
0.20264627
0.53086329
-0.40566373
-0.67005581
-0.03833388
-0.16721518
1.28484440
1.66173899
-0.43904373
1.20452535
-0.13746974
1.04168749
-0.46377331
-0.50162846
-0.15918812
1.37435627
0.00813675
-1.21358931
0.50879931
0.57059383
0.22010234
-0.20517927
-0.66658974
0.08419292
1.08483386
-0.27069223
-0.19093229
0.47980678
0.00696959
-1.02976549
3.11209059
0.41696301
-2.35201669
0.80249655
1.68419552
0.02880257
-1.30680513
0.14809741
0.53120029
0.14583555
-0.21501449
1.87925529
0.02644445
0.45729151
0.24737716
0.07320840
0.10368223
0.00534916
-0.21668738
1.79969287
-0.01947745
0.94008929
1.57926106
-0.78287840
-2.13647556
-0.80139369
-2.34926844
-0.25979576
-0.38800868
-0.13889641
0.97762311
0.45148766
-0.90564704
-0.10758916
-0.27294147
-0.22474691
0.01486638
0.05737424
0.81204593
-0.03739640
0.30831677
-0.07516683
-0.45058554
1.06326878
0.43855640
0.09483457
0.08408174
0.39376330
-0.07899269
1.59099483
0.23722243
-0.26347238
-0.61285222
