384
-0.20022818
0.07829874
-0.26642883
-2.02156568
-1.19759166
-0.66323555
-0.82741451
-0.50884110
0.67723632
-1.08818221
0.03132749
-0.42888033
0.43782741
-0.56818020
0.04778862
1.25009906
0.75526452
0.00585678
2.50578070
0.18230096
-1.72488010
1.26076221
0.15578657
-1.25089860
-2.26274109
-1.38053870
-0.63900250
2.86675572
0.33232448
-0.48502684
0.46058705
-0.08073743
-0.55228442
0.74780679
-0.03877238
-2.41927814
0.08225371
0.35813802
-2.28807783
-0.03594373
-0.32038081
0.32941630
-0.06411082
0.76254618
-1.57901680
0.43422148
-2.63074493
0.81218988
1.07811666
-0.84930587
1.23788238
0.42564657
1.65003562
-1.27883458
-0.62888265
0.22593568
0.06431170
1.20926380
-0.58213896
0.43942782
-0.54605830
-0.11088434
0.07909386
0.69011259
-0.45843506
-0.41320819
-0.14971803
-0.71916401
0.29693025
-0.11168088
0.97215414
0.25260997
-1.44588268
-1.63302898
-1.20468450
1.22963023
0.57452399
-0.68458962
-0.08156729
-0.50121695
0.56543171
0.25413334
0.87337315
-0.48338071
-0.98757994
0.23246220
0.22921512
0.45885682
0.56404412
-0.04126476
0.27736494
0.29660618
0.31382370
-0.54232210
-0.26843157
-0.16736576
0.74390656
-0.36328828
0.09615818
1.44335198
-0.01755413
-1.05125141
2.63565946
-2.43949032
-0.41564178
-0.19051252
-0.09377585
0.06607123
-0.10741961
0.49213439
1.02879739
-0.94688213
0.03085595
-0.44044524
0.25712040
0.25667143
0.09981305
-0.05463444
1.83745146
0.97851801
-0.85505795
-3.55778933
0.53876299
1.13704622
-0.49185401
-0.38830319
-2.63670778
0.78530693
-0.10013983
1.12499547
0.00041687
-0.05557038
-0.04080577
0.49630982
-1.81823778
-0.57557064
1.31621301
0.11624946
-1.08344281
-0.54518974
0.89720708
-1.12490940
1.33863199
-0.60054481
0.23390411
-0.45806676
-0.16766237
-0.05375007
0.10273217
-0.66839695
0.57521892
-0.37877998
0.19487730
0.21422996
0.09541559
-0.52641225
-0.45960891
0.88253653
-1.30813909
-0.27528426
-0.33782312
1.63543522
1.67082131
1.70707393
-0.26297054
0.43094057
1.51994431
-0.29252660
-0.25482216
0.35501274
1.05143952
-0.79728425
-0.04276305
-1.10959041
0.68568891
0.20842046
0.01049840
-0.00839312
-2.14631033
-0.41975373
-0.16787076
-0.36685249
-1.27785373
-0.51798248
-0.44546577
-0.10664380
-0.79333991
-0.02428980
-0.09146118
-0.50514615
-1.03455317
-0.54271728
-0.94114298
0.03787978
-0.34369373
-1.28667164
2.71163654
-1.22946906
-0.04518971
-0.20945972
-0.64030582
-0.37324065
-0.21680427
-0.22293973
-0.55845362
0.51029372
0.52217150
-0.02627803
-1.86282659
-0.21526717
-1.07374191
0.02365768
-0.11051348
-0.14779918
0.17681938
0.29115081
0.09949303
0.05476095
0.41577947
0.23699948
-0.56371069
1.90114748
0.43553239
0.03878360
-0.14859167
-0.61097801
-1.91243958
-0.47992653
-2.04647446
-0.69328719
-1.20701313
-0.32281351
2.31955099
0.06232379
0.68522471
-0.38894609
0.09077378
1.15729976
0.26270202
-0.07956971
0.23452085
-0.42862707
0.53995568
1.95000052
-1.33668184
-0.52930778
-0.19546464
0.81772041
-1.18826401
2.31127000
0.23483600
-0.75178909
-1.71657014
-1.66891611
0.94723517
0.51467621
1.03207171
0.77365124
0.06475624
-0.26854843
-0.34644181
0.51040858
0.24734226
0.49457419
0.78166914
0.20047319
0.05572826
-0.32210314
-0.15436500
-1.04114759
-0.54642403
-0.44434419
0.43383127
-0.38802728
-0.17691775
0.65685511
0.73755878
0.07797479
0.37961638
-0.46753940
0.57883120
0.59022689
-0.76155943
-0.48907959
0.27344584
-0.37358266
-0.09813717
0.19680721
-1.05942965
-1.18502593
1.27425504
0.02491614
0.62816530
-0.54239404
-1.09457755
-0.88789636
0.28364632
1.13068366
-0.90778863
0.30522215
1.32183385
0.12277285
-0.37961796
-0.26225734
-0.74729425
0.73775852
0.38054723
1.78314054
-0.16346729
-0.75744689
0.02615264
-0.36960596
1.98785734
0.40062189
-0.77119839
0.54430312
0.82480955
0.45791987
-1.97288036
0.02942446
-0.01221520
0.45006663
0.06254205
1.35927522
-0.05026157
0.65849435
0.08812149
0.44315219
0.12881353
0.07594022
-0.63307083
2.94017649
-0.74550700
-0.83040357
1.10066462
2.07881665
-0.24176352
-2.66009188
0.30354008
-2.04630232
0.07561963
-0.55690265
2.48503542
-0.27939817
0.80594110
0.65202951
0.05243227
0.12584116
-0.55276489
-0.36094305
1.79957271
0.59443331
-0.47688925
0.61408162
-0.04452106
-1.62477684
0.09068769
-3.49043012
0.97928727
-0.24010497
-0.06583910
1.86676419
0.27262291
0.04620121
-0.11488612
-1.12034762
1.01248646
-1.06411386
-0.67021245
0.82182622
0.15673605
-0.29396379
1.32989359
-0.61847854
-0.38639909
-0.21706155
0.07547975
-0.18501186
-1.27932954
-0.34185994
1.78197098
1.10531318
-0.41210994
0.79387391
