384
0.14441532
-0.30427635
0.97570229
-0.76404661
-0.32710493
-0.40026686
0.09654869
0.94119513
0.47297063
-1.80732095
-0.32742000
-0.09453954
-0.09349994
-0.96174580
-2.19614863
1.20565295
-2.73827243
-0.04158621
1.19806886
-0.47791237
-0.23762167
0.28698099
-0.02064818
-0.84253681
-1.44151211
-0.36297795
-0.58093780
2.94455600
0.65209317
-0.51132929
-0.20051457
-0.47825041
-0.12949654
1.36929417
-0.33289957
-1.57262754
-0.02338692
0.21623656
-3.19488001
0.03897583
-0.22327712
-1.02122140
0.21977553
1.26663971
0.14981773
0.46035853
-2.55073833
0.39260411
0.91011363
-0.58353937
0.25891897
-0.19366695
2.87879133
0.75927544
0.16060698
0.41771269
0.10101712
0.23849729
0.21014535
0.59343332
-0.29169020
0.20582446
-0.57967281
0.51419330
-0.20432565
-0.55043352
-0.03450489
0.58795834
-0.21538299
-0.15341520
1.17091203
-0.24915966
-2.43291950
-1.69474864
-0.42305696
-0.12183172
1.10243297
-0.87300324
-1.48784208
0.02399680
0.05214638
-0.10847023
-0.43533659
-0.03572412
-1.62102830
0.24925491
0.05829091
0.66265869
-0.13208137
0.19284214
-0.14934386
-0.06963670
-0.21734625
-0.35963908
0.00164925
-0.21452582
0.23533367
0.11999795
0.37760070
1.41143405
0.14215718
0.46066675
3.04555058
-2.25395751
0.69485545
0.25147489
0.10378161
0.11279315
-0.20077878
0.36345255
0.84896004
-0.93264365
-0.55641067
0.10198587
-0.22689530
0.06510093
0.19547029
-0.48459005
2.53703117
0.72425282
-0.54834592
-2.67817235
0.04737303
-0.05046028
-0.73544908
0.28321534
-2.35139179
0.54968190
0.03595689
0.53742725
0.01912067
0.70141673
0.15455487
1.16045737
-1.88434637
-1.08416045
1.49411070
0.59870809
-0.52393270
-0.36521244
0.11631376
0.18259177
1.02218246
-0.67241293
0.06093934
-0.01810670
0.41721460
0.41370174
0.31837469
-1.12150407
0.55138624
0.15702508
-0.07413132
0.44819713
-0.49830136
-0.88632786
-0.41789570
0.22330959
-1.15307164
-0.51587939
-0.08023360
2.47723174
0.65812010
1.51773167
-0.93697327
-0.43431795
0.92871702
0.91543192
1.27334452
-0.46421012
0.84516472
0.14552410
-1.67379832
-0.95557606
-0.20134464
0.10488202
-0.82098180
0.52777278
-1.08353949
-0.17798555
-0.87927824
-0.17028663
-0.87587625
-0.36013967
-0.10146718
-0.22545397
0.35269964
-0.48881727
1.63154018
1.28176212
-0.32997122
-0.22352205
-0.08511192
0.34532720
0.10749497
-0.60045242
1.32518613
-1.08381951
0.15549743
-1.59291208
-0.66423541
0.36529481
-0.19573295
-1.00240850
-0.22704153
-0.12052928
-0.16457413
-0.70517528
-1.25508642
0.08849028
1.49018383
-0.03460495
-0.70164931
0.24951358
0.15809405
-0.07742074
0.44102091
-0.41753373
0.44112706
1.26225734
0.10017848
1.56487954
-0.03035316
-0.11570102
-0.15811053
-0.45157009
-2.73389530
-0.58330941
-0.19234511
-2.00941944
-1.83306754
0.23532015
2.08858156
0.42199326
0.34988713
-0.16666359
-0.32159841
0.69373631
-0.21520600
0.04156816
0.63288534
-0.90291810
0.24583456
-0.81076795
-0.02988249
0.52558482
0.05052105
0.20732266
-1.42097878
1.50343966
0.56333292
0.08057953
-0.42285928
-1.25195432
0.46700984
-0.05425043
0.74070776
0.58212858
0.11380490
0.58528066
-0.13614632
0.51201040
0.29233029
0.63300848
1.52559483
0.31682965
-0.51138175
0.04586861
0.18477456
-0.66972840
0.54941595
0.11865221
-0.56832349
-0.18146709
-0.27406478
-0.49518359
-0.06488511
0.15487966
1.10976541
0.44495463
0.71690530
0.16777328
0.04199341
1.10748696
0.36467791
-0.49935231
0.10353065
-0.05775066
0.00328480
-2.05234957
0.39560339
-0.18404396
0.36516982
-0.43015414
-0.55843842
-0.46633241
-1.38704920
0.86449128
-0.40214959
-0.31673521
0.71506321
-0.10129410
0.11903036
-0.12495083
0.14776133
-0.21280764
0.18551040
1.35633361
0.56612909
-0.67858851
0.31579289
-0.02754143
-0.00035167
0.02208412
-0.17485805
0.41193557
0.83635616
-0.46641883
-1.31504488
-0.23331995
0.20709066
-0.38810593
-0.06154129
0.79834300
-0.16097483
0.42507428
-0.14717492
-0.94755900
0.40837300
0.42403841
-1.15346289
3.12489963
-0.17919180
-2.55611420
0.45398033
1.92074728
0.22154365
-2.82877588
0.02162307
1.61083198
-0.08923715
-0.97527707
3.52415490
-0.06473291
0.32368207
0.84649527
-0.08203411
0.46288154
-0.42453110
-0.59274578
1.92174172
0.08929220
1.21631384
0.87141973
-0.24279791
-0.91434824
0.20094869
-1.71679258
0.08955528
-0.10050903
0.13086602
1.32320559
0.16760260
-0.30783853
-0.22808224
-1.57760108
-0.58394104
-0.54319328
0.34884149
0.91712022
-0.02728900
0.08413845
0.53525066
-0.20480059
0.79176271
0.16516019
0.15937497
0.00896845
-0.28924227
-0.75216836
1.41231155
-0.38999698
-0.68568337
0.21781200
