384
0.85073507
0.00315409
1.31637383
-2.37177110
-0.51015925
-0.79498720
-0.20287949
-2.12360644
-0.27133769
-1.96089458
-0.29634187
0.40997940
-0.22060081
-1.24127495
-2.94626045
1.06248307
-2.05583382
-0.39132631
1.57927656
-0.17808113
-0.21612933
0.29838908
-0.61799294
-0.55959767
0.82899147
-0.01561136
-0.64102936
2.52029777
-0.49009061
0.61365682
-0.70776951
-1.09517920
0.34617922
2.16747165
0.18536443
-2.31397676
0.52975887
-0.16734707
-3.22633481
0.62014735
-0.16757347
-0.88178825
-0.07089509
2.93306422
0.25279135
-0.06650501
-0.34295559
-0.27499437
-0.70003957
1.84524560
-0.10224396
-0.49362528
2.28036451
3.55326033
0.70691454
0.50290984
0.02715888
-0.13987756
-0.20310491
0.91514587
0.23666857
0.31110924
-0.29893932
0.71992296
-0.47631910
-1.00432944
0.64813805
0.16414362
-0.46641538
-0.27828902
0.68904102
-0.30722076
-1.45729911
-1.12287641
1.57423282
0.49417982
2.50551510
0.04952615
-0.65708524
-0.52259052
1.76175320
0.61654955
0.03208851
-0.25887981
-1.35293365
0.56046259
-0.82114518
-0.15032709
0.53383738
0.32006425
-0.07476914
0.86784083
0.02503268
0.98841226
-0.03065130
-0.81934887
0.28843087
0.38240018
-0.15609246
0.41744825
0.38086957
0.19293226
0.99403298
0.56478697
-2.59916782
0.25726840
-0.36125320
0.74923980
-0.12250865
0.56528491
-0.08269498
-1.17306709
-0.60655761
-0.12988770
-0.31856865
0.27326828
0.18490054
0.24954024
1.90057564
0.00246069
-0.94333756
-2.92245245
0.00989552
-0.00766134
0.53423101
-0.70745915
-0.00757074
-0.04323892
-0.59901434
0.40784901
0.15416235
0.29043919
-0.04335371
-0.78349161
-0.87715256
-0.17597143
2.03700876
0.11626101
-0.83027565
-0.97068095
0.37065953
0.44532236
-1.18728578
-0.80320090
1.35274589
0.70835549
0.38046613
0.86543733
0.06737113
-0.85587603
0.74598110
0.57509202
0.09458416
0.07065198
-0.45033967
-0.77961457
-0.06709015
0.70402175
-0.66246796
0.35376984
0.19374585
-1.62232840
1.29851437
0.46796024
-0.50776047
-0.20991430
0.68114424
1.45780933
1.92440605
-1.26094556
0.48399270
0.14812297
-0.29717451
-0.53929621
-0.62281239
0.11783807
-0.34659883
1.74840009
0.65144509
0.12799940
-1.92976081
-0.01720729
-0.24809456
0.13441150
0.61072493
-0.33895126
0.37948430
0.15083277
1.80065250
-0.40821496
0.16073456
-0.01805744
0.13157195
-0.08299169
-0.20473427
1.94012237
0.73239005
-0.49980965
-0.33496451
-1.03650117
-0.77556425
0.45739287
0.53010648
-2.36837745
-0.12824154
-0.14488949
0.23020886
-0.18446544
-2.43457270
0.60187399
1.01874769
-0.08926961
0.00929749
0.00194153
-0.53498679
-1.20774317
0.60489708
0.11888930
-0.18746731
1.13975048
-0.01723430
-0.26867786
-0.14451464
0.06538968
-0.26846686
-0.46653044
-1.17556190
-1.65630865
0.97414213
-1.34276080
-0.74005151
0.34281555
1.43870568
0.39109379
0.17635179
-0.66557312
-1.57757282
0.54556656
0.35678166
0.09218165
0.57760364
-0.42857569
0.42735773
-3.98525286
0.69456750
0.05196094
-0.34501761
-0.35257757
-1.66869640
1.21540725
0.41688505
0.46347770
0.34822989
-2.29935503
-0.35593581
-0.58389270
0.95127249
-0.09774061
-0.10582453
0.49955302
0.33896530
1.39470184
1.28409719
0.28825018
0.27173817
-0.31321517
-0.23309954
0.24496210
0.14031358
-1.21130276
0.81244528
-0.17626406
0.27857623
-0.53406644
-0.54895663
0.14997759
0.28063044
0.35461500
1.61855054
-0.12942508
0.16521206
0.83573568
0.42277697
0.58852398
0.43289211
0.48100162
-0.49082446
-0.14874931
0.29105791
-1.78086257
0.18186361
-0.58136666
0.44104308
-0.47616190
-0.08611612
0.14299655
-1.13000059
0.06862543
0.19543447
0.45706868
0.62788057
0.00698727
0.12337442
0.53225541
0.73073339
-0.00681016
0.24478866
0.78952575
-0.13224888
-0.59290326
0.15402065
-0.15461299
-0.35098287
-0.23215961
0.11921924
1.78679979
-0.98773021
-0.63283551
2.53391719
0.06548108
2.07106733
-0.41679931
-0.04062033
-0.40621102
0.18076561
-0.37249532
0.49664494
-0.55691928
-0.37710679
0.14048520
-1.00462949
3.68062735
-0.09175583
-1.41569006
0.25893208
-0.27534872
-0.02941900
-3.03215599
0.68105698
1.68802297
-0.00089073
-0.33959037
1.49200726
-0.00087267
-0.06267931
1.06645787
0.20936921
-0.04990995
0.14433813
-0.40791249
1.43250144
-0.35084921
1.17624521
1.56714725
-0.37949634
-1.20954108
-0.49130264
-1.27592790
-0.17477071
0.07225388
-0.30847782
-0.85761237
-0.20484912
0.71206051
-0.02297958
-0.88941264
-0.51177788
-0.13405466
0.86357832
0.31941605
0.19644529
0.27994940
0.76028991
0.01439341
1.10180807
-0.17656931
0.37492484
0.35379082
0.27357307
-0.10014579
0.07940462
-0.54182512
0.11278660
0.02925801
