384
0.08908063
-0.29540652
-0.08002436
-2.03463984
-0.78894615
-0.95919323
-1.00438726
-1.29841077
-0.11276194
-2.83812046
-0.01599792
0.24838842
0.63550496
-0.25440049
-0.63508892
1.12077510
2.02553749
1.22361732
2.51002121
-0.44143569
-1.78278923
0.48862571
0.84905660
-1.31192565
-2.00853086
-1.23802888
-0.09914140
2.42966032
-0.58176398
0.51035792
0.73555863
-0.24796268
0.41869876
3.20311403
0.25258806
-3.01152658
0.26649642
0.38026655
-2.36904979
0.88378876
-0.67865765
0.18629628
-0.46531034
1.99128616
-0.74611628
0.30185473
-1.01022327
-0.16387150
0.46795702
1.41404462
1.81192088
0.76808715
1.98421645
-2.04887342
-0.92256045
0.10832670
-0.19892816
1.31195164
-0.07183594
0.34978044
-1.24587190
0.48756599
0.11798099
0.58460754
0.65204227
-0.99223357
0.60526580
-0.50755143
-0.27005914
0.19084764
0.68736231
-0.07062261
-1.44719279
-0.90242827
-0.85178542
-0.42289215
1.71547210
0.14064012
1.51711440
-0.08663388
1.40248680
0.60840887
0.50326014
0.56941825
0.22872323
-0.02672437
-0.77556705
0.08451321
0.08129379
0.04758801
0.51062715
0.23832518
0.74099404
-0.36045891
-0.65060246
-0.58755183
0.09198326
0.36650962
-0.51048279
1.21506596
-0.38598299
-0.44552881
2.36472940
-1.89884901
-1.78203237
0.09843829
1.13692474
0.20605259
-0.45311773
1.45521736
0.81315750
-0.24366930
0.05042359
0.30400828
0.32739103
0.45848656
-0.40372106
0.41105014
1.96161199
0.24006361
-1.36728430
-4.03526545
1.08707333
1.80907857
0.55945575
-0.21624336
-0.68962681
0.09576839
-0.05849843
0.93220514
-0.04935628
-0.06808009
-0.04878888
-0.42289102
-1.37443995
0.36645204
1.74600756
0.03384052
-0.84604096
-0.81460178
0.23736137
-0.88039887
0.16840500
-1.25058472
0.24378043
-0.11783945
-0.65928239
0.44888175
1.41834259
-1.31983757
0.29484758
-0.87919199
-0.35075107
0.56085944
-0.33151090
-0.37234640
-0.65523785
1.22982764
-0.71991742
0.32695124
0.05036712
-1.81691217
2.08923864
0.67996192
0.12492400
-0.52241522
1.29370511
-1.22581339
0.13382164
0.18337065
0.13599734
-0.05960858
2.00322008
-0.04228925
0.62072694
0.32725894
1.46409535
1.65682542
-1.52601635
0.26711330
-1.01197875
-0.03582928
-0.15216431
-0.36136752
-0.39613199
-1.07332110
-0.12557226
0.21508610
0.10287035
-1.19001865
-0.76088101
-0.40047359
-0.78101432
-0.06649306
-0.26517063
0.93976313
1.05929589
-0.10192668
-0.09203514
-0.24037270
-1.20951676
-0.74409246
0.43618029
-0.48472643
-0.71182048
0.63556743
0.20311888
-0.09913383
-1.43122458
-0.46929464
-1.19994354
-0.16949882
-0.04439330
0.23788908
-0.23151770
0.61343622
-0.19060250
0.21149525
-0.06050330
0.78807795
-0.88871276
0.79000103
0.16648109
0.22174448
-0.77594572
-0.25234315
-1.42520607
-0.53100514
0.25860929
-0.75174654
0.72752154
-0.21542099
1.77872515
-0.14240232
-0.43725577
-0.70333016
-0.12786932
1.13356638
0.23202135
-0.90519810
0.31357259
-0.34464934
1.00821853
-1.80069315
1.00536704
-0.79555953
-0.33574480
0.33549860
-1.76916051
1.50772250
0.61479557
-1.53927040
-1.50813198
-2.95963073
0.06689981
0.15059170
0.38146782
0.51208252
-0.82809699
-0.29693899
-0.39723948
1.13707626
0.98084849
1.21376741
1.08037877
0.20975113
-0.50377941
0.30745006
-0.03968569
-1.56469107
-0.47454759
-0.41621953
-0.50407326
-1.06307745
-0.24635543
0.04638083
0.22104780
-0.23613052
0.73935819
-0.00633207
0.09312983
0.29288670
-1.50477147
-0.57799816
-0.80409819
0.57116401
-0.43670437
0.20125319
0.54923773
-1.09394622
1.12597537
-0.54437852
0.27514783
-0.56937397
-1.00999486
-0.82044446
0.27318585
0.29060984
0.09434372
0.42071149
0.16431043
0.21025553
0.20375255
-0.51776528
-0.04543940
0.61942285
0.36905470
1.37772644
0.58291990
-1.63379455
0.29325768
0.04631905
0.88685107
0.10377851
-0.93054372
0.37842655
0.38654369
0.03978883
-0.77928215
-0.81401229
0.04495102
0.13797423
-0.44421977
0.20617658
0.36503756
0.86145455
0.26546827
-0.21358985
0.36038852
0.40534893
-0.61360377
3.32516456
-0.34029472
1.34973872
1.21162641
1.86043370
-0.53813148
-3.73248029
-0.30414876
-1.70216119
0.16728812
-0.58854210
2.76793218
-0.04518305
0.19084027
0.60381639
-0.68218178
0.32723194
-0.53978068
-0.13222331
2.35670090
0.38231760
1.17191052
1.64863861
0.47457525
-2.09971380
0.37590277
-2.15417385
0.38219127
-0.03008786
-0.38816360
-0.32309669
-0.33637682
0.24465615
0.30808213
-0.65375268
0.80138236
-1.17252755
-0.02612339
0.23938207
0.21942753
0.00821822
0.82409918
-0.49388659
0.03125966
-0.56644273
-1.19426215
-0.16097979
-1.32614255
0.37140712
0.60987628
-0.36580190
-0.32345366
1.03528857
