384
0.26404262
-0.16014563
1.07306552
-1.45533323
-0.72874576
-0.65183347
0.44689327
-0.17822182
-0.03347063
-1.65233302
0.13617411
-0.07693908
-0.20000567
-1.76005030
-3.13777733
0.44252205
-0.43351328
0.12061046
1.41259193
-0.19843663
-0.52308893
-0.22969741
-0.36409378
0.69367105
1.00769210
2.18004036
-0.61695254
3.43655634
1.60045457
0.22833972
-0.52679312
-0.39533609
0.22361688
-0.71619159
0.51362509
-1.65308881
-0.16745935
-0.40105647
0.92555034
0.86284041
-0.25692338
-1.12157834
0.09676762
2.68835497
0.39760822
-1.04682231
-1.64932323
1.03900766
1.55004549
2.14066958
-0.17692053
0.20056008
3.42699051
0.58365852
0.24251282
-0.09017770
0.17874211
0.20217001
-0.30180138
1.23161054
-0.94677985
-0.15515600
-0.41378522
0.40490410
0.56486303
-1.24950755
0.12714988
-0.15919162
-0.26467833
0.21028569
0.74808145
-0.13264732
-1.05626035
-1.10170543
-2.16596889
-1.72792184
0.41195774
-0.51226127
-1.43783069
-0.18847612
0.05490208
-0.09727579
-0.73843062
-0.30844179
-1.69848812
0.28566393
-0.14737338
0.93683410
-0.01303792
-0.20757079
-0.06447721
-0.18157494
-0.10366747
0.06974471
-0.09689683
0.29206356
0.18932392
0.02931813
-0.44681656
-0.42892766
0.26251954
0.38082454
0.37067580
-0.50423843
-0.50149995
0.24112925
0.21413219
0.13760002
-0.45239779
-0.91804731
0.34967947
-1.04325724
-0.52200121
0.40634173
-0.55190217
0.18810521
0.65475059
0.01625487
2.07273960
0.84063369
-1.30123460
-4.06635523
0.36403251
1.87212455
-0.65156132
-0.04454142
0.43132854
0.40612024
-0.20533571
0.63750786
-0.39082143
0.17205603
-0.07032271
-0.97109538
-0.95846462
0.42633292
0.73854691
0.48583347
-0.49408603
-0.26336503
-0.27642468
0.97510731
0.33880180
0.22570361
1.43003619
0.14976083
0.35861737
1.02503657
0.80011547
-0.47414708
0.09368058
0.31761324
-0.09319270
-0.05107394
-0.01521666
-0.90958643
-0.16280410
0.33065015
-0.59280598
-0.76417351
-0.00621520
1.30939901
1.55813122
-0.99744922
-1.08777821
-0.21182324
1.14416826
1.93992782
1.56776071
-0.36980814
0.53936249
0.64722538
-0.04563656
-0.92128909
-0.90240365
-0.60083884
0.63996816
1.35324132
0.93350232
0.08596987
-2.20971942
0.01625824
-0.41449308
-0.06362766
1.09895074
0.51808429
0.38778222
-0.19295704
1.99512386
-0.97794622
-0.08895262
0.11816837
-0.11156160
-0.11060033
-0.58722574
1.36331606
0.59755522
-1.24003768
0.23546103
-0.76739889
-0.42475325
0.67682582
0.11743858
-0.63566798
-0.10263616
-0.29721859
-0.04293171
0.28905836
-0.89806074
0.14782177
0.21456490
-0.21880180
-0.02081024
0.74140972
-1.70841098
-0.30996862
0.05424723
0.67102456
-0.34269834
1.00616217
-1.44574308
-2.21671915
0.44833380
-0.43563408
0.29941076
-0.36668044
-1.68442667
-1.47509623
0.47616032
-0.26944494
-0.42295384
-0.14506023
1.13777375
0.54202294
-1.54325199
-1.20230246
-0.71802711
0.86362839
-0.37494892
-0.56899440
0.49131966
-0.81715167
-0.23601112
-1.96491289
1.99859810
0.51171911
-0.39117843
0.11074925
-2.10078478
2.44710755
0.71409190
0.27417544
0.71379721
-0.77914828
0.11302937
-0.41857034
1.30978251
0.20602483
0.19951884
0.14805402
0.09294245
0.43716207
1.91576481
0.59618676
-0.14933735
0.20537490
-0.57478154
0.00531048
-0.44474480
-1.46194994
1.13638926
0.30002257
-1.04738951
-0.75653571
-0.53326613
0.18870196
0.38967377
-0.25497764
1.46133244
0.54566455
-0.30400711
0.52507055
-0.02187377
0.63171571
0.05357064
-0.30524868
-0.45855391
0.06458040
-0.14985767
-0.99896049
0.55164027
-0.34214184
-0.33249626
0.21304512
-0.01692021
-0.45727438
-0.70426953
-0.20578000
-0.18134451
1.51445150
0.32216805
0.62766975
0.07375322
-0.16054773
0.50702977
-0.20237496
-0.31374866
0.71022582
1.37795913
-1.68379498
0.54614776
-0.00401917
0.97579873
-1.58967233
0.32235402
-0.15996869
0.92698824
-0.32035533
-0.85184920
-0.01696237
2.17024970
-0.08783957
-0.17528455
0.34107056
0.32607338
-0.26196688
0.22538170
0.09131294
-0.17440930
0.51063961
-0.91718745
4.17982292
-0.18908703
-1.95042539
0.29859743
0.52773082
0.01225774
-1.97804058
-0.00244832
1.09824157
0.15060396
-0.02537129
1.05432820
-0.13288820
-0.49019134
0.48326600
-0.24497356
-0.25511217
0.08939102
-0.35341027
1.79209352
-0.29404581
0.01302630
1.26619864
1.13929439
-1.39961112
0.04939285
-1.93739140
0.09745577
0.06905109
-0.16155183
-0.43609685
0.00371490
-0.50333780
0.30070609
-2.22018886
-0.23604585
0.07298294
-0.38625205
0.30888781
0.29422444
0.07510137
-1.26497853
0.76292729
1.23024821
0.68392432
0.39249393
-0.31088394
0.91925311
-0.39036524
-0.77167279
-0.65175450
0.04754314
0.35333064
