384
-1.40154266
-0.31345293
1.45823693
-0.53005254
-0.53358984
-0.74367052
-0.21212843
-0.73735130
0.85320330
-2.93652201
-0.11141814
-0.09615958
-0.06221776
-0.67598724
-0.56715286
1.26787102
-2.02274561
-0.06669369
1.24378681
-0.28787062
-0.24238533
0.74557614
-0.14740370
-0.84909141
-1.00351357
0.47442028
-0.75491953
3.06442666
-0.51365602
-0.52241188
-0.12454668
-0.15519661
-0.07766134
1.39044285
-0.40880585
-2.23009109
-0.14214180
-0.06375772
-3.75794506
-0.27228981
-0.21801221
-1.72555971
0.09738421
1.11218631
0.36587739
-0.02337798
-2.04452491
1.06611085
0.24132569
0.96831393
0.04657682
-0.26130858
1.72268367
0.28929949
0.28349906
0.41889435
0.05001567
0.51653713
0.02830848
0.41225475
-0.85430592
0.17312206
-0.62360847
0.63193017
0.23022291
-0.67754948
-0.12194612
0.25045907
-0.27803123
0.12548496
1.41227090
-0.15811002
-1.78480434
-1.49817908
-0.27926046
0.93331498
0.47885633
-1.21296740
-0.51573128
-0.06484532
0.84191900
0.32360449
-0.25147125
-0.08995659
-1.75135088
0.39019689
-1.00009453
0.24725023
0.18352035
0.18473616
-0.22238047
0.07151519
-0.22639613
-0.61009377
-0.08568713
-0.11554690
0.12793966
0.18675053
0.79929143
0.40860224
-0.05391778
0.92934954
3.71946239
-2.41888404
-2.10379457
0.19175804
0.28415620
0.53454530
-0.47156280
0.17978349
1.42341781
-0.59720892
-0.44438118
0.21001783
0.06190918
0.48152906
0.13716716
-0.32216179
2.48685360
0.71471691
-1.33452809
-2.51228547
0.07542443
0.45159042
-0.50255519
0.39985377
-1.23029160
0.52824891
-0.28924206
0.61107922
0.85716760
0.75449836
0.20253576
0.88602120
-0.85549200
-0.27608958
2.10811901
0.19571465
-0.62099159
-0.56353068
0.50472671
0.23825082
-0.26195359
-0.87668788
-0.31979620
-0.25617042
0.34902927
0.69310474
0.15207535
-1.30663896
0.42938659
-0.08678335
0.11692312
0.27542222
-0.38263890
-0.48682368
-0.05732777
-0.05009097
-1.44279623
-0.33487707
-0.16603036
-0.75097656
0.88429910
0.43402696
0.87993640
-0.23766738
1.31841469
0.31637150
1.35085654
-0.10719806
0.10328710
0.03805464
-0.66656494
-0.36452502
0.34038284
-0.07983899
0.10986695
1.62572706
-1.24436462
-0.12622745
-2.42300773
0.19026817
-0.93172693
-0.38366839
-0.22028784
-0.42754081
0.21171775
-0.28648379
1.55305827
0.81279373
-0.06474908
-0.08064739
-0.32797620
0.25863492
-0.20642900
1.04586494
0.50836235
-1.07322502
-0.00430122
-1.68378937
-0.27467269
0.36068404
-0.12013052
-0.44868934
-0.18072036
-0.04733770
-0.24019244
-0.37724337
-0.39049831
0.31435212
1.48062515
-0.34707317
-0.21448278
-0.51507556
0.10741520
-0.24732612
0.47148189
-0.49754241
0.21672365
1.35862923
0.23247933
-0.66536540
0.12082447
-0.19781382
-0.13699362
-0.04464401
-2.25952840
-0.48263943
0.16308481
-1.11997676
-0.52297193
-0.30986601
1.31138980
0.33560365
-0.54763460
-0.31523308
0.95359939
0.47622389
0.26372972
0.10101786
1.34007573
-0.52089208
0.28516099
-1.93225265
1.34995699
0.41037813
0.21184950
0.24598381
-1.84688592
0.98168927
0.54404861
0.05001384
-0.91921800
-2.78675604
0.27479824
-0.09916990
1.82906604
1.48087323
0.12780488
0.49877742
-0.13867517
0.28450078
0.28112119
0.77729630
0.73246747
0.21914366
0.35503483
0.22589323
0.16964132
-0.96209443
0.05813858
0.08380820
-0.25842303
-0.18137312
-0.35226715
-0.12817879
0.28408137
0.03731766
0.34239551
0.29989469
0.55388331
0.18425693
-0.47021291
1.15395534
0.34613997
-0.24830274
0.47596204
0.18169475
0.00623670
-3.40529442
-0.55880636
-0.16995814
0.05401163
-0.61356354
-0.10769515
-0.46345565
-1.03883803
-0.11963487
-0.32517421
-0.84665066
0.87201381
0.06674016
0.90988743
-0.35311934
0.45972574
0.35460788
0.49635953
1.13463116
1.85860932
-1.17782640
0.34638652
-0.08615640
0.53373802
0.41537046
-0.16258983
0.82980871
0.84519672
-0.22768319
-0.77530313
0.08125141
-0.87771195
-0.32306856
-0.38353944
-0.46761838
0.03356723
-0.00062911
-0.10732894
-0.77073622
0.20714043
0.74612421
-1.51199722
3.16149449
0.42526093
-1.81147397
0.37745520
1.63097620
0.04605825
-2.14119625
0.31003746
2.05129242
0.00235331
-0.19584341
3.25748944
0.02119860
0.58803332
1.26033354
0.22805040
0.31483737
-0.25449681
-0.42621499
2.13218594
-0.05587603
2.04662156
0.81687123
-0.76325625
-1.46615958
0.19202811
-1.20763469
0.03450826
-0.16130126
-0.12293668
-0.71431667
0.18322164
0.27874422
-0.50526601
-1.86366987
-0.75186187
-1.14414978
-0.39928785
0.83787107
-0.15720783
-0.05702397
0.53775066
-0.20927569
0.67962211
0.17673814
-0.07767572
-0.01813876
-0.48831895
-0.58644176
-0.19946408
-0.33264887
-0.30048060
0.58607340
