384
-0.79654616
0.16267356
0.62368363
-1.21001816
-0.61968035
-0.75852901
0.66598082
-0.77764702
0.63169307
-2.14082694
-0.39875627
-0.43480951
0.17682669
-0.91934228
-2.16749477
1.07029891
-1.40988588
-0.00639579
0.77639598
-0.09839278
-1.07388413
0.09760259
0.06011872
-0.71012288
-2.08447695
-1.61980486
-0.57799309
2.24127483
1.66747057
-0.48651734
0.01370279
0.06664298
0.10931224
1.39984918
-0.34682536
-0.79376626
-0.42206925
0.16952938
-3.26355791
1.14348149
-0.13690995
1.94656479
0.00425738
1.71729946
-0.43624246
0.76729059
-1.27686191
-0.03973705
0.53161645
-0.54318786
0.37057492
-0.35017163
2.78174376
0.86097258
-0.21375899
0.17174697
0.05500510
0.25257957
0.66146183
-0.15426287
-0.63494170
-0.35421190
-0.63253498
0.44422379
0.04178478
-0.82859796
0.06485283
-0.80883992
-0.06866451
-0.04936957
-0.27690437
-0.15414174
-2.36202478
-1.84844899
-1.54754698
0.88109684
1.97776699
-0.23557067
-0.33716521
0.10387601
0.43011910
-0.19018537
-0.12068868
-0.25282344
-0.74336815
-0.06137680
0.96165711
0.39460757
0.18411495
-0.12910706
-0.32383859
-0.24789649
-0.31829473
-0.98301327
0.10014267
-0.08459501
0.17956999
0.04963936
1.36771917
0.82790726
-0.19181544
-0.38491154
2.72633958
-0.33722955
-0.10848463
0.30404875
0.18134785
0.45714402
0.20883684
0.23795989
0.96411109
-1.40669680
-0.03822010
-0.12770124
-0.55308092
-0.49450332
0.34192806
-0.17687993
1.53602600
0.77241290
-1.53904223
-1.11480248
0.11691836
0.43311462
-0.55222565
0.28755143
-2.00132608
0.96375400
-0.30667084
0.28449169
0.76567137
0.20083934
-0.32792071
0.33669806
-1.32991529
-0.62580311
0.70708764
-0.06272776
-0.31538957
0.45177755
-0.04161224
-0.33837739
4.79083586
-0.55571252
-1.07636464
-0.34135702
-0.24657488
-1.25373650
0.47048077
-0.47845989
0.42801496
0.36447373
-0.33152914
-0.53359032
-0.06341211
0.63248223
-0.93598795
-0.97479290
-1.17983902
-0.05856358
-0.26027644
2.99129510
0.28239334
1.17400873
-1.17681932
-0.02483594
0.98846930
1.87079549
-0.86798251
-0.88340235
1.00591648
-0.23444070
0.08818826
-0.48313931
0.59627002
1.14055586
1.51451588
-3.17193031
-1.27960682
-0.17780478
0.68423569
0.23269409
-2.04069614
-0.35527274
-0.49135152
-0.58332610
-0.72893363
-0.68115693
1.61052167
-0.83573228
0.02776426
-0.38447803
-0.24729088
0.52292532
0.45046896
-2.70023346
0.85331917
-1.41690159
0.00364257
-0.16472527
-1.20204914
-0.16321892
-0.16649914
-0.58135945
0.06369354
-0.80150819
-0.28973526
0.17177443
0.49609816
-0.09314805
0.76465178
-0.05715290
0.31417820
-0.31402117
-0.51210070
-0.81456298
0.23703274
-0.15718292
-0.09231923
1.36892867
0.13296102
1.83413053
0.13650505
0.14075331
-0.74721527
-0.18944897
-1.98074174
-0.70108771
-1.19677520
-1.30267298
-0.93006510
0.80165952
2.59841585
0.18226297
0.57165086
0.59477735
1.21929109
-0.25513068
0.21141316
0.07010303
-0.83743149
-1.21239030
-0.02739441
1.79689276
-0.22886381
0.55558467
0.41941732
-0.08546346
-0.52458525
0.59103537
-0.01188436
0.24865362
-0.54342771
-2.17033005
-0.12348251
-0.07377544
1.92927098
0.62172103
0.25638473
0.01197295
-0.42544851
0.68471491
-0.11646813
0.52327424
0.14102197
0.39065224
-0.03328013
0.18818261
0.16823529
-1.25653589
-1.06143284
0.10818294
0.18678010
-0.66324842
-0.55540520
0.57424486
-0.12825400
0.27942348
0.98149359
0.43671548
-0.05876208
0.37375271
-0.57827550
-0.00544393
-0.07842943
-0.77852964
-0.56797945
0.30872148
-0.12614390
-0.67706537
0.75596178
-0.24733254
0.76928157
-0.81409264
1.01479030
-0.85897475
-0.95851958
1.15913951
-0.53707671
-1.29248238
1.69108319
0.69313741
0.32660753
0.13969131
-0.89882344
-0.42435172
-0.12613282
1.40149593
1.81461382
-1.14128816
0.93294561
0.14963815
0.82547736
1.35073519
-0.43124092
-1.18791866
0.98277009
0.55677599
-0.75514150
0.07058299
-2.08345604
-0.15086225
-0.25679442
-0.28026348
0.24102667
0.89590871
0.03424379
-0.68651682
0.30384931
0.11352310
-1.13000178
2.99641800
0.17181155
0.48561996
-0.05943972
2.00745487
0.18292928
-1.18159199
-0.60149884
-1.23289120
0.35203719
0.18728966
0.71984142
-0.29641357
0.60148442
0.39783534
-0.50517404
0.27756751
-0.12240506
-0.24683514
1.21694207
-0.07600521
0.60744286
1.63604736
0.73164451
-2.09592342
-0.60055333
-1.89533067
0.02829394
-0.28657791
0.07074899
2.76389790
0.37577578
-0.56969762
-0.07471508
-0.58303028
0.11217701
-0.28630656
-0.54690170
0.44897684
0.15610120
-0.02645941
0.89509100
-0.04700491
0.85949510
-0.23273474
0.10133219
-0.08230588
0.05408777
0.01530202
0.44851723
0.48523793
-0.15256454
0.17561370
