384
-1.01587129
-0.55948800
0.77642071
-0.35902655
-1.00915146
-1.22566593
-0.23081857
-0.52756357
0.34831542
-0.88149559
-1.19055200
0.86776817
-1.38212729
-0.23230201
-2.28216457
2.23784685
-1.04274452
-0.50556219
0.39133227
0.34744066
0.08610418
-0.20484735
0.69907534
-0.03097507
-3.76805425
-0.76538420
1.19964123
1.81185555
2.32872725
0.08197206
-0.30966356
-0.10245489
-1.52215910
0.99311185
-0.17796549
-0.83007121
-0.71645331
-0.08041173
-3.71308231
-0.40235588
-0.80318546
1.41045499
0.26690224
1.42101002
-2.67416549
-0.21725863
-1.59698725
0.08130395
0.88743693
0.17668569
1.48399687
0.99536312
1.89456534
-0.11643255
0.30570692
-0.38973755
1.05166781
0.19914900
1.74325538
0.26757362
0.36182091
-1.28528118
0.35528824
0.22099486
0.10626198
-0.86955392
-0.98312169
-1.42838311
0.19178170
-1.00135279
1.31623995
-0.71193880
-1.85810089
-1.49930882
-0.75107557
2.00018907
2.21814942
0.63513327
-0.18065082
0.31748584
-1.09355462
-0.10695186
2.93146586
-0.82665819
-0.68606555
0.03633785
0.42879832
-0.29085225
0.40109247
0.66423804
0.22842130
0.53543347
-0.12134582
-0.39483333
0.83399642
-1.66112435
0.63754809
-0.21675742
-0.33950758
1.11399519
-1.13863945
-1.44081259
4.41444683
-1.89530933
0.18142378
0.91389728
0.65322125
0.45076859
-0.15045854
-0.08143494
0.87438005
-0.06397229
-0.26894671
-0.32335317
-0.71198320
-0.84288228
-0.60396206
0.08061545
3.43271399
0.19889350
-1.22841728
-1.69951677
-0.03083123
-1.07790756
-1.46132350
1.09136736
-1.58107758
0.66328371
0.42405686
0.06916592
0.78445077
-0.01530783
0.10152696
0.80678201
-0.99119169
-0.98498136
1.28213739
-0.49587300
-0.75549281
1.03480399
0.51706773
-0.53314412
3.21555853
-1.63673377
-1.28082216
-0.76465189
-0.70804560
1.17421389
0.16362762
-0.39722690
0.00926020
-2.00250053
0.36094746
0.13100195
-0.08164410
0.54732674
-0.76415837
0.38470888
-0.94620794
-0.87141532
-0.24330905
2.22468495
1.19086969
0.96235138
-0.36576366
-0.80848944
-0.20400608
0.03012898
-0.79803944
-0.35704178
0.67849475
-0.32551730
0.56819046
-0.35598850
-0.44506374
1.19380665
0.42373824
-2.10621524
-0.64907891
-0.20271978
1.06526816
-0.68487144
0.55475223
0.47294304
1.07771468
1.40597689
0.49280638
-0.09810832
0.85106725
0.04056662
-0.80022913
-0.60050607
0.24914065
1.05508065
0.14630549
-3.35138607
2.49382877
-1.59610367
0.43826926
1.30350173
0.23165573
-0.81158662
0.53923851
-1.64459205
1.04306960
-0.81913751
0.83314586
1.23658097
0.54316282
-0.14812511
0.18525261
-0.35343960
0.75055456
-0.61086059
0.70050818
0.26965961
0.98825455
0.59351480
0.05926252
1.45674324
-3.12035632
-0.30012318
-0.02832198
1.28689981
-1.38294661
-0.04288785
-1.78720784
0.37969449
-1.48697102
0.05514723
-0.43241239
-1.68115401
3.08707094
0.16184580
1.06587672
-1.81440198
1.10808921
1.58402598
-0.55136371
-0.48581773
-1.12636757
-0.12280065
2.94667435
2.31910062
0.91838604
0.30288246
-0.82571423
0.38323689
-0.74380648
2.41582227
0.18311164
-1.30162668
-2.88050008
-2.75941348
-1.05016541
-0.76742250
1.93461144
-1.10625422
-1.79633856
-0.28029364
-0.84028697
1.93945062
0.10265768
0.07697153
1.62286127
0.07924616
-1.32009220
0.59488010
-0.37006584
-0.88479030
0.55859661
0.02114198
0.15311202
-0.86868286
-0.51946622
0.83447969
-0.53764200
0.61542702
2.66492128
0.68776548
-0.22555929
2.15919185
-0.26898441
-1.15221488
-0.37000370
-0.05284277
0.32617423
0.78444886
0.13926934
-1.97103167
0.02157849
0.52495825
0.54781759
0.29568118
-2.11496329
0.47967985
-0.57859111
0.44268915
-1.41793883
-1.31143451
0.42297277
0.25896907
1.22153449
-0.59811664
-1.24884188
1.86768436
1.59612119
3.92543149
0.97247374
-0.65567744
2.48415709
-1.29546762
-0.99128532
1.66597056
-1.76181769
-2.06244850
2.14428425
0.12667200
-0.34992456
-0.70199990
-1.35527265
-0.00006390
0.05772192
0.40660256
0.31555760
-0.57183814
-0.14814502
-0.11827397
0.21681887
-0.32693234
-1.62248111
3.23965693
-0.84762681
0.87935919
2.21730876
1.39141321
-0.90517962
-2.21517229
-0.21618111
-0.69205326
-0.44791311
0.56661880
0.37619248
-0.33033550
0.12863517
0.39070731
0.18695596
0.70464540
0.75466675
-0.78199267
1.19121790
0.77005303
0.95787972
0.51736158
1.21928394
-2.77049303
0.04160261
-1.81766915
-0.16943651
-0.67440099
0.18283859
0.46612877
0.69195801
-0.68838084
1.01825154
-0.70281345
0.99038941
-0.42338479
-1.57846510
0.35598084
0.22393689
0.58685350
0.91953635
1.42191851
0.77169245
1.19594622
-1.10667479
-0.27966279
0.06263599
0.37031567
-0.63904250
-0.67833877
-0.54727989
-0.56123483
