384
0.76664865
-0.08344549
-0.74493188
-2.68360329
-1.22180068
-0.86907959
0.14826156
-1.59284794
-0.37939641
-0.51400995
-0.10276290
-0.24879418
0.26857805
-1.80853367
-0.79830313
0.50272107
2.25006676
0.38192177
2.79741096
-0.00373752
-1.80846667
0.57690072
0.47164810
-1.19748986
-0.75188273
-1.75749898
-0.25953460
2.22015929
-0.08265859
0.16711280
0.16117211
-0.27027154
-0.16338167
0.72154331
-0.03674277
-3.23228216
-0.06473370
-0.02564906
-1.54950237
-0.32428768
-0.34231490
-0.17288435
0.17090383
2.72654223
0.23779325
2.18251920
-0.29809332
-0.66815263
-1.27147341
0.24145269
1.05811691
-0.45310593
1.73690772
2.29462266
0.12087233
-0.00899159
-0.11248455
1.36426377
-0.41816029
0.35628873
0.19960749
-0.46899676
-0.04181656
0.59073716
-0.15647244
-1.37562728
0.13914312
-0.55398875
-0.04328097
-0.38987797
1.48858786
-0.48453799
-1.78120100
-0.21134984
-0.02656704
0.49854511
2.18617821
0.74507385
-0.17936522
-0.25590760
1.31642032
0.07413401
-0.06046312
0.24029016
-1.27573442
0.28143498
-0.41169354
0.59099603
0.14675310
0.27817267
0.23498552
0.33378628
0.24961677
0.86353481
-0.11680161
-0.11028503
0.22789040
0.15646961
-0.69390130
0.66600764
-0.02114367
-0.73008257
2.26090741
-0.52604705
-0.28171283
0.06219766
-1.10199451
0.21702990
-0.13127756
0.59916884
0.12967098
-0.88815331
0.34786776
-0.20009552
0.11432636
-0.00603817
0.05441028
0.28666627
1.25532866
-0.27242571
-0.73064965
-3.49189448
0.24946633
0.09195769
0.08321050
-1.31570435
-1.47673345
0.65910029
-0.30495480
0.83277810
-0.28823096
-0.29124779
-0.47015476
0.30356288
-1.59459484
-0.61775023
1.50038552
0.23963299
-0.84239435
-0.03181477
0.66025829
-0.57389104
0.08571815
-0.22128156
0.24116948
0.11416671
-0.50823897
-0.99624670
0.51961267
-0.48117006
0.95326388
0.14705521
0.18383045
0.75423658
-0.62557459
-1.16339731
-0.10961183
0.99458265
-0.25084627
-0.13381526
-0.35241705
1.01886964
1.34656668
1.26303673
1.04156959
0.07850185
1.49468017
0.33350629
0.26741919
-1.40087295
0.90612847
0.31838357
0.09691563
-0.31326246
0.44118473
0.58620083
-0.24033523
-0.26334792
-0.70388860
-0.13142553
-1.41631138
-0.09286790
-1.62409759
-0.26639518
0.17587857
-0.75407606
0.41781718
-0.00015107
0.69122458
-0.74141282
-1.01774108
-0.24233100
-0.23796962
-0.41313985
0.33591148
-0.24575505
1.56671953
-1.21087027
-0.02093083
0.06972766
-0.08817020
-0.05988055
0.14395232
-1.63739824
0.11992169
0.65771854
-0.08862513
-0.24836014
-2.55757546
-0.49220252
-1.29515278
0.05143058
-0.23666023
-0.49471247
-0.51236242
-0.06102553
0.04501282
0.14097038
0.59812683
0.26813388
-0.05023690
1.53742874
-0.07956994
-0.02494222
-0.59515703
0.02138133
-1.72158694
-0.12439546
-0.83448076
-1.04087102
-1.72594738
-0.17137396
1.32704628
0.13358884
0.08039209
-0.30424845
-2.63221622
0.83118045
-0.10125123
0.13635664
-0.29227990
-0.21290821
-0.26366547
1.68754792
-0.75618762
-1.00521183
-0.19327138
-0.01428464
-0.71838093
2.79320121
0.59197587
-0.40363002
-0.96899331
-1.65248990
0.00343871
0.38303238
0.30096680
0.25907049
-0.24921972
-0.32805374
-0.05260391
0.91989601
1.20515871
0.30639502
0.09296660
0.25370359
-0.51053059
-0.02095175
-0.39768386
-1.50558138
-0.43474126
-0.30264771
0.12505794
-0.51971209
-0.29418528
-0.22332627
0.25055498
-0.07862847
0.59263361
-0.42960981
0.44623381
0.46243510
-0.13794380
-0.53973067
-0.32804501
0.23776841
-0.15707284
0.10343452
-0.27940488
-0.99796200
1.00588763
-0.20446198
0.25868583
-0.49944884
-0.63471287
-0.34115455
0.07903373
1.29136634
-0.61368096
-0.25407076
0.97117680
0.29818073
-0.93867296
-0.09050372
0.17305081
-0.03006186
0.71278471
1.46752584
-0.69027328
-0.01691556
-0.06253847
-0.21187375
-0.42328447
1.38174438
0.05386364
0.96690893
-0.48734441
0.26779559
0.90626162
0.22409362
2.47992229
-0.34280705
0.01061682
1.32880282
-0.11314365
0.08865935
-0.05501568
-0.12065199
0.11784512
0.33618239
-0.07190198
3.20746970
-0.58734000
-0.13525277
0.93376940
1.80043983
-0.17116097
-3.41105604
-0.06325518
-2.35986447
-0.22691338
-1.75422478
0.92975736
-0.19340630
0.95889509
0.69889981
-0.36921734
0.02111246
-0.58601403
-0.04206913
0.45290041
0.38256139
-0.60245395
0.20425865
-0.37029243
-0.54562902
-0.36149558
-2.82956219
0.60382432
0.11813176
0.10241856
0.94808620
-0.07155543
0.86181575
0.08078056
-0.85629481
0.75002247
-1.11144781
0.44490707
1.09756446
0.15259859
-0.21449812
1.19115567
-0.32703301
0.24401358
-0.51669574
-0.17310837
-0.04754812
-1.65379310
-0.00528160
2.08885431
0.90731788
-0.12356886
0.06629216
