384
0.22484592
-0.02098785
-0.01679307
-1.71825790
-0.81358165
-1.21345353
0.34952632
-1.32195699
-0.02683153
-3.46709156
0.59006292
-0.32164258
0.17744765
-1.30207264
-2.61016393
-0.08671451
0.32088816
0.38629824
1.00413406
-0.08526064
-1.77654433
0.20552555
0.76738268
-0.45814770
-0.27676052
-1.08502531
-0.48668188
2.96636128
-0.26476604
-0.69748515
0.37844640
-0.47653919
-0.17647213
1.52661586
-0.13436733
-2.09265447
-0.02652925
-0.28782725
-2.80112910
1.30089200
-0.83254147
1.42127180
0.15137953
2.89021039
-1.74309540
0.69497681
0.47303545
0.43726128
1.94997799
2.20219803
0.32046348
-0.52459311
1.36326385
0.39855647
-0.61161053
-0.56765068
0.00530344
1.25994658
0.97115761
0.53767574
-2.69402599
-0.41256610
0.59308523
0.00411770
-0.16838968
-1.36456728
-0.21150108
-1.29087186
-0.14538902
0.78715169
-0.06659482
-0.36065257
-0.79047072
-1.11638713
-1.72565973
-2.82811928
0.70678246
-0.70418435
0.22120792
0.19274752
0.86355376
-0.32486990
0.32533592
-0.02433798
-1.52574062
0.31244412
0.40052113
0.35215044
-0.73366547
-0.00267601
0.03438768
-0.54296231
0.59867591
-0.70562124
-0.40134916
-0.48584259
0.89397955
-0.11297385
-1.19930565
0.66542512
0.28955773
0.70871902
-1.04326999
-1.46121204
-0.51958609
0.13721432
0.72337157
-0.30216166
-0.49296591
0.08832982
0.48830739
-1.99435377
-0.61546880
0.27762020
0.19192395
-0.14249143
0.35764873
0.84098518
1.60887742
0.74078268
-1.78264940
-2.92239594
1.07547653
1.36158800
-1.23373544
-1.27124786
-0.16529047
1.12427020
-0.15567188
1.76443422
-0.22978431
-0.36429790
-0.17110705
-0.11521792
-1.33912313
1.08801913
0.45589030
-0.17829058
-1.25969732
0.31972066
0.69726104
-0.35765743
3.59877300
1.19016349
0.18435323
0.48984635
-0.33303365
0.53741038
0.39917508
-0.38466096
0.14714420
-0.23593891
-0.36269680
0.15564978
0.24305862
-0.40540591
0.12425044
-0.08336370
-1.34077454
-0.42587113
-0.43973911
0.99290228
2.02307725
-0.64286566
0.43634450
0.01983032
2.22381091
0.89131153
0.15140364
-0.89473557
0.05755526
-0.83777761
2.09323096
-0.62893367
0.34150159
0.61766720
3.27629495
-0.17892051
-0.28285941
0.27732432
-2.02032590
0.46830007
-1.71903491
-0.80896980
-0.40741926
-0.35768163
-0.83662117
0.49773127
0.73492694
-1.81603408
0.01525401
-0.91568476
-0.03656262
-0.34950909
0.17764871
0.58090597
-0.53238928
-2.39165044
0.35149494
1.02575874
0.17015859
0.95872366
0.25828016
-0.64333266
0.03089264
-0.13096848
-0.80526614
0.66123772
1.66882336
-1.09265602
-0.81661725
0.12084354
0.37764335
0.54958117
-1.14336634
0.52286708
1.07267916
0.28074399
0.35052228
1.23094785
-0.25773516
2.55378079
0.78595442
0.06862620
0.17027518
-0.21916848
-2.10991716
1.04239929
1.13006663
0.23045930
0.63399112
-1.21685445
2.03309202
0.65116209
-2.17110205
-0.67806947
0.44689518
0.33763912
-0.21307741
0.03679648
-1.08833504
-0.59785748
-0.55936742
-3.17620802
2.04885483
-1.23191130
0.40603071
-0.13544092
-0.99074024
0.58506429
0.67309558
0.04616961
0.92331874
-2.40510249
0.38074589
-0.20166835
0.34578276
0.34576517
-0.18213713
0.38326117
-0.64382166
-0.34027332
0.75917584
0.64448959
0.55943179
0.48719382
0.08680749
0.90313327
-0.49742824
-0.83802390
-0.95950210
0.27494663
-0.37925017
0.12660834
0.06993379
1.42981231
-0.58956188
0.20918314
0.38823205
0.83543372
-0.59440953
0.04142098
-0.89408523
-0.14497176
0.44475675
0.14554001
-0.23333251
-0.32903963
0.01507131
-0.18308651
0.97014534
-0.69715005
0.11359477
-0.54386353
-0.83507776
-0.17712966
0.24503255
0.33760250
0.20600995
0.89981735
0.59524822
0.95722795
-0.05364216
0.05540188
0.12006529
-0.48941547
-0.25430819
1.54414356
0.52250051
-2.08960772
-0.35039800
-0.08311960
2.51689744
-0.12697631
0.05355839
-1.01987004
0.06025445
0.28420526
-1.17140388
0.37751514
-0.60740662
0.64400697
0.12124829
0.42306936
0.56652105
-0.72064006
0.72131979
-0.12286673
-0.20737296
0.35250381
-0.81154692
3.59819746
-1.32493782
1.87415421
-0.57505161
0.51595676
0.37093687
-2.82244706
-0.11928777
-1.22441435
0.32421190
-0.01599859
-0.09760833
-0.55378050
0.27949351
0.22151688
0.15332237
-1.05910170
0.09039305
0.21513611
1.64656532
0.41647387
0.72824413
-0.04041098
2.20861816
-2.04109049
-0.25356603
-2.01569271
0.67893493
-0.09832095
-0.35290322
0.67449105
-0.06103005
-0.12238881
-0.78343487
-1.97183633
0.43010515
0.84537888
-1.69616580
-0.32640201
0.04941032
-0.49296194
0.40095872
0.10706978
0.52922791
-0.16920987
0.14138453
-0.60600162
-0.89867258
0.06553553
-1.09318984
-0.09629945
-0.47375223
0.70546293
