384
1.04490316
-0.10029592
1.26940906
-0.81729215
-0.57634199
-0.77190566
0.71361107
0.26685148
-0.36242223
-0.96218908
0.05322482
0.38634887
-0.22218871
-2.33354139
-3.62738705
0.97298139
-0.20656323
0.08291620
1.86285746
-0.16721252
-0.49816152
-0.30759186
-0.35108995
0.54645360
0.79326570
2.09252810
-0.41037333
3.20198107
1.16663575
-0.16674252
-0.05208069
-0.16098642
0.43539727
-0.88864565
0.23581605
-1.69126701
0.06398781
-0.47530761
1.42858553
0.25131154
-0.20922381
-0.23838538
0.15570867
2.30569935
0.23689523
-0.92561042
-1.46078229
0.74923635
1.44201541
1.34362817
-0.63865906
-0.11945145
3.78630948
1.02084756
0.41405547
0.15677887
-0.08515717
0.13942233
0.99939227
1.13697362
0.16074097
0.22598283
-0.12941265
0.62416989
-0.28559446
-1.18914938
0.37077853
0.02514961
-0.25988689
0.00139905
1.39841676
-0.18370578
-1.13911629
-0.48101777
-2.27336693
0.27744478
0.19057393
-0.64537472
-1.57510269
-0.13430060
0.91133118
0.00081049
-0.14576200
-0.12146525
-1.61421800
-0.20458850
-0.20737025
1.36116719
0.11310750
0.16621023
0.19280177
0.13238664
-0.20842533
1.00140238
0.07028837
-0.00312613
0.32416126
0.07950949
-1.20554638
-0.75261694
0.45262730
0.68477345
-0.10383868
-0.83819115
-1.36238480
0.39960098
0.38695955
0.27987039
-0.57342207
-0.93534178
0.10320318
-1.03972363
-0.40769303
0.62196386
-0.18100382
0.13533680
0.74651712
-0.26566267
2.27239752
1.03404677
-1.32800245
-3.47887349
0.43832016
0.66146857
0.26026228
0.13549392
0.09997290
0.21013635
-0.08062163
0.83510959
-0.08576924
0.34521466
0.00415545
-0.79326683
-2.58695292
0.94961828
1.62025893
0.34344029
-0.17682907
-0.35666251
-0.05430633
0.85085636
0.04298329
0.25720727
1.35581183
0.65335083
0.39859012
1.03043878
0.66724002
-0.22887012
0.22568716
0.20317735
-0.00194311
-0.12039549
0.10781766
-1.60211456
0.26957321
1.38574779
-0.48419982
-1.36230862
-0.00620974
0.76803929
1.46073723
-1.09138823
-0.66365349
0.24054560
0.91542590
1.80835152
1.79227960
-0.68780792
0.98506069
0.40686131
-0.66393423
-0.53538358
-0.48153710
0.04333967
-0.21763965
1.58846331
1.22699022
-0.07083479
-3.13518286
-0.52009618
-0.71187866
-0.04138984
0.87210059
0.40268743
-0.03669208
-0.16568652
1.93083811
-1.96314931
-0.09790128
-0.02347386
-0.26394668
0.73421681
0.22180572
1.67697060
1.14339328
-1.77514851
0.28944990
-1.14972305
0.43348089
0.57863271
-0.14157704
-0.79336941
0.00416321
-0.35238719
0.34153825
0.14776383
-2.01564908
0.42651135
0.15055928
-0.14310767
-0.06484663
1.01797199
-1.32976484
-0.26274878
-0.05916545
0.64946383
-0.24624419
1.18537784
-1.53666341
-2.10109162
0.30533189
-0.35192528
0.49863008
-0.02529693
-0.76819789
3.14423847
0.15285233
-0.76278234
-0.80994475
0.22045110
1.19626462
0.47006363
-1.56151319
-1.27827406
-0.42520380
1.54283488
0.08540213
-0.31610930
1.13755989
-0.60014445
0.05148488
-2.65028000
1.52784491
0.15811583
-0.11361775
-0.00639705
-1.72139859
3.18763256
0.84739757
0.14601341
0.10698175
-0.61394167
-0.10611871
-0.18735132
1.08215857
-0.36329487
-0.08171496
0.11962186
0.09715737
0.52643591
2.40091181
0.24219039
-0.20612982
0.28143159
-0.98717344
0.08484792
-0.28379810
-0.81266892
0.62338829
0.33718032
0.03628498
-0.75013649
-0.63859791
-0.15737200
0.68183661
-0.13606502
1.09662199
0.35459843
-0.35165051
0.47065318
0.54180253
0.69064647
0.19859293
-0.49413395
-0.80442059
-0.00697677
0.15021943
-1.75863147
0.66723120
-0.01146647
-0.30237472
0.00089386
0.12323461
0.32366356
-1.91253948
-0.14221656
-0.11446717
0.15556949
0.74998254
0.56302053
-0.32981151
-0.00456566
0.38648698
-0.48390263
-0.34203187
0.84976220
0.41531664
-0.69718903
1.02021933
-0.22717668
0.61206377
-1.52452826
0.43234900
-0.20142372
0.38706443
-0.23757619
0.00714844
-0.01865529
3.29076099
0.25132307
0.06808292
0.76463175
0.47980541
-0.30195457
0.75122809
0.37584415
-0.17749874
0.67875957
-0.47160825
4.09528923
0.48651028
-1.63967967
-0.14682189
0.19059381
0.09565857
-2.42815351
0.32371348
1.23620689
0.01064559
0.30375990
1.38932800
-0.09551254
-0.61006141
0.59619427
-0.15367998
-0.08355872
0.26909852
0.01226571
1.44211173
-0.00834855
0.28462192
0.65334868
1.23049247
-0.49033043
-0.18672350
-2.69282341
0.63672900
0.24525204
-0.05055553
-0.84335339
0.06992207
0.45741183
0.08826980
-2.43641663
-0.42082211
0.13314450
-0.45481110
-6.44686317
0.06208957
-0.12874378
-1.62382555
0.31184590
1.36318004
0.61726248
0.51229703
-0.22164354
0.94015294
-0.43896782
-0.96493471
-0.00835361
0.01143432
0.06111085
