384
-1.39316189
-0.09723022
1.71742296
-1.30510485
0.26524466
-0.33031273
0.37708870
-0.91220582
1.06571913
-1.26428354
-0.31601802
0.16032645
0.04877023
-0.73411858
-2.44905472
0.79791003
-0.49687058
-0.15780702
1.20439315
0.08420291
-0.36034375
-0.54651582
-0.10523304
-0.43941951
-1.37447810
1.41332936
0.17229433
2.37035918
1.52400804
-0.08250424
-0.60499573
0.09451862
0.72276568
2.71465778
0.13718125
-2.08251476
-0.16233480
-0.40623218
-1.58185112
0.34081528
-0.10438535
-0.53437680
0.19944696
2.26125860
0.07437675
-0.76332396
-1.19188488
0.14283988
1.50398731
1.25417793
-0.13196632
-0.08022207
3.31586909
-1.91337419
0.51130205
0.06560610
0.60884202
-0.71840453
0.29123136
1.09687197
0.22194311
-0.22499542
0.14105697
0.55112082
0.58543050
-2.00248194
-0.12193705
-0.36617485
-0.24798755
0.16969106
0.53142744
-0.50696993
-1.92569304
-0.10134973
-0.06197369
0.45957810
2.68657732
-0.67654157
0.02714473
-0.09591132
1.19396412
0.68475091
-0.04564135
0.00770006
-1.08532000
-0.42344496
-0.18091291
0.52949417
0.19175455
-0.14419428
0.01567660
0.09227456
-0.25254345
-1.71345019
0.29728594
-0.56063497
0.98011255
0.47974575
0.11595575
-0.55119705
0.02960787
0.25345269
2.79041147
-0.17255706
-2.79651308
0.28096712
0.53866196
0.37771311
-0.54670125
-0.32190952
1.04898787
-0.52944505
-0.15014258
-0.11358410
-0.98850554
0.38613418
0.60109007
0.36146480
2.48954654
0.03846088
-1.58792925
-3.62896347
1.36804509
2.66916418
0.05255613
1.96265602
-1.89458752
0.10358173
-0.01230309
-0.16048282
0.82753754
-0.06911215
-0.08905441
-0.19116811
-1.89316833
0.01144277
1.83585358
0.07976745
0.08987392
0.16192661
0.07499050
0.15277544
-1.01204741
-0.60877454
0.27828020
0.54034442
0.71919519
1.21758139
0.69550693
-0.37047681
0.75169295
0.60674888
0.20678684
-0.23433815
-0.43017095
-0.07122642
-0.64438844
-0.41605851
-1.27951217
-1.03988326
-0.28627133
-1.37931156
0.75872481
-0.65283281
-0.25010651
-0.11414032
0.97951990
0.90637374
0.48276934
-0.37418699
1.10371196
0.20888290
0.00937097
-0.43922219
0.66139293
0.13851625
0.31891745
2.15620065
0.15389341
-0.13733619
-0.12501407
0.49156591
-0.29291582
-0.39179111
0.06174180
-0.09304461
-0.44220528
-0.40032274
1.86977458
-1.27887464
0.11286962
-0.40911916
0.46910942
1.23419487
0.37642288
0.81267625
0.58632803
-1.04643679
0.10872853
-1.13152730
-0.79398429
-0.33646426
0.00946376
-1.22559714
-0.07497758
-0.49098128
0.16455147
0.11169355
-1.71386957
0.02398290
0.65561903
-0.03923139
-0.83888364
-0.20952752
-1.08378959
-0.31277898
0.25962460
-0.24624212
-0.26464218
1.55110788
-0.97882956
-3.27822614
-0.22243953
0.20353405
0.33622968
-1.09566879
-0.55420464
2.39106393
0.61177552
-1.33311605
0.82065684
-0.21333931
2.05833411
0.22170688
-0.08287466
-1.51171470
-0.36656398
1.41074228
-0.12337953
0.46509704
1.41046488
-1.44719744
0.52674997
-2.28414512
1.71730864
1.20405424
0.04632625
0.59840596
-1.33442211
3.51272273
1.66691136
0.55100292
-1.85699534
-2.73483014
-0.31369436
-0.37316525
1.40355527
-1.11271644
0.09370297
0.36274534
0.25244987
0.54574531
1.48535633
0.87340117
0.49289915
0.19523887
-1.38717031
-0.08550762
0.09618592
-1.60580301
0.15450695
0.06800126
0.18281826
-0.97015238
-0.06679036
-0.29328081
0.55882949
0.18172941
0.89956933
0.47687066
-0.37536213
1.02094579
0.13613155
0.16568080
-0.42990670
0.35073277
0.44162583
0.06360109
0.32213774
-1.81524873
0.26543513
0.24732111
0.05416147
-0.34592032
0.23344785
0.27399138
-1.56204844
-0.01054412
-0.24927777
-1.40470839
0.87210011
0.14482248
1.64460421
-0.05862489
0.12995389
-0.08181322
-0.25456977
1.14957583
2.13825798
-0.03022557
2.48923063
-0.27886364
-0.88826883
0.05798453
0.20761845
-0.48539287
0.91236728
-0.59613693
-0.70985854
0.11729823
0.86526841
0.24773669
-0.58210409
-0.84937048
-0.18693036
0.80008119
0.81931317
-1.06592238
0.06846189
0.72930086
-1.20409918
3.43525100
-1.13268423
-0.77293825
0.65336025
1.35049117
-0.30246782
-2.85616708
0.28306100
1.05550325
0.40896291
-0.44285274
2.55947781
-0.15559292
0.31094736
0.54584134
-0.10922894
-0.86166078
-0.06068310
-0.26328722
1.67846274
0.24796501
2.17846322
1.70770264
0.38437316
-2.30373216
0.17455088
-1.52036810
-0.17106615
-0.16621566
-0.37040055
-2.83780289
0.01034063
0.00338921
0.52202672
-0.22879767
-0.16840869
0.47082973
-0.25489107
-4.26807737
-0.34619319
-0.02432846
-0.01425269
0.58979261
0.75291300
0.06836641
0.58466637
-0.05493220
0.89107621
0.31800628
-0.50331151
-0.76093781
0.48357809
0.93312502
