384
-0.92908221
-0.01875556
1.18648624
-0.76070595
-0.23738617
-1.00560439
0.76348555
-2.78106594
-0.51703334
-1.17899668
-0.43215731
0.11048161
-0.17721589
-1.12487459
-3.06389999
1.01368511
-0.17299347
0.38161129
-0.58288705
0.02963303
-0.26781985
-0.00428170
0.02682666
0.55566508
-0.36301523
-0.27301750
0.20882267
2.07404900
0.81735849
-0.28043947
-0.53041041
0.30969560
0.41387933
0.11920202
-0.04632701
-1.41808426
-0.50890899
-0.22730710
-3.57147312
0.31219593
-0.17341262
2.62059212
0.05490917
1.84927344
-0.98373866
-0.11833215
0.83581942
0.72206730
-0.37279797
1.44618154
0.04263309
0.01063704
1.34234858
3.41717148
0.05414541
-0.20049459
0.34692636
0.42528912
2.85600781
0.89475322
0.85129213
-0.14733988
-0.01743971
0.92976993
-0.36469832
-1.59904408
0.25968960
-0.67822582
-0.29915118
-0.13447335
-0.04577172
-0.46017456
-1.00176179
-0.43333393
-0.07683808
4.41200447
2.35098934
-0.09999591
0.59762430
0.00432680
2.11739349
0.15985575
0.67941117
0.29765385
-1.02626979
-0.08311201
0.08919665
0.60367614
0.34790286
-0.05529588
0.30804831
-0.13864154
0.14725865
0.74946332
0.09541105
0.14720801
0.84290135
0.18002018
-0.31962523
-1.22435617
0.03295847
0.32027024
1.28594232
-0.42356491
-3.64709759
0.22927438
-0.59828848
-0.03425682
-0.40532988
-0.68626785
0.17364134
-0.97521257
-0.03060530
0.37273040
-0.52090371
-0.07006630
0.66791606
0.33382112
2.12541103
-0.03561831
-2.16523933
-1.17664027
0.23789363
-0.85254502
1.10253441
-0.01577237
-0.95255303
0.31959745
-0.39837620
0.17150138
0.96726710
-0.14957732
-0.52862740
-0.33206928
-1.41849029
0.34227997
2.13265872
0.00769871
-0.30413193
0.09346937
0.27800110
-0.39808056
2.40684485
-0.32908601
-0.23116222
0.84390259
0.30517668
0.45991743
0.88799739
0.10642584
0.01430753
0.40531015
-0.10012328
-0.66521823
0.25433183
0.17513537
-0.46251845
-0.36285251
-0.05236804
-0.72372812
-0.11874519
-2.15292454
0.70367199
-1.17470896
0.15927775
-0.19392532
0.95010281
1.73217225
0.10703427
-1.15529954
1.11155975
-0.20671654
0.61659646
-0.48272941
0.27877086
1.15883338
0.36003324
-1.68052411
0.60364294
0.09714895
-1.38424969
-0.22952718
-1.99002242
0.14948933
0.23142476
-0.30730993
-0.98845506
-0.43305355
1.61344123
-2.53712368
0.22067313
-0.02241319
0.07210977
0.98139203
0.30399865
0.29925448
0.59205949
-2.30621624
0.33919081
0.23203215
-0.33610669
-0.25030169
0.00561826
-1.35778058
0.25073949
-0.13170171
0.08500631
0.73404849
-0.18361712
-0.11648606
-0.19897015
-0.02933977
0.75980031
-0.20704116
-0.71096110
-1.47008586
0.32534200
0.59854060
0.01718155
1.06422639
-0.16401148
-1.81152713
0.16325095
0.03831329
0.12889737
-0.46606404
0.03485310
3.48906565
-0.25519416
-0.36268124
1.33225489
-0.84851682
2.85174656
-0.04726443
-0.56672299
-0.98349291
1.74977076
0.93084705
-0.12445507
0.05738047
0.71084541
-0.24644998
0.06604075
-1.35170913
1.45333135
-0.48403639
0.12431540
0.15704830
-0.67855048
2.38337255
1.08191431
0.70650506
-1.73066628
-2.33688045
-1.24402702
0.12788534
2.04435945
-1.57657874
0.04631575
0.35854429
0.19365014
0.89297777
1.15636635
0.39202714
-0.15388203
0.07989112
-0.56494188
0.28757876
-0.29770368
-0.98392570
-0.81353748
-0.03848886
1.20561123
-1.11653531
0.12066071
0.24563208
0.35624591
0.22444223
0.55494535
0.40128395
-0.65167677
0.63625556
0.01350288
-0.74454296
-0.23655915
0.01727366
-1.04808879
0.07426180
0.00349845
-1.86677074
-0.24562952
0.50254995
0.01475698
-0.17837426
1.25513721
-0.03477947
-1.03243983
-0.34172356
-0.08469754
-1.63309693
1.22330785
0.58409798
0.20582622
0.24296641
-0.32597843
0.14551678
-0.29162011
2.05221200
0.84614933
-0.02400887
1.84972215
-0.37354982
0.86601311
1.49778891
0.21308826
-1.42486119
-0.40585363
0.06432257
2.71606302
0.18878087
-0.19153273
0.13136004
-0.12411229
-0.07849240
0.19662534
0.52325821
1.09980583
-0.04390795
-0.45123005
0.23053458
-0.84523499
3.60473633
-0.22094411
2.86357665
0.02711618
-0.39015996
-0.06899010
-1.83147073
0.18572639
-0.78998184
0.48012951
1.04217243
-1.25121152
-0.29602343
0.15238360
0.92420864
-0.42918414
-0.11793351
0.24490780
0.20079187
0.50936168
0.41148007
1.17634916
1.48243010
1.92750895
-1.51009762
-0.30748102
-1.53342533
0.58500659
0.53286111
-0.14219634
-1.40658939
0.20265192
1.38451004
0.28990030
-1.91174936
0.06881015
-0.14551075
-1.00482392
-6.04485846
0.28423867
-0.46588242
0.20290329
0.68390501
0.80623484
0.00046185
0.06378816
0.36531764
0.48937368
0.32179701
-3.62544060
-0.31273562
0.07050464
0.18184093
