384
-1.36727607
-2.54830480
1.02932155
-0.81746244
-0.62292361
0.26762378
0.55052090
0.08709794
0.76653272
-0.07334441
-0.47676301
0.30168092
-0.40716988
-0.80792236
-2.28326130
0.57521784
-0.21856487
0.26789004
0.93788385
-0.02581543
-0.54480243
1.90170825
0.10768214
0.08835098
-2.02638888
1.41830730
0.45541680
1.85535264
3.14217520
-1.76992273
-0.60612941
-0.80469424
0.84019989
0.71172231
1.23415482
-1.37167668
-0.17662635
-0.71362108
-0.84491563
0.47867197
-0.30204669
-0.51980078
0.80730075
2.02984858
0.10048439
-0.37343702
-1.89517426
-0.00617039
0.30443722
-0.15313548
-0.46606225
-0.55899143
3.76077104
-1.26542294
0.08617918
1.07861543
0.32729819
-1.44955039
0.50960904
0.14683007
0.23700356
-1.01640356
0.70768183
1.21704066
1.41107750
-1.58147526
0.56216830
0.84942496
-0.74939340
-0.04099201
1.17331791
0.34714547
-2.28489828
-1.32230663
-0.85905755
1.57101083
2.44604254
-0.26468140
-1.05346024
0.18976256
1.76156521
-0.44450718
-0.49835461
-0.12966263
-0.96347761
-1.43876970
-0.20128554
1.69814765
0.87190664
0.28110468
-0.20958453
-0.34410006
-0.78982478
-1.04996359
0.14798468
-2.32253003
0.72322023
0.49201435
0.52816385
0.26842868
-2.24118543
-0.76509237
4.45685577
-0.87776560
0.05198240
-0.85004115
-0.17948639
-0.61577332
-0.25468776
0.50420547
1.84984350
-1.37368238
0.12455228
1.82216048
-0.99346733
-0.04402420
0.69142103
-0.93434501
3.62495923
-1.33119309
-1.38256383
-2.96722317
-0.03247345
-0.11035973
1.12546408
1.62323320
-2.30960464
-0.52261662
-1.95950758
-1.37025881
0.87531453
0.20711359
-1.16586411
0.85735810
-1.87038231
-0.17491925
1.36865962
1.11342788
-2.03875303
1.01638484
0.79141134
0.71713448
0.80925602
0.18166232
-0.79490840
0.39303103
0.17781191
-0.01636133
1.33427429
0.86764121
0.18435332
0.10252365
-1.15618014
-0.00222017
-0.83520931
0.52060413
-1.92043626
-1.38491201
-0.60672987
-1.36504471
1.82595277
1.53985310
-0.21623752
0.41366357
-1.13161337
0.43425298
1.11414242
1.22163677
-0.57399726
-0.50320613
1.53907251
-0.08048755
-0.94439662
-1.11478341
-0.54185587
1.36446857
0.03814077
-0.00027326
-0.51998371
0.72735631
1.28382969
-0.35040504
-0.38085470
-0.39620817
0.56563240
-0.00127107
-0.63716197
-0.98222566
2.62436080
-0.07697463
-0.39076483
-1.25252616
-0.40958440
0.93598974
0.34316283
-1.67689991
1.75259447
-0.72168326
0.52978134
-1.79942393
-0.13862690
-0.81308889
0.98537254
-0.70716131
0.57017040
-0.90067255
0.47100165
0.01125745
-1.74155641
0.82596022
0.49983948
-0.67267096
0.24589613
-1.58954287
-1.11230183
-0.01903604
0.30409223
0.12779090
-1.02613711
0.89129180
-1.71690369
-2.49972439
0.62439674
0.66765356
-0.67099762
0.48850036
-1.79578686
1.31056511
-1.98191500
-0.74772513
-0.41702926
0.70573914
1.72535503
-0.70057416
0.54125130
-0.50920874
-0.59960669
1.79989934
0.59566307
-1.17395926
0.61877263
-2.73092175
1.38101840
2.21516705
-0.09706717
0.46818501
-1.15315890
0.37864220
-0.62546653
4.56991673
-0.01217365
1.68431795
-2.64701366
-1.74948621
0.81866312
0.29179859
1.50452697
-0.67264146
-0.06022281
0.49222010
-0.16552956
-0.50065672
-0.14850226
0.88913149
0.68421805
-0.14295517
-1.64151692
0.67326355
-0.12532651
-2.46493912
0.22891240
0.54129660
-0.53351569
-0.85172868
0.97602594
0.05111866
1.27057076
-0.56611437
0.99154186
-0.24562532
0.25484318
0.49565488
0.35008073
0.54669231
-0.79595417
-0.64564753
-0.95902932
0.49834171
-0.53836584
-1.49908090
0.42942768
0.30761060
0.40076613
0.84854817
1.88259840
-0.62339699
-1.04305053
0.05658790
0.17215194
-1.75225568
0.70955992
-0.58228278
0.45147941
0.05324967
-0.93109053
1.28062963
-0.88510287
1.64514017
2.03652668
0.42607260
3.12456274
0.12134678
0.77247256
0.79854548
0.99299634
-1.72207129
2.30334377
0.41738021
-0.99110144
-0.17490286
0.06150562
-0.75101453
-0.05397117
0.23291829
1.57434857
0.16986141
0.10752589
-0.76974541
-0.28293598
0.72753584
-0.18779939
3.20896339
0.95247769
-1.32235634
0.44480297
2.04697013
-0.50080383
-2.33492184
0.17106204
0.15531349
-0.64407420
-1.44969189
2.09878922
-0.40259063
0.76268554
-0.23806629
-0.58274949
0.62640333
0.44969475
-0.64377856
0.66292310
0.49048233
1.05554760
0.79875606
0.73409867
-1.66873360
1.00970876
-1.98423409
-0.92597580
0.54396731
1.51896358
-0.55873632
-0.03960219
-0.75722247
-0.48145223
-0.73376364
-0.13335851
-0.01778081
-0.50859642
-2.44492936
-0.79692417
-1.90469420
0.43136078
0.06206144
1.32037544
-0.02006543
0.18872052
-0.45613009
0.42459300
1.25150871
0.32486770
0.97192144
-0.37500876
0.49328834
