384
2.31091261
-0.12419218
-0.00987571
-1.94582534
-1.91477990
0.44724602
-0.09498658
-2.15404963
-2.16662741
-1.33342671
-0.71237177
-0.55556619
0.17346606
-1.13217568
-1.99772394
0.24410708
1.50720465
-0.65719604
2.62030721
-0.34229296
-1.88788986
1.39492369
0.44510657
0.29195350
-1.09142613
-2.56809282
1.11324060
1.96433675
-1.58735621
-1.01845729
0.22500151
0.04680139
-0.46057931
2.60490799
0.17044878
-2.31006384
0.07770315
-0.53212523
-3.19462919
0.02573445
-0.92275602
0.60174632
0.87132990
3.79832578
-2.62702489
2.08104157
1.33297062
-0.97139925
-1.94232655
2.85751057
1.05058742
-0.98186660
2.01353574
2.71092224
-0.62371910
1.48929644
-0.33872434
0.67570776
-0.25268286
-0.12523858
-1.15314770
0.04195918
0.39169437
0.94696170
-0.46862796
-0.54512382
0.62124616
0.29526949
0.57984596
0.59872901
1.90690088
0.20942859
-2.13509440
-0.90119541
1.14186358
-0.31924772
2.79729843
1.40146816
-0.02704915
-0.37889487
1.98052335
-0.00380419
2.92687583
0.03885798
-0.67080748
0.07836584
-0.68301213
0.51950240
0.01680325
0.41198444
1.43850565
-0.19311571
-0.57092434
0.12462652
-0.52710795
0.01967084
0.55869454
0.05070141
-1.10544133
-0.37709779
-0.76109856
-1.01828790
0.80967349
0.53548640
-0.28451627
-0.58016890
-1.02085853
0.61675686
1.56713533
0.37232551
0.25381729
-1.45756650
1.02275920
1.22946346
1.56201136
-0.04043768
0.39088380
-0.17692500
1.71264482
-0.48763806
-0.57685542
-2.90281630
0.84023219
-0.75279641
1.12628138
-2.16043878
-0.96604484
-0.37822410
-0.04436308
0.55102968
-0.11393353
0.36564624
0.05942219
0.66137183
-2.02012873
0.21814665
1.46162379
0.04987079
-0.44565159
-0.04703188
1.68150151
-0.61278754
0.37227577
-0.50193268
0.18132454
1.10292101
-2.01105595
-1.38306260
2.55546665
-0.42565742
1.95284319
0.02893504
-1.10157108
0.19088033
-0.20963685
-1.67718077
0.69188255
0.32734615
0.90930355
-0.07844096
0.86796105
-0.01947665
2.19856334
1.68521047
1.53316832
-0.21758237
3.02476001
-0.07970986
0.09004864
-0.80430442
0.95625097
0.30842626
0.70465636
0.69904912
0.14095044
1.41458237
1.13476968
0.54188740
0.37812120
0.28856185
-1.59827197
-0.61775059
-1.48236227
0.15152037
0.66414416
-0.12277263
-0.55217659
0.26979113
1.43048179
-1.36489892
-1.15644777
-1.01437390
-0.58103198
-0.15756464
-0.47749168
0.53545552
0.59536558
-1.96898401
1.57106686
-0.11087531
0.73328263
-0.39804983
0.85859394
-0.85870963
-0.87493354
0.03567261
-0.21598311
0.25896046
-2.32780170
-0.56507134
-0.62872040
-0.09774871
-1.17736840
-0.40878668
0.15246744
-0.13770956
-0.16731375
-0.20624438
0.10371512
0.53640240
1.08519435
2.56720114
-0.03832015
-0.50574845
-1.38209224
1.14700639
-2.24537468
-0.91752684
0.66038424
0.61017561
-1.48464513
0.95622826
1.20709777
0.58352464
-1.46714067
1.07180345
-2.35325456
1.19252479
0.12042480
-1.08432865
-0.93675792
0.14662737
0.38678023
-1.12165987
-0.54131240
-1.08324182
-0.59155357
-0.39625350
-0.59180194
2.17255664
0.32033747
-0.31358188
-0.67806607
-2.01640320
-1.40169001
-0.97587627
0.10451084
-0.14385039
-1.32425416
0.81496477
-0.29246509
-0.11002497
1.43335962
0.46206015
0.56846046
-0.47412506
-1.39328134
0.70174015
0.88736558
-1.93189037
0.01874924
0.10647041
1.19261372
-1.22454238
-0.30443257
0.99233198
-0.45974600
-0.06057718
0.80025500
-1.36219442
0.51062685
-0.65940475
0.08544967
-0.64692229
0.60029316
0.52332705
-0.59494162
-0.20446703
-0.10909445
-1.02381277
1.47016263
-0.57834327
0.89793402
0.14896625
-0.18949954
0.11739977
0.63317710
1.73783612
-0.76493549
-0.58599085
1.47199178
0.08313219
-0.39937150
0.96590573
-0.61691093
-1.11131012
0.47714832
1.16494548
0.74645174
0.52145547
-1.13369942
0.58909690
-2.68697691
1.03094566
0.74265808
0.88446939
0.69943267
0.11310358
1.99982238
0.42929077
1.43565786
-0.23562901
0.19718625
0.96677148
0.12292560
-2.66884255
0.24164772
-0.98329532
0.52535272
0.70120001
-1.01069403
3.29142880
-0.04896945
1.28623319
-0.07235739
0.49962997
-0.84423029
-3.53825903
-0.56197006
-1.18097138
0.01007470
-1.14228678
0.36961383
0.09078614
1.09954906
0.22901352
-0.99553853
0.28924370
-0.57220870
-0.01424798
-0.01633167
0.44001031
0.55614442
-0.07151355
0.25500488
0.72778040
-1.26987624
-2.14787078
0.90631372
0.40622014
-0.31113020
0.24137120
0.37901163
-0.07541215
0.85802484
-0.00067508
0.45506021
-1.36398423
0.69613087
-0.35209012
-0.42141277
1.42798078
0.32097042
-0.97203481
0.60727632
0.84268212
-0.12714297
-0.91754615
-1.95478272
-0.50521004
1.78597999
1.24932218
0.10709217
-0.38339370
