384
-0.70000803
-0.20581704
-0.00705135
-3.63614130
-1.14546907
-2.24486780
1.80974793
-2.69530439
0.22199371
-2.15487671
2.27494788
0.02059764
-0.34841344
-1.65275383
-2.25521493
1.78687680
-0.03636673
-1.05681932
0.48383275
0.33932474
-1.35867691
-0.43492079
1.61556065
-0.96848738
0.01455650
-2.26699376
-0.85951042
1.59321427
-0.36813891
0.99933529
-0.29897851
-1.00803065
0.97416359
2.90420771
-0.35509092
-3.93599534
-1.01273274
-0.21109256
-4.54207563
1.58698606
1.11554146
0.94310665
-0.69545412
2.45956659
-1.87916899
2.22274494
0.86750019
-1.48026752
0.22658324
0.94050217
0.71984577
0.65695679
1.26222658
3.78644156
-0.97664106
-0.02216255
-0.16480745
1.71877337
1.05405176
0.39862499
1.03007782
-1.74949729
0.36562657
-0.97844952
0.41172451
-1.66357398
-0.54805624
-0.50546581
-0.35415009
-1.11735094
-0.76389170
-0.03614765
-1.24268007
-0.38431519
1.62125719
-0.19520634
3.31775713
0.40902919
0.31853577
-0.12856574
1.91457939
1.19519651
1.69266987
-0.40870872
-1.01384246
-0.18652469
0.93952191
-0.42867565
1.63842285
0.32503730
0.28275901
-1.04602385
2.12338543
0.92752224
-0.31582999
-0.08408780
0.30867711
0.32876697
-0.94361293
1.57340372
2.67681694
-1.32727766
0.67109907
0.62617218
-0.78768605
-0.87807369
-2.72448230
0.07236190
0.45017678
0.45643246
-0.50712216
-1.79877162
0.91765797
-1.87969804
-1.94003844
-0.09937785
-0.31362402
-0.86175323
1.74027073
-0.48146456
-0.77235425
-2.58855104
0.87628824
-0.62360781
-1.89266610
-1.27437305
-0.77460992
1.15041089
2.44647956
1.20190847
-0.82320493
-0.35238713
-0.74754125
0.62977654
-1.75972188
-1.78630853
1.93150067
0.20961574
-0.38779539
-1.36503553
-0.26577610
-0.27969629
1.74530864
0.57282579
-0.40505552
0.04281938
-0.41242552
0.28759581
-0.80716944
-1.67666924
1.03612924
-1.67441463
1.88264549
0.11945555
1.65597391
-0.52880692
-0.25025690
1.03399932
-0.23987359
0.11281133
0.57444715
-0.29858011
1.11381388
0.06666172
0.16007143
1.15499949
0.85886806
1.25871086
1.44881690
-2.04138207
1.78212047
-0.81697762
1.28022802
-2.15820479
0.89649069
0.74004436
0.10821578
-0.71153188
0.15681013
0.34242478
-0.70980322
-0.18533540
-1.59287012
-1.15740538
-0.85306728
-1.58136094
-0.15882027
0.54440808
1.03283310
-2.06939363
0.33768323
2.10708356
0.28977945
0.25377589
0.48046127
0.23375584
-0.00728627
-0.75492781
-0.70584321
2.95812011
0.55251569
1.15678692
-0.22116716
-2.72219133
0.33870405
0.47535974
-0.67685968
-0.24955769
-0.81884015
-1.41456652
-0.79690599
0.52419335
1.04982495
-0.98698717
-0.09523115
-0.49034488
0.96084654
0.74148053
1.59559178
0.90826607
0.29371732
3.36662149
-0.80074418
0.61929435
0.68630606
-1.56209230
-1.20684052
0.99525583
1.16328514
-1.09700072
-0.95213687
-0.46008462
2.33915377
0.96019471
0.28409094
-0.92994046
-1.43058884
0.80847657
-0.86403787
0.24398088
-1.37048817
-1.16497505
0.27922714
-1.92275500
0.04497659
-0.54822558
1.72949839
-0.29392606
-0.59167355
1.41860676
1.69485378
-0.58685398
1.33771014
-1.88859344
0.39638311
0.18341830
0.08011806
-1.65903819
-0.91706896
0.78138411
-0.71873784
2.57046175
0.92305630
0.87151635
-0.07831830
0.31028807
-0.45238665
0.40700281
-0.77018535
0.07397146
-0.65719360
-0.35598570
-1.97797930
0.33094195
-0.27618781
0.31179404
-1.62609386
0.89694846
1.51905191
0.70421869
0.09162074
0.88290942
0.11793296
0.75394839
-0.52498770
0.65058839
0.22848405
-0.00520618
0.53759176
-0.11002493
-0.29631117
0.74130112
0.23902246
-1.48466420
0.28045884
0.27288318
-0.51310062
2.28159451
-0.45962429
-0.26807207
2.46477222
0.75269341
-0.40595597
0.15017423
0.44405323
0.34559655
1.08365011
1.72730553
-2.18452311
-1.16621184
0.30209196
-0.72857416
-1.16010225
2.40965796
-0.26507235
0.95506871
-0.52017635
0.18966934
1.85467434
0.77404559
0.53940642
-1.37398684
-0.77913380
0.02767333
-0.25345170
-0.48515412
0.83787847
-0.69176388
-0.19227131
-0.11262928
-0.46824539
3.11319304
-0.06839943
1.42613935
1.90334785
0.44492027
1.56868196
-3.53948021
-0.71300977
-1.94965446
1.59290159
-0.76318526
0.33198965
-0.39956278
-0.15561318
0.82706362
0.60394710
-2.55607939
-0.35298732
0.08866063
-0.07702100
-1.35069168
-0.21764067
0.66219425
0.56082261
-2.87572384
1.27702594
-2.94129777
-1.03254509
-0.09895004
-0.20288251
0.72283053
-1.47647858
1.47364163
1.54245198
-0.27829427
0.49536246
-0.67996597
-0.43426400
-1.74713469
1.68595338
0.97397310
2.77005982
1.08105886
0.02063389
-1.98150933
0.22335421
0.95665550
-0.88511854
-0.32913592
1.01153398
-1.41180146
-0.95539010
0.04940248
