384
-1.02191734
-1.00784171
0.71362573
0.05407166
-0.98804545
-0.84005046
0.33005002
-1.47180271
0.04350489
-0.60562718
-0.32939750
0.40766996
0.46630657
-1.30306661
-3.10381031
0.47554663
0.08176963
0.67037582
-1.41105902
-0.58309668
-0.36968535
0.37263998
-0.88213491
0.78671086
0.19517672
0.67770332
-0.05714915
2.90854144
2.62344718
1.56794131
0.23589441
-0.80190456
0.59031451
-1.84486878
1.29461670
-1.06013477
-0.56645465
0.54234207
-1.39677906
0.31367105
0.29085475
2.18801498
1.01560843
2.22590518
-2.27740502
-0.17970335
-0.06893963
1.42724240
0.27427971
0.76764113
-0.76402855
0.69971365
2.12448645
2.34236050
-0.42927691
-0.77299130
-0.39646146
1.56970811
2.03099728
0.59341854
-0.50338674
0.25939947
-0.16301729
0.96825564
0.85237473
-2.11840916
0.08482920
-1.62304211
-0.07824108
-0.12806915
-2.35815716
-0.79484570
-1.12942946
-1.06104064
-2.10188103
2.86686826
0.84095925
-0.69472539
0.49750718
-0.50251305
1.70578098
0.08956029
1.54122400
1.38752878
-2.12520647
-0.75064796
-0.58210599
1.17612994
-0.40921116
-1.07851481
-1.19656551
-0.86594957
-0.99485046
0.20751411
-0.49398246
0.42209482
0.11607455
0.55621696
-0.25707591
-0.54364926
-1.11977363
-0.11726712
1.18842161
-1.93792701
-0.66657907
1.74106884
-0.18417561
-0.98478311
-0.50318110
-2.17222071
1.51806653
-1.33366156
-0.44928625
1.50234854
-1.72386980
0.85642475
0.95462292
0.09670831
1.22581077
-0.14396423
-1.72464585
-1.91048610
0.03827864
0.43662006
1.84569168
-1.67319334
-0.92767882
0.55312324
-0.61317658
0.48463565
0.40139139
0.29802367
-0.61624002
-0.82848346
-0.40337497
0.83152115
1.09766018
0.62014526
-0.92042124
0.65456873
-0.30958703
-0.35463744
4.47577858
0.05107461
-0.64249933
0.83740711
1.79891396
0.13591781
2.08713222
-0.08870116
-0.91537654
-0.76124173
0.31085238
-0.29403329
0.05289805
0.25610268
-1.12866783
-0.56458712
0.17866945
-0.32865748
-0.06741820
0.81286228
0.55536354
-1.92066145
-1.28518832
0.16419289
0.63941717
2.10921812
-0.54535151
-1.73099852
1.45769560
0.67978293
0.34772015
-1.25456882
-1.11796105
0.06816122
1.78624940
-2.52240515
0.21431774
0.39273253
-1.88833833
-1.11729002
-1.49426293
1.48054230
0.35440847
-0.97939777
-0.45879686
-0.67945886
2.13314581
-1.98813367
-0.42968696
-0.73850101
-0.16188595
-0.08599100
-0.37998521
-0.03597039
1.31055677
-2.04995298
0.58792973
-0.45969778
-0.97816455
0.43688995
0.96642548
-0.97230506
1.95102751
0.36938435
0.46007174
0.37822908
0.76870799
0.79118299
-0.64100415
-1.34385431
1.30944383
0.63094509
-0.98896927
-1.78431129
0.44510287
1.30073881
-1.06798708
1.03195739
-1.95454431
-1.88714004
-0.50183475
0.82967514
0.48534584
-0.31815410
-1.64027262
1.04383624
-1.73623538
0.58144134
1.03831983
-0.07807750
2.75444841
0.15694715
-0.00040090
-1.15097427
2.79207730
-0.16036841
-0.83037037
0.22401315
0.39294016
-1.96217430
0.04326671
0.08909523
1.75884771
-1.33483469
0.13353106
0.21438321
-0.62424624
2.51846600
1.72863841
-0.78015208
-1.05954218
-0.75499004
-0.44337916
0.42167318
2.31668425
-1.38341701
0.24153963
-0.97033131
0.19270116
-0.63385046
0.09003630
-0.04429340
-1.18060851
1.01564062
-0.16322994
0.68225336
-0.06409630
-0.47759718
-0.16855720
0.05280574
0.68086869
-2.26756382
0.59404665
-1.35469425
-0.54255921
0.34347245
1.13713622
-0.48455960
-0.24844977
0.52759743
-0.31910539
1.07712698
-1.21076751
0.20014825
-1.22699893
0.96448648
-0.15486413
-1.07204854
0.88563830
1.14007354
0.32091266
0.47953796
2.30811834
-0.22948642
-0.00871399
-1.62585711
-0.35243908
-0.59531808
-0.18391207
1.64142108
-0.55651581
-0.53141975
0.08062345
0.84074897
-0.91636711
2.11110258
0.73880929
-2.39411330
0.65634787
-0.55049199
0.12582856
1.72294652
-0.31545770
-2.44516492
-0.27858865
-0.25369415
0.16175765
0.05011939
-0.53377622
0.21822532
0.18110013
1.91327775
0.46543622
0.77899235
0.52241218
-0.26721185
-0.21442588
0.53927141
-0.15784708
4.05259275
1.02221012
2.18650293
-1.14464021
0.91891086
0.45136914
-1.18466747
0.56508684
-0.91005003
-0.63392580
0.65654969
-1.53142405
-0.59321475
-0.19608966
0.85530061
-1.23078024
0.01853734
1.15501320
0.40077972
0.68068737
-0.29387006
0.21432543
1.94785583
3.24812198
-1.90279317
-0.85985851
-1.95769775
0.95705140
0.96961951
0.94613326
-0.04795192
-0.01323383
1.05445349
0.60629606
-3.09001684
0.49570262
-0.20672631
-1.12049317
-1.95944738
0.02070877
-0.81891799
-0.47282910
0.92226857
1.34781432
1.00148964
1.16798055
0.45993116
0.64803123
-0.57245028
-3.58805442
-0.37131211
-0.21480225
0.82706642
