384
0.09632897
-0.05719227
1.65449882
-1.37028575
-0.23178518
-0.58457565
0.57586205
-0.23218894
0.22932711
-2.67725229
0.00719660
0.17883581
-0.01592308
-1.79518187
-3.05710459
1.00370193
-1.62881446
-0.15720442
1.27886152
-0.25543106
-0.46140271
0.19936632
-0.03703265
-0.11944875
0.18143791
1.77080083
-0.47880787
3.28107452
-0.01082271
-0.53516614
-0.01436444
-0.00843856
0.40939459
0.64468598
0.26194108
-1.43657804
-0.05050594
-0.22712435
-1.57807183
0.77829051
-0.28048167
-1.03052044
0.09623224
2.61997795
-0.33290327
-0.92984450
-0.83440316
0.70267558
2.66473889
1.50434089
-0.52332461
-0.47665626
2.43807912
0.49746525
0.10751908
0.30257568
0.09034610
0.06443313
0.62747902
0.88842511
-1.33214855
0.20567653
-0.00608986
0.60461408
0.11709710
-1.13274038
0.16052417
0.32971385
-0.32649973
0.29760793
1.03965986
-0.12586945
-1.34487641
-0.86016959
-1.16243815
-2.70230150
0.41387862
-1.49875546
-1.62823808
-0.10647790
1.12635577
-0.02483976
0.30311143
0.11784703
-1.07183194
-0.02705031
-0.26011094
0.78367507
0.11920404
0.23919272
0.03128258
-0.00231487
-0.31588402
-0.37162852
0.01467205
-0.01000251
0.35480708
0.10998785
-0.86842644
-0.04793753
0.48182854
0.96737826
-0.02656651
-0.18204385
-1.44322753
0.25554198
1.52741992
0.41248178
-0.33031917
-0.47303405
0.50008559
-1.44601643
-0.25387150
0.47578293
-0.23192444
0.36096597
0.84338725
0.00464296
2.66099215
1.67337883
-1.25417566
-3.22338367
0.62323445
1.36690724
0.01998118
0.54031444
0.72007447
0.67282212
-0.03221842
1.00956416
-0.20644861
0.47753346
0.09437069
-0.37826598
-2.02629662
1.32973051
1.56890106
0.38600832
-0.41342437
-1.16102457
0.26944000
0.91069305
0.70433950
-0.19302613
0.97513962
0.16244841
0.62947184
1.47977555
0.39302930
-0.62124252
0.62164533
0.37466979
-0.09063433
0.12676170
0.26484886
-1.37411165
0.12012618
0.75730968
-1.55081773
-1.23966396
0.10481559
1.21457648
1.46756959
-0.67066258
-0.14169022
0.00867064
1.96060157
2.09923172
2.16446137
-0.05962604
0.41903365
0.27354601
-0.11220342
-0.24325177
-0.19803292
0.06747878
1.73758721
1.54981792
0.29618677
0.00155675
-2.39013147
0.02985636
-0.63288713
-0.32917780
1.16258645
-0.17034818
-0.46353209
-0.06582814
1.81130958
-1.27597260
0.30220190
-0.01952340
-0.07076387
0.95105577
0.47751856
1.27446771
0.08565819
-1.82841492
0.05143161
-1.14304125
0.18007469
0.61838359
0.02061921
0.00073075
0.04702396
-0.19471112
0.09347562
0.03903172
0.30625486
0.33605835
0.87297195
-0.20306303
-0.53282332
0.39069813
-0.65698397
-0.37172064
0.12000231
0.11476318
-0.01306656
1.21724570
-1.04317355
-0.49273530
0.21291490
-0.09202117
0.13157456
-0.18787125
-1.29251122
3.17145228
1.19612646
-0.83356404
-0.42982054
0.60535735
1.15121150
0.48576164
-1.80455744
-0.99371767
-0.02751186
1.34777796
0.13617115
-0.14138827
1.16300750
-0.85332215
-0.22425014
-3.59669924
1.33504570
0.37649262
0.29418379
0.00915844
-1.89528704
2.01899004
0.74252409
0.20410085
0.94702804
-2.18302774
0.17242455
-0.21973795
0.80299020
0.65476292
-0.12514187
0.37800521
0.02933378
0.33566260
2.58635807
0.53909343
0.66359210
0.15761217
-0.20518276
0.25138468
0.01816556
-1.04800963
0.72163934
0.15358974
-0.30056134
-0.49458170
-0.44145751
0.38197908
0.48162073
-0.05071099
1.08477390
0.36959010
-0.24224380
0.42590240
0.24123393
1.18702555
0.28362846
-0.08724020
-0.59821731
0.13806556
0.03878191
-1.35099089
0.77486634
-0.17658687
0.16641816
-0.30455050
-0.07275309
0.22710438
-2.00527549
0.24074054
-0.00385447
0.39316058
0.48356277
0.31826586
0.42561382
-0.31726998
0.74558228
-1.15524781
-0.12387282
0.81550372
1.14141512
-1.66359758
0.85940778
-0.03421647
0.54696214
-1.54809654
0.10942865
0.08975306
0.93079293
-0.47802410
-1.52475357
0.05402037
1.07778728
-0.09652370
-0.11320532
0.06210282
0.28715321
-0.25869682
0.99516606
-0.35125375
0.18814990
0.83362377
-1.33734059
3.74134946
0.10704652
-1.81226289
0.31423330
0.25252214
0.14624222
-2.76065803
0.15865490
2.01701450
0.10243760
-0.19346261
2.30496335
-0.04145543
-0.27763575
0.84653300
-0.11189128
0.07779349
-0.09157075
-0.22263525
1.64027619
-0.05605000
0.94567215
0.91745073
0.92072737
-0.89343506
-0.07839574
-2.05255294
0.35463423
0.16399300
-0.33796042
-0.98792231
0.18279454
-0.57645345
-0.27562699
-2.07923603
-0.45517826
0.10161445
-0.58447438
-6.53941250
-0.02699395
0.15073706
-0.50207949
0.32800460
1.17614985
0.18219145
0.46609700
-0.24315859
0.71572644
-0.33606884
-0.51431835
-0.26431316
-0.06111219
0.30796951
