384
1.42551923
0.18305899
1.13322115
-2.31913781
0.61687768
-0.42036390
0.55111992
-0.97711283
0.26084453
0.50380927
-0.48206535
0.81054091
0.65613294
-2.16998911
-2.61372471
0.01825272
-0.50003183
-1.37744248
1.98657060
-0.07615323
-0.25370201
-0.84511280
-0.64348769
-0.25859317
-0.21189913
0.27299941
-1.47790968
2.43112421
1.07779717
-0.31852996
-0.52805561
-0.71047056
0.06437293
0.79000002
0.39540458
-1.85102749
-0.01114126
0.69069910
-0.83531058
-0.39001018
-0.80109483
-1.08936620
0.85098475
3.25846410
-0.00524042
1.30656230
-0.19351885
-0.15988243
-1.38775682
0.71961522
-0.95206821
-0.42965046
3.84076858
3.05463505
1.20740283
0.33456433
1.08474553
-0.47403237
-0.57031357
1.32823443
1.86355805
0.09910193
-0.32767576
1.00486732
-0.37983489
-1.18033731
0.03622696
1.62539864
-0.00596657
0.34863400
0.76010799
-0.86839008
-2.19489980
-0.58607888
1.01017427
0.66049016
2.68836880
0.43510726
-1.94175863
0.30604243
1.77093494
-0.52014863
0.31148341
-0.00754350
-2.34018135
-0.10768968
0.26350570
1.74003220
0.01338644
-0.03650758
0.23279712
0.83189338
-1.25772107
-0.50479710
0.34796393
-0.31863314
0.97584897
-0.21278147
0.35419971
-0.09430855
0.23423111
-0.22708830
2.26500082
0.44012702
-1.20789421
0.64920014
-0.07538599
-1.02189183
0.13875297
-1.44009149
0.25824392
-0.82933104
-1.06553531
0.40959522
-0.14833599
0.20701715
1.49956834
0.48886883
1.42357314
-0.90801990
-0.36949772
-3.60652685
-0.77603287
1.52779174
0.93331063
0.03981198
-2.67470956
0.54943556
-1.17655969
-0.82517368
0.31923181
0.01581870
0.37107486
-0.05191410
-1.43569660
-1.07205749
1.13422227
0.15828928
-0.50309652
0.25850901
1.20992446
1.16233301
-1.01921809
-1.81808972
1.60543084
1.18978941
0.89276755
-0.52265948
0.61297441
-0.78453702
1.20203543
2.94443464
-0.63134712
0.73965460
-0.17167491
-1.34258962
-0.92891437
0.54177022
-0.05830217
-0.40398729
0.40041879
1.85685301
0.14907348
0.76557815
-0.47460565
-0.70616239
1.09391272
2.40757084
2.05004811
-1.77696681
0.24139282
1.80575335
-1.70728517
-0.41040552
-0.07814853
-0.12476246
-1.02019107
0.87763900
0.51245618
-0.04044461
-0.76130414
-0.95952320
-1.24859667
-0.51084477
1.06833994
0.57040238
0.52167726
-0.17523575
2.30066872
-0.14493847
0.75441295
-1.48915446
0.65830016
0.22594176
1.19278276
0.56920457
1.23281574
-1.25095332
0.23080458
-2.27336693
-0.34562638
-1.57440674
0.44244108
-1.69227624
-1.37845361
-0.28344139
0.78614473
0.77169704
-2.97635603
-0.15777525
1.12496591
0.23400973
-0.77497482
-0.06066865
-0.55431962
-1.63432932
0.28387749
-0.92744207
0.15945341
0.64681304
0.32223159
-0.74326748
-1.15869689
-0.16446587
-0.21462089
-0.34722963
-2.01788330
0.21020171
-0.85382974
-1.42012775
-2.35971189
0.91289389
1.37471378
-0.00827423
0.42824876
-0.96203643
-2.76908588
1.30812764
0.99635959
0.95177388
0.43788975
-0.54836744
-0.35457367
-0.26922995
-0.95432585
0.24229464
0.05472755
-0.29406619
-0.14892781
3.25734830
1.61453128
1.32024884
-0.99622858
-0.57296580
-1.05561244
0.09905156
1.03749096
-0.60281122
0.66368514
-0.10070013
0.32942668
0.45386219
2.29592228
-0.20349409
0.23761797
0.18425687
-1.02979541
0.25516281
-0.21852703
-1.68156421
-0.42635268
-1.44980419
1.83250320
-1.26305199
-1.38838494
-1.63701916
0.27856219
-0.04074842
1.20350027
-1.84661949
0.89268887
-0.40601647
0.83563483
-0.10894513
0.18671210
-1.04758191
0.43307635
-0.00022838
0.17774554
-1.41955090
0.62842619
-0.84116352
0.22423984
0.09090919
0.31045017
0.25106448
-0.81794822
0.23121083
-0.67526752
-1.20262659
0.89270508
-0.24658269
0.22190884
-0.51451290
0.14278603
-0.98297393
-0.92290235
0.99423593
0.23489571
0.39212966
-0.23819128
-0.11513135
-2.32829547
0.80991244
1.18924642
1.09747720
-1.01367903
0.19124010
0.78698891
-0.27075779
3.64673519
0.59051341
-0.73298186
0.84504527
-0.33169067
-0.69793016
0.56085080
-0.50343955
-0.09706856
0.31780180
-1.02965820
3.50474048
-0.53691936
-2.40467358
-0.41752183
0.91731578
0.37494871
-2.75552797
0.77798504
1.04952312
-0.43111917
-1.84390891
0.88159680
0.32155895
1.20766032
1.08682477
-0.75324667
-0.41889626
-0.45354560
0.00189994
0.69304711
0.26295134
0.66284776
0.54478550
-0.81116414
-0.08963180
-2.40204191
-1.63481045
1.39759827
0.17404357
1.30084002
-0.43908563
-0.66160661
0.42865381
0.85032392
-0.64919585
-0.48881829
0.47281891
1.57559681
-0.43806261
-0.60568410
-0.80251402
0.23798130
-0.61280787
0.82768822
0.85048115
0.62884730
1.30734956
0.26484933
0.99748731
1.91308665
0.54031253
1.02324712
0.34092873
