384
0.81133914
0.23841783
-0.12909138
-2.39299631
-1.00636840
-0.38221657
-0.17350620
-2.90880728
-0.42705584
-1.34753394
-0.01360119
-0.11040251
-0.01777364
-1.67568755
-0.80827415
0.61137450
2.55880070
0.64326519
2.62351799
0.06849174
-1.94114971
0.76666421
0.57711864
-1.07492375
-0.24958408
-1.25585747
-0.17705360
1.97876370
-1.58067203
-0.19300660
0.44237635
-0.51986957
-0.21532312
2.20231390
0.18752545
-3.44390583
0.09502725
-0.20545942
-2.46553111
0.12653416
-0.35237429
0.45653325
-0.15672494
2.63743067
0.36927316
1.32695270
0.01220012
-0.18218125
-1.14879906
1.77464199
0.68598628
0.01310093
1.52169502
1.88379121
-0.52549535
0.51874703
-0.19550090
0.83595157
0.31372303
0.30310878
-0.57036334
-0.16630758
-0.01491868
0.60963476
-0.06524551
-1.53677344
0.26168615
-0.79212421
-0.49249718
-0.24988168
1.36659670
-0.53681248
-1.42197061
0.40029013
0.22378093
1.39682722
2.46148920
0.05118972
1.03418350
-0.39759418
2.04045963
0.27544147
-0.42142686
0.36941609
-0.79768133
0.15764315
-0.88304174
0.36066580
0.25992614
-0.03831173
0.38316593
0.54936576
0.27066973
0.95648694
-0.39547139
0.04252973
0.56744790
0.03354891
-0.59371442
0.09401545
0.07076047
-0.29307121
0.99601740
0.25516117
-2.76105022
0.05605088
-0.96758252
0.27556160
0.07978862
0.45333356
-0.62698328
-1.35340738
0.37241924
-0.29326612
0.73082745
0.35931948
-0.10015823
0.05252227
1.29644442
0.00098610
-1.48165298
-3.30083537
1.11090636
0.79433751
0.97609681
-1.10984635
-0.49080533
0.14924116
0.08221672
1.16454411
0.05259053
0.14023453
-0.45328286
0.23237483
-1.70663750
0.06307607
1.90224409
0.26476979
-0.73074043
-1.15451455
0.18524314
-0.54669893
-0.59240115
-0.47575456
0.13823995
0.28634810
-0.87631005
-0.27141172
0.89880395
-0.74445629
0.75535113
0.17927074
-0.25076210
0.44911224
0.01857512
-1.07125902
0.34451783
1.34110403
-0.05450177
0.50551260
0.13624598
-2.72654963
2.00555348
0.47293687
0.58635843
0.05715178
1.95602393
-0.23958254
0.30074501
-0.60058606
0.74012750
-0.17760414
1.07349586
-0.21089372
0.79712218
0.99875414
0.82700241
1.05586660
-0.64062905
-0.01146379
-2.08889008
-0.31973588
-1.18623269
0.00007841
-0.16160491
-0.75726730
-0.36064291
0.38155776
0.61221039
-2.10212255
-0.86490369
-0.21534723
-0.82687223
-0.34493348
0.22810997
1.55359304
1.47577119
-0.82261693
-0.12813354
-0.20735374
-0.76597655
0.10608287
0.11745965
-0.90354782
0.05304221
0.53477162
0.05684194
-0.28911960
-2.65564466
-0.25663617
-1.27053893
0.17738710
-0.20071930
-0.43327504
-0.70580131
-0.28574285
-0.00437658
0.16992721
0.16436157
0.71046889
0.45422277
0.89677137
0.23789378
-0.09723765
-1.04007649
-0.31219184
-0.47888741
1.25503778
-0.11855207
-1.43446612
-0.18928394
-0.16838619
1.49235880
0.03982940
-0.62040979
-0.07993594
-1.62144125
0.77990675
0.16012454
-0.14215218
0.16360767
0.30208170
-0.45682400
-1.19694769
0.32081166
-1.33124137
-0.01415864
-0.15246904
-0.78533489
2.19816637
1.07124019
-0.51107162
-0.27671954
-2.98563194
-0.22719996
0.24437150
0.41530770
0.11834905
-0.35459194
-0.31983057
-0.01997029
0.44447371
1.67984891
0.36150825
-0.08982891
-0.08501251
-0.35292417
0.35088241
-0.21330403
-1.38163531
-0.13356018
-0.29125267
0.45416752
-0.56978106
-0.49979559
0.76307696
0.39866418
-0.53249127
0.09958726
-0.26680452
-0.15861243
0.38914824
-0.95557684
0.02793598
-0.14571851
0.20028952
-0.40167385
-0.19905443
-0.40017045
-1.38190401
0.85482526
-0.14402200
0.33172286
-0.56780750
-0.49547094
-0.33761632
0.08269131
0.72561288
-0.52462614
-0.12927651
1.47712862
0.42766064
-0.70651376
-0.13639218
0.25771013
-0.22507119
0.83831865
0.69632089
0.30906105
-0.50505048
-0.00647271
-0.14176476
0.82456315
0.85775590
0.14736536
1.26050019
-0.87678963
0.02824329
2.25988245
0.02272086
1.62536120
-0.04389928
0.32387665
0.04875563
0.21441817
1.29307365
0.55208814
-0.09243193
0.18342863
0.58423746
-0.41057158
3.37700438
-0.37210792
1.44684410
0.96068877
0.92723513
-0.21570727
-3.69537640
-0.31314331
-2.03240323
-0.10979488
-1.03595734
1.08909833
-0.21910365
0.78153467
0.82241744
-0.54438394
-0.35658067
-0.54477358
-0.09318158
1.18078232
0.22367918
0.26829335
1.63182580
0.22650990
-0.87723613
0.09968790
-2.00709796
0.99302882
-0.21718231
-0.13965634
-0.19544087
-0.00895122
1.46878994
-0.59934187
-0.72193253
0.69456381
-0.92015606
-0.01341423
-2.62480569
-0.14460219
-0.01520798
0.94037122
-0.22422375
0.39843503
-0.13319772
-0.11896741
0.05048463
-1.72430098
-0.22905847
0.47950843
0.17191853
-0.23601830
0.76284641
