384
-2.74387217
0.13143840
1.14708614
-1.36557913
-0.61369014
-0.87396038
1.47183204
-1.20406079
-0.40224051
-0.89676481
0.87865508
-0.42403561
-0.71835279
-1.99543619
-2.64361119
1.07588792
0.50143629
-0.72132236
-1.04615819
1.03201461
-0.04460990
-1.39743161
0.14540428
-0.05373943
0.17013596
2.09607434
-0.89846408
2.80744696
2.27197313
0.71028304
-0.37734586
-0.34805906
0.02646911
-2.03391027
-0.26969802
-1.21959472
0.42339507
-0.08399821
-0.83594751
1.17107403
-0.76286793
0.85244298
0.21482785
2.00733900
-0.20769861
-0.73256558
-0.42167461
1.31288052
1.59554338
1.61918449
-0.32680827
-0.52361560
2.10748792
0.88694727
0.59758198
-0.49069118
0.08008262
0.19905938
1.70517683
0.39469975
-0.43738326
0.15062462
-0.26122090
0.57617605
0.73719525
-1.39769340
0.37681922
-1.07104957
0.69096601
0.47737399
-0.56334716
0.47090152
-1.38411033
-0.38683301
-2.43471885
0.84149110
1.19571960
-0.12075606
-0.37725115
0.48840341
-0.09612927
0.51810271
-0.16625348
0.15749753
-0.86797011
0.60667527
0.51201403
0.46604645
-0.20489204
-1.04236948
-0.57639265
0.35255745
0.33500761
-0.49194208
0.59502959
1.25826514
0.90673608
-0.42731816
0.23887059
-1.90533268
0.93702132
0.45141801
1.74480462
-0.44437090
-1.49782467
0.25587359
0.19531545
-0.11501626
0.32199851
-1.90271461
0.73345482
-1.19512653
-0.28014365
0.46155116
-0.72650689
-0.10878250
0.91216785
0.48108435
1.42581606
1.16117120
-1.99922562
-2.55688906
1.26750290
1.77182627
-0.93876123
0.93138778
-1.07272363
0.99878842
0.81166607
1.09897745
-0.00288872
-0.16879788
-0.53997308
0.89206260
-0.96955693
0.11444947
0.64302218
0.77569050
1.16579902
-0.63084054
-0.65547240
0.26752812
3.00530338
-1.01232767
0.11455247
0.23124635
0.23284005
0.74329913
0.10853386
-1.22979331
0.57095468
0.49316931
0.41170341
-0.05369312
0.64068389
0.17944711
-0.19283313
-0.46819186
-0.05549270
-1.24855971
-0.10461767
1.33475947
1.43334341
-1.94261479
-0.90048647
0.22409591
0.46709248
2.44103289
0.48003405
-0.34823102
1.54529369
0.29687181
0.80846375
-0.63209581
0.08926451
0.15907517
0.87117028
-1.76250160
1.38279712
0.15932573
-1.16156971
0.81155568
-2.48714042
-0.33212081
1.15189266
2.33224726
-0.24115223
-1.27667868
1.76479459
-2.51505184
0.44248462
-0.71295118
-0.17223346
0.77855849
0.17513165
-0.64415157
0.46006706
-2.68366671
-0.02416122
0.75788665
-0.06395538
0.58667606
-0.69003981
-1.03660834
-1.11702526
-0.28482693
0.14758164
1.40325665
1.20930779
-0.61216885
-0.26728448
0.23481508
0.25870728
0.29396683
-1.80408716
-0.83339751
0.07678592
1.20261896
-0.55651909
1.62670696
-1.06123936
-3.55340910
-0.23032418
-0.03236083
0.40415147
-1.10094225
-1.50714624
2.44518614
-0.20893522
-0.41983914
1.00819826
-0.52014440
2.45424962
0.67208898
-2.43874788
-0.89929491
1.78111112
0.69073510
0.06140187
-0.21364039
-0.44020015
-0.68206877
-0.67014325
1.00596333
1.49476802
0.89803326
-0.23018675
-1.04642081
-1.94953823
3.52009320
1.08832371
0.20213009
-0.87558883
-1.05625045
-0.36183500
-0.07744333
2.57317019
-0.65578914
-0.01742485
-0.07033769
-0.00358409
0.24434675
1.96490204
0.24159570
-0.96430558
-0.10025628
-0.90621054
-0.79240358
0.13105434
-0.85457873
-0.78418791
-0.47734135
-0.68119729
-0.96083939
-1.06899238
0.78142023
-0.17567782
0.43354407
1.58894277
0.83235812
-0.49680310
0.39518407
-0.65111583
0.47095788
-0.80757523
-0.56300223
-0.26451558
-0.30064923
0.08006171
-1.13899589
-0.05096449
-0.17929149
-0.02940843
0.20652464
0.12089202
0.31666926
-1.11589420
0.26309437
0.48327449
-1.26024508
0.18913397
1.15627170
0.50303799
0.37014422
-0.32290429
-0.37259135
0.35920352
1.71079755
2.01911759
-1.14388216
1.87068975
-0.45266360
-0.42676231
0.42413476
-0.54025596
-2.03001046
1.37980485
-0.06305656
-0.47701615
-0.17450343
-0.22726288
0.16703980
0.08598366
-0.14101160
0.24545884
0.75214052
0.63556468
-0.41416314
0.36567008
0.65895617
-1.56807113
4.01287556
-0.12478268
0.99492282
-0.06826448
0.90914619
0.05856191
-1.08175361
-0.34930429
-0.59434295
0.44140965
1.20996284
-0.53365362
-0.41637486
-0.18579197
0.62576962
-0.19748828
-0.85385025
-0.30545622
-0.19011131
1.24341488
0.55178481
-0.58975875
1.55733669
2.51758265
-1.91061831
-0.34357414
-1.61984634
-1.02883589
-0.18106297
0.15272410
-1.17270565
0.09622578
-0.39674956
0.99439442
-2.36725521
0.13725148
0.36868960
-1.07190728
-4.07612848
0.36871663
1.25192082
-1.21050560
1.03082311
0.44876885
0.16515118
1.43357968
-0.78148651
1.52745283
-0.49612540
-3.09355164
0.04854370
0.93319339
0.65585381
