384
1.43473959
0.38459268
0.28529537
-0.63699341
-0.38103700
-0.96081626
1.41290784
-1.40052211
-1.42959881
-2.21663046
-0.00003813
-0.37662113
0.78332961
-1.25927019
-3.40151119
0.31565836
-0.15044166
0.07002574
0.01198238
-0.15915838
-1.17507315
0.49959233
1.37106287
0.58393228
-0.35653055
-1.82874119
-1.42694521
2.81461978
0.29531637
-0.15153572
-0.21865250
-0.06609025
-0.66931367
0.13062286
0.44969931
-1.29720855
-0.44685435
0.23887888
-2.49345183
-0.60073894
0.12230754
3.33201480
-0.34237909
2.26763940
-0.42651647
1.46584547
0.79758555
1.65814042
-0.12590024
1.83152843
0.12113889
0.15953146
1.66625774
3.57248640
0.78336167
0.35252076
0.45290920
1.88729763
2.24429941
0.52959102
-0.46589980
-0.29613683
0.41848317
0.45742995
-1.16649711
-1.63154447
0.55907112
0.40432268
-0.34835714
0.78703958
0.18767625
0.66814101
-0.69958216
-1.42723942
-1.64188135
2.42561245
0.88297725
-0.16843712
1.16912568
-0.45171911
2.11412263
-0.20962992
-0.43200999
-0.03094962
-1.59442151
0.84675962
-0.38053110
-0.35386294
-0.82105047
-0.84923810
-0.34905940
0.03505124
0.88085413
1.64813066
-0.76630664
0.15363783
0.57925355
-0.05277795
-0.48643863
-0.31480470
-0.08399486
0.01374942
-0.70235062
-2.86084676
-1.57999909
-0.15538953
-0.19535324
-0.06853379
-1.15064800
-0.50177449
-0.61346650
-1.63749409
-0.32774252
0.49889532
0.09834260
0.22605589
0.42895663
-1.01026630
1.18451238
0.20059758
-1.63660049
-1.24864125
0.45049211
-1.01033437
0.60199344
-2.30529118
-0.83428013
-0.15711117
-0.77078068
0.75940037
0.25545251
0.40209275
-0.44859183
-1.14836967
-1.21326363
-0.24928547
0.35964161
-0.01673581
-0.33743140
-0.04974950
-0.18472862
-0.47301590
3.86924481
0.55444086
-0.10275662
1.00642681
-0.80670059
-1.08154738
1.67347157
-0.20187558
-0.12062874
0.37944949
0.36221340
-0.42891619
-0.12611964
-0.46303165
0.43848675
-0.34925866
0.32867360
0.31007719
-0.56068981
-0.70581061
0.97898442
-0.09413421
-0.59066981
0.43198815
0.91563612
0.67314708
0.03078303
-1.30733860
0.75851166
-0.27189881
1.52253294
0.26562965
-0.68651938
0.59493035
1.61156988
-1.41940880
0.21854419
0.02427283
-2.91869855
-0.77152008
-2.73619223
0.05298667
-0.37708423
-0.72263354
-0.47452378
0.07134302
1.47841430
-2.00739694
-0.37028208
-0.19061297
-0.16947371
-0.76692206
-0.29203185
1.09670019
0.37478337
-2.16295624
-0.36232314
-0.06510925
-0.80420530
0.03568810
0.51023883
-1.40774536
-0.07478815
0.36060387
-0.06948891
0.43515322
0.14005965
-0.38050812
-0.19150507
0.47639117
1.02807009
0.60483712
-1.14770532
-0.74524748
-0.01386550
0.85325313
-0.06959951
0.85910773
-0.07292241
2.05150080
1.02948070
-0.11064845
-1.39511716
0.09577270
-1.24281871
0.28335524
-0.45879000
-0.42613375
0.78537941
-0.36619669
2.26610160
0.08343287
-0.10248137
-0.59203374
1.65972209
-0.00479856
-0.27843198
-1.22354996
-0.46536949
-1.04149294
0.40433818
-3.51300263
1.30895269
-1.86799741
-0.20615622
-0.72618735
-0.58233058
0.75621819
1.13081288
1.67768061
-0.66188699
-1.32099247
-0.49257636
-0.57405394
0.70636237
-0.04682228
0.49801624
0.96523029
0.77551174
0.44537386
0.59554732
-0.24173617
-0.00129453
0.32249716
0.35796446
0.65795261
0.41233012
-0.32119545
-0.80359858
-0.05232592
0.47190541
-1.23370421
-0.11348882
0.20270693
0.07533680
-0.06783941
0.52382398
-0.08435170
-1.39246869
0.27294037
-0.47530085
-0.31100571
0.24703047
-0.65506363
-1.59971929
0.41424984
-0.00766822
-0.76899481
1.17533612
-0.95624042
1.21936977
-1.34242833
1.38621271
0.19224870
0.37142760
-0.49790251
-0.43532962
0.07209924
0.41088453
0.79008210
-0.15961975
0.61387950
-0.18691838
-0.14221795
-0.05952907
1.69287205
0.08306140
-0.91055071
-0.84160769
-0.70639598
2.13149714
0.56407821
1.60917902
-1.47636580
-1.08363914
0.30841401
1.72174454
-0.15797958
-0.09504303
0.36144742
0.46179479
1.08871818
-0.14012213
0.68856436
0.89861828
-0.19433999
-0.75642395
0.32821536
-0.39507213
3.84160423
-0.45415497
2.55144787
-1.61499977
-0.04663628
0.11495841
-2.22645521
0.98272175
-1.15506101
-1.82500517
0.76276928
-1.07457781
-0.25487301
0.31176001
0.63225740
-1.10423827
-1.63771617
0.83251619
0.58319503
1.69131219
1.07459509
0.59301770
1.51322269
2.74524331
-1.34963095
-0.47919568
-1.62888622
1.43822527
1.55455792
0.25658166
1.13538778
-0.61483246
1.54969764
-0.09758204
-2.62202740
0.22801676
0.10886811
-0.93063813
-0.79737204
-0.81480491
-1.72393572
-0.49377841
0.27215487
1.21927166
0.34746751
0.38594088
-0.12887123
-0.47713947
-0.11615049
-2.59657502
-0.00696613
-2.06652713
0.22117226
