384
-0.16778669
-0.05006852
0.31836975
-1.96026802
-1.26971662
-0.92825830
0.69996160
-3.18265629
-0.07109478
-1.48039019
-0.34015173
0.50895578
-0.51953053
-1.54127407
-2.71732116
0.74305582
-0.96644241
0.21098840
0.17868578
0.45040816
-0.84896135
0.48430949
-0.03641739
-0.35062858
-1.01104724
-1.47932959
0.37329620
1.56459439
0.65394747
-0.85176688
-0.28761479
0.24827750
0.08859123
1.39794898
-0.73652208
-1.91588771
-0.43350413
-0.06250387
-5.77039194
-0.46094385
0.18334591
1.47050166
-0.22040083
2.93899584
1.01241684
1.66692531
0.86889625
-0.88579774
-0.93620086
1.09958351
-0.38286766
0.03264062
0.56388187
4.14290428
-0.04898680
-0.11208605
-0.23150170
0.33488321
1.57469726
0.20283936
0.64376402
-0.17815350
-0.31123227
-0.25198752
-0.22350377
-1.43495822
0.17741367
-0.46638337
-0.20772108
-0.01466431
1.65907645
-0.44960821
-2.01881170
-0.88571680
1.67413032
1.98750019
2.80938959
-0.68429381
-0.07698455
0.30013832
1.94092309
0.12164850
-1.11683655
0.19852324
-1.41134167
-0.17076278
0.30559283
0.63789326
0.74586385
-0.25156310
0.84726489
0.46972135
-0.03226253
0.62378109
0.11977845
-0.56790495
1.02716970
0.71874809
0.29819900
-0.22716317
0.00565807
-0.78649342
1.99107111
0.41764599
-1.44521427
0.53091508
-1.30095851
0.41341299
-0.27414492
0.76529580
0.39193797
-1.35046148
-0.14477503
0.24752572
-0.06405232
-0.66714787
0.16692489
-0.44982812
2.42647958
-0.03206992
-1.53338051
-1.16503465
-0.42776531
-2.50598717
-0.43212357
-0.81779361
-1.74190128
-0.21050914
-0.70148909
0.44207665
1.16370058
0.02330455
-0.82516122
0.01070151
-0.82056999
-0.64146668
1.29687715
-0.36920488
0.00600408
0.43399283
1.98806930
-0.20816213
2.68206596
-0.24533030
-0.67730355
1.00017798
-0.29467705
-0.30532622
-0.04489104
-0.30195466
0.84216303
-0.23114008
0.05733891
0.18163310
-0.52115166
-0.54779017
0.01724738
-0.11732426
0.23517680
-0.56533015
0.43868375
-0.11936229
0.24287400
0.52189898
1.04997551
0.45889786
0.87338650
1.23757696
-0.05018675
-1.59930778
0.47194725
-0.66546845
0.97818565
-0.53874975
0.38010097
1.44862413
0.58814734
-2.71472859
0.04147348
-0.16672793
-0.32004273
-0.38498601
-2.08428621
-0.09614339
0.60104775
0.49806580
0.20554687
-0.22900560
1.18110156
-1.11328876
-0.60424316
-0.49814719
0.16436937
0.34728938
0.35883445
-1.42481577
0.81392229
-1.34284377
0.38551208
0.63324523
1.28806782
-0.30698544
-0.00114727
-1.85532176
-0.28293085
-0.23812717
0.62208331
0.09853956
0.43052423
-0.23576711
-0.14901793
0.40393898
0.88664162
-0.55921805
-0.55071235
-0.73817742
0.36207572
0.34111103
-0.04901431
0.31142139
0.83892280
1.28188169
0.75686860
0.00597236
-0.77681929
-0.18998668
-1.13952100
0.68029225
-0.66826868
-1.38575673
-0.20154369
-1.85998416
2.14676046
-0.38137981
0.12072578
-0.54846847
-0.31579667
0.28045738
-0.20891365
-0.06413006
-1.17851031
0.56401634
-0.46844134
0.35738248
0.65029925
-1.47041893
0.00565394
0.35082376
-0.03644818
1.70736814
0.40883446
0.23971602
-1.00511038
-2.58652401
-0.74218321
-0.56109655
1.58143890
-1.54447794
-0.67049885
0.23164167
-0.19144073
0.69006670
-0.18540648
0.29036781
0.35315901
0.13719776
-0.10967822
0.77446538
-0.43966177
-1.35269082
-0.90248120
0.12369776
1.32997417
-0.29927558
-0.27743196
0.77324420
-0.00780752
-0.10264798
0.28859264
0.36397272
-0.35119349
-0.00008148
0.37111914
-0.31003848
0.24033621
0.11416857
-0.62900627
0.05883390
-0.67282903
-1.50402224
0.07257712
0.30207938
0.19386894
0.11771859
0.38263398
-0.07604483
-0.00172836
1.05390787
0.13407335
-1.48215306
2.17241406
0.16698204
-0.28009722
0.27671877
-0.74638325
-0.26598707
-0.00941229
1.62581372
0.19785720
0.77778804
0.79275882
-0.47791052
0.81547993
2.72778964
0.01711577
-0.80754584
-0.41634443
-0.00362962
2.58333135
0.42178249
-0.25355637
0.36917198
0.09322909
0.55959141
0.63999677
-1.54846168
0.48202020
-0.52905667
-0.52871162
-0.09453496
-0.94208938
3.32569289
-0.30759284
1.94910765
0.20852998
0.13747972
0.42171845
-2.34866858
-1.29682744
-1.25508595
0.85373414
-0.28647643
-1.54998851
-0.25882846
0.38601431
0.89212298
0.04076050
0.38630801
0.24173701
0.02214216
-0.04103112
0.71261525
0.43466571
-0.45554775
0.50765622
-1.25931406
-1.05823827
-0.90621686
0.18582748
0.20998089
0.24021482
-0.30345383
0.42830691
0.24377094
0.15874460
-0.84425157
-0.16444281
-0.62411672
-0.73295778
-0.11683829
0.50524604
-0.14341021
1.12455738
0.18272126
0.37644246
0.19754639
-0.07906997
-0.40599471
-0.25288492
-0.24820973
-1.15473580
0.80081820
-0.78978121
-0.32827324
