384
-0.72881734
0.04535016
-0.04856163
-3.11966109
-1.04560590
-0.32430685
0.02295858
-2.59296536
-0.40981311
-0.55299491
0.02934218
-0.09513737
0.21629204
-1.74553788
0.78326416
0.70240235
1.41876340
0.37377840
2.36860371
-0.09377980
-1.55257261
0.68515986
0.25102141
-1.22625065
-1.01296961
-1.37572694
-0.53599232
2.41808391
-0.93748879
0.02511123
0.45283431
0.00468043
-0.14831620
0.74166042
-0.05394032
-2.95261049
0.20443667
0.04461280
-3.62737751
-0.12679699
-0.09908949
0.30822849
0.04067919
2.06369448
0.23941833
1.46723056
-0.65793622
0.16833565
-0.32787132
-0.02780622
0.88879693
-0.30931300
0.58099210
1.80008245
-0.32150263
0.46353620
0.01610170
1.19009447
-0.29377019
0.58964813
0.20682591
-0.25976717
0.14314061
0.96246433
-0.22952177
-0.58897543
0.03297777
-0.47049594
0.21892568
-0.48749989
1.77522850
-0.46436399
-1.27378273
0.24998480
1.13321543
1.84577680
1.44017935
0.03621590
-0.17998737
-0.14500253
2.22441530
0.55908942
0.23365062
0.36537832
-0.68747115
0.29869649
-0.30880952
0.28807631
0.22663864
0.24746010
0.25159228
0.40942752
0.23529094
0.65064961
-0.04451586
-0.09380104
0.34137443
0.00831200
-0.72348917
0.24250914
0.02018148
-0.32236242
1.49013078
-0.16689396
-2.64359593
-0.10672334
-0.60937905
0.25371876
-0.11213945
0.33698270
0.14490490
-1.22790909
0.13901065
-0.38913560
0.65367186
0.16075510
0.05259676
0.26095325
1.33929825
1.03055060
-1.01058197
-3.09216499
0.31429195
0.74338776
0.80675590
-0.75432247
-1.76582646
0.61703551
-0.06958849
1.35617936
0.11790083
0.03979544
-0.45237875
0.89132166
-1.82776999
0.41983765
1.85692024
0.24816340
-1.14270890
-1.04252326
0.66114748
-0.83908755
-0.04673171
-0.47748053
0.34474865
-0.24642685
0.08147053
-0.64960682
0.43198320
-0.69127667
0.79089367
0.37841672
-0.13723283
0.56942105
-0.00456238
-1.60183239
-0.19621892
1.40807009
-0.60224944
-0.32020655
0.07449010
-0.35457021
1.69492769
0.89641815
1.45521951
0.21580537
2.55775356
0.54400003
0.50473577
-0.62551528
1.54806042
-0.34011817
-0.11263128
-0.16928826
0.61653185
0.76710767
0.14332968
-0.35143244
-0.97371775
-0.16346857
-1.15325117
0.08776693
-1.72659826
-0.29769918
0.39841306
-0.72896755
-0.58773458
-0.07144605
0.36533636
-1.87917042
-1.17999697
-0.02294065
-0.64374632
0.24731228
0.40870294
0.03747166
2.54426527
-1.96711099
-0.24923344
-0.50085938
-0.08202073
0.08613735
0.09514888
-0.12551880
-0.00177069
0.95488679
-0.09351771
-0.13415495
-2.26619053
-0.21432966
-1.25861824
0.01452965
-0.22672485
-0.84458822
-0.23997816
-0.65873641
0.13963552
0.05900537
0.48121470
0.17591822
0.35765243
1.52645504
0.25209087
-0.06942219
-0.97309268
0.16477221
-0.55757511
2.45582771
-1.75884485
-1.52278948
-1.23195434
0.28657019
1.40133417
0.09084600
-0.14018574
0.10441917
-1.09438872
1.16065753
0.35103321
0.17063230
0.74163890
0.22208528
-0.05005737
1.18229806
-1.87247765
-1.49414921
-0.02773396
0.06271562
-0.85890508
3.40279293
0.65489507
-0.44735083
-0.57159662
-2.65946555
0.21070059
0.80326027
0.97488225
0.64745700
0.12841949
-0.24144363
-0.12881418
0.84935373
1.57752931
0.33000821
-0.08682725
0.29357356
0.05842680
-0.38634253
-0.30378157
-0.75944972
-0.57393157
-0.33736557
0.52054888
-0.44550830
-0.06455822
0.05043785
0.44921133
-0.02589181
0.13360015
-0.22555664
0.66933030
0.50603014
-0.55305696
-0.46468824
-0.14717875
0.13706253
-0.30760005
-0.13411710
-0.48277909
-1.79016340
0.46561089
0.10789065
0.46433890
-1.04110801
-0.23707004
-0.21865168
-0.71619010
1.75145996
-0.54512250
-0.02183968
1.24552619
0.36917701
-0.96573615
-0.41408607
-0.13000554
-0.81330854
0.88055265
1.08390319
-0.21403700
-0.30195096
0.37036645
-0.10204294
0.44169599
1.21565783
0.06934711
1.30763471
-0.04692990
0.25497520
0.68850893
0.40895885
1.34314561
-0.14428142
0.02035432
0.57980847
-0.03443611
1.07808471
0.46864909
0.17386937
0.14684086
0.60709399
-0.24531919
2.93430209
0.11399125
-0.27264932
0.97929573
1.13838744
-0.21083060
-2.76546049
-0.03560055
-2.32940817
-0.11835268
-0.48813215
0.95028746
-0.11235625
1.10803342
1.21214008
-0.25987571
0.12608710
-0.52294075
-0.11385216
0.53784859
0.32217473
-1.18100929
1.16118693
-0.37845129
-0.52005637
-0.04803196
-3.46844864
1.07082963
0.02422255
-0.04020911
0.24567145
0.04186198
1.03417552
-0.01973505
-0.84758723
0.60853648
-1.50171852
0.09398299
-4.31774950
0.21083757
-0.09997038
1.71522009
-0.66345441
0.10906297
-0.48088193
0.00851104
0.26353216
-1.89848387
-0.03002647
1.50152373
1.28850770
-0.26069993
0.56370723
