384
-0.39185619
-0.26162931
1.34936035
-0.15057683
-0.48599845
-1.04825342
0.20283908
0.08770430
-0.00581974
-1.40042615
0.00402243
0.03421574
0.02714077
-2.43754506
-1.86338937
1.36478436
-1.04811144
-0.06753062
0.88576704
-0.27545065
-0.29633921
0.45749718
-0.08300912
-0.01358104
0.30583608
1.62673402
-0.77771366
3.49418402
-0.18981382
-0.22133189
0.14605774
0.44806290
0.27499321
-2.02792907
-0.50462300
-1.89125276
-0.10197029
-0.16021365
-0.42430723
0.23297229
-0.21412693
-0.95363784
0.03677941
0.99916053
-0.18448772
-0.28537333
-1.69648075
1.80738461
0.99852014
0.75464666
-0.44121915
-0.61370516
2.02363729
2.32141185
0.36828130
0.25252324
-0.04905048
0.57084465
1.36314857
0.81535172
0.06275701
0.37766874
-0.27649957
1.10331774
0.00454848
0.03922629
-0.00027323
0.08668554
-0.10182395
-0.23663962
1.50231528
0.07010947
-1.00051785
-0.82391024
-2.35068750
2.49813938
-0.87936664
-1.26403546
-1.84157300
0.01938205
0.95330518
-0.21246850
0.21164656
0.05555151
-2.07099771
0.34428692
-0.54948938
0.93505228
0.48311111
0.20725030
0.04555842
0.04042264
-0.24674158
1.00866318
0.14983431
0.34603482
0.26242802
-0.09708950
-0.22606042
-0.21928787
0.27172011
1.13435054
1.39144504
-2.81824708
-2.12534237
-0.10644227
0.32081833
0.31570467
-0.51321179
-0.69463038
0.57376689
-1.21685088
-0.40333658
0.41169930
-0.05159056
0.47225422
0.74826020
-0.37773025
2.58136463
1.40415716
-1.46156704
-2.01571250
-0.11300367
-0.09916142
0.34718311
-0.42432433
0.08788371
0.86899501
-0.19632536
1.24436450
-0.11704236
0.73954338
0.11387147
0.78176308
-2.28173351
0.73821807
2.36146212
0.12219787
-0.63720757
-1.02324796
0.00433534
0.79384214
1.07438993
-0.45394596
0.30810690
0.11790608
0.98283869
0.91324520
0.22163506
-0.64622378
-0.04264140
0.26891676
0.00636148
0.00683554
0.27181801
-1.64674115
0.17421642
1.01111996
-0.67379653
-1.07551885
-0.08752893
1.24443698
0.68210149
-0.81958282
-0.00755365
-0.06584135
0.74454862
1.80385876
2.12589574
-0.02620769
0.43696702
0.60721225
-1.31412041
-0.47271875
0.10732532
0.32779500
-0.45137280
0.61689192
-0.49859640
-0.14640757
-4.70755243
-0.06913279
-1.94549131
-0.37041372
0.97649711
0.05771902
-0.27806267
-0.29073533
1.92173648
-1.08484101
-0.05020405
0.10804468
-0.39828569
0.76773292
0.43850839
1.54099321
1.19169784
-1.99814677
-0.01671960
-1.52449441
0.77987379
0.74445808
-0.19400547
0.00371605
0.06672750
0.24550301
0.04233141
-0.03952697
-0.64850283
0.52942514
0.91146684
-0.25759867
-0.15843318
0.44705284
0.04625297
-0.57736421
0.22831407
0.27742800
0.36839849
1.36229801
-0.80691636
-0.64264560
-0.12871474
-0.32214463
0.44151020
0.17805082
-1.38885498
3.08891296
-0.84518212
-0.98015666
-1.82824194
0.35154670
0.77420717
0.24578485
-1.71686578
-0.69297552
1.46894693
1.20756805
0.54250258
-0.15041584
1.21977091
0.06925216
-0.53722143
-0.74322098
0.52701968
-0.13893676
0.25917837
-0.18653789
-1.88643885
1.89667010
0.65428650
0.16164394
0.44867718
-0.85568976
0.32922339
0.59607255
1.99252701
1.10641420
0.27907521
0.50066036
-0.06773052
0.46795046
1.82243967
0.48162675
-0.47847027
0.28391749
0.30663317
-0.01941177
0.05395579
0.56798935
0.34451574
-0.02024412
0.00886762
-0.11004370
-0.19703755
0.04906303
0.77115715
-0.01081025
0.39029831
-0.06819097
0.61823678
0.49645162
-0.36969975
1.68206108
0.21809411
-0.42719978
-0.17779659
0.19967341
-0.17754422
-3.06126189
-0.30357337
-0.16862737
-0.37860709
-0.57764751
0.38949820
0.23278034
-2.08433533
0.15934855
-0.18579522
-0.74747896
0.59974414
0.64444768
-0.41977847
-0.46518803
0.85482907
-0.38407964
0.25577083
1.04077816
0.35398152
-1.66526556
0.17524064
-0.04804911
0.74461943
-0.03362268
0.07670783
0.31346285
0.70888495
0.00031910
-0.49862564
0.24479789
0.60694027
-0.23836297
-0.23040903
0.55451256
0.42076200
-0.06251951
0.35387459
0.29360092
0.46253732
0.60538930
-1.14667392
3.65708494
1.09719718
-2.39115787
0.03983405
0.62248975
0.27011287
-1.60395312
0.62437367
1.86080098
-0.00337026
0.52835196
1.52474833
-0.08790632
0.07314974
1.56109357
0.14621237
0.71809417
0.04866579
-0.28664142
1.29927588
0.35190713
0.56260914
0.45130959
0.41247538
-0.43724394
0.12980944
-2.73390555
0.29354265
0.29784223
0.04113809
0.46422306
0.23404670
0.61215341
-0.42073825
-3.65812874
-0.67146391
-1.32596600
-0.69297892
-6.44054079
0.19836929
-0.12963705
-0.92726207
0.24176304
0.82766771
0.16876882
0.19172888
-0.13151473
0.09024076
-0.84449422
-0.89857179
0.22603495
0.04690772
0.59522951
