384
0.14384848
-0.33727407
0.77830231
-2.22180963
-1.25464189
-1.24220800
1.13260448
-1.92893720
-0.89302003
-0.30832863
0.82259673
-0.26447803
-0.70542437
-2.43796921
-2.48327732
1.73626566
0.21511018
-0.90567034
1.29049265
0.76070154
0.21711233
-1.53116298
-0.10574070
-0.81343412
-0.22936247
0.03799394
0.08076546
1.84389067
1.09933972
0.48551095
1.16913199
-0.39524886
0.39104116
-0.89646387
0.12932141
-1.89523971
0.36514139
-0.50759768
0.22046232
0.86937284
-0.75081247
0.40865773
0.32614961
1.31157041
-0.46265346
0.41740268
-1.03480554
-1.16908979
-1.34585333
-0.02628398
-0.08912002
-0.13177818
2.88723755
2.46046448
-0.15598106
1.06892622
-0.57627380
0.25614122
1.24890018
0.51226938
0.79561973
0.73514795
-0.29326466
-0.55983078
-0.69163156
-1.41519892
0.62446296
-0.51354659
0.62247169
0.34692731
1.13212776
-0.11593960
-1.04481578
-1.20486891
-0.32783255
3.10345602
2.79929471
0.78180742
-1.92360723
-0.35474420
-0.22958148
0.73199719
0.08620613
-1.36766779
-0.56360888
0.98853332
1.20578504
0.09658927
0.07731868
0.59500813
-0.17613076
1.67590046
1.18427730
1.83010840
0.42392483
-0.44644615
-0.34128973
-0.25870937
1.00801277
-1.05338418
0.74786818
-0.43809801
3.52646494
0.49174714
-2.45810652
-0.42226717
-1.40486777
-0.28864264
-0.34591955
0.41857570
0.24160427
-0.23500806
-0.59086978
0.48598170
-0.34691823
-0.32421607
-0.65559006
-0.76752079
1.54235840
1.78397584
-1.18633699
-2.29728484
0.10255948
0.84771085
-2.26341748
-0.30629450
-0.28837001
1.24811018
0.89594328
0.64080191
0.21124345
0.11129082
0.36705828
0.82990366
-1.80870450
-0.36730498
1.00643253
0.99923211
0.23588492
0.10112321
1.27565515
0.33998439
0.83002418
-0.26770285
1.32975280
-1.45213604
-0.37132937
-1.44335747
0.00066574
-0.93929040
0.81651503
0.47154179
0.08105990
-0.60006762
0.42797863
0.51055789
-0.08409771
0.73534548
-0.88236666
-1.57109714
-0.23388261
1.34616804
1.88360608
1.07140636
-0.57667822
0.73518252
1.21529174
2.53150249
0.26742509
-2.19507790
1.29932237
0.39530319
-1.16080749
-0.26891968
0.39202562
0.23585254
-0.52886903
-1.64932704
0.25636601
-0.67266631
-0.24177945
0.32095259
-1.73057365
-0.10527286
0.56155860
1.70413423
0.85731244
-1.79392660
2.66662645
-1.16155624
-0.17529573
-0.96300942
0.42163742
0.97313660
0.38757443
-1.15803671
0.07663703
-1.22087777
-0.76619083
0.75724518
0.17118976
-0.16734926
-0.30735740
-2.19013023
-0.51752162
-1.20660400
0.16431689
-0.21333914
-1.75387681
-0.21290514
0.00205347
-0.30178106
-0.39613113
-0.25053501
-1.25626826
-1.95035815
-0.09825474
-0.31214350
0.41349316
1.41108692
0.34693658
-2.36819887
0.36728171
-0.06698324
-1.31652796
0.53871256
-0.92145306
0.61113781
-0.75160402
0.16966760
-1.66286302
-0.47961959
1.96840227
0.45256168
-0.61387616
-0.09685668
-0.80241442
1.41700101
0.31168321
-0.88183713
0.01668471
0.77935570
0.84052104
1.94136190
-0.98754656
1.08747280
-0.61151218
-1.08569741
-0.19609892
3.58082390
0.70770955
-0.07224068
-2.76339078
-0.68796736
-0.28284663
-0.39376664
2.22077131
-0.06312501
0.14335911
-0.02361390
-0.56227058
1.80228055
2.14959431
0.17124350
-1.15831900
0.29245716
-1.62526488
-0.10161166
-0.61211336
-0.91554344
0.12417664
0.72335464
-0.03361443
-1.30993128
-1.34884703
-0.00026704
-1.46689856
0.05060735
2.01223278
0.11814135
0.55127060
1.13336432
0.01283211
-0.69719446
0.32559431
-0.37098646
-0.19731152
-0.70993501
-0.13120709
-2.46725988
-0.84311783
0.40012583
-0.42729515
-0.61640155
-1.08738947
0.56731379
-1.03706884
1.60246277
0.40220353
-1.69202292
2.19064379
0.51877487
0.09331362
-0.57172728
-0.65813774
0.51668686
1.74315178
1.14764726
1.46394706
1.39334142
2.67476487
0.17039368
1.26694822
0.34448940
0.23608606
-0.02386211
0.04870483
-0.03188515
1.39824343
0.29340154
2.39977765
0.16168749
-0.76279551
-0.93157619
0.09872657
-1.05715621
-0.25057054
0.07007472
0.97458500
0.33074018
-0.65410841
3.26659918
1.16818285
-1.52485645
0.05556361
1.69801462
0.60149455
-0.73062634
-1.38895988
-0.39031187
-0.89946765
1.03097630
-0.65156376
-0.24855861
0.61646831
1.07369900
0.06041959
0.45391265
0.07656898
-1.20329714
0.36992460
-0.35969985
-0.76718545
0.01853590
-0.84360766
-0.66259271
-0.82449615
-2.90002537
-1.61136532
0.14159207
0.84278536
-0.29728791
0.15299666
-0.70122015
-0.32087591
-0.62487638
-0.19245267
-0.76328033
0.83278465
-1.96103621
0.85242677
1.10247743
-0.53426063
-0.44689062
1.59797871
1.17887390
0.73707873
0.35128814
0.68664169
-0.67664856
0.88617313
1.26313043
1.49225926
-0.89857876
