384
-0.95527315
0.02882966
0.93023503
-0.98213315
-0.61670798
-1.62798762
0.55811530
-1.74273872
0.28012562
-2.41204500
-0.53587008
1.07365298
0.31394717
0.22079766
-2.39542413
0.62191910
-1.21229231
0.87153965
-0.30872452
-0.41840839
-0.63264960
-0.02470270
-0.04494464
-0.78806663
-2.42157984
-1.58397746
0.41423506
2.21629047
0.75833738
-0.54774106
-0.49786332
-0.11456339
0.16871206
2.91456223
0.17432408
-1.71067142
-0.03189859
0.30349395
-5.75300312
-0.04799752
-0.42278543
2.03432059
0.08353499
2.06333542
-1.01281369
0.57335275
0.18330103
0.38767418
1.10396218
1.23575950
0.38057360
0.11258614
1.54989731
-0.22732866
-0.92355984
-0.09093486
-0.36654907
0.67761177
2.22103786
0.10637166
-0.39661443
-0.52982074
0.07753682
0.45648524
-1.23221850
-1.55914950
0.23239014
-0.48424643
-0.74662352
0.23476747
-0.07967773
-0.97276080
-1.82774162
-1.63237882
0.21619153
1.41710091
2.14822245
-0.81220722
1.25896430
-0.27486113
1.30768967
-0.16277288
0.64584875
-0.30752015
-0.39087439
0.22436672
-0.06106687
-0.15496148
0.49610710
0.12136820
0.21894287
-0.32871884
0.17502004
-1.32974219
-0.72429210
-0.93234193
0.48900056
0.37624472
0.30959803
0.25728148
-0.21417552
-0.26468283
2.43048120
-1.97228718
-1.83720827
0.56481701
0.54499161
0.53241277
-0.29876977
0.58863121
0.46661320
-0.43384191
-0.37681147
0.58937711
-0.64648253
-0.14857018
0.06123142
0.25251621
2.42744565
-0.19210738
-1.96033394
-1.38108981
0.11234789
-0.01124001
-0.55244064
-0.01845241
-2.01842499
-0.01361617
-0.78734016
0.14180669
0.98625785
-0.00177988
0.06162481
0.01917639
-1.32253361
-0.30857670
1.36815643
-0.33982784
-0.30039948
0.43522909
1.12329495
-0.26908827
3.35901737
-1.15619814
-0.57149720
0.00406864
-0.59539568
0.16037664
1.45235109
-0.45892930
0.25364506
-0.37220225
-0.43356264
-0.24308643
-0.64618289
0.47128430
-0.57809913
-1.06846929
-0.67253488
-0.48367617
0.19818577
-0.62732738
1.30817866
0.58723634
0.16571738
-0.07938585
0.96756589
0.20110834
-0.65812087
-0.60283476
0.61159271
-0.98492932
2.05720901
0.23015293
0.58605295
0.72824585
1.68174529
-1.24078286
-0.56135499
-0.03142819
0.17436373
0.79633254
-1.63012409
-0.00059588
-0.32099670
-0.58502144
-0.69192678
0.25995165
1.20094037
-0.91069704
0.64757872
-0.75348496
0.16187422
0.59444308
0.90421522
-0.77782202
0.22100592
-1.62266052
0.29156145
0.51858115
-0.12618944
-0.48208886
0.28694138
-1.08397579
0.44862056
-0.48203984
-0.53328824
0.29235053
1.25543034
-0.86369419
0.41452357
-0.52192575
0.59433240
-0.11399139
-0.53170204
-0.13119002
0.07410213
0.76822692
-0.02289972
0.75630248
0.00810343
0.75272375
0.20377153
0.05362326
-0.40026772
-0.72192776
-1.15869462
2.24832606
0.39255890
-0.62269294
1.42862546
-1.14375901
3.32016897
0.17739953
-0.82456434
-0.75556368
2.13410044
0.29071069
-0.19395800
-0.23359057
0.03300443
-0.44074994
0.01621142
-2.22617435
1.42820001
-0.49463353
0.56067193
0.13592553
-1.44489825
1.03901005
0.19317617
0.36399722
-2.30919266
-3.32170153
-0.62453556
-0.28662288
1.50376344
-0.95291495
0.27934510
0.52761579
0.15919904
1.02682376
-0.12888467
1.01455796
1.48142803
0.46484783
-0.16435714
0.49363852
-0.29447868
-1.21877944
-0.50674540
-0.00966001
0.72014010
-0.85085690
-0.06107818
0.10923658
-0.48801050
-0.18648739
0.34106445
0.53451347
-1.14321303
0.18762580
-0.47329712
-0.18855686
-0.22634839
0.10394123
-0.27780369
-0.32371968
0.26317966
-1.54060924
0.10935016
0.64168406
0.64279395
-0.16005047
0.14031994
-0.56208169
-0.13005665
-0.08663785
0.21942891
-1.71075082
0.87433362
0.64930499
0.62477714
0.20547140
-0.83693665
0.33561823
-0.12594105
2.47711849
1.55180943
-0.63229346
1.29747176
0.09057821
0.43584928
1.32405257
-0.26011592
-2.05116057
0.76888692
0.22562502
-0.07909623
0.38588887
-1.88898420
-0.15437432
-0.62843186
-0.12649310
0.38317803
-0.08440542
0.69509494
-0.70237368
-0.79348892
0.15085693
-1.33105540
3.14549088
-1.16976881
2.72391844
0.55841362
0.70729810
0.21490602
-2.58319855
-0.69301349
-0.59998494
0.19774668
0.37667164
0.27676159
-0.43582404
0.15067765
0.70842421
-0.23838040
0.49074349
-0.33393946
-0.04019045
1.88010311
-0.17087740
1.96050417
0.42383766
1.79777360
-2.32240915
-0.49388322
-0.70614505
0.36086351
0.04289081
-0.24756372
-0.87921309
0.76900685
-0.08976592
-0.26094770
-1.16542590
0.07484280
0.32324150
-1.03510368
-0.52936685
0.53728700
-0.24229021
0.79947490
0.27374712
0.24258244
0.16336623
-0.36813727
-0.08560500
0.14845420
0.40676066
-2.18136311
-0.48778975
0.11517004
0.79351497
