384
-0.38760838
-0.68745196
0.75342911
-1.92822146
-0.65750545
-1.40978372
1.02618814
-3.40637136
-0.60229647
-1.36489141
0.13914001
0.50309193
-0.04578441
-0.94502902
-2.69641948
-0.16301614
-0.71896088
0.66523665
-0.59929180
-0.21487582
-1.12258887
0.05471526
-0.49750832
-0.54820240
-0.41199324
-1.64665604
-0.11010566
1.88316560
-0.17002952
0.23024528
-0.37171856
0.59542030
0.43953905
1.59836912
0.55617064
-2.09758091
0.02503986
0.75371683
-5.56060028
0.47937900
0.50577033
1.88811636
0.16251653
2.84738636
0.73955703
1.75724411
1.68612111
0.08673465
-0.93691844
1.88059676
0.00190804
-0.24023224
0.76314104
4.09731483
0.49400985
0.27593037
0.16188912
0.45673200
1.30452895
0.32532763
0.28272098
-1.14444137
-0.66734111
0.17752877
-0.50290042
-1.81319594
0.11501336
-0.09309497
-0.37222177
-0.11387222
0.37699836
-0.62641585
-1.52959645
-0.57962501
1.27072215
2.61836362
3.15745687
0.25817436
0.87067372
-0.38299716
2.73283148
-0.04336785
-0.59530830
0.02486920
-1.09427834
0.32801104
-0.36792356
-0.14358586
0.58179337
-0.39114439
1.25319803
-0.30761003
-0.23770520
-0.12910730
-0.36964458
-0.06661752
0.29753098
-0.18261918
0.61488014
-0.57684767
-0.33946872
-0.24763194
1.27433789
-0.03813618
-2.50365090
0.40548784
-1.40647078
0.60737866
0.07742415
0.02473399
0.28988928
-1.12676251
0.25076038
-0.11062220
-1.38249099
0.11913747
0.19968523
-0.56257612
1.27703083
-0.41631502
-1.75466537
-1.21756005
-0.10293045
-0.98282015
1.11459863
-0.90380251
-1.58097684
-0.37464112
0.15640785
0.17891662
0.80628985
0.36583415
-0.58112979
0.40131992
-0.57902861
-0.49117285
1.00251436
-0.23373315
-0.66919166
-0.26329431
0.67380965
-0.24086358
2.95206070
-0.85343766
-0.39454758
0.68349308
-0.69250631
-0.54417568
0.94159049
-0.83377701
0.16070998
0.31653380
-0.06474796
-0.50336260
0.05302472
0.05149004
-0.52625775
-1.19647551
0.56324148
-0.04775503
0.16695890
-1.92111254
0.50043988
-0.10039701
0.53488946
0.02570874
1.46710038
1.69767916
-0.00175911
-1.37163985
0.64789778
-0.18930174
1.26535761
-0.76590067
-0.16886732
1.29261088
0.86070222
-2.30518484
0.36769715
-0.18343765
-0.93429625
0.69748652
-1.88122797
0.60405982
0.01862991
-0.95942837
-0.24709108
0.29150903
1.72180498
-1.47654128
0.67945492
-0.51088488
0.69085658
0.14946014
0.38500115
0.17871413
0.40230438
-1.83868110
0.48609006
-0.08129317
0.04477634
0.17209780
0.54778075
-1.82823920
-0.20936398
-0.07701810
-0.35030258
0.79281843
0.01013887
-0.81284791
0.16774264
-0.40744135
0.76357800
-0.67152905
-0.80745047
-1.05813193
-0.56578815
0.21515197
-0.02720005
1.12489223
0.20033371
0.67337912
0.01557466
0.96010834
-1.08076239
-0.27387422
-1.10969806
1.15413654
-0.16575077
-1.28523421
0.82285368
-0.31550121
2.71255279
0.32350567
-0.35068291
0.43218756
0.70295835
0.14070179
0.01437274
-0.38771904
-0.28725666
-0.58215451
-0.38550600
-1.57716393
0.67879844
-1.08643293
-0.01868108
-0.40734857
-0.32437390
1.60255575
1.12799680
0.57832646
-1.05591702
-2.97341967
-0.59278464
-0.60108006
1.67649436
-1.55892980
-0.49487305
-0.66967946
0.47746426
0.59725302
0.21953279
0.38269243
0.24894267
0.50891578
-0.10228007
0.27335680
-0.44724673
-1.42607641
0.11836261
-0.02159618
0.95512378
-0.92304832
-0.31474191
-0.22962487
0.03658655
-0.24153090
0.18528156
-0.71038043
-0.11574835
0.01932345
-0.19789553
-0.09781224
-0.72944438
-0.09286413
-0.62343478
0.15801325
0.25967276
-1.28231061
-0.12833586
0.43055111
0.80044883
-0.16756406
0.72454357
0.04039468
-0.06686735
0.13297598
-0.46044531
-1.87874126
1.15959084
1.02703428
0.25976011
0.28296316
-0.22493683
-0.46218500
0.75251538
1.47621715
0.96550930
-0.01243177
0.70560378
-1.28021646
-0.78281605
2.26533628
0.27422112
-0.72821677
-0.24719709
0.61436546
2.95629239
0.62277001
-0.87192822
0.64506048
-0.12495816
-0.14771792
1.10298240
-0.09926833
0.60066950
-1.17838144
-0.05833215
0.17498812
-1.69619799
3.40857410
0.03610432
2.78646994
-0.34733224
-0.05976474
-0.17334415
-2.25127172
-0.36159301
-1.01234853
0.87036592
0.53947103
-1.29769540
-0.49111986
0.61932653
1.08087480
-0.55106926
-0.19485614
0.08354251
-0.23320392
0.54467332
-0.08348276
1.08153403
0.78538096
1.19607913
-1.58768463
-0.63599086
-0.42684770
0.22186698
-0.64979184
0.06519553
-0.71623957
-0.10460488
0.99678850
1.52409387
-1.14298749
-0.14700069
-0.10381675
-0.51223671
-0.21006814
0.16396552
0.00060625
0.96335053
0.34200945
0.46735463
-0.10980154
0.43419766
-0.42132902
-0.02311001
-0.27979308
-2.38971519
0.35443956
1.08031988
0.93460608
