384
-1.61904895
0.06750806
1.38162851
-1.77253091
-0.64911157
-0.90566123
0.88937402
-1.59264541
0.58478141
-1.93480968
0.14573826
-0.34825817
-0.78733379
-1.25176489
-2.73256254
0.63063306
0.14741397
-0.51099855
-0.04053140
-0.17708634
-0.20871800
0.94002175
-0.28223351
1.50229800
-0.26612470
2.31508732
-1.19236326
2.82508636
2.36755157
-0.06788149
-1.06281018
0.35844260
1.09191597
-0.88717788
-0.33858857
-1.02269721
-0.19265425
0.08099484
-0.73368311
0.59398121
0.11316915
-0.60945171
-0.53542948
2.75353384
0.93761277
-1.57421494
-0.96670330
1.11732686
1.41187620
2.72400141
-1.56279731
0.01878262
2.06578040
-0.74485183
1.07837439
-0.71246946
0.07295784
0.09325793
-0.00089476
0.22171536
-1.06521809
0.54548341
-0.31629363
0.01130717
1.05294263
-1.87406397
0.07277638
-1.01599491
-0.49329984
-0.04844853
1.25372410
-0.43544090
-0.77269626
-1.25238526
-1.95232713
-0.79425371
1.25550818
-0.97178447
-0.64535207
-0.34189373
1.26046932
0.11350287
-1.62639630
-0.01505286
-1.34226704
-0.38112935
-0.40770769
0.59136713
0.72392684
-0.22691026
0.89203990
-0.04427907
-0.68887860
-1.18737090
-0.20608976
-0.21436340
0.41529241
-0.36903515
-0.12050552
-2.39795589
-0.67064250
0.52511334
1.80959129
0.62981927
-1.91707742
0.15269996
0.38472962
-0.12196551
-1.37394273
-0.72874224
0.60489559
-0.84671921
0.19119719
0.07441837
-0.25695145
0.18148747
0.67605948
-1.18364322
1.84277773
0.76128894
-2.40018630
-3.79995632
0.16421185
1.36801052
-0.59206128
0.78441119
0.12965092
1.43600106
-0.25279126
0.04222347
0.83693969
-0.13260953
0.20740080
-1.03578806
-0.82424980
0.82328331
1.26245344
-0.37273914
-0.35952240
0.39186066
0.63850456
1.28247750
0.94491184
0.31447357
0.94696391
-0.82005471
0.11670934
0.42936948
1.43095672
-0.15188107
0.96029192
-0.49133989
0.80437523
-0.84303766
0.05891410
0.17274553
-0.93673980
-1.02597439
-0.63492048
-1.67847013
-0.38370278
-0.24084979
1.74367452
-0.71634054
-0.03354341
0.01763754
1.19846511
1.62679982
-0.20214973
-0.22809128
0.68796015
-0.02677029
0.97267801
0.17218038
-0.50618565
-0.47013122
2.38657045
-0.02730960
0.74757361
0.32871228
-0.38798553
-1.17584145
-0.56319153
0.24115373
0.95601946
1.10773230
-0.03066671
-0.18863398
1.76518762
-1.17814779
-0.56348890
-0.20365170
0.32365733
0.40210837
0.06747892
-0.32543361
0.55689144
-1.80411661
0.13035539
-0.96361786
-0.13970529
-0.92990291
-0.49206537
-0.93935907
0.70537210
-1.37464857
0.39164841
0.79729509
0.68455887
0.36029202
-0.26173973
-0.03190446
0.65711063
-0.48296902
-2.13742638
-0.96037114
-0.58964896
0.26761702
-0.95962501
0.77156693
-1.39462805
-4.14770365
1.27818227
-0.30797073
0.39092249
-0.45736894
-1.86960399
1.20396721
-0.76273435
0.34662205
1.38452077
-0.28996915
1.54989469
0.91125166
-0.75232595
-1.61080539
0.05725166
0.78633082
0.90595108
-0.06583223
0.84063160
-1.04765439
0.82226890
0.08134133
2.25072145
0.77751750
-0.07641397
-0.15094611
-2.02530193
3.28334570
0.18318562
0.25236776
-1.53483319
-2.53211665
0.17440765
-0.28921145
1.97151279
-0.82246852
-0.88667727
0.52703083
-0.28206703
0.65322518
1.92229700
-0.11143186
0.43514705
0.38842505
-0.97195780
0.90889609
0.12532398
-2.06699896
-0.33657658
-0.52490085
0.08384556
-0.49743396
-1.24194670
0.41299486
-0.51645494
0.22583297
0.56702334
0.19262758
-0.30328870
0.45108068
-0.43287322
-0.89593065
-0.32978630
-0.11119251
-0.65320134
0.29576933
-0.56064695
-1.96376610
0.27752292
-0.03863979
-0.20368087
1.22299790
1.05193019
-0.73356915
-0.17278069
-0.40387237
-0.04596061
-0.61661971
1.12450778
0.05789073
0.90049392
-0.27672121
-0.98863572
0.20987387
-0.68506420
1.03242612
2.70380640
-0.30764395
1.92072034
-0.45233476
2.31778097
-0.96977603
0.97863096
-1.59441280
1.54639983
0.05448832
-0.84908366
-0.25487274
-0.35634831
0.49323279
-0.39647633
-0.35853213
0.00723411
-0.22471948
0.21648824
-0.00229106
0.75356239
0.44362527
-1.72764802
3.80315948
0.47994077
-0.12172451
-0.12969732
0.55972677
0.93943131
-1.46443939
0.38946483
0.24051911
-0.61155003
0.24838084
-0.17523280
-0.47903451
0.28200060
0.37582648
0.35870248
-0.89708740
1.27231145
-0.14033155
1.49976361
0.93218434
0.25902387
0.16810718
1.07506311
-1.88488507
0.58017981
-0.97712260
0.86715937
-0.57032216
-0.29384905
-2.54181862
1.16831350
-0.94691551
-0.83669090
-2.21228766
-0.01132909
-0.63094234
-1.31402302
-0.20058767
0.55752635
-0.52260619
-0.96588379
-0.31977665
1.07251322
1.30168056
0.75747275
-1.04308057
1.73839307
0.60002118
-2.45757723
0.42012781
0.57888722
0.30100551
