384
0.04718566
0.51554298
0.38590351
-1.29116321
-0.51959157
-1.88988066
1.00114810
-1.29350531
-0.14975280
-3.27372551
0.29624587
-0.23499660
0.27804855
-1.00921202
-2.37102938
-0.13833819
-0.37749475
0.43961322
-0.15864062
0.64936894
-1.22590661
0.40388453
0.90559149
-0.10862394
-0.73197734
-0.74028969
-0.97246313
2.85727262
0.04179576
-0.49060956
-0.25869176
0.15043971
-0.17257738
1.13208270
0.06173159
-1.69958878
0.07528412
0.41346323
-3.85833478
0.31592542
-0.40853631
1.68681705
0.49262273
2.76487327
0.34173810
0.81657708
0.78133804
0.98253304
1.97171891
2.13342381
0.31693834
0.43141916
1.15948534
1.06940627
0.26610282
-0.90037823
-0.00250756
1.37236571
1.44187653
0.87742257
-1.74770021
-0.15057275
0.02784283
0.38631523
-0.06053748
-1.83319616
0.27306026
-0.98566681
-0.89045238
0.38341948
0.46396846
-1.01914752
-0.94463611
-1.18409848
-1.55750942
-1.91327941
0.63445985
-1.70982718
0.17126870
0.21632752
1.23145628
-0.39790976
-1.12392747
0.16148792
-1.15931010
0.17312419
0.23836747
0.33225396
0.49387649
-0.14118807
0.19162545
-0.48763919
0.13845107
-0.67739189
0.50111127
0.48700958
0.73022997
-0.00688619
-0.09273551
0.08591875
-0.33927292
-0.03978246
-0.41310275
-1.42188191
-0.89794892
0.25479570
0.58200574
-0.10135496
-0.34942889
-0.39640999
0.15119886
-1.44299662
-0.44707578
0.09661630
-0.68913734
0.16996886
0.57249624
-0.23861168
1.67593396
0.87461722
-2.04789019
-2.28766465
0.11170464
0.79161650
-1.05887687
-0.63189459
-0.41627860
0.98294723
-0.30514395
0.98422742
0.31903666
0.12255760
-0.25788441
-0.38363564
-0.87512887
0.10151076
-0.05495292
-0.48162419
-0.56081021
0.14008929
1.04758859
-0.11542751
4.59969616
-0.55873084
-0.21629505
0.35805723
-0.27246529
0.23927359
1.09133744
-0.03085594
-0.27905530
-0.16199614
0.40144399
-0.19623850
0.89118701
-0.41374558
-0.08797420
-0.95223892
-0.88255930
-0.42312199
0.03098805
0.93988001
1.66434205
-0.40402251
0.21519262
0.00826166
1.58779037
1.16861534
0.07870460
-0.43440044
-0.05137300
-0.42033809
2.36493778
-0.57584202
0.48014194
0.30078226
3.14539695
-1.67749882
-0.36964661
0.16825972
-1.42273962
0.15076621
-2.23837781
-0.23156063
0.02868459
-0.77677792
-0.52998519
0.63964063
0.92479587
-1.72514105
0.50715148
-0.44997346
0.04374812
-0.13671514
0.51554203
0.07531333
-0.08116400
-2.19836426
0.41771913
0.52498233
0.41280669
-0.05677266
-0.19623375
-0.34901774
-0.31673658
-0.02937546
-0.09794261
0.52896941
2.86982584
-0.88985944
-0.14211777
-0.53929853
0.67890155
0.28788242
-1.00997996
0.11382955
-0.50568783
0.59200072
-0.52997601
0.83492559
-0.48889291
2.00009346
0.84187710
0.40829256
-0.20534970
-0.47519451
-2.11321402
1.30289960
0.80619133
-0.64648342
1.12666416
-1.54817009
2.29346299
0.00642082
-1.47556031
-1.38611174
1.62778091
-0.17127247
0.09032134
-0.75005090
-0.70254803
-0.67514193
-1.14142764
-2.47737622
1.87251294
-1.18917704
0.09110817
0.01148846
-0.65893257
0.80480087
0.27656555
0.38005906
0.05795282
-2.61854553
0.24723668
-0.45231041
1.07196105
0.23692490
-0.34821203
0.29493096
-0.15368818
0.37898856
1.07776690
-0.17956096
0.96304739
-0.16776605
1.05010962
0.58335471
-0.37649125
-0.95082486
-0.50677288
0.37608117
0.45030084
-0.54516953
-0.56345892
0.00811538
-0.56777358
-0.10705689
-0.12746371
-0.34961045
-0.57319099
0.11728966
-0.80867946
0.23033366
-0.34229270
-0.33030370
-0.84700722
0.01118460
-0.32423997
-0.46840107
0.59621298
0.10081972
0.10516675
0.19842049
-0.68209887
-0.04579553
0.26202089
0.20193455
-0.61005008
0.29101712
0.21595669
1.16889119
-0.05463274
-0.41647303
-0.44687015
-0.43423909
0.21468298
1.67566991
1.58604443
-1.82567596
-0.12907428
-0.48948377
2.23310947
0.21085751
-0.00665399
-1.73299944
0.40106219
0.31579119
-1.01440144
0.54533124
-1.67251086
0.49638116
-0.50498295
0.54391891
0.71426857
-0.67263919
0.81912982
0.03417578
0.83237278
0.28210241
-0.71631962
3.63166690
-0.22718552
2.21217799
0.07724372
0.15553480
0.56446671
-2.21744823
-0.57304651
-1.05530655
-0.08449949
0.10943076
-0.77553612
-0.55400026
0.65950966
0.70761806
-0.47168976
0.02630052
0.19101927
-0.35216448
1.83456302
0.26125509
0.61671841
-0.08755016
2.33247495
-2.06596899
-0.55526853
-1.06537056
1.03431463
-0.04670188
-1.03523421
0.25163034
0.05338083
-0.20417649
-0.74447757
-2.42565846
0.27034357
0.06368002
-1.54836464
-0.32310143
0.13628443
-0.09114774
-0.16926607
0.25158983
0.47823465
0.53876996
-0.30556443
-0.29721525
0.19419517
-0.40104109
-2.19452453
-0.51931679
0.16402034
1.00439250
