384
-0.62407345
0.31120121
-0.20016932
-1.95984173
-0.98646843
-1.09093904
0.07837138
-1.00828123
-0.30409843
-1.11989605
0.30127752
-0.24154508
0.46936315
-2.02359200
0.21928191
0.67658412
2.21654940
0.29314378
1.91238856
-0.03141527
-1.99594951
0.55012894
0.37139720
-0.74013138
-0.56734967
0.29291624
-0.60179293
3.41699553
-0.25002581
-0.12651634
0.57034755
0.01254511
-0.07176534
-1.24950421
0.11217362
-2.56627655
0.09041825
-0.26789284
-0.84309649
0.17588404
-0.26784194
0.40155968
-0.22583009
1.62377048
0.61668897
0.33422941
-1.81656730
2.11199546
2.31608987
0.74480450
0.79696679
-0.33012378
0.84005475
-0.27896690
-0.37466419
0.24326158
-0.07353254
1.62840617
0.03489316
0.58140790
-1.45124876
-0.23859328
-0.06105265
0.83577645
-0.18290554
-0.64040458
-0.00994848
-0.95476985
0.30951571
-0.33035547
2.00843668
-0.38682306
-0.93513674
-0.17255962
-2.29627109
0.12935024
-0.96833920
-0.97547400
-0.08864352
-0.30188254
1.27471960
0.21304446
-0.49015659
0.03371537
-0.82755816
0.51358974
-0.38726723
0.79495579
0.24169831
0.00562562
0.48645887
0.14216864
0.26455319
0.37556243
-0.17700019
0.57285655
0.28400543
-0.06876630
-0.62432837
0.16735107
-0.08198708
-0.04270948
0.34139991
-1.79244041
-1.43288374
-0.27880594
0.45489317
0.18271938
-0.16810855
-0.21728604
0.06666598
-1.21523190
0.10829034
-0.26655564
0.70663089
0.35159242
0.15813251
0.17997020
1.49153173
1.98757851
-1.61127675
-3.48832750
0.78411508
1.60235560
0.59671557
-1.05821776
-0.63048434
0.82784110
-0.07292590
1.81168222
-0.62912512
0.14269888
-0.19580093
0.32553869
-1.93855000
1.21570337
1.14138937
-0.06542755
-0.97180229
-1.50326908
-0.21761023
-0.53475082
2.10295653
0.12749645
0.97656685
-0.41753185
-0.47434092
0.28810927
0.81062710
-0.79557490
0.17062671
0.21457052
-0.17178921
0.08739834
0.44730520
-1.71979141
0.36236393
1.02353966
-0.81630981
-0.76379901
0.20502180
0.87890089
1.99543262
-0.17000452
0.34284595
0.35491031
2.00518513
0.68467808
-0.07537296
0.10269445
0.93065214
-0.68536264
1.08513379
-0.57606518
0.34759054
0.09288478
0.92361546
-0.43251437
-1.02269816
-0.27282104
-2.64638948
-0.06337257
-1.90994692
-0.35866100
0.72368932
0.10962832
-0.57298803
0.29358229
0.25229990
-2.72795343
-1.08129716
0.00320727
-0.97962785
0.14670846
-0.24491984
0.36958325
2.44700861
-2.23205900
-0.22034328
-0.03511037
-0.41840827
0.47485656
0.07413442
0.67320579
0.01448593
0.57876861
-0.04057217
0.25519678
-0.31248480
-0.14620994
-1.61923206
0.04975340
0.27823228
0.39864394
-1.00069928
0.00757533
-0.33760226
0.67074990
0.15891635
0.13731533
-0.83721530
1.31204522
0.41429925
-0.04074196
-0.75039828
0.11488976
-1.35807276
2.58505201
-1.16439652
-0.94569409
-0.87888443
-0.01862741
1.45423830
0.03155124
-1.72936785
0.33192024
1.30344439
0.88376337
0.34645098
-0.47288758
0.63166952
0.04440488
-0.82743925
0.96066666
-0.87023348
-1.32403100
-0.17123844
-0.04655226
-1.97494841
2.74183321
0.05759586
-0.48690057
-0.11358315
-1.56554914
0.77348423
0.53888816
1.23291707
1.56283474
0.14709088
-0.04786872
-0.37367311
0.24404061
2.04910326
0.19593732
-0.18893677
0.44560707
0.35109335
-0.45962310
-0.22376971
-0.62166214
-0.53257465
-0.21227968
-0.50892675
-0.33918989
-0.35401240
0.95451140
0.47723186
-0.31744051
-0.37856379
-0.07589954
-0.02257381
0.56014585
-1.14075220
0.56793296
-0.18460724
-0.29768556
-0.71382976
-0.29237613
-0.37157258
-1.30125475
1.49926984
-0.36448133
0.24436030
-0.22573346
-0.60095185
-0.57005054
-0.03500772
0.85732889
-0.45420402
0.99558848
1.07391143
0.85143721
-0.84008312
-0.54673731
-0.04754358
-0.97841513
0.40680960
0.68163323
0.50546849
-1.45832360
-0.07986569
0.02604272
0.93343204
-0.62165773
0.23050573
-0.12867914
1.32965565
0.53206825
-1.53198099
0.14466366
0.75482070
0.11209418
-0.17510915
0.90775883
0.15380684
1.53076506
0.19895416
0.73730028
0.14154224
0.64673465
-0.76833397
3.47583246
-0.05353887
0.07271210
0.64339739
1.33057046
0.01204179
-2.28286839
0.12994763
-2.37875867
-0.07600363
0.30503374
1.10009003
-0.31733280
0.39774573
0.83454925
-0.38605535
0.10719536
-0.51050568
-0.26616824
1.55836427
0.37537682
-1.53097987
1.24503577
1.35816371
-1.02779174
0.41379899
-3.35787535
1.06172645
0.35785502
-0.27341893
0.73237747
-0.06943850
0.27977324
-0.47045109
-2.64638376
0.64282048
-1.23147404
-0.87629950
-4.00738955
0.28012449
-0.09129833
-0.33525184
-0.32490015
0.26780957
-0.39452571
-0.03466168
-0.46518311
-1.15311444
-0.25159800
-0.72775066
1.05351293
-0.56632042
1.25772786
