384
0.94071144
0.62710100
-0.25425905
-1.67809999
-0.65210330
-1.09586656
-0.94420832
0.10188758
0.46521392
-1.63104987
-0.14029245
-0.19732721
0.20206776
-0.87045455
-1.61602271
0.50633562
0.90663254
0.86234248
2.49709368
0.26919320
-1.78251207
0.59002662
1.14497185
-1.34998012
-2.61746693
-1.95340729
-1.31406081
2.38747096
0.39565298
-0.76255327
0.37150383
-1.34492326
-1.28354084
3.04472303
0.47174510
-3.17421007
-1.11567163
0.62542403
-1.44225037
0.31998813
-1.16587973
0.85448843
-0.31981570
2.26140499
-2.11453819
1.72590911
-1.35219789
-0.72061223
0.88651180
-0.29138136
1.53501010
0.71253538
3.19878292
-0.82556260
-0.87481058
0.08827556
0.66353911
0.85162401
0.18000929
-0.20921361
-0.17586678
-0.31833968
0.30626866
1.53528035
-0.00885512
-1.22009003
1.10420787
-0.66191947
-0.71340632
0.50010669
0.11123100
-0.93864840
-2.32595682
-0.94685519
-1.05983210
-1.16995382
1.95648122
0.07416807
0.02620709
-0.10850122
0.68392158
-0.37449938
1.97318566
-0.77774990
-0.84733701
0.56881869
0.46807277
0.14035439
-0.05219250
-0.09342036
0.56189865
-0.72352463
0.69472706
-1.09751284
-0.85010284
-1.10827065
0.17783067
-0.11343710
-0.63613415
2.14573956
0.91828507
-0.97411454
1.80789137
-2.05202579
0.57279384
-0.32183307
1.23741078
0.98526591
-0.95943522
0.30902612
0.41357559
-1.00716686
-0.78824151
0.66650784
-0.89213860
-0.31374246
-0.03497641
-0.32311112
1.97392249
-0.30898935
-0.51423943
-3.33544350
0.33133191
0.81136101
-0.62394977
-0.43027362
-2.69976950
0.60673165
0.03749222
1.22789979
0.31128246
-0.03648960
-0.14635241
0.53597385
-2.38354349
-1.06284595
0.46632591
0.03498331
0.15707989
-0.08294067
0.56461948
-1.27474868
1.85920227
-0.68324441
-0.73109770
-0.11383040
-0.21959853
0.13795179
-0.31777436
-0.90579200
0.44922000
-0.28298303
0.54426092
0.07567674
0.10956898
-0.54279864
-0.82438231
0.84388590
-1.35692835
0.00022522
-0.46450698
2.30359292
1.52207637
1.33466339
-0.56565106
0.32324034
0.91018236
-0.57013142
-0.19438231
-0.65515554
0.67714477
-0.59765673
0.75793564
-0.48280445
1.21003127
0.85340250
0.79501563
0.66451246
-1.45825565
1.18546987
-0.43004107
-0.60711682
-0.46005476
0.23000202
-0.39876580
-0.29339749
-0.19931471
0.44717735
0.49177992
-0.63800639
0.21670003
-1.26624358
-1.07486045
-0.22283824
0.76302242
-0.61130613
1.43245184
-0.64809918
0.38035065
-0.04858178
-0.57070756
0.07347372
-0.38601351
-1.38592970
-1.23881876
0.58684570
-0.44031426
0.31238735
-1.96034694
-0.35830668
-0.33649343
1.09785378
0.22830823
0.35234287
0.30930549
1.44868588
-0.46836403
0.16641423
0.20974654
1.07148683
-0.99167436
2.83494639
-0.84128982
-0.09546431
-0.21656688
-0.25161484
-1.79413688
0.70239037
-0.50375563
-1.27130091
-1.47585988
-0.01885527
2.64200306
0.39893687
-0.15616888
-0.77577776
-0.90232557
0.89711547
-0.41078064
0.22666338
-0.78093708
-0.10832793
0.52273583
-0.54118454
0.05544376
-0.35530239
0.17176345
0.77433860
-0.54430449
1.87432384
0.15500970
-0.97106457
-0.69865388
-2.03823590
0.47582114
0.13694331
-0.27608532
-0.51820886
-0.36207747
0.35275313
0.17433208
0.63722813
0.15668809
1.22605991
1.08449137
-0.59323233
-0.46181449
0.05597366
0.25867081
-1.00249231
-0.52131361
-0.54748076
-0.08067260
0.25028524
0.61086774
-0.33306506
-0.42418283
0.61926824
1.14950633
0.01868221
-0.50002730
0.46023807
-0.13788575
-0.29274741
1.09221375
-0.26516408
-0.30878875
0.75667131
-0.39477861
-0.23277575
1.09081423
-0.42447412
0.53782493
-1.08247995
-0.49336863
-0.07211219
-0.46313202
1.13261163
-0.98336589
-0.48629954
-0.15773588
0.39502922
-0.11277132
-0.55472553
-0.10874432
0.36841869
-0.67392427
2.20927143
-0.19670928
-1.24648499
-0.52160889
-0.33187279
-1.22603166
0.88103366
-0.62911987
-0.10753342
0.33405375
-0.06757554
-1.33844674
0.84121674
0.43685609
0.48918563
0.84751189
1.79147482
-0.55398637
0.00537841
0.64789462
-0.00057011
0.19547300
0.54028547
-0.32654417
3.18077564
-0.11044461
0.23915170
1.32003307
2.05568957
-0.62144107
-3.75992250
0.11064883
-1.55137789
1.07205164
-1.74955475
2.41972589
0.06994560
0.49870819
0.58794427
-1.24295235
-0.77832359
-1.36578608
0.98214066
2.15064955
0.18855765
1.19147885
0.41200820
0.68041068
-1.06657183
-1.02360356
-3.11973619
0.86518407
-0.07837022
0.04908024
1.73065746
0.21914521
0.34634903
0.19012986
-0.40475583
0.67181015
0.47126570
0.01171789
0.11395493
0.32569468
-0.38642713
0.84075469
-0.37310356
0.35959771
-0.67427266
0.22925666
-0.09764566
-1.01264536
0.00137251
2.16742253
0.30572537
-1.45787024
0.67381108
