384
-0.69352639
-0.24559353
1.34352779
-0.14641523
-0.42578349
-0.26965833
-0.06422675
0.74846184
0.96734291
-1.06362367
-0.16624850
-0.05448318
-0.03300641
-1.72854674
-1.43032765
2.08540034
-1.63309753
0.04680037
1.43134248
-0.23684311
-0.33562738
0.79438078
0.11497247
-0.80265689
-2.09841156
0.60761940
-0.54329383
2.75943303
0.34742266
-0.76750618
0.23986311
0.20644623
0.01437952
0.56495690
-0.71818399
-1.75684381
0.09625852
-0.06066768
-2.27144980
0.00452423
-0.06312334
-1.32931840
0.08701852
0.52283108
-0.09781769
0.23190625
-2.07868361
0.52590024
0.94464332
-0.69427913
0.09190992
-0.66590226
2.33278465
0.34462398
0.08549021
0.65272468
-0.01253008
0.27025536
1.10839415
0.30909637
0.16532773
0.34039736
-0.55828595
0.88961881
-0.23786843
-0.07357025
-0.16668460
0.35661724
0.05320425
-0.08833987
2.22545218
-0.01128937
-2.27980494
-0.72979009
-1.00216043
1.79940057
0.48805290
-1.87020063
-1.84666860
-0.05033747
0.65168136
-0.02460112
0.16849451
-0.16985086
-1.47608066
0.29952884
0.03148738
0.74045265
0.15660809
0.50570238
-0.07130866
0.33833802
-0.11894555
-0.44669384
0.15084493
-0.26563609
0.15315379
0.15234661
0.51932144
0.85522795
0.06104107
0.44640052
3.63465858
-2.74788618
-0.87407583
0.16326876
0.80719995
0.57129234
-0.39041409
-0.08171128
1.32353091
-0.82205749
-0.30541432
0.24423517
0.20500995
0.13617389
0.24568300
-0.40111440
2.88184166
1.30953646
-0.95500761
-2.22293401
0.28357115
-0.21426222
-0.38887954
0.99861526
-2.14745331
0.78835189
-0.09914605
0.88582659
0.27798450
0.69425040
0.17981641
1.73522115
-2.69416714
-0.12859231
2.44369316
0.16607276
-0.59487402
-0.48113704
0.47018805
0.21835259
0.21802622
-0.70270139
-0.57396805
-0.06615147
0.59238398
0.27347237
-0.02279520
-1.05251312
0.38310114
-0.03990769
-0.09266052
0.24039456
-0.05060470
-1.36251986
-0.03224092
0.95081598
-1.63928545
-1.00687373
-0.14379719
1.99239922
0.55298185
1.36612594
0.01565526
0.00502576
0.95341325
1.01961887
1.55506825
-0.14851296
0.53094125
-0.13331850
-2.05466437
-0.24520552
0.86241245
0.72467351
-0.79642630
1.02148819
-1.50105762
-0.13631426
-2.02408028
0.32338107
-1.38963282
-0.27259147
0.59497374
-0.41302073
-0.08498715
-0.57596552
1.25337601
0.48591399
-0.44175589
0.08348794
-0.28354868
1.30252302
0.57136309
-0.65495068
1.48631048
-1.32691145
-0.12564172
-1.61859345
0.70427305
0.25139672
-0.25940329
-0.10318720
-0.16638625
0.01838486
-0.20870879
-0.42244408
-1.18218279
0.45119753
1.51903605
-0.08882204
-0.89945394
0.12563497
0.77561271
0.13080360
0.69162434
-0.43104687
0.50756991
1.70459104
-0.68776786
0.73170018
-0.35776788
-0.16024137
-0.11362096
0.04310006
-1.80204225
2.34240508
-1.25767803
-2.28616023
-2.29748631
0.46755332
1.06051970
0.56848866
-0.06946504
-0.46707973
0.10550977
1.52203345
0.43489954
0.36148176
0.81203473
-0.07402083
0.59893095
1.09410763
-0.22930142
0.71033406
0.32003653
0.22238648
-1.29512370
1.86831474
0.65015948
0.03051526
-0.65499711
-1.79805374
0.59341180
0.24728487
1.72573185
0.74857843
0.31411010
0.52091658
-0.10569349
0.92567825
1.19268930
0.70730263
0.70194501
0.31199640
-0.26761881
0.12172206
0.19524525
0.54287982
0.06436002
0.14760792
0.12914920
0.00978422
-0.22309276
-0.17944078
0.32143176
0.17873120
0.57304835
0.36454597
1.06687677
0.39631766
-0.37560695
0.87017995
0.38479155
-0.20532544
0.43996996
0.12135610
-0.06166400
-2.75472832
-0.23016268
0.28213432
0.05619899
-1.11540580
-0.48799685
0.17531329
-2.25651598
1.07609534
-0.23253372
-1.82450163
1.23798871
0.24211976
0.42779019
-0.47997025
0.60126239
-0.10064131
0.77462858
1.58206308
0.76872730
-0.41542071
1.02824402
0.14657760
-0.14741394
0.90167922
-0.36316410
0.48195630
0.98913372
0.16747713
-1.61105251
0.16780296
-0.68967670
-0.31446311
-0.43858296
0.24437003
0.00381871
0.06266756
0.34127894
-0.40460193
0.35863966
0.64245504
-1.15499020
3.07547951
0.76699078
-2.71668863
0.44959107
1.69201446
0.04010307
-2.16814566
0.24893512
1.90659392
-0.05760086
-0.63115966
3.76055002
0.11331630
0.64769036
1.23715973
0.48573607
0.70979816
-0.35191494
-0.43763340
1.36243927
0.11793596
1.10653543
0.64168745
-0.87690896
-0.95345354
-0.01845695
-2.36550784
0.00895071
0.06470900
0.29049820
0.81281072
0.39258224
-0.33779413
-0.22164622
-1.88921189
-0.65515828
-1.16649556
-0.13781604
-5.95189810
0.06735779
0.18357870
0.58691716
-0.36659929
0.85835755
0.19369024
0.08771771
-0.19783607
-0.33517742
-0.40232390
1.26282644
0.16259921
-0.23308599
0.55376369
