384
3.13978529
-0.02891046
-0.11315745
-1.50655603
-1.93641567
-0.61855376
0.07571936
-1.72357345
0.21667203
-1.35157239
-0.63693857
1.36791348
0.78892833
-1.05242300
-2.22450948
1.09232962
1.72817957
0.69525987
3.39579105
-0.81554741
-2.01634550
1.08514452
-0.80666566
0.38571477
-1.08414888
-2.15211415
1.49699879
2.32821989
-0.52772629
-0.48457766
-0.82515162
-0.22772932
-0.85301143
2.98732209
0.18369263
-1.95027232
0.00909249
-0.10609804
-2.89757967
-0.90054095
-0.48424113
1.55414200
0.43244949
3.70370102
1.38496852
1.47035396
1.67976546
-0.30014944
-1.10701919
3.43441200
0.21510242
-0.52980012
1.76764691
2.56136274
-0.61030149
1.24022293
-0.72640133
0.97321492
-0.45965832
-0.41668892
-1.24975514
-0.58729297
0.39476454
1.59797573
-1.42420363
-1.65003157
-0.16812280
1.38725185
1.10068297
0.52239609
5.51893044
-0.58192205
-1.26566696
-0.07619864
0.53448159
0.42192930
2.62697935
1.31900680
0.87458813
-0.26128477
3.74026203
0.33546165
0.23208919
-1.24397290
-1.38586903
0.45922387
-0.87599254
-0.22930111
0.86227304
1.66762376
1.23794103
0.30459914
0.20877397
0.58841944
-0.81059504
0.30022094
-0.25382489
0.56586581
-1.35781527
0.31552911
-1.06623840
-0.95199174
-0.11330211
-0.05933356
-1.23780882
-0.34513983
0.17869562
1.38924587
0.09537017
-0.14155519
1.55303144
0.00652719
1.83107710
-0.17892766
1.21499538
-0.59840333
-0.50298482
-0.96546483
2.29099679
-0.51105082
-1.08468425
-2.74654341
0.20370129
-1.88544178
1.88190293
-1.25670922
0.11100191
-1.34895015
-0.10579411
-1.17270803
0.77835464
0.18135452
0.78369123
-2.04694486
-1.36678159
1.19001722
2.21044970
1.06126559
-0.86180258
1.04094517
1.03647184
-0.99663365
0.07397538
-0.50944561
0.77940911
0.26051837
-3.28535056
-0.68998408
3.18697166
-0.40399873
1.17178094
-1.15977764
-0.78135085
1.46037507
-1.09507608
-2.02053356
1.24363899
0.19471842
1.56467772
-0.82832527
-0.98678422
-2.71869493
0.92411733
1.05553901
3.11627197
-0.52960145
1.71806335
-0.06796610
0.64733088
-1.43860483
1.07991445
-0.22813800
1.62687886
0.50666618
-0.57129586
2.54182458
0.09583770
0.63353878
1.09380972
-0.27744174
-1.85606408
-0.58308297
-0.74017179
0.08312535
0.84121972
-1.24974561
0.24618950
0.67357266
1.31807470
-1.52511263
-1.66935647
-0.11049132
-2.26752496
0.51021969
-1.16403055
1.36917770
1.39377594
-1.82684016
1.24477220
-1.83967972
0.64048982
-1.46234632
0.62244749
-0.26091653
1.10278702
-0.84280121
0.27430919
0.77181405
-2.34197259
-0.45801482
-0.61760354
0.12045071
-0.88516283
-0.44788122
-0.30568841
1.21945333
-0.81337869
0.34094578
-0.36032709
0.48574710
-1.60664678
2.18081546
1.08937061
-0.05436855
-2.46596861
1.84966922
-1.07962549
-0.41090918
-0.07212192
-0.40174770
-0.57328880
0.80593956
0.58883572
1.57835603
-1.97144687
0.68508202
-1.70720398
1.69809234
-0.38916346
-1.58726668
0.31264630
0.35149026
1.48784137
-2.70764160
1.24266851
-1.54385257
-2.19500780
-0.01413237
-1.18546999
1.13836861
0.09895900
-0.16729456
-1.38486624
-3.60238814
-2.05876851
-2.36594748
0.09784383
-0.05028738
0.40314192
-0.31376347
-0.25106058
-0.12421709
1.76443768
-0.09164297
1.05740118
-0.24022037
-0.66872489
-1.05948007
0.24768654
-1.85494292
-0.83652234
0.69046330
0.17874704
-1.45443702
-0.44499901
0.17334545
-0.10038681
-0.16874808
-0.55934054
-0.41527230
0.04561047
0.10504565
0.45220548
-1.72237957
0.07481369
0.70886266
-1.40109837
-0.89527369
-0.20987834
-1.85578299
1.98822963
0.31239936
1.07437444
0.40176356
-0.68917191
-0.13563517
0.43924975
0.53472114
-1.35207212
0.94969630
1.11412609
0.56694329
0.00008979
0.06017781
-0.13563216
-0.97266167
1.32846117
0.37479252
1.54449368
0.84687197
0.08485508
0.08174136
-2.76049209
0.55909497
1.25645638
0.42244452
0.70956874
0.72656304
3.15444517
0.89037311
1.25586343
0.20616937
0.80211997
0.16978087
0.27290609
-1.92702198
0.24272162
-0.36833662
-0.95795286
1.00529885
-0.48462012
3.43272328
-0.42530426
2.04053307
-1.64421511
-0.04927629
-1.01443470
-3.53418827
1.16099238
-1.53183901
-1.69845796
-0.09428078
0.22818059
-0.48076075
1.38128710
0.43734086
-0.09472571
1.42700040
-1.09362888
-0.19487493
0.63946509
0.43602034
1.72260356
0.30523184
0.59391236
-0.25858539
-0.77104729
-1.47961521
2.56146932
-0.58259940
1.00880516
-0.21398626
0.82972229
-0.64788634
0.68911403
-0.46121114
0.07447255
-0.60985082
-0.18340275
-0.64409131
-0.08280245
0.84414649
0.29290468
-1.19748104
1.21168101
0.66129732
-0.27508792
-0.76361209
-0.82500106
0.09511647
0.52663028
-1.40443027
-0.07414521
-0.89651352
