384
-1.51422083
0.54677451
0.94540244
-1.81513572
-0.80179584
-0.81458884
0.56286228
-3.41140342
-0.58972740
0.11964506
-0.60017693
0.64439976
-0.21300794
-1.17781794
-2.46748567
0.56811780
-0.35570520
-0.28652766
-0.42100310
-0.32678014
0.20258772
0.05530018
-0.51476848
1.37396693
-0.85427928
-0.29156500
-1.16702986
1.71003509
2.13566685
-0.10412029
-0.49566215
-0.11413058
0.12057355
0.46362382
-0.87526864
-1.35261452
-0.61665225
-0.28822932
-3.73425436
1.19096303
0.36422920
0.02473308
0.22409685
2.85621500
-0.97782260
0.42928410
0.00088930
-0.01451492
-1.41721821
1.79316783
-0.35939944
0.44202998
1.71950066
3.07766938
0.65667015
0.43772709
-0.12972015
0.03253430
0.81871104
0.81524807
0.74967682
0.14484636
0.15450636
0.65224534
0.12246961
-2.22034669
-0.41859189
0.08603444
-0.86680645
-0.45085233
0.56081849
-0.84844744
-1.99479127
-0.86658156
1.75923955
2.84612346
3.36099339
-0.33803603
-0.93033564
-0.41094455
1.88118744
0.19263920
0.89493001
-0.06962825
-1.95115697
0.46731746
-0.55840576
0.39480886
0.14472398
0.28108537
0.09413281
0.37373513
0.37471342
-0.35182655
-0.33977744
-0.84115875
0.61744440
-0.39894825
-0.31889895
-1.80542910
0.39107046
-0.17116523
3.33902931
1.66057730
-2.14411926
0.38384360
-0.30676913
-0.17232698
-0.13794972
-0.63558769
-0.12187500
-0.96115422
-0.08478311
-0.34305173
-0.35802317
-0.69786018
0.67854750
-1.01842093
1.44959950
-0.56594330
-1.40491676
-2.36205506
-0.70984375
-1.22525132
0.00811194
-0.23890704
-2.03343678
0.65120101
-0.15140916
-0.03679395
0.73669362
-0.33227384
-0.44623750
0.72647583
-0.56109911
-0.06637752
1.15147352
-0.09028258
-0.79559165
0.74094212
1.69046223
-0.23900981
0.71228170
0.48293445
0.71963286
0.26706159
0.23586255
-0.99771333
0.79631370
-0.89626902
0.47851118
0.88654119
-0.91010827
-0.40237129
-0.28398368
0.01015341
-0.75675571
-0.62308842
-0.34013703
-1.10422230
0.00495237
-0.54019487
1.35970640
1.12025726
-0.18130429
0.31049791
1.49614823
1.41976094
-0.42331550
-2.75740170
0.94420207
0.09882300
0.01626360
-0.30985183
0.26723790
1.07493985
0.46726328
-1.48427272
0.59778857
-0.12138589
0.50918531
-1.52038181
-1.07787740
0.12990823
0.66271389
0.67464006
0.20307299
0.29709470
1.87517214
-0.90596396
-0.33274522
-0.05138679
0.43878931
0.55041689
0.96873271
-1.79430163
0.79067242
-1.45871258
-0.21314883
-0.55837858
0.53666854
0.30310342
-0.00232770
-2.55983639
0.06215000
-0.55052781
0.43235216
0.51774800
-0.88396144
0.15777534
-0.37574351
0.36481148
1.12099969
-0.01623818
-0.90326363
-2.25628614
2.49641013
0.19591033
0.14286341
1.58103359
0.77284122
-2.69107533
0.14493379
0.04443176
0.01712093
-0.26447994
-1.44968319
1.24644780
-1.44598770
0.04193360
-0.21655244
-0.28986824
2.19926810
0.49509054
0.24132514
-0.03471527
-0.78556305
1.05655313
0.19624767
0.34277883
-0.01846233
0.11463439
1.57336104
1.80116153
-0.03655694
-0.17252928
-0.05339802
-0.35935977
0.04617918
3.09997082
0.07840888
0.70400894
-1.56154454
-2.27319455
-1.02969539
0.66631413
2.21220684
-2.38195539
-0.20217484
0.12852284
-0.26231235
1.26763821
1.18913972
-0.13664052
-0.00775680
0.09055290
-1.50225067
0.49349934
-0.59019071
-1.31041455
-0.08896634
-0.53106916
0.82731450
-0.57993627
-0.50410324
-0.43501008
-0.90691817
0.43314654
1.19523668
0.20955682
0.31150270
0.01939598
0.07345916
-0.86444968
0.33947903
-0.21917425
-0.60468626
-0.12197281
-0.27830607
-2.61539507
-0.83133638
0.23482192
0.62028056
-0.88803804
0.05024070
-1.00792658
-0.07020277
0.66037905
0.42644274
-2.19553828
0.96280968
0.23415145
-0.04555343
0.61447954
-0.55724323
0.88860053
-0.88401711
1.96855068
0.63092965
1.19046712
1.96719801
-1.05667543
-0.22829458
1.96080852
0.07864909
-0.66594136
-0.55802584
0.87139004
2.35562515
-0.45075718
0.78950626
-0.05305458
0.04907214
-0.78938758
0.05625890
-1.11901128
0.36914122
-0.05053575
-0.35998291
0.01992720
-0.78218269
3.26446843
0.61780047
0.76791674
-0.44088680
-0.00128990
0.29978037
-1.91975832
1.36265695
-0.39466316
0.46418583
-0.16518211
-1.50159919
-0.18123537
0.02312876
0.73412025
0.41412187
-0.16158418
-0.07493049
0.07798151
0.03995895
-0.04552077
0.12350136
-0.19495395
0.09215194
-1.14094496
-1.12275743
-1.20027947
0.72563547
-0.52437657
-0.06488769
-1.90768886
-0.00457516
0.79295862
0.51207155
-0.80488944
0.18939838
-0.27010036
-0.01166499
-0.03376312
0.18575442
-0.11432922
1.18680286
-0.02712927
1.46210313
1.29833436
1.10247636
0.47926733
-0.44302824
0.51320553
-1.30468631
-0.43454427
-0.10349724
-0.28314751
