384
-0.23865558
0.32193470
1.44576955
-0.44792321
0.71460462
-0.76096326
-0.26962739
-0.46500543
0.59816319
-1.75734973
0.94367069
0.35904670
-0.02186883
-1.84646821
-2.52327776
1.28149426
-0.55775678
-0.50948232
1.34469020
0.01913255
-0.79210317
-0.94072795
-0.07730736
0.54947490
0.40970528
2.18799615
-0.55646604
3.20700669
0.49147946
0.69604373
0.18499953
-0.11637322
0.86422479
0.70905590
-0.09196308
-1.56944299
-0.15171352
0.33362612
-0.37673914
1.00061202
-0.30542490
-0.85653943
-0.14769703
2.91027546
-0.51223177
-0.77176082
-0.38037258
1.18136191
2.40623403
2.12107706
-0.93489426
-1.02360427
2.97496271
-0.51686764
0.23593812
-1.00312436
0.03288792
-0.62906235
-0.27117193
1.92630863
-0.68853891
0.84806293
0.48737934
0.50107002
0.22422093
-1.50765610
0.72398257
0.03572658
0.62736017
0.42400709
1.18441188
0.14027345
-1.35217726
-0.61723399
-1.50425386
-2.36222291
1.03205800
-0.87179655
-1.67214561
-0.43789548
1.27424085
-0.03571553
0.76888365
-0.30698755
-1.32489967
0.19897988
-0.60778141
1.58342874
-0.50533718
0.62498683
-0.08471620
0.27452165
-0.23791194
-2.05471802
0.74151617
0.12889183
0.91589093
0.82508522
-1.47257209
-0.53212333
0.37727541
0.14288792
0.26099122
0.33322597
-2.06348825
1.07997835
2.09236193
1.12493432
-0.62199140
-1.10010934
1.05392992
-0.82984024
-0.56833541
-0.02395764
-0.78708887
0.61821067
0.80543852
0.69603163
2.02189112
1.46002388
-1.53999424
-4.17884159
0.58488286
2.97154713
-0.58014178
0.88516545
0.39481366
0.75279325
-0.32049489
0.62184566
0.10777898
0.57394540
-0.01956952
-1.40264964
-1.78889477
1.59104156
0.96893907
-0.04511262
0.16962413
-0.17017932
0.08927891
0.02840728
0.03063309
0.15849940
1.29900861
-0.57700026
1.64182317
1.66297185
0.20584315
-0.44728422
-0.04346192
1.30404854
1.06939304
-1.25208008
-0.31058681
-1.45484936
-0.98458892
1.04949582
-1.47602201
-1.72643757
-0.65654695
0.98756737
1.23492908
-1.48139751
0.36611208
-0.52243310
1.50005281
2.18928051
1.37500918
-1.59100223
0.32476258
0.74108851
-0.10808067
-0.54201615
0.22283041
-0.22578526
1.67800260
1.93370485
0.58353317
0.08541597
-1.95725822
0.43529150
-0.66833878
-0.29931879
1.51171136
0.89204079
-0.19695665
1.26226926
1.59616923
-1.44704247
0.15093002
-0.75694215
0.16055775
1.16630650
0.45795929
1.15314627
0.19864768
-2.60355878
-1.00745344
-0.76689422
-0.23587106
-0.74450606
0.43921643
-0.82582247
0.14387722
-0.54029453
0.35969701
0.00649980
-0.33888119
-0.20835578
0.40821314
-0.29485455
0.10771914
0.45113492
-0.95845604
-0.30312437
0.73228085
0.79492915
0.35706386
2.04572487
-1.00113916
-2.21524239
-0.28284478
-1.19735348
1.11891580
-1.43667889
-1.19431973
2.81651664
0.43443012
-0.73193932
-0.25696892
0.04351585
1.38220370
0.08183534
-1.01198411
-2.43853855
-0.47344062
1.71102881
0.33693638
0.41157621
1.18159032
-0.44659355
0.16782695
-2.62088847
1.71285367
1.00010586
0.77560467
0.60721004
-1.03792548
2.62389851
1.68497038
-0.31591916
-0.02326083
-2.18722725
-0.40980625
-0.54514784
1.09871864
-0.45081878
0.21867895
0.84625483
0.55251497
0.12663546
2.90618777
0.45380175
0.32767382
1.07386100
-0.84513390
0.04662407
0.27896753
-1.59347832
0.23219961
0.21004800
0.24979079
-0.88356662
-0.17409784
-0.80031693
-0.08228797
0.90695697
0.95616609
0.48850727
0.58511043
0.52041495
0.37369990
0.20821857
-0.58996415
0.27868170
-0.64530945
0.06073464
0.23585431
-1.35378993
1.07980561
0.23662227
0.16956174
-0.36143214
-0.80200386
0.66710222
-1.51195872
-0.49251646
0.27965817
0.27390981
0.26011688
0.45853487
1.37396801
-0.56946278
0.93005443
-1.73715448
-1.33690047
0.88603866
1.36303115
-1.38769674
1.23881805
-1.49981093
-0.95700043
-1.47251534
-0.45384151
-0.18096329
0.85887688
-0.43790823
-1.51924968
0.57757181
1.19310188
0.31280363
-0.55313396
-0.52273566
-0.66029233
-0.18307935
0.79112422
0.24607453
-0.70561558
0.68819970
-1.27063251
3.82452059
-0.64769465
-1.66299343
-0.52649975
-0.22286856
0.09342630
-2.56294870
0.23739982
1.61569488
0.50684154
0.54758352
1.90622258
-0.02824536
-0.56500530
0.56255537
-0.07859062
1.35646784
-0.33808446
-0.23329669
1.65748405
0.55520380
1.30469286
1.03586650
0.61546665
-1.21732247
-1.23964310
-2.13861871
0.91948634
-0.50714266
0.10198265
-1.91778898
0.11920157
-0.96945345
0.23353375
-1.91799307
-0.30281022
0.39535004
-0.08429967
-5.23713350
0.34851226
0.24448748
-0.95171446
0.14611775
0.70510614
1.24230456
0.58476698
-0.14466286
1.43564975
-0.44891691
-0.57761687
-0.58785284
0.11241689
-0.40634701
