384
-1.27062750
0.77866054
0.47464907
-0.66800463
-0.54398865
-2.02267075
1.45074558
-1.23869467
-0.08540148
-2.11040401
1.28509402
-0.60696477
-0.75624824
-1.90705550
-2.30160999
0.59466541
-0.30126902
-0.16315606
-0.91438818
0.87589866
-0.77373141
-1.81050444
0.11807446
-0.93891090
0.16740936
-0.18354216
-1.79298627
2.92309213
1.36063230
-0.05518360
1.07509983
-0.61492467
0.41281623
-0.85146952
-1.63821995
-1.47539556
-0.00989822
-1.10140836
-2.83796406
1.54696846
-0.25523114
1.68804836
-0.23125356
1.86421227
-0.56141043
0.70846170
0.32989132
1.59603500
1.52145052
1.61393511
-0.20966318
-0.20159054
1.81785131
1.88156700
0.87453729
0.40209067
-0.75465947
1.56401849
2.15382004
0.72436976
-1.07385325
0.32822901
0.22035478
-0.20318334
-1.45695126
-1.50380480
0.14796478
-1.64065754
0.59104472
0.42875957
-0.39376009
-0.55783421
-1.25714540
-1.36313748
-2.20268202
0.07695460
0.22430575
-0.94621336
-0.18415481
-0.71707487
0.61133158
0.30552834
-0.64651448
-0.43839124
-1.18778777
1.19262481
2.21504545
0.82239670
-0.22278090
0.73629653
0.24284646
0.82001275
0.80990475
-0.54112917
-0.84248906
1.21197808
0.46189287
-0.90983164
-0.42584193
-0.76137966
0.90399569
0.03264338
0.28287399
-1.84861767
-0.66568398
0.53099889
0.95035702
0.35088760
-0.06766726
1.03937519
0.56571382
-1.33203638
0.15675887
0.01595068
-1.39936900
0.45033079
0.28127116
-0.45817271
1.75466561
2.71983218
-2.12903285
-1.65480232
0.16560937
-0.08303106
-2.03161883
-0.80143404
-0.52540302
0.76376712
1.01786339
1.76539636
-0.25320023
-0.84617710
-0.25253853
0.17759627
-0.76831514
0.80121338
-0.35916036
0.41618249
0.02148700
-0.14671634
0.11816034
0.37358469
4.97086668
0.10433657
-0.19604144
-0.01864772
-0.55389071
-0.23890722
1.18380511
0.00197993
-0.61819530
0.57019722
0.44018650
-0.31827667
-0.14188340
-0.17966211
0.30717781
0.77312112
-0.37072286
-0.95171803
-0.25432077
1.70623541
1.71074975
-1.20967531
-0.55484182
1.55824625
1.16413581
2.00220799
-0.43502119
-2.26141953
0.47538391
-0.95547414
1.34256601
-1.60001266
0.17785168
0.93037540
1.67623258
-2.71171236
0.41775203
0.42649299
-1.71085548
0.69198751
-2.23064923
-0.71818948
-0.45180327
1.17930174
-0.48989147
0.04828205
1.26908326
-2.26566052
1.38308406
-1.36896455
-0.21068703
0.47791702
0.55750185
-0.64227992
-0.05387065
-2.52721143
-0.28415501
1.29097366
0.82247114
0.45290712
-0.56774288
-1.13155091
-0.74330014
-0.18073042
0.42179027
0.88962543
2.45349360
-1.05173075
-1.05975771
-0.43880481
1.63608718
1.70393288
-1.28037047
-0.91225332
1.46046090
1.85240018
0.27243367
2.78407049
-0.05733562
0.44334173
0.74154317
-0.56141949
0.92271411
-0.29226357
-1.95156085
2.08795261
-0.80853999
-0.67100751
1.02640784
-1.52210498
2.38773227
0.68162018
-2.18199706
-0.64292085
2.40431666
0.64839125
0.32872730
-1.06954062
-1.19887090
-1.04744053
-0.36051464
-0.46943974
0.97738183
-1.38003850
0.60010910
-0.24394602
-0.91181982
1.45167017
0.41315240
-0.10080288
0.05733097
-1.26585710
-0.63339210
0.46657431
1.83604181
-0.60330522
0.48101842
0.30221179
-0.33388576
-0.07587075
0.45111656
0.17714840
-0.24013804
1.16512680
-0.05137289
-0.99781555
0.29879832
-1.24825990
0.18185049
1.70308971
-0.60778129
-0.19059676
-0.24621829
0.73692405
-0.62247926
0.68766040
0.66151625
1.20351815
-0.11576980
-0.85925192
-0.82285804
0.69617122
-0.12680428
-0.44149309
-1.38288832
-0.22524109
1.24306107
-0.96444672
0.11617413
0.76347041
0.17181689
-1.76554465
-2.02962279
0.19011377
-0.33258235
0.89696944
0.86368287
-0.18092902
0.54211104
1.44818234
-0.23487484
0.21853194
-0.60256779
-0.62664604
-0.61639833
1.54531431
0.79157531
-1.63320374
0.93909669
-1.82438791
2.56376982
0.35817957
-1.28075027
-2.12052894
-0.48386198
1.55357647
-0.55154490
0.82053739
-1.03966689
0.75268579
-0.99183893
-0.17535621
0.13543765
-0.20386553
0.73179913
0.92035311
0.53466094
0.24083796
-0.53366321
3.74988627
1.22502553
2.29671574
-2.12289715
-0.01856059
0.11535230
-1.46662021
-0.09746678
-1.17017126
-0.01605575
1.78584087
-1.47903609
-0.83948135
-0.38672790
1.16896331
-0.90499640
0.63665390
0.26162052
-1.06087649
1.34766567
-0.60253978
-0.34578726
0.67518008
2.56837583
-1.43403578
-1.61426115
-2.02668166
-0.06382262
-1.43936419
0.23438215
0.49423611
-1.46343219
-0.51272011
0.47627354
-2.85333729
0.07765982
0.58459675
-1.40918684
-3.38321877
1.47814310
-0.12112781
-0.23266357
0.14196655
1.02637422
0.50004196
0.05287050
-0.59381342
1.13215327
-0.60594070
-3.16510057
0.32211122
1.68198717
0.53194833
