384
-1.51750517
0.41226685
0.16054350
-2.51990533
-0.92510426
-0.94671178
0.38426718
-1.62338734
-0.36211932
-2.32296157
0.24559842
-0.41243836
0.29242828
-0.95745587
0.81382322
0.91321123
1.58533549
0.35496786
2.03857875
-0.18852207
-1.78714597
0.83474493
0.40040517
-1.10819328
-1.31358218
-0.39927974
-0.57287651
3.16605592
-0.63325417
-0.28905836
0.07298659
0.15137577
-0.29757836
1.07065117
0.08813290
-2.58923697
0.25746131
0.02604597
-2.97230959
0.14486885
-0.10710083
0.05655849
-0.24710602
1.68744564
0.43719253
0.24303776
-1.45134652
1.57065487
2.09119987
0.81986445
0.86033487
-0.21646610
0.54062045
-1.63103199
-0.39003035
0.32480177
0.17250615
1.61081839
-0.25066173
0.47431320
-1.45104218
-0.20870931
-0.05968156
0.80792606
-0.40758187
-0.73320270
0.01941218
-0.97029185
0.26287818
0.21555719
2.01584864
-0.42433003
-1.25677729
-0.62092268
-0.68444020
-0.46000040
0.16324973
-0.67940933
0.69452816
-0.30355924
1.71398962
0.73943913
-0.27164686
0.07272720
-0.21637830
0.37932873
-0.50964546
0.28782535
0.13546754
0.16200894
0.28908652
0.12038729
0.37295115
-0.58535248
0.01957888
0.55661589
0.26655099
-0.08847974
-0.12568381
0.24229985
-0.20489776
0.04259747
1.28861952
-1.29655790
-2.65626860
-0.03772959
0.99670404
0.39651382
-0.27844846
0.60257614
0.57122958
-0.75875276
0.22589570
-0.28164130
0.68871927
0.22953013
0.14029351
0.25162354
1.46641493
2.09049892
-1.56793594
-3.44054079
0.96226203
2.16223383
0.23566797
-0.45381892
-1.04141653
0.97459698
-0.26872003
1.45718372
0.00005166
0.26721433
-0.24606772
0.14590558
-1.36148345
1.14723825
1.27132368
0.22285372
-0.93787658
-1.21571732
0.13935357
-0.85711020
1.08957410
-0.08515652
0.93364429
-0.55793655
-0.66735256
0.14254066
0.51319712
-1.01769304
0.72433865
-0.08346801
0.00721675
0.19209623
0.30740678
-1.28625321
0.11394265
0.60906434
-1.29000401
-0.48070639
0.09528536
-0.83120257
2.05548501
0.25668451
1.12377644
0.26793584
2.30938172
-0.31262875
-0.29257548
0.34675658
0.96876776
-0.95137262
1.60133660
-0.14308742
0.94513500
-0.13409013
1.31678581
0.50605011
-1.75468874
-0.23735628
-1.30394673
0.19354974
-1.64799547
-0.54974306
0.21880373
-0.38680229
-0.62751544
0.26684397
-0.01004088
-2.27173352
-0.90699792
0.27065924
-0.78685308
0.34164897
-0.19912234
0.45298281
1.57757640
-1.67463863
-0.40186274
-0.14946121
-1.02737069
0.37104350
-0.00990351
0.93228787
0.07104038
0.72359252
0.05129524
0.00794594
-0.21635789
-0.48162603
-1.26711690
-0.16272387
-0.02953432
0.07320744
-0.44424212
-0.09261659
0.06046121
0.24737342
0.43156099
0.12619340
0.46773028
1.03793454
0.57278556
-0.08389556
-0.75983572
0.11771438
-0.93595278
1.59061766
-0.58198482
-1.06101215
0.21923813
0.01414134
1.74382555
0.14555535
-1.21335602
0.19072342
1.09644306
0.95062196
0.57357144
-0.32482174
1.24436545
-0.43984634
-0.26485455
-0.53074694
-0.52940053
-0.86789590
-0.02597819
0.16027658
-1.83350682
2.32472920
-0.09094642
-0.62856746
-0.92555666
-2.98558259
0.58895946
0.41425425
1.00666821
1.79025173
0.31575900
0.06998552
-0.26113403
0.44162008
1.69700742
0.20562671
0.24663459
0.58151805
0.16528666
-0.48657966
-0.01106630
-1.06894863
-0.71996844
-0.51125622
-0.75048500
-0.37140754
-0.25629395
0.69820738
0.44193745
-0.15577406
-0.54107583
0.13336706
-0.06398126
0.16390198
-1.21369302
-0.05455532
-0.10171117
-0.29104146
-0.64284343
0.05764421
-0.32333592
-1.50087798
0.97060007
0.01732280
0.34097138
-0.34392449
-0.48437595
-0.36583230
0.12143499
1.01951718
-0.44499937
0.68564725
1.52426291
0.47323042
-0.23511377
-0.29829010
-0.58602083
-0.88543272
0.55359775
0.57247329
1.31778765
-0.94192505
0.11665660
0.07340874
0.50277758
-0.60080796
-0.04831771
0.38253391
1.30841088
0.14062245
-1.69442213
0.07589591
-0.40607566
-0.06773573
-0.23920454
0.16246477
-0.04490618
1.58482182
0.30668589
0.19644654
0.18257007
0.78489983
-0.87964094
3.10005903
-0.02397968
0.39659268
0.78937835
1.17826152
-0.14073311
-2.67971253
0.19129089
-2.01470470
-0.00609598
0.05296382
2.14995432
-0.23862858
0.85590589
0.76225537
-0.14391313
-0.16272005
-0.79783237
-0.46522674
2.25620627
0.18621323
-0.33486581
1.67118526
0.65409333
-1.75856280
0.21529633
-2.87704802
0.81697261
0.22199520
-0.81996089
-0.53418058
-0.03185510
-0.13500133
-0.39328352
-1.29529810
0.52521205
-1.21862864
-0.36405233
-2.63178563
0.10886531
0.14347507
0.50900960
-0.42603827
-0.08869380
-0.75304723
0.02102143
-0.37740815
-1.61987150
-0.19080514
-0.29240102
0.68227935
-0.66241848
0.88030875
