384
0.55329192
-0.16519737
0.59572220
-1.37324095
-0.86671245
-1.55215383
0.99761152
-1.75987053
-0.63358200
-0.51665258
-0.20739123
0.07097750
0.11890759
-2.20153236
-3.07550740
1.14417458
-0.54274088
0.19313075
0.94987291
0.29020977
-0.73376870
0.06295882
0.37787995
-0.45406577
-1.30616283
-1.90593219
0.00549808
1.81686306
0.41294172
-0.22399338
0.26494461
0.38541916
-0.09952620
0.02891117
-0.16558599
-1.45769906
0.26936173
0.15106288
-3.07282639
0.49960837
0.10129970
2.55884385
0.21684112
1.43048191
-0.65554094
1.58305454
0.52977872
-1.33737540
-0.20108545
-1.21217585
0.16675018
-0.70263761
1.49997282
3.99798775
0.07797223
0.33032379
0.09574696
0.47422993
2.78419304
0.34242535
0.90120316
-0.04987612
-0.05732296
0.74553752
-0.21750432
-1.32916617
-0.07799169
-0.12684722
0.02050955
-0.25656462
0.82199788
-0.31317922
-1.45834160
-0.72760189
0.11357653
2.96241570
1.97782135
-0.01159835
-0.93591684
0.07608538
1.16049039
-0.34961417
0.50572234
-0.10409672
-0.85184324
0.01209298
0.44106227
0.67097884
0.38740301
0.27900830
-0.04750356
0.42575508
0.14339131
1.65491390
-0.07188359
-0.68922114
0.58901167
0.20308462
0.77030104
0.17825627
0.31918752
-0.45191571
2.18833160
-0.90811789
-2.09256935
-0.15920660
-0.63629854
0.06127251
0.06385110
-0.25649047
0.31529689
-0.77535033
-0.13664976
0.14646283
-0.00390527
-0.44089600
0.10006069
-0.15185492
1.83901966
0.82591426
-1.23526120
-0.51814973
-0.09460416
-0.90995133
0.12270179
-0.51299286
-0.78594750
0.85294706
0.06094510
0.73216057
0.67117059
-0.02884473
-0.35936701
0.63831025
-2.21501040
0.24047801
1.89416885
0.09162251
-0.36541015
0.09325683
0.99075419
-0.44241148
4.01986313
-0.32741246
-0.45161319
-0.12285197
0.44553065
-1.21560431
0.45228973
0.03641677
0.55960143
0.56099290
-0.20708978
-0.19219007
0.23292638
-0.05779296
-0.55166596
-0.17837086
-0.62719399
-1.07609415
-0.55572855
2.06352282
0.57311505
0.73849291
0.12192073
0.08443902
1.15961766
2.69710064
-0.04889458
-1.88075185
1.07904923
0.32621035
-0.34369341
-0.08908407
1.01956546
1.42238617
0.51880091
-3.61074471
-0.50310004
0.03396801
-1.08841884
0.20904115
-2.48095608
0.05361860
0.30379826
-0.11056559
-0.18720037
-0.85659593
1.90855360
-2.11260033
-0.32143500
-0.25365525
0.00381182
1.18548977
0.76521099
-1.35334992
-0.08484316
-1.81996143
-0.06511007
0.41046515
0.50094742
0.09623340
-0.11650249
-1.48153019
0.03771778
-0.23501341
-0.08259569
0.07810932
0.29259282
-0.04020457
0.24580237
0.01556036
0.46356982
-0.52660793
-0.31740057
-1.82242632
0.11900692
-0.19180043
0.22537018
0.82980180
-0.50929981
1.72266793
0.02267198
0.12889531
-0.33429500
-0.19127536
-0.65144807
2.84431672
-0.36820424
-0.81750691
-1.76926720
0.11816022
2.03630567
0.38376424
0.18034375
-0.29658213
1.07895851
1.26129711
0.08392490
0.18011320
-0.21968636
0.76163286
-0.12998652
0.78854340
-1.48954773
-0.33765200
0.11523726
-0.30666786
0.24842203
2.44886184
0.61320621
0.52968758
-2.03888655
-1.04456711
-0.19605073
0.01732118
1.94659376
-0.08929748
-0.01412837
0.13572700
-0.11197080
1.30268216
1.52241361
0.49860710
-0.55977929
0.00135091
-0.13240048
0.21594530
-0.26831615
-0.00117362
-0.75896049
-0.16833666
0.89563876
-0.68760824
-0.11161163
0.20990625
-0.16436069
0.44585872
1.10865951
-0.16096853
0.29534113
0.67338783
0.46317801
-0.48996896
-0.39955503
-0.22204795
-0.61705554
0.06198883
-0.30929369
-1.15450716
0.00768480
0.49617773
0.24919778
-0.84161532
0.83281267
0.40054631
-1.61071825
1.15446997
-0.13851225
-2.11029005
1.35301709
0.67230195
0.02654238
0.05715100
-0.34629613
0.11263487
0.91817063
1.49715710
0.26866218
0.62387860
1.80009723
0.09705923
0.75097239
2.15300179
-0.11984997
-0.47895855
-0.51202905
0.37532914
1.14072990
0.43034294
0.54144531
0.09663223
-0.02248017
0.77489048
0.06330433
-0.72969627
0.74376357
-0.10225985
0.12748805
0.37279776
-0.15546751
3.10331964
0.68046933
0.76298726
0.75520396
1.38693690
0.20728818
-1.09038997
-0.46866247
-1.66009855
0.04027818
0.53492641
-0.97734690
-0.17613150
0.77987778
0.93316352
-0.07774556
0.54268473
-0.10109052
-0.08727691
-0.20672661
0.37087941
-0.08619457
0.56864882
0.38401100
-0.59180176
-1.15262020
-3.29769540
-0.30495882
0.23522609
0.20735271
1.49555612
0.26016393
0.06477299
0.10126446
-1.37472653
0.03119193
-0.82538235
-0.45438859
-6.60771751
0.50974172
0.00026146
0.18885100
-0.41704196
1.10982227
-0.41041702
0.26098266
0.16924436
-0.21974064
0.15002215
0.50078392
1.19757295
0.00805680
-0.59800059
