384
1.26643395
0.64357436
1.24861312
-2.37841749
-0.46253893
-0.67233449
0.34512824
-0.55505890
-0.63332987
-0.42110807
-0.24952266
-0.24348313
-0.42651197
-2.96058631
-3.38907003
1.16457152
-1.43988538
-0.27751201
2.12865543
0.94306284
-0.31320617
-0.62608916
-0.17112389
-0.79156715
0.13908622
-0.87349486
-0.55536467
2.49945211
-0.45524403
0.21762295
-0.03028179
0.18182081
-0.06036982
0.40928978
-1.04975593
-1.79696882
0.65404707
-0.03164996
-0.60097408
1.30816698
0.16450949
-0.05672610
-0.13115087
1.24133968
-0.56209922
0.73040527
-0.60927415
-1.48708081
0.17747390
-1.31470037
-0.44504458
-0.80124742
2.85559821
3.15604568
0.80682611
0.23843029
-0.09439638
-0.56393814
0.60884297
-0.38862279
0.94427013
0.46246079
-0.79729724
0.47030029
-0.47120893
-1.18519437
0.08013862
-0.38639629
0.74992335
-0.39361855
1.32622862
-0.01841706
-1.70088959
-0.76579154
0.39783490
0.80806386
1.86515307
0.27108511
-2.38530827
0.32107940
-0.28056896
0.11432707
0.44753259
0.31853080
-1.38557029
1.22877645
0.47368121
0.92149746
0.27124760
0.76340580
0.14308791
0.40554151
-0.13905594
1.35155272
0.41241896
0.13714474
0.07180522
0.20830646
0.42078376
0.34474486
1.28365862
0.36216852
1.57007301
-0.55150121
-2.43409657
0.41778225
-0.42464834
0.59294248
-0.07622387
-0.68238568
0.77188444
-0.79748929
-0.43234840
-0.27131283
-0.09309989
-0.13214858
0.79643416
0.21851867
1.46603322
1.77283871
-0.28638405
-2.26975679
1.18715620
0.77579427
-0.39610329
-0.35311902
-0.46710205
1.42030907
0.83738136
1.89987171
0.09548545
0.31609511
-0.23304476
0.80573559
-2.83606482
-0.18514177
1.73738742
0.09544504
0.15884644
-0.81042081
0.84404218
0.85789067
0.50222927
-0.52150863
1.22446632
-0.30757445
1.11342692
-0.47554904
-0.22370255
-0.87565541
1.39958751
1.10337245
0.15316936
0.54954141
-0.22575159
-0.89018095
0.41452187
0.92778772
-0.81078023
-1.44110239
-0.74962366
2.33113551
0.95189929
0.37352967
-0.13941245
0.06850341
1.72162259
2.92667580
1.90403867
-1.24144006
1.42285848
1.23270547
-2.01996183
-0.16131160
0.62658036
0.32060304
-1.14943361
-0.30380487
-0.66858947
-0.08365862
-2.06853986
1.69929063
-1.25595951
-0.72715980
0.50911981
0.94530821
0.19115460
-0.99014938
2.51062226
-1.16550028
-0.18540268
0.00770038
-0.04441679
0.55662948
0.75560260
0.35489771
-0.71306282
-1.69219065
-0.64854312
-0.12461799
0.27889523
0.53886116
-0.83765376
-2.01629138
-1.20341325
-0.41295594
-0.43962592
-0.03453141
-2.28016210
0.43203521
1.22310579
0.36870581
-0.77772200
0.42244044
-0.33374113
-1.36009431
0.79472142
-0.69465452
0.04769696
1.50280535
0.45878991
0.97835892
-0.41938561
-0.20475103
-0.01528957
-0.26025999
-0.95267910
1.81641853
0.47900143
-1.44226980
-3.04710174
0.79770714
1.71689391
0.97667694
-0.59645450
0.30852085
-1.40831089
1.90298462
0.19835338
0.43137777
0.61074030
0.99039900
-1.06728768
-1.63333464
-1.55429482
1.24607670
0.00640564
0.01964355
-0.69140905
2.43896627
0.47832012
-0.05981787
-0.84010684
-0.45352709
-0.35072702
-0.13872813
1.08647001
0.55813617
-0.57959592
-0.39220998
-0.30436036
0.82351243
2.41990161
0.43627837
-0.75908798
-0.68021786
-0.55358315
-0.20213448
0.50960803
-0.35170674
0.74007195
-0.29765576
0.29319808
-0.40094694
-0.84809095
0.20826119
0.43043327
0.04886577
1.35449219
0.64369023
0.94253725
-0.48101684
0.99156952
0.15986815
-0.25255838
-0.64637852
0.00402603
0.15529814
0.12094176
-1.67762232
-0.09628844
-0.13612564
0.41504091
-1.70653939
-0.59666735
0.50312161
-2.66697097
1.74898124
0.05296724
-1.14553523
1.14678311
0.54817122
-0.08911809
0.50603801
0.39812168
-1.28169620
1.53120732
0.51069039
0.14468002
0.48969725
1.23006356
0.32041180
0.32014382
0.39161327
-0.98984975
1.55100107
-0.45705655
-0.29925495
0.25833452
-0.01740792
2.96171451
-0.74330127
-0.58195192
0.39591050
-0.35642010
-0.97526407
0.57054901
-0.54583842
0.94229484
0.61916989
-0.78280294
3.16072416
0.33962083
-2.78441143
1.07974076
1.41740060
-0.18573678
-1.61450720
-0.94963664
0.96300709
0.91938388
0.19975773
1.25121903
0.06710346
0.72777855
1.58201098
0.53736901
0.06259722
-0.75003749
-0.65315527
0.45276532
0.33975512
0.10546029
0.06582585
-1.12328625
0.19731635
-1.29879284
-3.72146034
-0.47394645
-0.08862007
-0.19872783
0.79448938
0.57022226
-0.22890630
0.88673222
-1.05079162
-0.55734324
-0.63476682
0.56354332
-4.77330017
0.42290542
1.00549173
-0.17281884
-0.30249178
0.77155483
-0.20743081
0.43930033
-0.68883508
0.02116705
-0.50749612
2.40832996
1.04441297
0.51169097
-0.38400531
