384
-0.50842631
0.28873473
0.04866248
-2.08993721
-0.70928502
-0.60440254
-0.24965674
-0.81194019
0.38836432
-0.91386896
-0.10906906
-0.06637828
0.55464709
-0.52194464
0.42148399
0.95395929
0.82407892
0.59969616
2.32527637
-0.41396615
-1.81270099
1.09283733
0.44273603
-1.23432422
-2.62691474
-1.62068248
-0.41841590
2.86006236
-0.15292597
-0.49813211
0.22212249
0.10335973
-0.20253539
1.81290650
0.01659199
-2.76505828
-0.02825471
0.07374242
-2.51884437
0.27508283
0.08385424
0.42049697
-0.28259683
0.85600853
-0.73427886
0.77328604
-2.28463840
1.06698823
1.38600862
-0.56618375
0.93914908
-0.19402030
1.63868463
-1.84291387
-0.39769781
0.33486712
0.20674859
1.18441296
0.13884604
0.64933014
-0.45087814
-0.43875355
-0.16836746
1.00253904
-0.57783985
-0.79391295
0.03827546
-0.21594357
0.39011291
-0.40773278
1.52511120
-0.47621134
-1.25076580
-1.13821328
-0.68050778
1.95821667
0.61812568
-0.51058847
0.56384116
-0.17500055
1.75561154
0.63217127
0.64537752
0.25573960
-0.45478803
0.04630580
-0.24625184
0.44782424
0.22377367
0.12522098
0.13973342
0.11006414
-0.07345687
-0.53179884
0.01210022
0.09452794
0.48920310
0.19494331
-0.08137274
0.90718681
-0.30766502
-0.21419512
2.50838351
-2.63821268
-1.66910434
-0.09298580
0.39055687
0.57341886
-0.37753499
0.33823523
0.58262402
-0.56474078
0.15444978
-0.30895096
0.41093332
0.39587805
0.16651146
0.29580435
1.67693639
0.85765254
-1.02893651
-3.23824024
0.38379467
1.42167413
0.30609378
-0.46727541
-2.61773419
0.59829998
-0.34963974
1.01876712
0.13687415
0.31121582
-0.12077259
0.91533566
-2.16586566
0.19615278
1.47598159
-0.04843904
-1.14307642
-0.38442069
0.46409357
-1.06636786
0.66368568
-0.31932545
0.27816552
-0.08660468
-0.13871497
-0.12317346
0.60595518
-1.03750944
0.59837687
0.01034778
-0.10880046
0.30498096
-0.09257726
-0.82753682
-0.48654699
0.64825177
-1.14420462
-0.54586619
-0.07569154
0.07384335
1.51972604
1.38889611
0.19202578
-0.01213232
2.06731319
-0.64693010
-0.29998869
0.37550384
1.40093517
-0.84447360
0.25944790
0.01994972
0.82655752
-0.07202828
0.23956579
0.54492331
-2.12917638
-0.29935291
-0.68127507
-0.12736705
-1.54220915
-0.44763458
-0.71170199
-0.95799279
-0.77672851
0.17031287
0.11810982
-1.40716588
-0.96128494
-0.13616571
-0.68735784
0.15028679
-0.05626991
-0.09348351
2.05799699
-1.26467490
-0.09439337
-0.81498265
-1.28193152
-0.14687613
0.01578420
0.23320347
0.18769357
0.51296949
-0.18570766
-0.10269605
-2.13240671
-0.25000745
-1.04573262
0.08333895
-0.22013628
-0.12075844
0.15785450
0.25333285
0.05073065
-0.06016892
0.40258062
-0.13482225
-0.04036826
1.57294655
0.30629298
0.15427658
-0.70860600
0.09632820
-1.17184913
1.27298057
-1.69053304
-0.91492665
-0.62497240
0.49428523
2.39319301
-0.13622339
0.17198676
-0.10628381
0.94186926
1.24685478
0.18002056
0.22863317
1.03626180
-0.43661860
0.78462613
0.19488698
-1.22835040
-0.98299694
-0.01994023
0.31323302
-1.38070560
2.64707208
0.32811481
-0.20952103
-2.04841542
-2.11478114
0.66225320
0.73501778
0.88896692
0.99160272
0.23485965
-0.14329349
-0.19900593
0.47576630
0.79412901
0.40931258
0.91155124
0.55796522
-0.10429242
-0.32140484
-0.09511510
-0.79357874
-0.85635835
-0.32925993
-0.03549460
-0.27547491
-0.02398641
0.04117408
0.65397239
-0.19839804
0.00960118
-0.29633871
0.47692123
0.50421894
-0.60344309
-0.35144028
-0.10951893
-0.27014527
0.03499481
0.03761381
-0.29934356
-1.59767938
1.04210830
0.04502787
0.56541014
-0.70905662
-0.22872686
-0.89361203
-0.37952358
0.92525750
-0.58858895
-0.28343764
1.37893975
0.12910700
-0.04234921
-0.52387297
-0.45422661
0.12627628
0.11734682
1.29726768
0.57646006
-0.56125414
0.43343198
0.00885466
0.82741314
0.18636422
-0.10525614
0.43060064
1.01019633
0.25235602
-1.46451414
0.21879479
-0.09152117
-0.07186384
-0.20811309
1.06344390
0.00382207
1.48706007
0.48411924
0.16542071
0.17015141
0.41927940
-0.41960213
2.85972214
-0.62617165
-0.10186698
0.85895193
1.99890399
-0.27399501
-3.07090759
0.34741369
-1.94620597
0.23099518
-0.45181435
2.93107510
-0.05957512
0.83131087
0.51719773
-0.29191494
0.02397655
-0.81812584
-0.11729889
1.86477304
0.21385495
0.20434779
1.45695627
0.20674601
-1.61443591
0.65869427
-3.43520212
1.26088285
-0.06351930
-0.50991857
0.46701539
0.00487196
0.35577092
-0.13749838
-1.07389534
0.67074811
-1.14983869
-0.40936971
-2.43225741
-0.04204226
-0.42274618
0.95343924
-0.68129671
-0.19467545
-0.66740376
0.00217526
-0.00550744
-1.58803177
0.20460334
1.18077683
0.80268264
-0.42115474
1.10963988
