384
0.88520306
0.17871292
0.33961609
-1.03078568
-0.89915735
-2.06473923
1.42947280
-1.95231533
-0.60137677
-1.75986099
0.29842696
-0.55162698
-0.87642211
-1.36003447
-2.88898396
1.11998570
-0.27490366
0.60215050
0.37035596
0.12214850
-1.44863617
0.25640705
0.52555859
-0.79587823
0.35725576
-1.80314267
0.53980809
2.34312630
-0.62088186
-1.12032366
-0.22336072
-0.47694466
0.03157123
1.56301737
0.66620785
-1.97543478
-0.36876372
-0.53522795
-4.20841312
-0.19874060
-0.29230261
2.82972240
-0.50733972
2.71082115
2.34662533
2.09345818
1.59541607
0.68233252
-0.39734083
2.05315065
-0.21460494
-0.50855947
1.50044668
4.12550449
0.10619007
-0.17891496
0.00614159
-0.11227024
1.93130004
0.30768713
0.80627829
-0.40866050
0.25749141
-0.04560402
-0.33066982
-1.51633978
-0.43970722
-0.72793138
0.65256101
0.53425747
2.45456648
0.49056038
-1.34915245
-0.76188320
-0.30009985
2.40403748
2.14659739
0.11902076
1.15077066
0.84225410
2.13562703
-0.18431064
-1.03844655
-0.23381162
-0.99157417
0.59107721
-0.77192438
0.27096468
0.49640125
0.50266385
0.10801309
0.78824025
-0.07966164
1.16537678
-0.28133994
-0.17621957
1.30506814
-0.72985506
0.73944551
0.16027632
0.09668700
-0.30579609
-0.54288507
-1.43576479
-2.32327318
-0.25977147
-1.62383449
0.76750875
0.48216289
-0.46279481
-0.57572746
-0.66745973
-0.26434845
-1.05799091
0.50896037
0.28700635
0.46209034
0.40509841
1.33986104
-0.13296011
-2.04285693
-1.17653477
-0.33789992
-0.89529204
-0.00682729
-1.22274292
-0.56882370
0.44979468
-1.33764148
0.35218114
0.24607971
0.10597241
-0.77438980
-0.90091562
-0.77969384
-1.19018412
0.85309464
0.04234730
0.06142592
0.46092027
-0.42077956
0.26387435
3.05032539
-0.25190416
-0.12489355
0.39146218
-0.81713271
0.44153351
0.63177574
-0.37033129
0.65409029
0.39363658
0.55662215
-0.55123979
0.33456832
-1.31717598
0.62885821
-0.37330607
1.28323412
0.11456969
0.27716959
-1.87242866
0.75475192
-0.70096070
0.99802405
-0.10839504
-0.04860356
0.58141029
0.29826272
-1.18549204
0.91818619
-0.51241696
1.67306602
-1.06045675
0.63783133
1.33041835
-0.31415907
-1.23077643
0.75879443
-0.16079551
-1.64241147
0.38687751
-3.27308941
-0.20344302
-0.02959144
-0.09625000
0.11755127
-0.18163706
1.53045464
-2.11238194
0.33263135
0.13801414
-0.51183629
0.05189711
-0.26388544
1.72833920
0.20585227
-2.11221504
0.91145164
1.08730221
-0.39874473
-0.61271077
-0.08040193
-0.87053037
-0.23500217
-0.29514843
0.89584893
0.29031152
0.19664383
-0.84089124
0.14903963
-0.15106973
0.92093790
-0.68876457
-0.09033227
0.41722974
0.28058118
1.24753988
0.26076013
1.02998042
1.53079522
1.95459759
-0.15701088
-0.20293416
-0.67789865
-0.24189049
-1.17468643
0.31872809
1.07268000
-2.26670671
0.54571950
-0.99622530
2.32109785
-0.06650139
-0.81832004
-0.50403243
1.41090047
0.09321147
0.20180395
-0.38027868
-0.50855577
-0.56425261
-1.42984331
-3.72313976
1.55298352
-1.40233922
0.17477643
-0.24947450
-0.29923674
0.41253209
0.19663064
1.12842083
-1.15732718
-2.11709285
-0.97354138
-1.79651892
0.87171441
-0.34615564
0.15353975
0.37124971
-0.04975337
0.12007156
0.76264954
-0.08103450
0.83149374
0.57691145
0.53303713
0.36763126
-0.52234977
-1.51402879
-0.96079820
-0.47099704
-0.06497896
-0.52287102
-1.11410677
0.43080562
-0.04389745
-0.23879261
-0.51825428
-0.55431497
-0.79108101
0.81051445
-0.06419618
0.31585485
-0.48280358
-0.09417300
-0.69321722
-0.67339808
-0.81384826
-1.23526299
0.68511832
0.34205493
0.74555314
0.54360944
0.27050346
0.35140786
0.16710904
0.16492409
0.21455665
-0.05939923
2.33801246
0.67519373
-0.66368330
0.53976279
-0.84821355
-1.10641813
0.79922664
0.90876150
1.68244886
0.00223276
0.27176523
-0.48926836
-3.07513189
1.04824543
0.41874096
-0.67114580
0.29674077
-0.07826591
2.76679945
-0.02297772
0.23447824
0.58713555
0.07038377
-0.39440733
0.50093561
0.13484910
0.49562860
0.15237361
-0.82268357
0.73072463
-1.26866674
3.56533456
-1.00804520
2.90866613
0.29291728
-0.75271213
0.24487188
-2.61001039
-0.42167702
-1.18945408
-0.03675611
0.45987403
-0.68989468
-0.85864365
0.84989107
0.92118382
-0.31031227
0.36522561
-0.99273187
-0.43832073
1.08539081
-0.26303634
0.93788290
1.49478269
2.56510782
-0.80243373
-0.76988065
-0.59877324
0.12077686
0.70841742
-0.68563521
0.11577119
-0.19055997
0.82717228
-0.40224326
-1.76881218
-0.40755498
-0.04424420
-0.91662085
-0.23304421
1.29548419
-0.39125678
-0.05325651
0.71136200
0.89245212
0.80913222
0.34822506
-0.30864325
-0.08698003
0.21148382
-2.36926031
-0.02980927
0.26695490
-0.01619305
