384
0.29091421
0.27074081
0.01140982
-1.46677065
-0.32403758
-1.13827312
-0.82506138
-1.47999382
-0.09625959
-1.81058860
-0.32619596
0.38983473
0.29822314
-0.70515901
-0.64623952
-0.17452610
2.29737425
0.66219091
2.02941346
-0.56403035
-2.39253378
0.41413718
0.66926181
-1.54875278
-0.86287737
-0.42948511
0.24247777
2.88814688
-1.11023045
-0.79657787
1.23034537
-0.10186463
0.83919376
1.96870065
0.47064003
-2.88917780
1.02611601
-0.20966594
-1.99446929
0.72667551
-0.45462474
-0.04282632
-0.98841107
3.03116632
-0.72611499
0.56340146
-0.39824823
0.97536159
0.74899900
2.26832175
1.07249916
-0.09676237
2.00849080
-1.86620486
-0.68324184
0.62765235
0.11129031
1.70541382
-0.53364503
-0.14627194
-2.10789633
-0.37358814
0.50636518
0.66281885
-1.56711102
-1.50444281
-0.17032136
0.56043947
-0.27904961
0.59603852
0.95948946
-0.99328256
-2.04946947
-0.43346179
-1.17750025
-2.04252362
1.08777714
-0.66737938
0.98113024
-0.19050416
1.79014182
-0.14635429
0.91319370
0.78377116
-1.21008205
0.58136159
-0.48483807
1.19414294
0.83261955
0.30046785
0.61714566
0.69052517
-0.30735159
-2.17418408
-0.59931469
0.25696740
0.54005688
0.53798211
-0.55828965
0.16504768
-0.08891307
-0.23444735
1.25063288
-0.92831129
-1.93245327
0.32797885
1.05016398
0.60274357
-0.15669905
1.06761014
0.21202870
-0.52957344
0.51080245
-0.28713861
0.39351219
0.24087846
0.95020932
0.73631847
1.10349572
0.16617224
-1.61654413
-3.96877480
0.81711817
2.84468079
0.83167911
-1.00009108
-0.86677164
0.14124534
-0.91938555
0.96431190
-0.10226938
0.20342827
-0.03327716
0.02021909
-1.16677129
0.68109500
1.30786431
0.56005591
-0.59337938
-0.82250345
0.38491794
-0.80962831
0.78887105
-0.76935494
0.73755932
0.31531888
-0.44828892
-0.11557883
1.15385234
-1.61087179
0.38099402
0.75874585
-0.13632786
-0.00823463
0.69127727
-1.14794469
0.03207020
0.76117730
-1.06855798
-0.11645621
-0.00472361
-0.82300478
2.09716845
0.40982902
1.13650489
0.17693330
1.90557384
-0.38723153
0.30190101
-0.70618111
-0.57417607
-1.31455970
1.86143315
-0.66616666
1.20597816
-0.24403134
2.46223831
1.39725578
-1.17080390
0.28172877
-1.32686281
-0.96213472
-1.55579996
0.00408924
-0.15842003
-0.02842575
-0.33279705
0.46354771
0.27846140
-1.43195987
0.29220337
-0.84491706
0.26308414
-0.37042439
-0.00503501
1.24982977
0.70678848
-1.47314954
0.07260355
0.10231479
-0.92869079
0.42890209
0.17724261
0.77709007
0.46631658
0.34587729
-0.12236564
0.03239744
-0.42637175
-0.85423017
-1.19465196
0.37386063
0.40907878
0.58522761
-0.22045958
0.42199704
-0.29721624
0.52653486
0.55085349
0.85117221
1.48000860
0.49647567
-0.63111770
-0.82599723
-0.42011303
0.00233097
-1.58815575
0.14903039
0.22339165
-0.68654776
0.62620986
0.01871331
1.66733658
0.17678909
-1.64480305
0.23215207
-0.12787355
0.85472208
0.79500854
-0.11246418
0.86561292
-0.70175302
-1.06465471
-1.40644407
0.72553265
-1.14235091
0.08379492
0.26624894
-1.40743744
1.13390398
-0.22412798
-0.04953879
-0.84009933
-3.30924726
0.44578773
0.17574705
0.44015491
0.62469220
0.24807158
-0.63069773
-0.51464272
-0.63106614
1.10300684
0.17521983
0.47849658
0.42466307
-0.51241910
0.07968044
-0.33272952
-2.33872104
-0.93792844
-0.54337180
0.08586878
-0.19087127
-0.72700852
-0.37777197
0.32236502
-1.16563296
-0.88453174
0.35218197
-0.28531101
-0.29220569
-0.48134226
0.46174055
0.01539016
-0.31897101
-0.50702834
0.09071994
0.23256439
-1.33589447
1.33939600
-0.66471899
0.26996255
-0.15407054
-0.92402399
-0.74047410
1.59319532
-0.25475815
0.32935867
0.21833372
2.00861502
0.54771501
-0.23135674
-0.34156466
-0.36664975
-1.08327925
-1.29675126
0.73900998
1.73078585
-0.88262558
-0.94341105
-0.16150790
-1.68853235
-0.64612365
-0.21459544
0.04604992
0.22802050
-0.68423468
-1.38451421
0.44265845
0.43521440
0.31613368
-0.84354347
0.11736605
0.09020469
0.18323666
0.05234306
0.28900471
0.62699115
0.73012888
-1.31441879
3.44656205
0.05296612
1.53433514
0.50125432
0.69080555
0.44519314
-3.34332561
0.49607512
-1.62364054
-0.26754758
-0.59687722
1.81032467
0.09400313
0.40578306
0.92887491
0.21525605
0.36745000
-1.35270214
0.09438565
2.28853464
-0.15679395
1.20554936
1.21997356
0.82249367
-1.47317517
-1.67063498
-1.46888328
0.64572132
0.39068621
-0.18304788
-0.52006692
-0.26399827
0.32176518
0.15160102
-1.47296679
0.62633216
-0.01945929
0.17813575
0.07050750
0.02797244
-0.12090955
-0.06169194
0.59289479
-0.46923554
-0.42724958
-0.72080904
-0.77257526
-1.15059340
-0.20191261
-0.22982906
0.66328704
0.24985830
0.96370661
