384
0.78121036
0.17682980
0.24737081
-1.89371479
-1.07423949
-1.04371107
0.05550671
-2.58833313
-0.41706857
-1.02221668
-0.16812372
-0.09510519
-0.20063818
-1.22891629
-2.37016964
0.74064606
-0.68062204
0.56816560
0.33750790
0.97685707
-0.83741093
0.17661180
0.43441203
0.13957623
-1.08222246
-2.39184093
0.59194994
1.80280542
-0.17234948
-0.39076942
-0.37950861
-0.38600349
-0.51554215
2.49384475
0.08350919
-1.91083169
-0.11770609
0.46528053
-5.65710163
0.07221232
-0.28032875
1.88264716
0.13887578
3.32973671
-1.31456280
2.72297239
1.75228024
-0.83068019
-1.26664424
1.59266126
0.45748276
-0.13736521
1.01894653
4.25615835
0.23204845
0.80055881
0.22806874
0.57433164
1.27068782
0.18697602
-0.04011399
0.61322141
-0.18117829
0.26196140
-0.43594432
-1.67120981
-0.02943884
-0.13774770
0.15477039
0.47599375
1.16785336
-0.77491391
-1.38799000
-0.80044681
1.61783123
0.99224859
3.01153803
0.22214565
-0.16014403
-0.13998902
1.92893910
0.11209761
1.24349427
0.43961108
-1.21875536
0.35907531
-0.42461109
-0.23744655
-0.21525905
-0.52843440
-0.58449429
0.06903750
0.04743740
0.19244796
-0.20519505
-0.12012701
0.06541890
-0.00566647
-0.63943058
0.32397717
0.01353190
-0.69571972
0.95536983
-0.18104213
-0.78536642
0.32414114
-1.12269640
-0.30861178
0.18066669
-0.65531653
0.37302765
-1.28798199
-0.07799216
0.68187308
-0.03145395
-0.69386613
-0.31379491
0.27407640
1.37575614
-0.89321321
-0.86681688
-1.59112287
-0.05471577
-1.26707566
0.07716366
-1.65302873
-1.50287199
0.81899905
-1.10018957
0.23267780
0.57920700
-0.06323221
-0.44215426
0.49400431
-0.86160564
-0.84108061
0.88751757
0.37618810
-0.88853335
0.82917035
2.11748648
0.31723320
2.70033121
-0.14217034
-0.52892613
0.57288784
-0.52802557
-1.28239763
0.82937849
-0.71227658
0.91975063
0.08363521
-0.40668145
0.50531280
0.09509026
-0.92729557
0.06721345
-0.74250066
0.26959825
-0.16284889
0.03981341
0.25487679
1.22558010
1.21468401
0.82492781
-0.25657639
2.00352120
0.86129928
0.13717306
-2.00280333
0.79547626
-0.03471970
0.74218988
0.32214329
0.09758171
1.21418262
1.51523817
-1.70920718
0.14279985
0.53779811
-0.77495158
0.12289326
-2.90237069
0.52471894
0.51960731
-1.45730543
-0.23106894
0.52988112
1.32629597
-1.30556703
-0.43928429
-0.27031586
0.25982165
0.25235656
0.73189944
-0.40666997
0.64241832
-2.11969805
-0.09837858
0.62263131
0.98388863
0.09783293
0.38892397
-1.94517684
0.05082797
-0.13892341
-0.60235369
0.21715127
0.17538553
-0.66972011
0.17049228
-0.65832841
0.13944009
-0.73197615
-0.06687111
-0.42048603
0.44541425
0.36498979
0.00671257
1.09889495
0.36795124
2.86594367
0.15831073
0.22914296
-1.60759830
-0.14332652
-1.98450291
0.77306646
-0.17921425
-0.49753147
-0.71466202
-0.20931882
2.04519796
0.61187905
0.68369639
-0.39531422
-0.51461762
0.39088452
0.44460058
-0.19495320
-1.38030279
0.36417457
-0.33210382
-1.05697882
-0.12364388
-1.33552706
0.26929164
-0.53350425
0.16800380
1.50648820
0.29909614
-0.39201051
-0.62908310
-2.16088748
-0.67020464
-0.77266443
0.86328828
-0.65741348
-0.37941426
-0.25783437
-0.79597193
0.81717241
1.22360063
0.29063416
0.89324951
0.21300119
0.03777209
0.96160978
-0.22922102
-0.34136903
-0.19014090
0.08224310
1.23694229
-1.46377766
-0.21963206
-0.34178844
-0.51999718
-0.18998449
0.55967760
-0.15689036
0.35284722
0.19815390
-0.20986475
-0.68652469
0.17024004
0.34270188
-0.55163461
-0.32036039
-0.30825475
-1.47002399
0.26901826
0.55658913
1.01039875
-0.94414574
-0.23562443
0.06020746
-0.02742547
0.87142777
0.17866875
-1.31930208
1.15027070
0.62550753
-0.53823936
0.31582242
-0.36853760
-0.51908988
0.28088644
2.02906489
0.20663357
0.02596295
-0.16575883
-1.05936742
-0.71134114
2.33797717
-0.03800681
-0.28179136
-0.23732328
0.57248396
2.48395586
0.12728254
-0.10379988
-0.32422748
0.31536782
0.46611750
-0.21458249
-1.98041534
0.70379353
-0.78772867
0.19969204
0.13369921
-0.75214928
3.15515089
-0.49697477
1.75698924
0.03408042
0.05027300
0.65435785
-2.90974855
-0.10578990
-1.01778483
-0.28781223
-0.27635387
-1.27851391
-0.23357826
1.09869933
0.37045333
-0.67495710
0.72311038
0.00249662
0.35436392
0.12415695
-0.24073599
0.46713352
-0.42649633
1.08064044
-0.77209824
-1.41713309
-1.39462483
1.08007491
-0.02906211
-0.22123905
0.22266236
-0.33677444
0.63687104
-0.04937530
-0.93225920
0.25944194
-0.55511343
-0.24381995
-0.18447630
-0.11997579
0.49557471
1.26735497
0.43496603
1.39540982
0.46379629
0.30883983
0.27575871
-0.38745990
0.10229873
-0.07978812
-0.05059961
0.64322805
-0.24414298
