384
-0.09177010
0.00537007
-0.31486702
-2.72495747
-1.20149517
-0.38002622
0.06980869
-1.84003472
-0.35298562
0.20545483
-0.06250079
-0.03803887
0.20959669
-2.03376865
0.26581502
0.74334460
1.58239365
0.42141342
2.55401659
0.07461891
-1.65632296
0.57869077
0.30459920
-1.20073581
-1.17487288
-1.60741639
-0.38445407
2.49631739
-0.31061327
0.04688010
0.45724106
0.06895812
-0.09387228
-0.30935931
-0.14847174
-2.60611343
0.21091048
0.06029728
-2.84539795
-0.15664327
-0.02355878
0.37824523
0.15355487
1.66533792
-0.03362213
1.57153606
-0.82939380
0.33472764
0.09241962
-0.82599217
0.99396527
-0.51488662
0.86236453
1.93655872
-0.23511255
0.43920863
-0.10130818
1.14835465
0.04540503
0.52996010
0.46044832
-0.32820487
-0.07562357
0.90217376
-0.36570314
-0.73842740
-0.00090855
-0.57528710
0.26907599
-0.61250514
1.77983129
-0.38519120
-1.35607362
0.04025587
0.51991624
2.12789774
1.16507089
-0.26274166
-0.51618242
-0.12731263
1.91213381
0.25821990
0.22302830
0.23125523
-1.10920072
0.23923425
0.09994003
0.54155880
0.19484472
0.17483224
0.30368435
0.45073926
0.15479404
1.04500496
-0.09801164
-0.19207613
0.40004730
0.00981020
-0.57197869
0.46373484
-0.08628884
-0.53063881
1.75588763
-1.08512354
-1.86587393
-0.06356671
-0.74535811
0.27838585
-0.01996863
0.07158259
0.24720064
-1.02041531
0.14142181
-0.28015020
0.65256417
-0.01642885
0.01700574
0.13898596
1.39115906
1.01034617
-0.75819468
-2.98074722
0.21352597
0.54476428
0.40796465
-0.87621146
-1.90072262
0.77035612
-0.10017700
1.24209845
-0.28067577
-0.08480708
-0.43610063
1.12817240
-2.09197831
0.02464595
1.84177566
0.13873161
-1.14367187
-0.88363957
0.55058378
-0.83094376
0.37805909
-0.42480201
0.46859050
-0.21266820
0.19355018
-0.99255693
0.46115816
-0.49513602
0.61093944
0.54707450
-0.23015414
0.48547113
-0.06071724
-1.59009910
-0.20296896
1.41285634
-0.71015334
-0.46977037
-0.12351914
1.13004065
1.52638197
1.30362833
1.05069768
0.13812374
2.22655296
1.13370740
0.47575918
-0.80967563
1.48606050
-0.06817217
-0.67317569
-0.17624305
0.60926306
0.94315004
-0.25960988
-0.85444039
-0.99727225
-0.24374932
-1.16928709
0.05122443
-2.03465676
-0.40455896
0.55730206
-0.54770637
-0.58408034
-0.17400412
0.34497565
-1.55007946
-1.32878637
-0.03613588
-0.58113766
0.34465942
0.47366458
-0.54630220
2.31615162
-1.99014437
-0.23147225
-0.33825377
-0.08075976
-0.01062284
0.13436356
-0.30957854
0.07268442
0.65850639
-0.09659281
-0.30028629
-2.19825363
-0.18617550
-1.31226122
0.09303264
-0.12931406
-0.58223879
-0.36490029
-0.72251767
0.12156194
0.09002558
0.49937606
-0.00195497
-0.23378330
1.81553304
0.04516613
-0.11274824
-0.78434718
0.13127667
-1.08062363
2.36723471
-1.83170390
-1.37402093
-1.94421959
0.25923103
1.42161763
0.11236161
0.10341203
0.03110698
-1.09950054
1.45324624
0.45164442
0.13883062
0.57373285
0.39785117
-0.07446934
2.08933687
-2.09807777
-1.20042944
-0.09395747
-0.02895110
-0.72140247
3.50171852
0.71102762
-0.43276340
-1.06414974
-1.61196017
0.31958026
0.94370770
1.24193048
0.47494489
0.05042385
-0.14575014
-0.26075330
1.07829082
1.66997218
0.39843982
0.01412407
0.36846980
-0.13904822
-0.33710700
-0.30795553
-0.52694666
-0.66764462
-0.38767135
0.47680700
-0.38176611
-0.07176089
0.03985300
0.48518205
0.03299402
0.30153897
-0.27950549
0.59091949
0.55972326
-0.48267120
-0.39451358
-0.19898565
-0.15494268
-0.14191073
-0.20512083
-0.56612897
-1.35816669
1.02655149
0.12571700
0.36980069
-1.11268759
-0.31309655
-0.20771840
-0.67235112
1.98196793
-0.53708792
-0.22852138
1.09756041
0.47765061
-1.09760034
-0.33859253
0.00422580
-0.43108428
1.04710448
1.21165419
-0.56008017
-0.22082056
0.57147813
0.00870933
0.41098592
1.69006753
0.05947865
1.17425752
-0.11665514
0.31256697
-0.22495896
0.31543687
1.50588524
-0.13294354
-0.11314777
1.40436959
0.01549508
1.07439804
0.37293991
0.15163112
0.18284331
0.59079206
0.05904299
3.04580069
0.05205527
-0.98062944
0.82085890
1.65061927
-0.24673247
-2.48250532
-0.12411124
-2.50153732
-0.22160387
-0.65209067
1.16432679
-0.13519152
1.05464709
1.26859522
-0.15647632
0.13863823
-0.53718412
-0.11034547
0.24070144
0.47671321
-1.62505937
1.01448739
-0.41021037
-0.35401332
-0.28842923
-3.75738192
0.94506681
0.02837540
0.09900594
1.05127978
0.06770525
0.75536066
-0.00637762
-1.19082975
0.79478735
-1.59616494
0.10779229
-4.27503729
0.28126866
-0.18392542
1.46893835
-0.54920369
0.21009016
-0.66074324
-0.04155207
0.12950432
-1.70014179
-0.07085273
1.97207928
1.37078547
-0.33626807
0.25599492
