384
0.31780267
0.78788137
0.16106552
-1.89574599
-0.99278843
-1.66001880
-0.64105552
-1.10115039
0.24156854
-2.08113909
0.08280014
-0.57450473
-0.42694393
-0.71539521
-0.64911520
1.11293781
2.07179689
0.05176964
2.34980750
0.15847179
-1.97313118
0.80761856
0.39716321
-0.88572806
-2.00707626
-1.55929756
-1.33626878
2.51185036
-0.87680185
0.05902355
-0.44343930
-0.50247622
1.09188592
3.24036312
0.10448276
-2.60800409
0.53203565
-1.17537892
-2.44384575
0.94221652
-0.15783225
0.14624178
-0.12027507
2.13038969
-1.54800820
0.94019353
-0.54841435
0.59597826
0.83096653
1.80942106
1.16723061
0.63734007
2.20175529
-2.20607853
-0.34223831
0.28199613
0.12241098
0.24329072
-0.51671797
0.90327078
-1.20400763
-1.03388035
0.47302204
0.28631151
0.14352578
-1.35170794
0.76059514
-0.66460258
0.69750404
-0.10627898
1.65468490
0.40870708
-1.33750248
-0.78416550
-1.04119277
-0.33233970
1.79930782
0.53119248
1.27629733
-0.51554275
1.17445517
-0.33876583
1.60919666
-0.62268555
-0.25798327
0.12251463
-1.26881588
-0.77996486
0.47939754
0.21825950
0.82821387
0.49398118
-0.26624277
-0.95206618
-0.52844131
0.00964163
0.67530429
-0.95315897
-1.05966234
0.74018896
-0.71049517
-0.21721312
2.03709388
-1.89617300
-1.67597759
0.20076635
0.66413695
0.63075686
-0.13745344
1.15169334
0.39849541
-0.21034005
0.79191077
-0.43212843
0.05331245
1.05333424
0.29593834
0.04329802
1.66530454
-0.01751439
-1.35325646
-3.95967603
0.35648718
1.98790288
-0.18812530
-0.58948845
-0.60344613
0.90179420
-0.02640228
0.55583978
-0.06804496
-0.05148835
0.41641137
0.13691437
-1.60172451
-0.17039934
1.52448368
-0.09214185
-1.51643443
0.14770627
0.49281168
-0.65388930
0.21141249
-0.98570716
0.81398153
-0.57824111
-1.24445379
0.44670632
1.60551167
-0.33424503
1.18458819
-0.84608084
0.01060759
0.66149247
0.13543263
-0.59270161
-0.48516619
0.66327763
-0.48104644
-0.32563809
-0.55280519
-1.84226537
2.28734088
1.00671208
1.01115716
-0.61956149
1.36650717
-1.14895487
-0.30983421
-0.03610301
0.68948251
-0.08708495
1.58719158
-0.44937038
0.81393421
0.32765383
1.12143183
1.73067164
-1.49357831
-0.69748628
-0.78395820
-0.13914283
-0.25375077
-0.04025967
-0.64045864
-0.65614557
-0.73994911
0.62124240
0.35412097
-1.28602839
-0.66518748
-0.87570053
-0.74540591
0.15083221
-0.04110774
1.04109848
0.77151942
-1.15407789
-0.84164166
-0.25599751
-0.65924919
-1.14009523
0.35619819
-0.24061751
-0.05032396
0.08007520
0.68602353
0.12332132
-1.44374728
-0.62700886
-1.20937002
-0.12123820
-0.38662651
0.20533562
0.18129914
0.79901409
1.01830935
0.10071182
0.59645748
0.81155622
-0.93253171
0.76904047
0.06663491
-0.59997326
-0.62413824
-0.15767433
-2.04597354
0.23696947
0.03630838
-0.10527593
0.32543230
0.22313677
1.96260536
-0.36197728
-0.36584324
-1.27551568
-0.20924933
1.50195670
0.32849056
-0.31612429
0.42593044
-0.82135975
1.19895363
-1.77597475
0.92170322
-0.75357759
-0.30461973
0.32077864
-1.43209422
1.63810766
0.45326716
-0.10451072
-1.89594746
-3.38439274
-0.16461986
-0.20710114
0.33468199
0.16830727
-0.44802123
0.41689646
0.03546171
0.81737959
1.19414473
0.62838340
1.18116903
0.67021441
-0.52241445
0.85522997
-0.79002821
-1.47689164
-0.84869033
-0.24947116
0.06783077
-0.23269571
-0.43584806
0.40794191
0.26397416
-0.10862353
0.33636570
-0.12779070
0.75768471
0.44867948
-1.27992451
-0.95263958
-0.13966732
-0.01894563
0.20354097
-0.37539855
-0.20991005
-1.54497111
0.96065485
-0.14723404
0.54696274
-0.24100499
-1.70658326
-0.43210366
0.59641868
0.38978285
-0.94785297
0.26614252
0.65921617
-0.01356804
0.39445287
-0.43723559
-0.39936301
0.76234138
0.59651417
1.23132133
1.26151133
-1.09293306
0.52517295
-0.02973431
-0.71672249
-0.38508749
0.06691761
0.34209543
1.08997941
0.87681496
-0.80285823
0.28427535
0.07143736
0.18153268
-0.44880086
-0.26000693
0.48917186
-0.12931804
0.07321642
0.11474722
-0.33747357
0.37444156
-0.90504181
3.18184590
-0.77008843
1.44620943
0.94508886
1.36093354
0.12821631
-3.72080135
0.40642667
-1.51611018
0.39931047
-0.53441453
2.41638255
-0.00421684
1.16405499
0.40794301
0.05240875
-0.01891258
-1.26738346
0.46975827
1.75596523
0.37181756
1.68550491
0.78243768
0.63890678
-1.88814819
0.43296981
-2.42599845
0.70331377
-0.46062493
-0.51001012
-0.56036389
-0.37936360
0.24700356
-0.26740590
-0.62934351
0.66281670
-0.27522004
-0.81666070
0.24301253
0.10506454
0.00950734
1.00457537
-0.85984898
0.40309745
0.27608484
0.18540493
-0.38943112
-1.10765493
0.48552421
0.51421845
-0.04163526
0.30570513
1.10978043
