384
-0.56166339
0.09391683
-0.09245920
-1.83970642
-0.61665738
-0.55801916
-0.10914013
-0.18445641
0.39297014
-0.51124388
-0.03106321
-0.21865328
0.37777853
-0.96009004
0.12923026
1.36161971
0.89908099
0.37612650
2.27341080
-0.06093610
-1.84314680
0.72269368
0.39669120
-1.61781430
-2.39850521
-1.17732167
-0.48788327
2.73990083
0.23722190
-0.37187076
0.54876965
0.00783449
-0.14581761
0.82996440
-0.04575117
-2.55874825
0.15337215
0.17240722
-2.31588984
0.12148131
-0.08375344
0.45143762
-0.06943350
0.80903971
-0.20066559
0.90713662
-2.20372272
0.77918363
1.49315655
-1.18631101
1.18797231
-0.27749741
1.74181843
-1.29538000
-0.50665003
0.35355124
-0.03082942
1.09757042
-0.00496703
0.33426633
-0.32201338
-0.27671140
-0.01913799
0.77038014
-0.39383286
-0.60876691
-0.06618440
-0.56089634
0.35328743
-0.40377173
1.62217474
-0.41026348
-1.76995111
-0.72252154
-1.17201924
1.26639915
0.58023649
-0.88256204
-0.09210724
-0.13215670
1.11243367
0.25028116
0.28836560
0.04397540
-0.79757088
0.22977224
0.25477478
0.74814957
0.13512667
0.19318837
0.16388227
0.22072424
0.20806681
-0.54788452
0.04725042
0.16693766
0.32629409
0.02055546
0.17425418
1.14913321
-0.25191116
-0.54900575
2.38239431
-2.23899937
-0.73185384
0.02059799
0.22654703
0.49460524
-0.05131358
0.35911083
0.68852359
-0.86732298
0.11707138
-0.18321407
0.44975621
0.22426939
0.15209973
0.11669537
1.65689147
1.15172219
-0.89684665
-3.32461262
0.55868036
1.40710151
0.12593237
-0.12312237
-3.13041353
0.89230204
-0.27558553
1.15365028
-0.12845458
0.20129913
-0.12009304
1.25125027
-2.38102746
-0.00035396
1.24275756
-0.00060975
-0.72969794
-0.57727146
0.31014758
-0.98097920
1.34435725
-0.29522401
0.13761601
-0.21611795
-0.18815190
-0.36801273
0.34250271
-0.84141266
0.67075217
0.10358140
-0.15392005
0.26072639
-0.00750617
-1.15557790
-0.39764398
0.92080307
-1.35055542
-0.60440415
-0.05850940
1.76725101
1.58404171
1.69063628
-0.14340888
0.11166728
1.69933844
0.10811055
-0.17829463
-0.01048106
1.47487712
-0.90143812
-0.36633182
-0.43956143
0.98528004
0.34857574
-0.20221359
-0.06366091
-1.95883095
-0.24825805
-0.30972636
0.01404932
-1.84823537
-0.52730155
-0.27095443
-0.57095790
-0.72916991
-0.00718045
-0.09704995
-1.14279234
-1.03565407
-0.32932216
-0.74138618
0.59487158
0.03225735
-1.11288595
2.60128355
-1.59537971
-0.24425210
-0.51514411
-0.65866673
-0.07788920
-0.00337242
0.13544846
0.03811001
0.43851170
-0.00350772
-0.19720729
-1.86174858
-0.42162737
-0.79348731
0.07352945
-0.36747426
0.06114358
0.05909818
0.37088215
0.27273703
-0.01321638
0.56702858
0.50927663
-0.42564070
1.97725272
-0.08745832
0.04795532
-0.69999218
-0.04605478
-1.73996758
1.72039533
-1.81188917
-1.76621509
-1.38976634
0.40469366
2.15917468
0.08590917
0.03157645
0.01780581
0.33023700
1.10034919
0.38618937
0.10534739
0.46408695
-0.17298791
0.28253880
1.92256653
-1.55210888
-0.46833879
0.05021248
0.26648462
-1.22012639
2.59640312
0.21311502
-0.50205970
-1.57095528
-1.62844253
0.79686099
0.38642931
1.05165160
0.86364496
0.21124800
-0.02443916
-0.30261782
0.63555449
1.12286997
0.43045953
0.98128194
0.50044918
-0.07097450
-0.26177815
-0.05673778
-0.61137772
-0.71039665
-0.41723472
-0.04238334
-0.39877322
-0.20978679
0.25940061
0.47424939
-0.08949351
-0.13759619
-0.21395218
0.55773717
0.42449909
-0.81917638
-0.14969417
-0.16787507
-0.36549777
-0.06449986
0.00854592
-0.46550766
-1.23907590
1.37625194
0.01024739
0.53013736
-0.90077865
-0.67388082
-0.60574090
-0.51780331
1.55036652
-0.56305182
-0.37749141
1.40307665
0.36245611
-0.37286967
-0.45095736
-0.40484482
-0.19044150
0.46200749
1.41938853
0.27981877
-0.32664597
0.53102648
0.03989367
0.10884559
0.59207296
-0.23989120
0.38899317
1.06121087
0.38080961
-2.11145878
0.25869936
0.24546653
-0.11761212
-0.16720256
1.15130389
-0.04341176
1.49497247
0.33272201
0.10761487
0.31695485
0.55010021
-0.43674180
2.90146589
-0.26728922
-0.84269363
0.85099554
2.16072702
-0.29237488
-2.85308266
-0.13117850
-2.06113911
0.05254082
-0.69902104
3.05250883
-0.12980148
0.81809378
0.74739617
-0.20719653
0.17096019
-0.71629345
-0.29500699
1.57918286
0.34505582
-0.59056884
1.22700143
0.14480364
-1.31073368
0.28118494
-3.38665247
1.12458289
-0.03688321
-0.09405184
1.53256178
0.10823809
0.11359603
-0.21276629
-1.11799145
0.73375559
-0.99820608
-0.39168325
-2.99195552
0.04219896
-0.17084053
1.12765908
-0.70364040
-0.05102199
-0.56786060
-0.00385216
-0.18646714
-1.43920481
0.11658714
1.81587029
0.83839893
-0.40874690
0.90156722
