384
-1.00440872
0.41198316
1.35218120
-0.71719950
-0.79200244
-0.67049098
1.15692806
-1.16702223
0.92744118
-1.08756256
-0.90653366
1.31376994
-0.60111690
-0.05307811
-2.28411937
1.24553955
-0.71778882
0.58601522
1.03379536
-1.11574912
-0.40237778
0.38616019
-0.18356903
0.55952549
-1.63949060
0.74100542
0.09471664
2.08719134
2.21583366
-2.21845031
-0.26381385
0.17192294
0.63252497
1.45046425
-0.18645716
-2.04671502
-1.17471898
-1.86019862
-1.54655826
-0.60175025
0.32616505
-0.28762653
0.49261841
1.80402792
0.14464715
-0.62912798
-2.47758913
-0.31721133
0.00813805
0.73821837
-0.73095804
0.83741194
4.23314095
-1.55753541
0.29693404
0.09928373
-0.84763575
0.01836139
1.12236166
-0.90830010
0.03068277
-0.76375258
-0.21831726
0.69792366
-1.16732764
-2.70454597
0.70261991
1.20156825
-0.24504200
-0.59366912
0.65177435
-0.07314609
-2.76399755
-2.59544706
-0.10793540
2.58561778
2.37965083
-1.85833883
0.16932201
-0.76343000
1.27207673
0.29191086
-0.32831776
0.52627838
-0.68582952
-0.92875159
0.42244583
2.16416979
-0.35235599
0.44567269
-0.39866263
-1.14123392
-1.15454388
-1.31729817
0.17606662
1.44268227
0.37195507
-0.50070727
0.67499989
-1.36083198
0.19906330
0.39660040
4.15772057
0.10047593
-1.19218349
0.95412469
0.23770988
0.36911076
-0.89967448
-0.62016374
0.60383451
-0.10943681
-0.10548548
0.96508557
-0.80935907
-0.50343806
0.69289124
-1.26822019
2.81113815
-0.11052778
-1.61316407
-2.90748739
-0.59504420
0.21798006
-1.14120138
1.12648416
-3.43811226
-0.03104389
-0.13113379
0.01119858
1.12279510
0.47502980
0.11368307
-0.78552526
-2.05258012
-0.10756907
2.50193906
0.32159209
0.47489411
0.73785156
1.27782798
0.34846327
-0.08561277
0.10429458
0.25098675
0.88610470
-0.20649928
-0.30765009
0.00384354
-1.20518816
0.86690843
0.74327695
-0.44066814
-1.13119125
-0.43352067
0.00769180
-1.89881134
-0.44533509
-0.57530558
-1.41500103
0.92311019
0.35721949
1.48713565
1.53031635
-0.58506358
0.97603029
0.86196494
0.36425143
-0.68699038
0.06191394
1.18618536
-0.94918740
0.09002981
-0.49509013
0.95393902
0.06413925
-0.38569939
1.05004680
-0.24447684
0.30512342
1.03817952
-0.69584358
-1.62354302
-0.47225812
-0.67274219
0.28501454
-0.15624844
-1.23015547
1.69774437
-0.26229495
0.17586024
-0.07930616
0.62501085
0.42935601
0.53413320
-1.10987437
0.63008010
-0.32797080
1.64712942
-0.82341611
-0.34359062
-0.65555084
-0.12926526
-0.90844285
0.29268178
-1.25067317
-0.33595783
-0.46755028
-1.86094499
0.90518647
0.57111597
0.68166739
0.20114549
0.22967865
-1.15092778
-0.09647310
0.41354805
-0.34292227
0.42350310
-0.10755984
2.76117802
-3.12919617
0.87999189
-0.47239268
0.34143406
-0.02164051
-0.90212733
0.93632776
-1.13391781
-0.51390618
0.51822466
-0.61496431
2.60178757
-0.14997292
-0.93264955
-0.69095075
0.29980105
0.95389831
0.16168299
1.30230212
1.29240394
-0.12288192
-0.02018440
0.29933590
1.06377864
0.87033641
0.07541424
0.60902977
-0.54617339
2.84757519
0.39235151
0.80138004
-3.33045006
-1.66107810
-0.25790700
0.08224720
1.43906820
-1.65945935
0.65457237
-1.36984992
-0.35703996
0.30292141
-0.11073995
0.81097496
0.95785403
0.92218435
-1.85203421
0.25550890
-0.10179356
-2.11899829
0.57541907
-0.81984603
1.02771306
-1.30744469
-0.49146414
0.54347336
-0.41047913
0.67112422
-0.24258617
0.22815616
-0.87469685
-0.29305053
0.53861523
-0.01897153
0.15513606
-1.15548790
-0.29916784
-0.22023800
-0.28321466
-2.41905499
0.39865664
-0.37673089
0.42911848
0.79935527
1.71460712
-1.09875441
-0.54733026
-0.00490806
0.33165142
-2.17472792
3.09475112
-0.37786585
0.34889871
0.10990413
-1.44256115
0.14052254
-1.43443787
1.55620027
2.22759724
1.82375741
1.87044406
-0.63763660
1.27707708
0.32471797
0.10545699
-1.49435079
0.78034544
-0.17692691
-0.48827580
-0.79782182
0.77522045
-0.00100744
-0.66029376
0.50854874
-0.71003377
-0.29042634
0.44008401
-0.33121601
-0.71600717
0.47644556
-1.00988030
3.13868070
-0.13329354
-0.46408805
-0.55864650
1.58473992
-0.16824055
-2.58948231
0.59828293
0.50319052
1.63414121
-1.14572239
1.38867593
-0.81761795
-0.75568801
1.14916253
-0.95917135
1.16201627
0.07262409
-0.80200976
1.85463977
-0.58009595
1.62785125
0.42731303
0.47264969
-1.14955592
-0.42830610
-1.08115017
0.24867487
0.50277197
0.39810437
-1.96410799
0.56278569
-0.53181171
0.02666920
-0.45652348
-0.16200632
0.39666900
-0.01903100
-0.41999069
-0.27445674
-0.68169999
-0.50928336
0.03106420
0.49094617
1.20516849
0.31646723
0.31563988
0.82994312
0.33463475
-0.60646951
-0.34384400
0.48206449
-0.18170244
