384
1.01848507
0.29727364
0.21780568
-0.86062938
-0.71787214
-1.62496901
0.88488644
-0.46913463
-0.40727076
-1.82373238
0.06732490
0.20559609
0.07372094
-1.70345736
-3.56081009
0.73147798
0.04049546
0.35754877
0.10002524
-0.26440904
-1.41732788
0.31904238
0.34646714
0.15035594
-0.85978782
-1.08601105
-0.14020218
2.93378234
0.47533026
-0.21107626
0.31481341
0.05304426
0.32097957
-0.47405583
-0.19494063
-1.43138754
-0.23778644
-0.06336549
-2.07327104
0.35227799
-0.07188770
2.91012454
-0.19121248
1.98188281
-0.98033637
1.01101255
0.47667950
1.13704574
1.39109242
1.31448174
-0.05222399
-0.72009653
1.83071375
2.68661761
0.26490772
-0.68209887
0.06208695
1.29424512
2.73182249
1.12115943
-0.11078589
-0.06714378
-0.17735773
0.54946709
-0.88976657
-0.85134792
0.50301671
-0.45800120
0.52803272
-0.37499577
0.84266573
-0.79946685
-0.94089496
-0.98268658
-2.46715307
0.99152309
-0.07638943
-0.18171835
0.16642678
-0.01944827
1.81776845
-0.20746385
0.48130202
0.00884342
-1.06109524
0.10362820
-0.08108820
0.77263141
0.26175675
-0.06663601
0.57377279
0.00316964
-0.14626828
1.05461323
0.11574707
-0.10340095
0.86937124
0.18532476
-1.25887108
-0.00567805
0.29785350
0.13927430
-0.87019372
-2.75379491
-0.68697286
-0.03154302
-0.13114375
-0.00011496
-0.33236870
-0.51393831
-0.06676814
-1.40120578
0.24419674
-0.07172386
-0.50245428
0.09510342
0.64665222
0.27277946
1.73481202
0.05814728
-1.75857282
-1.56432915
0.16963466
-1.46009207
0.40984118
-1.02179468
-0.57106113
0.65214348
-0.13831487
1.03828871
-0.17710903
-0.09068584
-0.11571799
-0.26529312
-2.09502864
0.38681829
1.29401863
-0.55513346
-0.19798681
-0.02863638
-0.87929773
0.17359242
4.48451519
0.29089564
-0.22843659
0.67442596
-0.23009858
0.05636136
1.37621486
-0.31388015
-0.08977276
0.01332158
0.01927289
0.21372427
0.89435941
-1.14770341
-0.23311967
0.07966819
0.42094612
-0.67797965
-0.30998883
1.12332702
0.63879174
-1.11816335
-0.05290535
-0.01207171
0.79789025
1.36608326
0.38273138
-0.93490016
0.53678960
-0.35392207
1.44135451
0.03924480
0.04131863
0.56268311
1.17347896
-1.89192808
0.52774215
-0.16221604
-3.05058956
-0.59013832
-2.84927773
-0.42526764
-0.02461369
-0.41388565
-1.00486863
0.41039568
1.31637502
-2.95489073
-0.18385325
-0.17636512
-0.36874491
0.16093403
0.23142663
0.41110384
0.34164762
-2.99304390
0.58402288
0.74270511
0.17633769
0.19203891
0.10264523
-0.36388570
0.31636181
0.07460913
-0.36655608
0.67599767
1.07600462
0.04952469
-0.62865150
0.36813867
1.05738330
0.84205234
-0.73167622
-0.05141875
-0.02993779
1.03035975
-0.36559635
0.38628238
-1.06789589
2.16846871
0.48784253
0.23150764
-0.14519241
-0.17925555
-1.38287687
3.26448488
0.23851535
-0.40340665
0.08034539
-0.02018332
1.96648824
0.10310200
-1.43390143
-0.73281682
2.03939056
1.42887485
-0.18982497
-0.39812413
-0.34262705
-0.21874928
-0.29806793
-2.35055494
0.71099710
-1.41838026
0.34154624
-0.28140813
-1.50700879
1.23201096
0.15344247
0.46168417
-0.27565029
-1.01914644
-0.16002879
-0.25363865
0.91574991
-0.33061773
-0.35576156
0.21578021
0.01120771
0.40066162
1.10588491
0.31360668
0.41978914
0.91528672
0.27870637
0.14345676
-0.48051161
-0.24993232
-1.48799086
0.15334836
0.04501969
-0.42545909
-0.18139070
0.02376145
0.43384331
0.14132988
0.65204442
0.36999315
-0.64616841
0.62001067
-0.13222794
0.36640689
-0.20983513
-0.36674497
-0.84959972
-0.29316318
-0.03278117
-0.49567819
0.78899240
-0.13859081
0.17957608
0.39312750
0.62185997
0.14414003
-0.89976197
-0.08539075
-0.38691115
-0.14094996
0.90335685
0.99797326
-0.50737929
0.00569831
-0.26278722
-0.43920451
-0.55540019
1.93036723
-0.38993394
-1.35190475
-0.02507466
-0.23062615
1.19035625
0.18134798
0.35900557
-1.75954568
0.27623361
0.24211712
0.33204389
0.28805599
-0.19818208
0.44671753
-0.01817396
1.25743222
0.34358266
0.68405396
1.07267928
0.32866251
0.24163434
0.20601813
-1.03084910
3.81934547
-0.59830463
2.21006107
-0.02138931
-0.18543771
0.33409554
-2.30489516
0.64500475
-1.30795360
0.06469692
1.23219001
-0.97571939
-0.51878655
-0.15212920
0.36171865
-0.52722758
-0.20854287
0.02333134
0.44741002
0.96057785
0.42201653
0.12932891
1.25358272
2.91752386
-1.09314430
0.01605678
-2.84990215
0.64282835
0.47499460
-0.34817410
1.16856205
0.13127816
1.02038431
0.25159568
-3.19831991
-0.02472251
-0.49908566
-1.91245198
-5.62071657
0.27450955
-0.26849025
-0.42637712
0.45103604
0.67492598
-0.00979989
-0.01434650
-0.37818775
-0.05801216
0.22974296
-2.34118605
0.21219772
-0.23420234
0.20731634
