384
0.69704956
0.54329169
-0.51762313
-3.09003472
-0.22421467
-3.14749980
1.29980588
-1.25254846
1.35009325
-0.86660457
0.44466466
-0.58262938
-0.46039301
-2.46019387
-1.34437108
1.63064754
0.43861508
-1.10864711
1.23526371
0.76488143
-0.79455793
-0.54931712
0.47552589
-2.05701351
-0.10945648
-1.91667366
-3.54905128
1.78828657
1.20463145
2.01402330
-0.45898786
0.26397556
0.88378036
2.69206285
0.30015337
-2.89283395
-0.06748881
0.25837150
-3.49494886
2.09020019
-0.27461404
1.32114434
-0.62011236
2.00292397
2.41440582
3.50573540
1.66019320
-1.29638147
0.05051780
-1.22862053
-0.50218183
-1.13367474
2.22849059
4.17642117
-1.42357349
-1.50124502
-0.28637362
2.50986981
1.27754259
0.67740941
2.21161175
0.48322842
1.76975751
0.46642128
0.13291532
-1.81240368
0.94360322
-0.31991461
0.74232292
0.80441350
0.83361417
-0.81117195
-1.07053673
0.08487961
0.74470496
0.29118517
2.86184120
0.02521783
-0.70697486
-1.12800968
3.53839874
0.51995432
-2.66626239
1.08842099
-1.80741513
0.23812300
0.57956994
-0.59066892
-1.06260550
1.02557349
-1.19606757
0.12335474
0.59300399
0.92303276
0.64599931
-0.95963860
0.62865430
1.34188366
-0.76713300
2.78552103
-0.76782435
-1.30906010
0.78757989
-1.06635058
-0.56505954
1.64089227
-0.79671347
0.82848573
0.19138542
-0.09387439
0.31885436
-1.37436962
-0.61203939
0.29979280
-2.02975273
0.14071944
1.52351344
0.99872196
2.20423269
-0.77810991
-1.00525260
-2.36553502
-1.97438741
0.07966173
-0.84766591
-0.76279640
-1.54408741
1.80633104
-0.58593965
0.86060220
0.03528500
-1.49524271
-0.79706413
-0.21382283
-1.05404603
-0.42030269
0.58730012
-0.36965588
0.23858275
1.64955258
0.67364663
-1.05136335
2.27264667
-0.92563099
0.01812124
1.31593525
1.34445238
-0.23099196
-1.18509567
0.51172471
-0.35133207
1.56721115
1.54479575
-0.66765088
-2.21961284
-1.27907622
-2.55470777
1.41927242
-0.68310261
-0.11561787
-0.07852758
1.79389322
0.25197801
0.32052672
-0.00959162
-0.09889765
-0.85208857
2.11039448
1.58007836
-3.20594740
0.98589814
0.63714457
-0.10797185
-1.75567508
1.43019187
1.01047254
0.37348846
-1.23016489
-0.65528524
0.56533474
-1.07381415
0.91127241
-1.47671437
-1.06933486
-0.79865164
-1.07172191
0.04114728
0.86945689
0.80401129
-1.73343909
1.35465693
-2.25993228
-0.57409149
1.04370499
1.79685760
0.52632767
1.19991255
-0.60005540
-1.59019423
-0.61731857
0.45940173
-2.11759305
0.81437850
-2.38943481
0.21458158
0.89503443
1.30935979
-0.07741326
-0.47575745
-0.59447825
-0.80762148
-0.58900917
0.53977019
-0.40648550
-1.25266302
0.04786600
2.33087611
-0.63802385
0.60751957
1.89093173
-2.46708965
3.73711848
-0.24811980
-0.99556738
1.08073246
-0.35519996
-2.08819079
1.46869850
-1.10459328
-3.76176882
-1.45757926
-1.37475872
1.44691396
-0.24929807
1.69933987
-3.85126352
-1.22633684
0.05612940
0.93492609
-0.58890355
-1.24049008
-0.17626461
0.70210004
-0.66651219
-0.00743353
-1.42736208
0.30516466
0.33239421
-0.17868203
1.73322558
0.68009663
0.34684169
0.09881249
-1.06241226
-0.48114115
0.69588119
0.43099308
-0.71012092
0.10866493
0.47448605
0.45140880
0.77787107
1.15655470
0.51296705
0.86396539
0.51180446
1.24199939
-0.31309420
0.17869571
-0.56645173
-0.05372262
-0.45524651
0.39597264
-1.67617881
1.60215998
-2.85266829
-0.06551313
1.44799471
0.95484936
-0.43822771
1.33941841
-0.14271358
0.04150918
-0.40276706
-0.91244334
0.06079977
-0.26071268
-0.23557664
0.81312114
-0.12766886
0.29394844
0.12869895
0.46060953
-2.80526924
-0.43147659
0.82271278
-1.86723375
1.44108665
-0.48468709
0.08567743
-1.06673741
1.09684801
0.19739673
-0.09667796
1.30393362
0.50418711
0.10853180
1.36047256
-2.00927281
-1.57406688
1.46982837
-1.83715582
1.66105533
3.05630803
-1.16160321
0.50177002
-2.93584180
1.08143926
1.10967553
0.69078386
1.54183865
0.08097488
-0.47329581
0.55937797
-1.14709330
-0.05949473
1.05647266
1.29328203
-0.54865474
0.07353298
1.71859050
3.39218020
-1.12165308
0.69268525
-0.13178915
1.36943543
-0.93987906
-3.30069733
-1.39221871
-2.22828770
-0.62400413
-1.42015684
-0.22611153
-0.65263754
0.79249227
0.55483192
0.63329494
0.87307858
0.39372894
0.13145615
0.23331153
1.50754702
0.07035959
0.45342189
0.25787657
-1.12551379
-0.94484973
-2.82698607
1.39064705
0.15994215
-0.09391017
1.32006943
0.28889555
0.09585866
2.32317829
-0.98429310
0.11617786
-0.15840907
0.73574007
-3.31908035
0.83716559
-2.03252292
2.86701536
-0.24343678
0.77809936
-0.28500283
-0.27769086
0.33699584
0.32775217
0.29042107
1.74341357
-0.23574984
0.29616767
1.20336723
