384
0.19178627
-0.05756753
1.86840200
-1.21119356
0.05725706
-0.48922187
0.38070500
-0.11941779
0.46431324
-2.48500037
-0.06457011
0.12889421
-0.05070302
-0.88856590
-2.69207573
1.22496223
-2.34205937
-0.02293482
1.62229729
-0.22942191
-0.39907125
0.26384756
0.19865742
-0.92290795
-1.05836487
0.30674171
-0.21563429
2.59472990
-0.52533293
-0.47924525
-0.00168055
-0.20158428
0.36806530
3.40957522
0.07953061
-2.04637194
0.03459761
-0.13753197
-3.32235646
0.38160285
-0.11109629
-0.73969758
0.10423623
2.01973343
-0.60597974
-0.28375062
-1.16090488
-0.14284858
1.70577443
0.68221825
-0.17721646
-0.35422081
3.20748973
-0.68612742
0.21320650
0.40839455
0.15060917
-0.29853669
0.94934243
0.68058920
-0.53202873
0.23570928
0.19372638
0.48267931
0.04392540
-1.33157992
0.31985050
0.53635460
-0.38453054
0.38280752
1.01638186
-0.17121634
-1.78721166
-1.06204367
0.36087045
-0.90664697
1.61029792
-0.90969300
-0.65803093
-0.16949534
1.28805149
0.36879790
0.56313634
0.04343894
-0.62003899
-0.16747616
-0.46668139
0.41151297
0.06165727
0.35755783
0.07909943
0.04256836
-0.24046549
-0.43828195
0.04559187
-0.33567309
0.31396279
0.20617664
-0.59231174
0.33871394
0.35321069
0.75938165
1.59705377
-0.94085777
-1.82724500
0.47191608
0.86738545
0.65444648
-0.32259452
0.33210602
0.81202841
-0.83347076
-0.18960267
0.41587150
-0.00025070
0.35383332
0.47118491
-0.16782108
2.85835433
0.81820017
-1.00799763
-2.91546583
1.04062843
0.89502764
-0.14443585
1.08722472
-0.86208367
0.43600518
0.12624513
0.57731271
0.45083597
0.42217660
0.12031664
0.37520671
-2.68113279
0.45741764
2.17886925
0.40234944
-0.45408553
-0.75097603
0.77048308
0.56621414
-0.53443348
-0.57754111
0.32087788
0.36698824
0.35861561
1.10106289
0.38464478
-0.91554308
0.95341808
0.02756280
0.00452127
0.31075507
-0.09096229
-0.88463587
-0.05362275
0.69549358
-1.54636550
-0.96290189
0.07420307
-0.63537723
1.68105364
0.44434345
-0.00677104
-0.15524368
1.91362429
0.79096043
1.74814308
-0.02420098
0.81684077
-0.08384392
-0.57534122
-0.23999971
0.22196078
0.25993684
0.57355487
2.68855262
-0.14163934
0.01701261
-1.44390488
0.10397080
-0.38227868
-0.33466479
-0.20928806
-0.77054298
-0.76148844
-0.29918355
1.68533981
-0.80760014
0.35436481
-0.02204133
0.08770663
1.17668343
0.41173092
1.32672477
0.21357703
-1.03063393
0.03146217
-1.45079422
0.03988937
0.36960083
-0.01888787
-0.85921681
-0.07069884
-0.46270502
0.12067966
-0.34192801
-1.32218957
0.25053877
1.42010903
-0.27740544
-0.91945529
0.23096968
-0.13889150
-0.22516593
0.36940175
-0.42474276
0.23532684
1.42997193
-0.36248153
-0.14484841
0.26387826
-0.00356116
0.04391886
-0.26287019
-1.04689789
2.86140800
1.49961221
-1.46268106
-0.09382331
0.64953053
1.64383972
0.41595632
-0.49545026
-0.83266342
-0.13691846
1.44608557
0.04547562
0.17540914
1.36275506
-0.95835119
0.55292428
-4.46645212
1.19416940
0.58853954
0.52475858
0.08915448
-1.46379459
1.96632719
0.74438608
0.08364652
-0.53957999
-2.57201219
0.01840040
-0.47054353
0.67715216
0.08382479
-0.46010578
0.49915200
0.16868775
0.50514150
1.59001505
0.63452697
1.63439202
0.06999171
-0.85739076
0.44185454
0.18048127
-1.17307997
0.78325266
0.15130970
0.15375128
-0.46015719
-0.37130883
-0.01721485
0.25446659
-0.03748171
1.02264941
0.41654623
-0.12502223
0.43885431
0.48633406
0.83395720
0.42393461
0.01447396
0.13659042
0.05475011
0.05205329
-2.19201255
0.41808954
0.12511207
0.31291410
-0.57631779
-0.24696094
0.19767284
-2.39656115
0.31565070
-0.14183241
-0.68872756
1.07888246
-0.25198999
1.13849211
-0.07225965
0.28439254
-0.54359388
0.17420962
0.95544648
1.04500473
-0.48955756
1.39166343
-0.12655850
0.44840497
-0.77753425
-0.01104481
0.55306852
0.80607271
-0.46738890
-0.70831132
-0.01854761
1.05149519
-0.20163010
-0.10594492
-0.07849997
0.09982204
-0.50024164
0.93751746
-0.74688417
0.19753526
0.75533748
-1.07931924
3.36644411
-0.05116904
-1.39953184
0.63718104
1.08062124
0.18994078
-3.49066067
0.05378292
2.24363017
0.35936934
-0.57522333
3.69375896
0.05997072
0.14150895
0.57468724
-0.02527441
-0.08916943
-0.20015436
-0.30555654
1.75772035
-0.01041248
2.29590464
1.03860307
0.19388357
-1.04765785
0.23782694
-1.91401649
0.33802935
-0.08805019
-0.32885104
-1.45390487
0.24986988
-0.06279492
-0.28848100
-0.70922166
-0.48198685
0.07469866
-0.24588497
-6.43783951
-0.14009619
0.20539668
0.42319608
0.13990451
1.09196579
0.12090391
0.33475628
0.05056293
0.31449720
-0.15128735
0.20094156
-0.59848273
-0.07987367
0.46325967
