384
-2.62179708
-0.42360824
1.16571665
-1.23997176
0.01734677
-0.07572517
0.43909398
-1.65859985
-0.32409570
-1.45936096
-0.51110816
1.07699919
0.73110443
0.21886653
-2.21254873
0.10982618
-0.72664988
1.26510608
-0.80929148
-0.56346279
-0.38660467
-0.26800177
-0.24264088
-1.00284457
-1.38535094
0.39541671
0.14826640
2.09984684
1.85564137
-0.09373993
0.31747895
0.20050965
1.28510749
1.88244414
0.37333226
-1.88857043
0.83172584
0.11658051
-3.82215166
0.89095461
0.08393072
0.39741158
-0.18629608
2.13683224
1.16258514
-0.45980588
-0.57970542
0.26411608
0.14595062
1.50845182
0.16766170
-0.10301089
2.56597042
-1.29416192
-0.32471335
0.67514199
-0.49484941
-0.08872649
1.45396304
1.02301753
-0.11654141
1.61600697
0.11585397
-0.67967051
1.40049016
-1.31540012
0.33262533
-0.73366755
-1.04736865
1.27390921
-0.26152745
-0.66758317
-1.85213709
-1.13944674
0.26273444
2.01254535
2.41484046
-0.42985380
0.52088141
-0.00580195
1.70623577
0.12427098
-1.68284774
-0.09123537
-0.73960459
0.64685988
0.14952308
0.61756808
0.13274650
-0.27668545
0.15699795
0.29471156
0.57292569
-1.64716721
-0.62841439
-1.78941751
-0.50723827
0.31449473
1.49482679
-1.04892290
0.62501526
-0.31525713
3.81272459
-0.90772760
-2.29587317
-0.93740380
0.11754295
-0.16186124
-0.37857598
0.72051954
1.45061612
-0.46115214
-0.62371641
0.77446467
-0.26173514
-0.36050385
-0.24939643
-0.60869420
1.25140119
0.24970059
-2.13107371
-2.49238610
0.77754629
1.21958125
0.39317948
0.93389130
-2.05044246
-0.49836695
-0.96183658
0.58247584
1.06121111
0.95723033
0.96647805
0.19768122
-1.39150023
0.23063844
0.98884857
-1.02368951
-0.02467194
-0.15072113
0.93042660
-0.10990167
1.50174618
0.19233745
-0.84894729
0.56742191
0.69578552
0.08398038
2.37266421
-0.86815107
0.47306600
0.65693402
-0.67969865
-0.48980081
-0.71993715
0.94981581
-0.37068802
-2.22720337
-0.69919288
-0.64119363
0.34677190
-1.32115078
0.90411657
-0.29943877
-0.64563107
-0.54032463
1.41250300
0.81833494
-0.60575891
-0.93905252
0.75566143
-1.01729739
0.82096648
0.40595952
0.71821558
0.24783088
1.08820796
-0.37762579
0.58096308
0.52282983
0.97065145
0.58001846
-1.88519871
-0.41835713
-0.08042771
-0.32175040
-0.15529807
0.18091765
1.87632859
-0.89052212
0.87077451
-1.11575162
-0.13885921
0.74904299
0.22545595
-0.71566999
0.39096597
-0.83446527
-0.36472148
-0.75493985
-0.48555565
-0.75835824
0.77345163
-1.57439399
-0.39930263
-0.73222899
-0.42680532
-0.35508037
-0.09697616
-0.85107487
0.35057852
-0.23944947
0.78819811
-0.19343771
-1.85867095
-1.13160515
-1.02448165
0.15064472
-0.39453602
1.18759918
0.26514655
-3.18897104
0.18218920
0.26954731
0.14480583
-1.17985582
-1.42656374
0.62019134
0.06048867
-1.37215829
1.96182632
-0.61784941
2.79593706
0.24917586
-0.54770285
0.04911385
1.35469460
-0.00884082
-0.35935453
-0.22426601
0.46546221
-0.86942387
-0.52137214
-0.58874714
1.63821924
0.49831855
0.90780312
0.27685595
-1.93569195
3.10283804
0.34790409
0.32930738
-2.62608385
-2.75082922
-0.34152108
-0.06711249
2.26701641
-1.43239999
-0.21377400
-0.03720252
-1.35813475
0.51163638
0.27436012
1.50092185
0.65223342
0.18812297
-1.41441989
-0.04333562
-0.75925964
-2.02773976
-0.60430479
0.33743361
-0.42443827
-1.27395105
-0.30423397
-1.47938251
-1.15031970
-0.58857226
0.38274732
0.29834002
-1.01552510
-0.12581784
-0.64486659
0.20624086
0.82782012
0.34973222
-0.55541688
0.05516523
0.16082002
-2.11825109
-0.09201229
0.31664485
-0.07049863
0.43481809
0.55235112
-1.26761889
-0.63006663
-0.21307251
1.00384545
-2.27013206
1.14318490
0.68223041
0.51578426
0.45043546
-0.57993579
0.60194826
-0.95681661
1.18236423
2.56816149
0.20905924
2.02276993
0.66743648
0.68290317
0.91385877
-0.29787710
-2.07662392
1.31265116
0.09942084
-0.07240403
0.21468142
-1.01140666
1.39366996
-0.64648318
-1.04464054
-0.07357699
0.24159783
0.36779761
-0.97363877
0.02499938
0.48477396
-1.29679906
3.41827869
0.36031485
1.26057827
0.26121131
1.71350980
0.32635450
-1.98290694
-1.33142161
-0.12567559
0.43915194
0.74332213
1.19231904
0.11816896
0.03573367
0.65366566
0.46103591
0.56127763
-0.11436859
0.48761773
1.69627047
0.66786730
1.66398740
1.02074027
1.10805166
-2.52481270
-0.28623617
-0.34670734
-0.85672200
-0.37105587
-0.33029348
-2.22787690
0.55252570
-0.28431150
-0.28301662
-0.93409532
-0.35874695
-0.22647703
-0.15022016
-0.11380725
0.24239512
0.85679442
-0.05401450
-0.49919981
0.84333873
0.42800826
-0.60824263
-0.27365175
0.59431165
0.86188650
-2.24348998
-0.30214775
-0.47417098
0.84646827
