384
1.61303461
0.02126060
0.02479094
-1.83084285
-0.28475475
-1.02546334
0.11935629
-2.20119619
-0.19050428
-3.15608454
0.16803804
0.00659017
-0.32546097
-1.01710510
-3.12540960
0.42584202
0.38828322
0.29050496
1.75237310
0.79335546
-1.69569874
0.38642150
0.41718543
-0.74428505
0.35057774
-2.35395718
-0.38401961
2.39166808
-0.89195031
1.04396582
0.19432774
-0.30210531
-1.04702425
2.18004465
0.54218709
-2.62363553
0.35242158
-0.04144374
-3.06525493
0.70469439
-0.32997510
2.49207354
-0.28184080
2.43619776
-0.52996850
1.09755802
0.68334579
-0.46389371
-1.06719208
2.18412876
0.23675886
0.97744614
1.94593632
3.51392460
-1.01528835
0.17901981
0.52034175
0.81865025
1.58858728
1.18986356
-0.36031160
0.13567866
-0.13962616
0.27097136
0.19410214
-1.05411589
0.55723256
-0.88088596
0.28320140
-0.37709984
-0.22985803
-1.59524298
-0.31188536
-1.16696715
-0.40927064
1.32055080
1.92261910
-0.01076412
0.94985354
-0.44912416
1.70382619
0.22697610
-0.84754908
-0.09413047
-1.01172853
0.89961636
-0.08996186
0.43197072
0.42313269
-0.11994189
0.45312494
-0.41474023
0.00627464
1.74018717
-0.15891562
0.63218063
0.68638885
-0.01327592
-0.57845265
0.79018474
0.00528200
0.18765436
-1.00701845
-1.37795556
-1.88423824
1.01430666
-0.89718187
0.18261878
-0.12908198
0.73999023
0.19781280
-1.68489146
-0.46867207
0.65369225
0.06058668
0.08700654
-0.42718473
0.27891839
1.55756927
-0.01114422
-1.82062459
-2.40556550
0.66410297
-0.46663806
0.08258754
-1.70537782
-0.31917995
-0.65673333
0.30239746
1.41650748
0.24761753
-0.63178015
-0.69901323
-0.92337984
-1.23505151
0.27012253
1.27485943
0.89475811
-1.48008394
-0.56860882
0.26702541
0.07883638
2.18831968
-1.12775970
0.01631484
0.63932931
-0.87734020
0.31476092
0.78513396
-0.26781803
-0.63997877
0.01888983
-0.79643941
0.28815922
-0.58950317
-0.37857854
-0.56138182
0.50329220
0.36694670
0.87859529
-0.65974265
-2.16119361
1.12450933
-0.92803651
-0.31996769
-0.18443820
1.30968595
0.50282836
0.69359112
-1.12970114
0.53378075
0.20978045
1.41904974
-0.56688881
-0.17606938
0.85073429
0.67900157
0.10033341
-0.12945765
-0.18279088
-2.73652935
-0.33953857
-1.84233928
0.22049008
-1.09138620
-1.03176880
-0.84326541
0.19648971
1.04214334
-1.97988224
-0.11839151
-0.34120560
-0.66765356
-0.84341490
-0.28768629
2.03059888
-0.14751172
-1.19199538
0.28702307
-0.07078123
-0.77596903
0.17838243
-0.31368905
-1.61887681
-0.53078145
0.33130434
-0.02029285
-0.03872041
-1.13226700
-1.10111260
-0.61820477
-0.33607149
0.45524970
0.70844454
-0.69337463
-0.51715326
0.67891741
0.30132520
-0.51896214
1.01205528
-0.05482695
2.50392842
1.25639176
-0.14633085
-0.54366225
-0.44471511
-0.95676595
-0.36251384
0.55863917
-0.80891442
0.73890853
-1.01183414
2.27316809
-0.39859453
-0.44076633
-0.48896369
0.14046521
0.51742423
0.67570972
-0.40015996
-0.64606667
-0.32835919
-0.43001607
-4.37800169
1.41093564
-1.71436548
-0.40743065
0.44314051
-0.48532638
0.61495960
0.93599737
-1.02307332
0.01843810
-2.04910398
-0.53399920
-0.07985559
0.30316991
-0.13524964
-0.59141958
-0.14657977
0.28929687
0.48918307
0.03236884
0.21814153
-0.21969077
0.72625780
0.28802705
0.69256872
-0.45711982
-1.33223879
-0.28026992
0.73716849
0.28774506
-0.98691261
-0.66302222
1.23472750
0.45098406
0.24253777
0.43117136
-0.35228467
-0.28875208
0.07548526
-0.75579190
0.01566420
-1.31987500
-0.48708236
-1.46642709
-0.11778893
0.54014707
-0.58224010
0.94140846
-0.02764078
0.29855666
0.10053445
-1.16431642
-0.25492650
-0.05183133
-0.46991816
1.24633884
0.64685392
0.94773591
0.56818640
-0.91245556
0.03978971
0.06633475
0.00381485
0.78641844
1.09032834
-0.51395965
-1.42519927
-0.16726053
-0.28059036
3.97469854
0.36365941
-0.10047859
0.30305433
-1.64222693
-0.33064640
2.48206019
0.38912705
0.48111582
0.42522877
0.41827327
0.68456608
0.37996545
0.48327601
0.81915534
-0.37497893
-0.04183125
-0.14494680
-0.30834174
3.66010356
-0.36591965
2.56785774
0.32886004
0.21540862
0.38798288
-3.04523873
-1.44153547
-1.42560673
1.46655667
0.22859630
-0.60955274
-0.22757356
0.26447216
0.60200131
-1.07237291
-0.07874337
0.16186129
0.89628184
1.37791121
0.52144533
0.80489814
1.14702094
1.57920241
-1.14263928
-0.18084314
-1.78088176
0.47732639
-0.15018842
-1.19053495
0.69203889
-0.01540707
1.01366043
-0.25590000
-1.33475494
0.48295861
-0.17719804
-0.69162250
-0.03443128
0.49280712
-0.77672571
0.62417835
-0.36297357
0.27346972
0.00652407
0.23091874
0.23734930
-1.20843840
0.15902925
-1.29682767
-0.32869306
-0.15640177
0.63862181
