384
-0.01852621
0.16278772
-0.13516015
-1.99185145
-1.07529402
-1.08246160
0.08908641
-1.47515655
-0.64015388
-0.79543912
0.20368658
-0.07443865
0.29744211
-1.91817880
0.09390330
0.79962701
1.96569610
0.39292455
2.14726925
-0.09257568
-1.97600436
0.61177015
0.34029552
-0.86005652
-0.13960624
-0.64091027
-0.48852736
3.08378339
-0.94349599
0.09947377
0.44619852
-0.03471506
-0.15274329
-0.96629834
0.16026406
-2.93995070
0.14204936
-0.09934048
-0.79589725
0.06304374
-0.20426194
1.40172434
-0.10600572
0.95928329
0.40568942
0.51253366
-1.34514737
1.59014010
0.81993723
0.34934366
0.70602274
-0.23551387
1.14026034
0.87731522
-0.39365220
0.18801939
-0.09235662
1.58986127
0.46797740
0.55178881
-0.25000006
-0.24784891
0.07018934
0.87439966
-0.28780621
-0.66029918
0.03192570
-0.83773732
0.23960012
-0.48608267
1.69436157
-0.49096087
-0.31944358
-0.29013044
-1.89137626
3.38698244
-0.29284382
0.28034973
0.42676091
-0.27209464
1.95402598
0.59262449
0.00592071
0.24100846
-0.86602461
0.61476654
-0.49838123
0.53629601
0.21454141
0.16437368
0.53657067
0.20226923
0.01870967
1.41175056
-0.15308508
0.42699730
0.42057627
-0.13503040
-0.89838821
0.45235953
-0.02033643
0.18389113
0.10190201
-2.15188050
-2.66807604
-0.04591523
-0.54529446
0.09017458
-0.17454925
-0.16002361
-0.13680163
-1.18696523
0.21552534
0.01600236
0.59049439
0.39995676
0.03909230
0.30298179
1.30276489
1.42182589
-1.63648796
-2.97233653
0.49514657
1.14475143
1.30535495
-1.50476730
-0.75692177
0.71550143
-0.13547921
1.60070848
-0.29134056
0.29158244
-0.21430328
0.29558632
-2.58195877
1.11787546
1.70983553
0.10622988
-1.01607955
-1.42471337
-0.04660368
-0.78138614
1.09190965
-0.02854687
0.97318876
-0.15483993
-0.05515382
0.18343680
0.81903350
-0.63759321
0.27317476
0.13374488
-0.12020564
0.17209524
0.40327775
-1.43861055
0.22444461
1.45377696
-0.27004448
-0.46021402
-0.03549876
-0.97900814
1.77981007
-0.26561299
0.54534560
0.33834332
1.62356901
0.29025280
0.23584872
0.13625354
1.59992754
-0.43992341
0.39822698
-0.34111702
0.28329253
0.34611422
-0.06051210
0.24913378
-0.90414441
-0.24633297
-3.14983559
0.05519745
-1.94054747
-0.44108716
-0.13062347
-0.35011944
-0.81298065
0.26458502
0.38177717
-2.75836992
-0.97613305
0.10701892
-0.98431122
0.17220902
-0.36419964
1.59832895
2.60382533
-2.13836050
-0.05723985
-0.46511641
-0.65323979
0.24645883
-0.00142218
0.01554018
0.21117128
0.55920148
0.05033331
0.22055525
-2.42653108
-0.35648862
-1.63528609
0.07875375
0.04883409
0.02862361
-0.83073515
0.06802264
-0.24909787
0.52614439
0.31589383
0.43364435
-0.33315128
1.20259869
0.28820854
-0.09910293
-0.71854758
0.30836293
-0.51684874
2.89266849
-1.33095884
-0.95912540
-0.72676128
0.07073069
2.09963202
0.01296176
-1.17315483
0.15770213
1.33427167
0.60278237
0.42716020
-0.34912056
1.17600942
0.36120510
-0.33643794
-0.44472307
-0.81751084
-1.49520171
-0.21146628
-0.10985114
-1.62027681
2.82663465
0.41147801
-0.36759943
-0.88241565
-1.54696631
0.38745832
0.37735108
0.83511996
1.17055750
0.12050347
-0.11809513
-0.20249623
0.55985534
1.96718407
0.16153409
-0.39901087
0.35547978
0.05296248
-0.48229477
-0.28160843
-0.48028809
-0.61996537
-0.28157499
-0.06508106
-0.61858642
-0.14957869
0.33730164
0.76504797
-0.25643831
-0.21629560
-0.32043517
-0.03688021
0.45844477
-0.85122991
-0.11425640
-0.19290915
-0.43247864
-0.90799177
-0.05606140
-0.35827121
-2.01936698
1.24536121
-0.20061734
0.36276186
-0.70756435
-0.15569654
-0.40164721
-0.63093048
0.74905401
-0.47408521
0.47366607
1.01691425
0.62235618
-1.07184625
-0.25796318
-0.12066150
-0.64965403
0.31522834
0.77424562
0.04783645
-1.13537955
0.06538439
-0.11802906
0.97131622
-0.35629040
0.38719794
0.11891943
0.31394878
0.35404250
0.50599968
0.23500820
1.47370315
0.00485459
0.06088090
1.01678288
0.16746666
1.27879667
0.42231712
0.77755785
0.15305574
0.64129138
-0.19031823
3.38844872
-0.09500174
0.77862656
0.48835361
1.00326765
-0.09015192
-2.69658160
0.15275702
-2.29772592
-0.09463871
0.64982587
0.99860895
-0.25587034
0.46197587
0.89473939
-0.32000470
0.07249913
-0.42688423
-0.13571504
1.52407146
0.41416559
-0.89912218
1.10560644
1.22368717
-0.66187394
0.38193625
-3.46026874
1.26907110
0.26387540
-0.31893250
0.55534065
-0.05413900
1.44331026
-0.24182416
-2.61022329
0.59823656
-1.18453681
-0.59540695
-4.66465282
0.19117090
-0.26052853
-0.17062500
-0.31143832
0.13815808
-0.58403051
0.01831532
-0.19046581
-1.22471356
-0.18602660
-0.84213865
0.85204279
-0.38341123
0.99924183
