384
-1.30811632
-0.15474004
1.38857293
-1.10680652
-0.48715481
-0.91903859
1.03069830
-0.86802232
-0.76303601
-0.05384803
0.32995135
0.15547210
-0.24399143
-2.01056790
-3.05482101
0.44854584
0.72458398
-0.03716747
-0.24818331
-0.04403784
0.12551761
-0.44773802
-0.09404126
0.55281520
0.36641490
2.61788654
-0.67868328
2.79954863
2.57400918
0.56683338
-0.24533160
-0.01178394
0.58322263
-2.16780519
0.25967729
-1.55727482
-0.17350721
-0.22406608
1.17000246
0.83615094
-0.28014565
0.45277208
0.70543659
1.88898432
0.70719707
-0.84276116
-0.91805780
1.37529421
1.17854452
1.17261243
-0.49067721
-0.45028478
2.98812795
0.93305445
0.53985691
-0.38898259
-0.03491218
0.32367045
1.49795234
0.98163813
0.66821575
-0.01260545
-0.23135678
0.34315333
0.43289748
-1.89636064
0.44363004
-1.01111543
-0.23044445
0.05421680
0.10263529
-0.38182393
-1.00235975
0.13605577
-2.50659323
2.28038573
0.95971501
-0.15665852
-0.82212555
0.24941951
0.72295421
0.61120594
-0.75442302
0.17541769
-1.43226385
-0.40243584
0.20510454
0.80014384
-0.23959617
-0.04591122
0.24246924
0.29898229
-0.35762849
0.72089839
-0.00636300
-0.71384126
0.26180834
-0.12926319
-0.33634615
-1.93790436
0.39984602
0.68383873
1.23578095
-0.74260259
-2.05136061
0.22777520
0.14501981
0.25312239
-0.39837131
-1.44502819
-0.20297861
-0.90624815
-0.70851147
0.99220324
-0.97793454
-0.00406370
0.48785824
-0.18890752
1.66021657
0.80634010
-2.03474903
-2.96358299
0.77531391
1.26258457
0.37383947
0.52231097
-0.73845220
0.69167769
0.01619774
0.73238391
0.03279773
0.50711173
0.03918897
0.40904421
-1.85847569
0.69367242
0.74662709
0.30843627
0.11535507
-0.19001317
-0.36782008
0.67535603
1.09260893
0.08933991
0.45702016
0.46167898
0.62064099
0.22113015
1.02850747
-0.15516913
-0.24720877
0.32404074
-0.11250119
-0.66546446
0.36690268
-0.26317784
0.05105998
0.29199284
-0.32842308
-1.28346372
-0.22660369
0.32784265
1.59472108
-1.45620096
-1.44358635
0.34044877
0.80108464
1.97233391
0.56645018
-0.93441164
1.40479434
0.40957123
-0.03013640
0.15890966
-0.52599633
0.14200872
0.45568681
-0.05293997
1.24673474
0.02281737
-1.91147554
0.13931957
-0.98842353
-0.25319645
1.06390560
0.96711582
0.01491056
-0.38285798
2.08684206
-2.46897578
0.00241178
-0.50328887
0.18716028
0.74715650
0.42028680
0.38243756
1.32301283
-1.88800514
0.15057069
-0.53313190
0.11900625
0.27777889
-0.04803984
-1.63057637
0.00681814
-0.41431919
-0.19432661
0.52224475
-1.14798129
0.51891381
-0.32716933
-0.11173999
0.42527270
0.33417389
-2.27310276
-1.04634571
-0.32711229
1.01238906
-0.61965382
1.42668450
-2.21861529
-3.97268009
-0.01259081
0.17762432
-0.06937245
-0.36749256
-0.75487506
3.43921518
-0.79007757
-0.84485251
0.57826596
-0.08123195
1.95372796
0.33801976
-1.46184683
-0.90940344
0.82152975
0.73595256
0.05864839
-0.27943119
0.44515470
-0.76887959
0.73375893
0.06567937
1.51332438
0.51150745
-0.03343612
-0.45109421
-1.91290939
4.09076405
1.23270905
0.48786756
-1.07630968
-0.82786697
0.02478287
0.23602310
2.04448318
-1.17014134
0.18598890
0.40235025
-0.03789176
1.19829357
2.38786793
0.32840246
-0.81681645
0.16497073
-1.24885380
0.33857644
-0.33947623
-0.59134018
0.24287876
0.54384464
-0.23132071
-0.81106269
-0.63177872
0.02025142
-0.11542839
0.04308112
1.73265684
0.23050590
-0.51494181
0.70847821
-0.27006745
0.70682943
-0.23298141
-0.21467775
-0.49042857
-0.36705199
-0.18472275
-1.85116529
-0.10021743
0.18004149
-0.24091633
-0.67330843
0.56435037
0.15861478
-1.76396883
-0.15023559
-0.20681743
-1.32873607
-0.13597590
1.29032695
0.28584754
0.10620228
0.20135525
0.16365600
-0.17757750
1.40805244
1.41556251
-0.78581554
2.05951619
-0.10647346
0.43790981
-0.15260929
0.39934742
-1.68499267
0.60803175
0.10035295
0.30423418
0.34993255
1.76910520
-0.06625463
-0.04148612
0.11737387
0.88636893
0.69309437
0.63478309
-0.11568063
0.11394875
0.74645901
-0.42380267
4.05499887
0.40065929
-0.04394334
-0.41633815
0.69319683
-0.08477125
-1.47657394
-0.07854511
0.04493731
-0.02537226
1.08278334
0.05770862
-0.28445387
-0.50160706
0.77166873
-0.60175127
-0.83924758
0.42364526
0.19807085
1.27800059
-0.23816863
-0.36437190
1.28168786
1.80371094
-1.40677083
0.23913124
-2.03564715
-0.11346364
0.18336962
0.35790211
-1.68591905
0.22385615
0.84913898
0.34666574
-2.52173948
-0.01258650
0.04673456
-0.60932666
-6.19216251
0.25804389
0.07454415
-1.46465516
0.94847059
1.15098023
0.88841015
0.41893256
0.00725949
1.24036741
0.06805835
-2.57692909
-0.10297284
0.12289802
0.94026804
