384
1.53470826
-0.20439853
-0.08735168
-0.71872973
-0.56293947
-1.93820548
-0.03018579
-0.62779397
-0.00169128
-1.73332596
-0.05988482
0.27613908
-0.03252266
-1.85370469
-2.97090101
0.14358209
0.83015168
0.81760740
1.03469801
0.73096383
-1.72330272
0.02180520
0.56171739
-0.01969115
0.16671756
-0.70380938
-0.55715126
3.13179445
0.78127742
-0.03640652
-0.58839118
-0.46416354
0.63829136
0.13081139
-0.04129989
-2.27707529
-0.97446150
-0.10420948
-0.95875859
0.59356284
-0.68186462
2.80570912
-0.18520285
2.51110053
-1.29095888
1.16122007
0.62538826
1.58499408
1.27468634
0.92004329
0.29103485
0.24987313
2.32686949
2.37328577
0.14448020
-0.82999325
0.82493949
1.42171669
1.35757673
1.11593795
0.38470885
-0.53002065
0.61771506
1.23306572
-0.21311855
-1.74803996
-0.12147045
-0.61944556
-0.25791061
-0.38641366
-0.64906728
-0.09136936
-0.87122172
-0.39709663
-2.76521444
-0.19229805
0.46968281
-0.09468061
0.55639136
0.17674698
1.52148187
-0.05816472
1.02644289
0.84387070
-1.91964376
-0.28653255
-0.54671752
0.47128856
0.28104463
-0.54947162
0.48219335
-0.18606243
-0.20534778
0.52316087
-0.17813691
0.03885347
1.38004959
-0.03220239
-1.27180886
1.24570072
0.04104002
-0.77363503
-1.32098901
-3.13422561
-0.48684096
0.15552309
0.28529638
-0.10428233
-0.58400065
-0.60853732
-0.03372473
-1.65334463
0.70540380
0.20290771
-1.53487670
0.34390438
1.38053823
0.43857336
1.74832225
-0.59069169
-1.52891898
-2.35566926
0.25363371
0.44893891
0.87084728
-1.63045204
-0.22319776
0.73610067
-1.52229810
0.59472322
-0.03238273
0.23447323
-0.41953051
-1.43018603
-1.07061315
-0.06472081
0.66933739
0.44491637
-0.28214714
0.32702619
-1.03215551
-0.64217430
3.83388996
-0.52005076
-0.14826936
0.92574966
0.71180928
0.01521429
0.28010306
-0.01348896
-0.51880467
0.83530509
-0.05628922
-0.31477028
-0.31889197
-0.86010587
-0.72196829
1.09688878
0.17907888
0.35921022
0.03542053
1.04655194
0.29739338
-1.51662004
-0.48348370
-0.68776423
0.12887466
0.87505054
0.67526436
-0.92171907
0.04270120
0.54474610
1.74146140
-0.74640346
-0.38757041
1.00493526
1.66883707
-0.46244857
-0.20997244
0.12408161
-3.18998671
-1.26385820
-2.26087904
-0.31156206
0.12436247
-1.24784768
-0.42723691
0.91536921
1.18312395
-2.40159655
-0.05354595
-1.07299006
-0.65319169
-0.58210921
0.22402665
1.68122482
1.25529802
-1.92472243
0.57332563
0.47378075
-0.76340228
-0.24361303
0.07577710
-1.24926603
0.04652503
0.85128969
0.81696099
0.83196819
0.11520684
-0.20310430
-1.00791490
0.32245219
1.26984549
-0.51838088
-0.50032353
0.28023642
-0.32944092
1.16151404
-0.75306088
0.83012336
-2.59467864
2.63224030
-0.50386411
-0.16589820
0.62351638
-1.12025785
-1.71886849
1.49750316
0.01711148
-0.96412164
-0.17371750
-0.20988682
1.93911815
-0.84064341
-0.33330172
-1.91233373
1.28230584
0.74263340
-0.19876535
-0.35622782
-0.55817389
-1.67286003
0.16943777
-3.16750479
1.24018264
-1.72591877
0.24376962
0.62220693
-0.81673270
1.00437784
1.66625106
-0.53974152
0.21459705
-0.70897585
0.49845377
-0.00745547
0.39395714
-0.38050717
0.37568361
0.34777099
0.39139998
0.19274324
0.96847481
0.52194053
-0.21326172
0.24894112
1.22234416
0.31729710
-0.62795955
-0.45483935
-0.63873959
-0.49560463
0.03190315
-0.35172373
0.05388641
-0.39262131
1.04678130
0.48277044
1.24603915
-1.33787990
-0.56538850
0.18737206
0.15163249
1.28497815
-0.42302912
0.87554801
-1.09653127
-0.01371454
-0.68019390
0.13355756
1.38036799
0.48574975
0.52545923
-1.42060828
0.26044965
-0.00989535
-0.40203688
-0.68708551
-0.41733310
0.82296199
-0.68941480
1.30695462
-0.13379782
0.36479029
0.52497685
-0.10340759
-1.10937631
1.98528135
-0.82088763
-3.02312565
-1.03701758
0.12311266
-0.07519418
0.67707860
0.01552433
-0.96556503
-0.78231281
0.62449521
0.16245390
0.69359893
0.59329820
0.98248494
0.60361874
1.78120923
0.46892196
0.89870352
0.90804166
0.18794858
-0.29741123
0.50719416
-0.77680123
3.96902895
-0.72692955
1.88936853
0.83669269
0.52977699
-0.52659142
-2.74917603
0.87142009
-1.61442721
0.67861909
0.00580812
-0.40457398
-0.61925745
0.27540979
0.93631017
-1.12939346
-0.99560612
0.39379168
0.44726545
1.48663735
0.07914205
0.49139690
1.59816730
2.72602916
-1.18617535
-0.50114065
-2.84046555
0.76209211
0.42090866
0.19531997
1.53950739
-0.18334967
1.47883272
-0.01292387
-2.98501778
0.49751270
0.33333108
-1.39329100
-2.38921237
-0.79121023
-0.88878286
-0.00125623
0.98923087
0.76532316
-0.62761045
-0.07701255
0.01650877
0.26516905
0.18766786
-1.18557334
-0.22892497
-0.51391637
0.63421822
