384
0.85743129
-0.06398337
1.39032483
-0.99917996
-0.44158053
-0.84094787
0.45503402
0.41720253
0.10370431
-1.83772469
-0.01918411
0.29310966
-0.05377265
-2.33238602
-3.32304382
0.94656223
-1.36091602
0.01630355
1.41406238
-0.25593498
-0.55575371
-0.02796602
-0.22054571
0.36409250
0.55321264
1.77522516
-0.37631369
3.38615847
0.50095177
-0.31885874
-0.02944662
0.00368515
0.52415884
-0.45326078
0.14161687
-1.55581808
-0.02206388
-0.30445018
-0.36549735
0.62498403
-0.30467391
-0.70667028
0.07396112
2.45744133
0.00476352
-0.80917758
-1.23693562
1.02202988
2.58864999
1.25323617
-0.55003160
-0.51697844
2.86542439
1.23371434
0.32148352
0.11668244
0.01795577
0.21344775
0.78759211
1.05867887
-0.70624220
0.35908750
-0.06548239
0.77634829
0.08568244
-0.91538870
0.09347797
0.13302651
-0.23563682
0.04326370
1.41458428
-0.12852970
-1.22354674
-0.69434106
-1.89358711
-1.87687624
-0.20765555
-1.30564117
-1.88485909
-0.18347061
0.91820204
-0.23292711
-0.07346102
0.14909860
-1.53084397
0.07120681
-0.21365792
1.02017474
0.15149160
0.24050283
0.09502763
-0.02983324
-0.28369752
0.32101095
-0.02269723
0.09258996
0.24363606
0.02061370
-1.03224850
-0.12418294
0.44277269
0.90000361
-0.37948847
-0.96187520
-0.79142499
0.26303571
1.04314804
0.44855779
-0.43250713
-0.76802105
0.49518228
-1.37606311
-0.28318158
0.54187608
-0.26937002
0.42557538
0.72491872
-0.12203597
2.59397507
1.50127351
-1.14953494
-3.17060590
0.43988019
0.72205520
0.02952337
0.16444291
0.56108785
0.54206359
-0.12484772
1.01090562
-0.27218747
0.39348632
0.11369162
-0.62054241
-2.35380435
1.23443770
1.51249468
0.29634041
-0.42828611
-0.71572113
0.01442868
1.10058546
0.98676348
0.10452658
1.04988432
0.19955587
0.57251030
1.31913924
0.48577869
-0.45042852
0.40931910
0.35984999
-0.14187445
0.09840509
0.08242324
-1.74319673
0.24596809
1.11754739
-1.04483747
-1.37519515
0.00624029
1.93873811
1.22468865
-0.86968797
-0.45859885
0.01528106
1.50620079
2.31534386
2.16618681
-0.17305857
0.53848106
0.36626315
-0.48748806
-0.61317587
-0.55723310
0.17642850
0.69827950
1.07669342
0.63684297
-0.02735610
-3.22058773
-0.05109344
-0.95532286
-0.18276227
1.21745801
-0.12191486
-0.32721916
0.07649893
1.91843224
-1.53890610
0.00973840
-0.00345610
-0.28352478
0.76590025
0.41200319
1.31227028
0.74506718
-1.94834018
0.14287966
-1.21601331
0.49527475
0.61730027
0.01512913
-0.18006983
0.03586306
-0.24789575
-0.03774413
0.12395976
-0.32642162
0.57950968
0.72802413
-0.18599194
-0.29402149
0.87830609
-0.78702092
-0.18552801
0.00461718
0.50087494
-0.06688775
1.07467294
-1.66750562
-0.36366063
0.28917819
-0.07414028
0.36974943
-0.03287963
-1.39495814
3.12557983
0.70628273
-0.90092123
-1.17214644
0.59477246
0.99241090
0.42060739
-1.81571627
-1.09609270
0.07566234
1.43502593
0.16122590
-0.11222780
0.89821631
-0.55635643
-0.56405479
-2.87999344
1.23129010
0.13543405
0.06897626
-0.03639788
-1.97548628
2.32257390
0.69002116
0.02564824
1.13986313
-0.96060109
0.20454669
-0.31015217
1.00041330
0.47073853
-0.13604857
0.25208580
0.03530321
0.35807577
2.46402144
0.48316735
0.34034657
0.24310048
-0.23736453
0.17209294
-0.03810230
-0.58529019
0.79993713
0.22436467
-0.22947210
-0.54624796
-0.38963532
0.28035659
0.63104856
-0.09420337
1.06186056
0.27860618
-0.02230942
0.46560195
0.43837559
1.28975558
0.18478826
-0.27043495
-0.61439931
0.07952279
0.09692033
-1.32805872
0.84124458
-0.08575371
-0.14297855
-0.09727219
-0.05212890
0.13455783
-2.09880400
0.13989463
-0.07321081
0.61205870
0.50751984
0.63236964
0.04672110
-0.30987221
0.70457160
-1.18690228
-0.18215056
0.65898192
0.37769473
-1.58519685
0.52972919
-0.10097155
0.70120561
-1.46970844
0.21695521
0.03763384
0.88468301
-0.30709904
-1.08988070
0.07947505
1.90688944
0.04654729
-0.04161466
0.73574626
0.42450958
-0.33896086
0.86992204
0.02690404
0.10261657
0.71699017
-1.06397438
3.95122051
0.27812552
-2.07784271
0.21711548
0.28600660
0.17218867
-2.55084968
0.10201272
1.61318862
0.09243679
0.03754612
1.72252786
-0.05574045
-0.39906356
0.79726011
-0.07449729
0.27627456
0.14979398
-0.25956562
1.46120620
0.06160639
0.46600026
0.66351050
1.08609104
-0.53273642
-0.17708461
-2.52009082
0.58434099
0.17918167
-0.20329577
-0.14569263
0.14694777
-0.41076636
-0.18081732
-2.67958164
-0.57606655
-0.06947818
-0.70983094
-6.49234962
-0.04822712
0.07381721
-1.03266609
0.38754946
1.21589673
0.20404135
0.40415311
-0.33687049
0.92481488
-0.48335537
-0.62141764
-0.07530782
-0.02074830
0.30448571
