384
1.00489020
-0.23051438
1.56814003
-0.76862693
-0.56083739
-0.91548538
0.43098965
-0.34127259
-0.01734058
-1.78282762
0.03603508
0.08282360
-0.19386946
-1.92538786
-3.17226839
1.38840675
-2.19138026
-0.28657743
1.02161193
-0.19657053
-0.25393102
0.35396585
-0.12328276
-0.28814560
0.87774366
0.38957995
-0.33459392
3.16125727
-0.77931494
-0.16086774
-0.05613987
-0.08726574
0.37242329
-0.87040895
-0.15838398
-1.72706723
-0.14268187
-0.17531677
-1.74657881
0.12579082
-0.47913730
0.31546357
0.31075943
1.24791265
-0.45933604
-0.34702802
-0.94421756
0.86974448
0.83063614
0.48924074
-0.47483832
-0.63060325
2.33065557
3.23261452
0.28348479
0.19139518
0.06053303
0.19609730
1.59943819
0.85299230
0.38070285
0.41969869
-0.10853251
0.57618326
-0.06373483
-0.51525491
0.06084778
0.14222792
-0.32218751
-0.11758381
1.19185305
-0.05312766
-0.54617369
-1.11490762
-1.21066546
2.35164666
0.03135192
-0.23654759
-1.16444588
-0.19704235
1.20480800
-0.00243704
0.60194910
0.16875103
-1.41492748
0.36996245
-0.30899733
0.36243033
0.19438708
0.42309469
0.07253371
0.15818930
-0.18027757
1.93568659
-0.17116018
0.07162073
0.43942365
-0.11863051
-0.69684929
0.18163675
0.43583578
1.34447193
0.03058338
-1.99399877
-2.46338820
0.04869540
0.00844327
0.37891853
-0.38848963
-0.76901233
0.23206547
-1.07447946
-0.28827268
0.70475662
0.09025466
0.55859369
0.27805611
0.14590386
2.42170620
1.33579981
-0.98504579
-1.90807188
0.06713456
-0.36846179
0.56740582
-0.76773596
0.56073213
0.50765181
0.07454139
1.23700476
-0.05750835
0.63519281
0.01243471
0.02668163
-2.62673187
0.85392934
2.52046084
0.39009196
-0.53245693
-1.24326634
0.26072866
0.61854428
0.99892735
-0.44313264
0.74416441
0.20952493
0.88341349
1.31001532
0.36803144
-0.50569010
0.32514352
-0.16253598
0.08089665
0.43189138
0.27698183
-1.42004728
0.46419090
1.33136153
-0.53876549
-0.78611833
0.07684575
-0.13953048
0.93649554
-0.56122684
-0.11235753
-0.02061972
0.93844801
1.68095064
2.40946722
-0.07335383
1.32439780
0.56744140
-1.32125473
-0.53461146
-0.74970859
0.47204909
-0.54382581
0.99230343
0.37509799
-0.07906654
-4.02338648
0.15487862
-1.26237297
-0.35840103
0.53166580
-0.33527344
-0.55886734
-0.34589052
1.97058511
-1.07062650
-0.02195486
0.17514390
-0.29051578
0.62395990
0.10708368
2.21167326
0.97260284
-2.00466442
0.15659375
-1.35996127
0.19034684
0.43229187
-0.06210581
-0.86830270
-0.23991185
-0.09953511
-0.19262828
0.06373419
-1.62558770
0.50087321
1.10837209
-0.35672763
-0.62825388
0.42968783
-0.18603709
-0.42788672
-0.05584899
0.44825703
0.19784048
1.25985897
-0.58320707
0.29833388
0.05400194
-0.13016315
0.05550446
-0.02306072
-0.68711060
2.96609378
0.38897681
-1.02476668
-0.96778166
0.57129812
1.88242483
0.48276609
-1.21267855
-0.76587939
0.98076624
0.84792507
0.21390274
-0.04428209
1.27498031
0.05526860
-0.07559018
-3.78737688
1.05619621
-0.15459289
0.17250556
-0.15700439
-1.60175908
1.60812402
1.01798606
0.19120851
0.14798760
-1.42833579
-0.20314187
-0.31585264
0.71256775
0.51629668
-0.00692950
0.49610206
0.15979204
0.61578131
1.86857986
0.56309432
0.18679585
-0.00179441
-0.31363058
0.02469376
-0.14039874
-0.10549605
0.53517067
0.11744122
0.10477263
-0.38457516
-0.32192945
0.37095889
0.31117448
-0.03204567
1.14266610
0.25260565
-0.06463701
0.80314201
0.34138960
0.92228377
0.48400521
-0.24345082
-0.60472429
0.11855941
0.07316571
-2.61630344
0.31002313
-0.09767771
0.01307908
-0.52752310
0.37671489
0.72779632
-2.65969658
0.03637975
0.00285469
-0.17706150
0.58924824
0.12579799
-0.50205743
-0.11341698
0.55761564
-0.72109067
0.55009878
1.00571024
-0.03692442
-1.38857841
0.45170963
-0.17016262
0.41307539
-0.73607767
0.40475923
0.47092959
0.04168326
-0.43425006
1.02058947
0.18390745
1.87789845
-0.07205757
-0.02624284
0.60789037
0.46702272
-0.53045183
0.74552798
-0.19201374
0.08348578
0.59860516
-1.13978636
3.69090676
0.13574108
-1.42886901
0.12541738
0.13925606
0.21172297
-2.67144108
-0.00319961
1.94177854
0.06185971
0.80490893
1.61832106
0.08685448
-0.15433559
1.25881195
0.16152203
0.05006785
0.03699592
-0.27302805
1.38299012
0.13808329
1.04763663
0.54480761
1.13778067
-0.18354970
0.24096695
-2.40515518
0.29804230
0.20737281
-0.13832234
-0.05938509
0.21581954
0.93292546
-0.19280432
-3.07712770
-0.58409894
-0.50426430
-0.59821618
-6.32115602
0.06211445
0.18372929
-0.79577470
0.24597357
0.99415034
-0.01254885
0.46959770
-0.11718886
0.53727525
-0.56814587
-1.35571229
0.03409679
-0.03242318
0.06522411
