384
1.05777836
0.34200805
0.04693189
-0.32427323
-0.83499408
-2.48750663
1.56755614
-0.31608993
-1.24053597
-2.84557486
1.65471959
-1.02020836
-0.85528523
-1.92768824
-2.29361820
1.43335152
-0.08537546
-0.29438183
-0.14116400
0.48362559
-0.98573232
-2.65687084
1.35548544
-0.73168612
-0.92532611
-0.56305373
-0.28296351
2.92266774
-0.34172776
0.61200738
2.25024557
-0.79575282
-0.94923508
0.02205938
-0.24437866
-1.64963114
0.91344142
-0.02563520
-2.69172144
0.40895134
-1.23869562
2.19602251
0.34052509
2.38171339
-0.62186408
1.09614110
0.48392743
1.00167370
1.23085034
2.41217566
0.75399715
0.87646800
1.77865648
1.89094448
-0.09576286
2.09644127
-0.91837108
1.97735262
2.13668513
1.34460640
-1.39672494
0.46459889
1.14968073
-0.15653145
-1.36280417
-0.88852781
-0.20551690
-0.63908339
0.80157179
1.00930524
1.71988106
-1.24329352
-0.95592701
-1.22769415
-2.46504879
-0.87103081
0.06276238
-1.00800896
-0.76581192
0.45807508
0.80822432
0.23256943
0.30591601
-1.16993093
-1.03009617
1.51209819
0.88535208
0.12504521
-0.36458918
-0.00755662
1.84731686
0.80279279
1.74481666
0.48422074
0.28326118
-0.21562088
0.44838548
-1.75956917
-0.82509506
-0.21680768
-0.55611926
-0.38362792
-0.77961552
-2.01171398
-0.17282176
0.07470719
1.45634055
-0.27110040
-0.73424494
0.20374712
0.26626414
-0.66964310
-1.35188031
-0.94948304
-0.13971347
0.78266275
0.23161234
-0.94590324
2.16761255
2.69255161
-1.88497591
-2.18863010
-0.31636614
-0.32627103
-3.19010878
-0.87488794
0.19334394
0.87157738
0.88170379
1.69868767
-0.54261118
-0.46775809
-0.17000070
-0.36737674
-1.00806165
0.00698665
-0.41139585
0.17115232
0.62305069
0.31168780
0.51460528
-0.79926646
4.82175446
0.43690440
0.39834991
-0.99066663
-0.74921602
0.41314667
-0.02182895
-0.79002684
-0.15908623
-1.04267859
0.65346634
-0.50377345
0.73254657
-1.41277683
0.30263859
0.98240530
-0.57333475
-0.97834301
-0.05456415
1.78729200
2.75308132
-0.45551264
0.28535205
1.30246437
1.03138232
1.07782865
-0.34163156
-1.48170710
-0.42896646
-1.30795586
1.82017994
-2.30408049
0.12220612
1.32612610
1.58266020
-1.92592931
0.67152500
-0.13324778
-1.98895562
-0.38708043
-2.20254803
0.39739108
0.48712990
2.02101541
0.05536611
-0.21990260
0.81777161
-2.14432812
0.95741576
-2.10273600
0.73391062
0.48018849
-0.02804761
-0.03213146
0.83198428
-2.55518150
-0.36075735
1.78396642
1.08285189
-0.56381220
-0.42063743
-0.80621523
-0.39678368
-0.10011025
1.91017437
-0.11426032
2.46705103
-0.32325909
-1.03241634
0.45907867
1.31568134
1.30692780
-0.07679459
0.46294770
-0.27490273
1.46742702
1.60425639
2.39501381
-0.02060604
2.09223509
0.82196724
-0.67432415
-0.44829586
0.91138875
-1.88574600
1.43361735
0.38791281
-0.29060113
0.20403573
-1.92627418
1.83830297
0.06925431
-2.14931583
-1.61045575
2.17146468
1.23374534
-0.24993521
-0.83645999
-1.65670955
-0.40899557
-0.34482455
-1.79830766
1.38017678
-1.91678047
-0.04744309
-0.64336646
-0.11002940
0.58201611
0.34608921
-1.34077466
-0.07314205
-1.60909808
-0.08143108
-0.97634506
1.09226310
-0.01465908
-0.47169429
1.31363809
-0.09256157
1.23160052
1.23285472
-0.71703589
1.02640414
0.18431549
0.09550565
0.97758991
-1.01394403
-0.68211842
-1.12227511
1.40045941
-0.04279932
-0.10108426
-2.29385710
0.85556781
-1.13926303
0.36542386
0.62136787
-0.17385036
0.11771917
0.89917773
-0.97148913
0.17582798
0.01629843
0.32438225
-1.31193590
-0.59576088
0.28942856
-1.11774409
0.90739048
-0.51488709
-0.11720742
-0.52101952
-2.66724873
0.98998135
0.43180299
0.82513428
0.71773177
0.75199473
0.21386260
0.78960001
-0.61668932
-0.78876227
-0.81417489
-0.94608724
0.41775775
1.79323792
0.78764826
-1.18508792
-0.04990971
-0.68946463
0.78729188
-0.72828484
-0.00057610
-1.67385817
0.31281191
1.29390264
-0.39760232
-0.68994248
-0.40676773
1.20559692
-0.55313963
0.19824576
0.88292980
-1.27328718
0.12281349
1.20578945
0.86548340
0.35515371
-1.50042295
3.86025238
1.40248394
1.97260463
-1.78045511
-0.23593542
1.73499811
-1.99923098
-0.70587105
-1.26232076
-1.07447529
1.94198108
-1.20996630
0.17789221
-0.45301169
0.40847301
-0.49628586
0.39519307
0.04153004
-0.75763142
1.41056025
-0.50292075
-0.28829163
0.22920860
2.17998743
-1.33851445
-1.03829145
-2.14236951
-0.25235611
0.58671999
1.17128468
1.14607203
-0.23702794
-0.54661208
-0.63137215
-2.67243576
0.26168710
-0.49211046
-1.46041453
-2.71544743
0.47128564
0.74714154
-0.65961719
0.23202987
1.16238689
1.41187918
1.03775966
-0.07911047
0.98923671
-1.89493012
-2.25011492
0.13737312
0.71883678
-0.56918943
