384
-0.42375726
-0.10196038
0.32054463
-2.25753355
-1.13913095
-0.68599004
1.35864818
-1.94436860
-0.34441295
-0.47456217
1.03776240
0.26245570
-0.31979543
-1.82065988
-2.27467537
0.65911180
-0.61061430
-0.33089125
-0.28238487
0.09256738
-0.76146269
-0.68440729
1.59293604
-1.40140510
-1.29161680
-2.21323061
0.49229178
1.36014628
0.19860661
0.82080352
0.76242948
-0.42871633
-0.03731573
0.24279922
-0.17586239
-2.57012010
0.43288544
0.29439515
-4.61928368
0.45706451
-0.14496525
1.39814293
0.44014192
2.41004896
-0.76442683
2.54238129
0.69098890
-1.63906288
-1.40374422
0.17383897
0.12532273
-0.01154542
1.24055648
4.38558102
0.62354410
1.67205203
-1.27415884
0.32970077
2.10275507
0.12378976
0.14544380
0.02721640
0.03644343
-0.96020073
0.70072454
-0.88511896
0.75408971
-0.62077463
-0.22573362
-0.00365464
0.19025165
-1.25882339
-1.92038119
-1.01409900
1.27321219
2.54857159
2.50948668
0.86517942
-0.54918844
0.12456158
1.21806669
0.01180920
0.18157020
-1.02760530
-0.40787441
0.94200760
0.78768462
-0.42856711
0.21223053
0.36398119
0.22827399
0.27953205
0.97490013
1.18741274
0.22477078
-0.31520060
-0.18357006
-0.96173149
0.53881168
-0.40089458
0.03374570
-0.55948687
2.48521113
-0.68436515
-0.40221995
-0.65808767
-1.40897441
0.19788958
0.15228981
0.29791430
0.42222446
-1.07827866
-0.18612592
0.05397457
-0.05189011
-0.86607504
-1.48003662
-1.10689771
1.42311370
1.00834894
-0.79870069
-1.06574786
0.78539783
-1.85673070
-1.62665367
-1.08828044
-1.73547697
0.66879332
1.77670419
1.65188932
-0.09245290
-0.50542891
-0.98108041
1.82021010
-1.69319093
-0.32538536
1.14126754
-0.75745732
0.20676300
-1.04553843
1.19903851
0.74886602
3.22045946
-0.76044405
-1.43851078
-0.22552980
-0.49394813
-1.12759078
1.20186901
-0.43850723
0.86909091
-1.18397617
-0.34865847
0.36325306
0.20763934
-0.12461212
1.07180977
-0.91746473
0.37246683
-0.29015619
0.62408191
1.90707135
1.75203776
0.88087785
-0.06712979
1.85324407
2.17259836
1.87154925
-0.20401710
-1.19948840
2.15239239
-0.60487980
-0.22127230
-0.46918517
0.16208906
1.46881866
0.33294582
-3.24793959
1.09825110
0.13358276
-0.49820954
1.30244458
-2.70459795
-0.42291048
0.35309613
1.37419915
-0.36773628
-1.15853119
1.93180704
-1.08900511
0.50624883
-1.13193774
-0.02306142
0.43611777
0.39497083
-1.50428700
0.13378429
-1.76118934
0.05538317
1.08904445
1.18085647
0.14607467
-0.04310646
-2.80393219
-0.91524124
-0.52996784
-0.73573059
-0.47034019
-0.00197530
-0.29265994
0.00752489
0.05950299
-0.21748647
-0.22651544
-0.75677359
-0.93427074
-0.58365113
0.40400416
0.91751063
1.76978552
0.27776539
1.62895727
0.17446598
-0.18291536
-0.78517115
0.36226428
-1.46656275
1.33574116
-0.40070224
-0.74911326
-1.12882710
-0.14947878
2.51048136
1.02001905
-0.40922105
0.49094218
-0.08309959
0.29486835
0.85169554
-0.03390520
-1.63348222
0.74605238
-1.26898015
1.10113454
-1.12016904
-0.58215100
0.39266869
-1.50149989
-0.25719339
3.01298642
0.23978783
-0.04152995
-0.99394304
-1.49463844
-0.00131601
-0.39234596
1.51419342
-1.14902484
-0.17488670
0.62286037
-0.24996388
0.68343985
0.27758139
1.00018895
0.33864230
0.60835177
-1.40290403
-0.15039091
-1.29289222
-0.49412850
-0.07498321
0.68237203
1.14132142
-0.01350100
-0.61681074
1.17863846
-2.27492261
0.10365872
1.28002524
0.78746229
0.00280340
0.86503416
-0.43058658
-0.57528567
-0.38897091
0.34220237
-0.20550740
-0.81105042
0.10382504
-1.11971974
-0.20842330
-0.35435855
-0.04111120
0.26692432
-0.36627829
1.06765735
-0.95920318
2.49086833
-0.09653854
-2.41224957
1.56924939
0.72405005
-0.78504419
-0.78873020
-0.49800098
-0.00313841
2.04562998
1.82470775
0.11861140
0.56050974
0.85282087
-1.06943417
0.31202161
2.60542703
-0.00997937
-0.50536430
0.13491434
0.74541366
1.58310294
1.11679387
0.28657371
-1.09316659
-0.74080497
0.94890499
0.79535544
-1.14809537
0.42885539
-0.91417539
1.00506282
0.34350905
-1.09827185
3.19449162
0.86252344
1.12552059
-0.00976185
1.38924634
1.25245714
-2.40818691
-2.23990250
-1.39656496
-0.25180131
0.49562928
-0.90286756
-0.43605644
0.33898818
0.58709294
-0.28267676
0.19444418
-0.63087285
-1.33980000
-0.23238432
-0.16024144
-0.82842845
0.13157921
0.80664057
-0.91121757
-0.59264886
-2.01340437
-1.09389341
-0.43292075
1.26691329
0.61970234
0.46859762
0.07601956
0.25591105
-1.29941642
0.14717311
-0.82002425
-0.39237323
-2.70025659
1.24584055
1.13211918
0.69190407
-0.25858587
0.60735375
0.44919288
1.00207162
-0.26309749
0.42956161
-0.07929529
-0.35663232
0.58512384
0.65472072
0.16108751
