384
-0.77308917
-0.61153764
0.83376366
-1.08125639
-0.18039535
-1.88234663
0.97057211
-1.64045429
0.09579806
-2.58886766
-0.58745015
-0.28159785
0.16294265
-0.38132787
-2.36951828
0.53801078
-1.06074464
0.06914795
-0.49342871
-0.37182501
-1.16634262
0.55664855
0.88648653
0.19156972
-1.75747657
-0.82316399
0.08223886
2.55111980
0.83241814
-0.56615102
0.22831932
0.19292675
0.34834856
1.85523272
0.02616888
-0.93227917
0.26629475
-0.68707937
-5.19389868
0.79020631
-0.09579462
1.62992203
-0.17277695
2.51416779
0.84475720
0.43944588
0.76835477
0.94720519
1.49434042
2.36063886
-0.30973202
0.17891708
1.16957116
0.08974212
-0.35221720
0.15797360
-0.07985532
0.73217261
1.43648863
0.75160223
-1.33231139
-0.38115332
-0.27314240
1.09936714
-0.34308714
-1.51867378
0.00770223
-0.19745114
0.45642108
0.02089381
1.41673553
-0.76852560
-1.67340171
-1.40111029
-0.46272326
-0.32098502
1.69005811
-1.10236919
0.77630818
0.02047200
2.15242028
-0.19510376
-0.70390481
-0.27848047
-0.73948944
0.24027562
-0.11985326
-0.10196318
0.22117177
-0.39251125
0.57812148
-0.40764609
-0.04373685
-1.74417186
0.32801530
0.28105009
0.84152222
-0.01531028
0.57247233
-0.44824719
0.28295976
0.07776342
1.45066333
-1.03348505
-1.48392463
0.15586254
0.42393887
0.35477957
0.03608918
-0.21549088
0.78309965
-0.40736857
0.06666048
0.06210484
-0.28527313
0.24280983
0.61233991
-0.63380146
2.12112570
0.29673287
-2.31876016
-1.86522233
-0.05049506
-0.40473378
-0.19066106
0.30878752
-0.70334959
0.01560180
-0.59837246
0.41484934
0.73482996
0.08111937
-0.83532733
-0.21878365
-0.51981860
0.28090465
1.14852071
0.05482952
-0.38202518
-0.02472325
0.64683330
-0.22653148
3.92513037
-0.49868435
-0.11934018
0.01722889
-0.80987453
0.23340540
1.18059182
-0.23456790
0.33773103
-0.58094442
-0.13451511
-0.11966343
0.19301501
-0.02864259
-0.23804432
-1.69822490
0.26744628
-0.91851991
0.60563177
-0.86798680
0.95431727
-0.15557840
1.06948328
0.28881425
1.23528790
0.99247169
-0.66788727
-0.68403924
-0.01017189
-0.91280144
2.22197890
-0.76607519
0.40307760
0.78882396
2.61880302
-1.81921268
-0.03136957
-0.61284274
-0.07582557
-0.41270569
-1.92136633
0.21619686
-0.09984495
0.21682392
-0.21603519
-0.11622975
1.31578588
-1.35771930
0.07654944
-1.08851719
-0.06668458
0.40970790
0.15826431
-0.37300110
-0.08571327
-2.04062510
0.42759243
0.01638037
0.37949514
0.02490257
0.19508561
-0.33816701
0.08032181
-0.51617932
0.25176480
0.09703866
2.46230197
0.19619489
-0.09173448
0.16838634
1.32720304
-0.41741163
-0.46885407
-0.22744597
-0.07149860
0.31701317
-0.52422827
1.22504282
-0.20617723
0.40115476
0.76658005
-0.33431458
-0.14288455
-0.37472469
-1.74712920
1.36477804
0.24455494
-0.77606291
1.87228203
-0.56397694
2.34185576
0.01147840
-1.08438361
-0.60759622
2.16950512
0.91552031
-0.23039217
-0.32585007
0.19880587
-1.06416118
0.60165417
-1.99860859
1.63217831
-0.87142444
0.00514391
0.10921111
-1.08947945
0.92111951
0.43201828
0.22397549
-1.76335478
-3.67846107
-0.34577855
-0.63923120
1.80436802
-0.82494974
0.30232114
-0.07057510
-0.16218355
0.08648178
0.08117306
0.22305755
1.08885288
0.62457693
0.02372468
-0.12801224
-0.28111055
-2.00378442
-1.58724952
-0.06085749
-0.02779884
-0.14706293
-0.80368102
-0.03651610
-0.29841727
0.04986357
-0.02873839
0.22423275
-0.44308370
0.59671295
-0.34318605
-0.17346437
-0.75937897
0.10471240
-0.80955696
0.44343287
-0.17480876
-1.38896787
0.43850356
-0.07754014
0.82166702
0.98540658
-0.10673387
-1.40369523
0.43615249
-0.29022184
-0.07491052
-1.03859282
1.38902092
0.53474152
0.54012787
0.39654472
-0.90532720
-0.44806606
-0.13863522
1.44722843
2.34260702
-0.68714821
1.29338443
-0.78295058
-0.00142673
0.63806129
-0.19879523
-1.96608758
1.12530041
0.30059552
-0.40207461
0.22885105
-2.40663862
0.02277280
0.12465988
-0.59592122
-0.07208247
-0.51158291
0.38902834
-0.49981359
-0.10919209
0.66382915
-1.69954348
3.45947099
0.23576754
2.70921254
0.25051790
0.18937498
0.33273053
-1.99731553
0.33560905
-0.86609620
0.20843962
1.12313056
-0.30627370
-0.10373908
0.44805741
0.21205257
-0.60467696
0.26910788
0.18331267
-0.25897098
1.57055068
-0.20872143
1.26228809
0.35988748
1.97461545
-2.26036167
-0.43543208
-0.50188780
0.43317500
-0.32208127
-0.30959433
-1.00614870
0.22586250
-0.49034631
0.50915980
-1.75292051
-0.06598228
-0.37003928
-1.79512250
-0.29664600
0.04853198
0.38433480
0.19074482
0.01583508
0.85677570
0.77581090
0.73669463
-0.29569179
0.40961474
-0.00160971
-3.05948329
-0.16649592
0.61453396
0.19741942
