384
-1.39468813
-0.27869219
1.40615249
-1.15350866
-0.23018858
0.01462716
0.26112327
-0.52700037
0.35438466
-1.12816274
-0.20071872
-0.00707974
0.32026908
-1.60810256
-2.00277495
1.28096461
-0.29396555
-0.02909637
1.30717885
-0.31008139
-0.24149534
0.18716703
0.08721694
-0.39461350
-2.11590672
1.05477262
-0.46834940
1.98041606
2.44144773
-0.41683838
0.11311851
0.36261013
0.12274203
0.87203300
-0.00220185
-0.76507789
0.31941128
0.21469463
0.15982032
0.83822513
0.09245275
0.35643333
0.20794328
1.35409904
-0.74113196
-0.76360434
-2.15513778
-0.42642272
0.91736519
-0.75551170
0.05092596
-0.32552341
3.70078850
-0.87491584
0.04158385
0.34902984
0.14133956
-0.31336313
0.72493261
0.47436839
-0.33508649
-0.11343106
0.16993947
0.50292313
-0.12587073
-0.88250148
-0.03473397
0.10588005
-0.27956587
0.35601288
0.53573972
-0.22124892
-2.30600595
-0.57168764
-1.45271850
1.33122802
2.48281527
-0.72251809
-1.88864923
0.11312486
0.10701787
-0.05201618
0.36609375
-0.41979188
-0.68688703
-0.53930163
0.99127078
0.98986489
-0.01849030
0.17066664
-0.21308562
0.29984793
-0.10463235
-1.38153183
0.12848401
-1.01517463
0.29760498
0.20295200
0.53439343
-0.29430920
0.19824868
-0.20088078
3.59142733
1.39053392
-1.38531113
0.04466285
1.00698936
0.10892470
0.06280138
-0.22804077
0.79143709
-1.29636502
-0.32015100
0.34634480
-0.34822267
-0.58114642
0.61852080
-0.29594368
2.25321364
1.24263000
-1.46680021
-2.39937568
1.07136643
1.52796865
-0.12112874
1.81651211
-1.66439962
0.81993765
-0.15136376
0.29716945
0.88016135
0.43299562
-0.11304568
1.14069748
-2.77642989
0.64799458
1.44717228
0.15938896
-0.26029783
0.37628028
0.78878033
-0.17304854
1.54305708
-0.51165348
-0.34066212
-0.30612957
0.60862923
-0.50249648
0.34005296
-0.60619301
0.38716039
0.06677173
-0.34179795
-0.20296209
0.50735712
0.28394002
-0.84114480
-0.15826088
-2.16857100
-1.29898012
-0.30941987
2.42064381
1.00718367
1.09472227
-1.18944812
-0.02208204
1.40855026
2.08066463
-0.05908483
-0.43731210
1.12183642
-0.02434724
-1.26577699
-0.14571014
0.87457919
0.90006495
1.35714650
-1.00445521
-0.59176511
-0.05436170
0.71082807
-0.01679530
-0.87111044
-0.29734167
0.45584810
0.06452248
-0.57637584
-1.21203971
1.93683243
-1.53196561
-0.23080294
-0.33236092
0.27719340
1.78162837
1.07976794
-2.79120135
1.67748165
-1.64270222
0.16842848
-1.02023363
-0.12823370
0.19759005
-0.01633880
-0.67599207
-0.10111747
-1.03290629
-0.20327613
-0.04825945
-1.25819254
0.13682684
0.68152928
0.19503629
-0.48917413
-0.21116056
-0.92931837
-0.86510962
0.13356459
-0.39885810
0.21156421
1.62250638
-0.81411433
-1.99814761
-0.00829632
0.17593789
-0.00692465
-0.51951915
-0.78346133
2.72031856
-1.24789560
-1.37238503
-1.24173141
0.72679305
2.02580976
0.49224985
0.15745652
-0.23126510
-0.07198575
0.70309025
0.16825137
-0.16477488
0.44327936
-0.61170685
1.01054239
2.77467418
-0.07656693
1.84599400
0.42216122
-0.03224399
-0.68377924
2.89350915
0.62548137
0.52424693
-1.05825114
-2.33251500
0.46569383
0.15299810
1.97913742
-0.21934775
0.40930963
0.48639661
-0.10717477
1.04685307
1.75785851
0.55988491
-0.32468581
0.34807545
-1.41446805
0.31726265
0.06380218
-0.95595878
-0.51175678
0.06469440
0.73508018
-0.48360774
-0.32428652
-0.08593044
-0.09561660
0.01998366
1.57251501
0.44341010
0.14790103
0.51396644
-0.05295731
-0.25703087
-0.18002079
-0.33919162
-0.22650579
0.05234747
-0.20151997
-1.99095225
0.07075277
0.24608234
0.42208242
-0.70729315
0.48494995
-0.10159709
-2.43293166
1.25039887
-0.24879603
-2.33189583
1.64067173
0.35758722
0.89533496
-0.06881721
-0.42021066
-0.25147647
-0.51510972
1.52070141
2.02602267
-0.16398296
2.57916307
0.37887892
1.03590322
0.33935896
-0.26493233
-1.02287889
1.50229573
0.15305862
-1.05600441
-0.12376894
-0.04002625
-0.04778082
-0.21543945
-0.97888517
0.10199676
0.00665529
0.32908946
-0.21961983
0.28908741
0.36752987
-0.60133350
3.06913733
0.55872643
-1.65923250
0.84260130
1.86818027
0.11123657
-1.26790237
0.15333459
0.14014316
0.04014053
0.10354542
2.01103282
-0.04841484
0.34180453
0.20085901
-0.03753875
0.16375929
-0.26122054
-0.03045483
0.95695341
0.22298521
0.87107956
0.92850512
-0.26999730
-1.99651849
-0.41842073
-2.68816805
-0.35539418
0.27699822
0.22009757
0.59199369
0.57968968
-0.44188696
0.06870858
-0.46956122
-0.09932235
0.12529428
-0.15629135
-6.51955795
0.20825025
-0.03538220
0.18886818
-0.33675918
1.26702523
0.15804446
0.60095268
0.09044124
0.26310384
0.46432018
1.03473544
0.32571626
-0.26141781
-0.00415209
