384
2.29690576
0.00269154
0.12779552
-1.58104265
-0.71069765
-1.94389915
0.61439395
-1.44924510
-0.29583821
-1.51780152
-0.98373216
-0.14325377
0.40270561
-1.95142615
-2.96632385
1.08681846
0.25868797
0.63989943
2.57762861
-0.07570040
-1.47202969
0.93872035
0.50753421
-0.43199638
-1.58679175
-2.55454063
0.12611447
2.16794634
-0.21587926
0.24241596
-0.53888261
0.61521244
-0.43224761
1.32195938
-0.02237825
-1.96769071
-0.37061679
-0.26415324
-1.98038030
-0.14587174
0.39738524
2.61344552
0.26722839
1.54565787
-2.29004192
2.07943130
0.00267541
-1.97609746
-0.23787338
-1.01793098
0.72628832
0.15202612
1.85913301
3.61868858
0.19293807
0.04489155
0.78979725
0.95390558
1.94550765
0.67197180
0.87584442
-0.87879330
-0.12689185
1.34928334
-1.31206536
-1.59371734
-0.33692807
-0.70323873
0.60607284
-1.06450963
0.56681824
-0.32702333
-1.45198107
-0.52052134
-0.42516041
0.69206738
2.18030930
-0.35540992
-0.93702269
0.36125469
0.84693539
0.22591040
1.84852016
-0.01867966
-1.47694361
-0.87719154
-0.32395548
0.88982481
0.06693232
0.24456251
0.56484860
-0.00521924
-0.66183543
2.33416843
-0.06669083
-0.41038415
1.36764944
0.16420528
-0.47636792
1.27462804
-0.03236573
-0.69832027
1.04625392
-0.89547122
-1.25391865
0.23717286
-0.38538340
0.40679303
0.21147072
-0.39099079
-0.40097898
-1.21443045
0.75945318
-0.27691212
-0.51394248
0.03462952
0.31208476
0.41394848
2.56092358
-0.04499638
-1.08712196
-1.69927526
-0.22081698
-0.51165044
0.28043604
-1.07308698
-0.70811760
0.97913277
-0.33009633
0.64282161
0.55684346
-0.68233502
-0.33972779
-0.08194773
-2.11559868
-0.54622179
1.72521627
-0.19464782
-0.80999678
0.55393201
-0.12493959
-0.61867422
3.05213380
-1.71264791
0.16699257
0.54757571
0.00038740
-0.76586831
0.23974840
0.42154109
0.25372756
0.90978050
0.11710075
-0.14261429
-0.55585134
-0.76945287
-0.97255349
0.24316166
-0.47086525
-0.62080526
-0.08734080
2.39307189
0.01514462
0.59771943
0.29571611
-0.89423633
1.30220008
1.98710346
0.52110362
-1.63648868
0.05119646
1.36820722
0.19802642
-0.47857404
1.11940169
0.72682971
0.68992895
-1.64340734
-1.49394536
-0.22983545
-2.04056096
-0.21996090
-1.65280151
-0.44410378
-0.58272600
-0.93366951
-0.32188314
-1.01133990
1.63871980
-2.11614680
-1.05643606
-0.70879638
-0.09806132
0.13568994
0.83806491
-0.31654975
0.15300184
-2.06234741
-0.01100319
0.55758083
-0.84210253
0.46005678
-0.56485051
-1.30087280
-0.17213826
0.44934922
-0.01288320
-0.15455602
-0.83388495
0.44998285
-0.16271624
0.25935984
0.19868344
-0.71025985
0.20372300
-1.04854059
0.46976778
-0.58963376
-0.11831005
0.00490379
-1.27304590
3.39884973
-0.16598949
-0.01024411
-0.11800323
-1.27618706
-0.87338483
2.74884391
0.44335675
-0.36472154
-2.32832909
-0.13336933
1.80198538
0.38398308
0.63382936
-1.25333142
-0.16277018
1.90094090
-0.44199032
0.25019392
0.20582551
-0.03510338
-0.00985229
-1.17666757
-1.86983192
-0.67213416
-0.06586497
0.89680099
0.16196126
1.85717428
1.08334529
0.11729424
-1.50651705
-0.98315364
-0.17665732
0.20406932
0.60561472
0.43013954
0.29999027
-0.03228766
0.44712976
1.09320116
1.42148554
0.63362169
-0.33049676
0.32025513
0.86734861
0.16441534
-0.22375427
-0.38419369
-0.59687018
-1.06425524
1.41535258
-0.63486320
0.49264199
-0.31109202
0.93013984
0.48754936
1.03525996
-0.22961688
0.36072358
0.63251543
0.94211906
-0.17947824
-1.44772387
-0.11578581
-0.29211727
-0.04160858
-0.25592834
-0.53927207
0.62272865
-0.08182068
1.31138623
-0.41513255
0.12868740
-0.21554309
-1.29918385
0.67615533
-0.83761346
-0.51015550
0.46498337
0.30740780
-0.21794069
-0.01965332
0.31425515
-0.06905179
1.04734588
2.16364002
-1.00799394
-0.24119717
0.90538555
0.24252221
1.65805459
1.36192751
0.37041879
0.49138001
-1.01926255
-0.00156128
0.78405058
-0.36208570
1.62287998
-0.16385269
-0.28814000
1.58551645
-0.46626353
0.90381891
0.82036823
0.05539782
-0.14364117
0.18725473
0.39136791
3.01199579
-0.65714884
0.28215790
1.88760424
1.34537983
-0.60402417
-2.11236620
0.55132258
-2.12500572
0.79762000
-0.87209064
-0.38903660
-0.39692342
1.18489897
0.64635754
-0.67193073
0.01882905
-0.20444244
-0.13036630
-0.08724350
0.38770208
0.04010803
0.99155188
-0.09626973
-0.46846759
-0.74264884
-4.06295204
0.21435261
0.62556708
-0.21778883
2.10593009
-0.55958778
0.89634401
0.39229697
-1.09461915
0.60269076
-0.55716395
-0.83118975
-4.66852379
-0.03485751
-0.42816842
0.98715377
-0.51483881
0.62424666
-0.67828608
0.35807645
0.35387641
-0.96049583
-0.15512884
2.20827246
1.29025126
0.21964212
-0.65261924
