384
-1.85163677
-0.09770365
0.97711313
-0.48918402
-0.18637934
-0.34943390
1.06640553
-0.39217758
0.14737019
-0.90022278
-0.36140913
-0.03178186
-0.03169089
-0.56073207
-2.10409093
1.42987204
-0.94921374
0.35629308
-0.12442362
-0.18668365
-0.26714942
0.42569298
0.29654184
-0.59403801
-3.19480777
-0.38831899
-0.24951354
1.63988447
2.24360132
-0.62154388
-0.07108203
0.23854531
0.07433923
1.05771327
-0.20851074
-1.25101113
-0.24316174
0.03572834
-3.59246302
0.05989423
-0.00059591
1.23728001
0.22430292
1.27135515
-1.21240783
0.52543926
-1.13939881
-0.22217251
0.73628378
-0.81988412
0.47501522
-0.12399554
2.64893031
-0.09768808
0.13403332
0.12866671
0.15360081
0.18780427
2.97977591
0.37924454
0.30046168
-0.03135548
0.12225970
0.68452138
-0.35183883
-1.10128951
0.16837046
-0.54279709
-0.11265409
0.02472536
0.22997370
-0.31795144
-2.49882174
-1.12324679
-0.60667986
2.14447379
1.88827920
-0.74203444
-0.43553215
0.15577261
0.62609941
0.00697787
0.75655127
-0.03549747
-0.54255736
-0.37589365
0.90163881
0.85642242
0.24630459
-0.01840793
-0.08863080
-0.03916274
0.14761497
-0.81614292
0.35685593
-0.31991231
0.44542429
0.32441112
0.02239776
-0.06577375
0.06202318
-0.38646093
4.11126328
-1.14518964
-0.07239020
0.18394914
0.95532763
0.34870780
-0.01809917
-0.05424417
0.98745453
-0.84659195
-0.10027948
0.52100730
-0.25194800
-0.43571955
0.16087148
-0.09602104
2.63967061
0.43758011
-1.38214564
-1.33089590
0.14441000
-0.86236322
-0.39229298
1.30132461
-3.08379626
0.29206842
-0.32062712
0.17417982
0.73252398
0.13291314
-0.13311636
1.28405118
-2.42395926
-0.26248175
1.44099426
0.05974623
-0.48720351
0.38219637
0.54456246
-0.25285736
3.21592331
-0.36404887
-1.53227377
0.41661951
-0.10013032
-0.11074370
0.66895229
-0.30457163
0.39699987
-0.01400177
-0.26074550
-0.19133018
-0.03873019
0.13099891
-0.85689765
-0.24845022
-1.16614246
-1.02749205
-0.21787275
2.58253837
0.69333911
1.11754191
-0.96101511
-0.20330194
1.21234012
1.12452424
-0.89233184
-0.72713673
1.05723453
-0.64260972
-0.44681659
-0.15892403
0.87673903
0.97749293
0.39881241
-2.13593864
-0.54623526
-0.05549149
0.85750437
-0.25018477
-1.85950840
0.10871501
-0.00536990
-0.33857563
-0.82571697
-0.78250837
0.95596021
-1.12794363
0.02004226
-0.56440341
0.25792092
1.53625476
0.76048672
-2.97909808
1.31235945
-1.59750783
0.24958195
0.11576530
0.30426759
-0.24175620
-0.12199896
-0.98707700
0.09959541
-0.49679559
0.17818339
0.34259105
0.43030167
-0.21600991
0.45994288
-0.02400298
0.00052907
0.37700164
-0.17888585
-0.45872092
0.66808969
0.24165404
0.09445215
0.97661716
-0.70165181
-0.21811575
0.26994973
0.31442606
-0.16216728
-0.44688705
-1.54634309
2.99674678
-1.27341640
-1.19757342
-0.32103634
-0.25299275
2.69886541
0.19833592
0.12395817
-0.71688044
1.26412439
1.24966061
-0.29524213
0.23493485
-0.32578942
-0.67771995
0.92783892
2.20930076
-0.01309346
0.04669586
0.24963027
0.20222989
-0.48906729
2.96846557
0.39266625
0.46304944
-2.05334735
-1.80520046
-0.49453369
0.34393805
1.79436731
-1.12527394
-0.03024618
0.29338804
0.07288841
0.93378568
0.42972791
0.49951154
1.26922083
0.44265991
-1.27800035
0.64196682
-0.02155232
-0.71943241
-0.57966578
0.02437648
0.98356825
-0.72461963
-0.14197361
-0.05214933
0.09196275
0.26102129
1.11218023
0.45365188
-0.31091607
0.77200305
-0.06831159
-0.45474714
-0.17942344
-0.46034878
-0.06223151
0.09248939
-0.06003109
-1.55022669
0.21286985
0.34314379
0.41618967
-0.16543087
0.19199759
-0.27679011
-1.63142514
0.74884123
-0.28200471
-2.43655276
1.35021245
0.27346480
0.79903507
0.04058604
-0.94076616
0.20069808
-0.33136317
2.66620398
1.16842282
0.48075628
2.39049077
0.04876862
1.06151152
1.42206788
-0.35653251
-2.19068789
1.19882417
0.40506271
-0.86697257
-0.09145087
-1.14234424
0.17062542
-0.02474577
0.56756055
0.26576525
0.24533808
0.74231917
-0.39903286
0.03968087
0.12286347
-0.76194131
3.13234639
0.08533465
0.78549981
0.46475503
1.59819496
0.22232407
-2.39698291
-0.24552324
-0.72695446
0.40762120
-0.56249714
1.13100088
-0.20864989
0.33546543
0.40826380
-0.21617118
0.62581789
-0.00623467
-0.05210613
0.84190547
0.34267175
0.97867328
1.14051819
1.22920704
-1.47732234
-0.23592219
-2.29070926
-0.15490931
0.07818684
0.10663022
0.44044626
0.24849731
-0.20567071
0.23913024
-1.04235005
0.30138472
-0.04456033
-0.67701960
-6.31924820
0.17886439
-0.09317475
0.79823363
0.00730936
0.74160349
0.12085116
0.24314004
0.20441848
-0.07824236
0.24801590
-0.62168300
0.03069160
-0.08838954
0.15346451
