384
1.25299191
0.44982868
-0.15215743
-1.79786301
-1.43596363
-0.26559186
0.19611773
-2.17736173
-0.59840518
-1.52595341
0.36578441
-0.17210767
0.23983991
-1.61430001
-1.35204577
0.52282751
2.71001506
0.50729352
2.68284702
0.14764842
-2.13947248
0.92765820
0.45553523
-1.14060163
0.18870121
-1.39916742
-0.09635343
2.33116007
-1.50300622
0.03472549
0.26589239
-0.33094192
-0.44508380
0.93495131
0.49918127
-3.22169447
0.08565614
-0.49265319
-0.97583139
0.04922304
-0.22560756
0.90403789
-0.03755876
2.22806406
0.26776811
0.76845038
-0.38228685
0.37923145
-0.64188045
1.75913191
0.71883422
-0.35753527
1.89102328
1.66715074
-0.68837261
0.46891385
-0.01498148
1.10910141
0.62978107
0.53423691
-0.53306383
-0.34465736
-0.47409722
0.80976093
-0.10997762
-1.40616107
0.38955727
-1.16126347
-0.52678746
-0.15326983
1.28760922
-0.68057775
-1.05173004
0.02398878
-1.06298828
2.24571276
1.51882029
0.37730330
1.29544806
-0.45827585
1.79743063
0.42107111
-0.53154159
0.15455002
-1.00815034
0.54177094
-0.81616431
0.49682969
0.40361461
-0.12692788
0.69259769
0.16076168
0.44286066
1.95991564
-0.35459527
-0.28080365
0.57360947
0.23856401
-0.61911631
-0.02711501
0.20919782
-0.11984250
0.16121209
-0.96256846
-2.79930592
-0.49207711
-0.79044974
0.56189436
-0.31448761
0.30876258
-0.62590259
-1.37528265
0.36099574
-0.17812213
0.76645124
0.05808237
-0.71091157
-0.20129532
1.17757797
0.56320357
-1.63806319
-3.13090181
1.47655082
0.65724146
1.22242177
-1.13479483
0.00666797
0.08269760
0.22729720
1.43704307
-0.11398068
0.09586384
-0.69051296
0.07257980
-2.11926556
0.42106879
1.74162221
-0.13150133
-1.04172468
-1.48279262
-0.19190623
-0.52479333
-0.10330987
0.09825899
0.20999205
0.04160579
-0.94525838
-0.10113288
1.12497962
-0.87343699
0.35172248
0.21611364
-0.38257521
-0.03580397
0.28652567
-1.10501754
0.70909894
1.25981545
0.12416142
0.58317411
0.22437918
-2.74614048
1.98173261
-0.27938250
0.30395764
0.22567189
1.86740053
-0.50892580
0.22429478
-0.53098845
0.96716207
-0.48200905
1.21255898
-0.14275593
0.73176599
0.71456015
0.36886066
1.09779203
-0.49757659
0.01584368
-2.85977459
-0.45224053
-0.98385960
0.19219190
-0.48874903
-0.59794670
-0.73199010
0.58791983
0.82436192
-2.24762392
-0.56487817
0.19640234
-1.07504582
-0.57316327
-0.15857734
1.91614902
0.96094179
-0.98678088
-0.13478974
-0.06332044
-1.02489805
0.40344471
0.24484150
-0.47432324
-0.14499158
0.45767269
-0.12464395
-0.15935357
-3.03518534
-0.15255062
-1.31936049
0.05166901
0.25253198
0.19754966
-0.94631559
-0.18487495
-0.37648484
0.33558911
0.13598634
0.61587584
0.57392687
0.57373899
0.62149715
0.04198048
-0.99163175
0.11863250
-0.14969587
1.26315820
-0.17077374
-1.03180385
0.14517453
-0.20177548
1.92698240
-0.02558567
-1.00748086
0.55465066
-0.84401369
0.69918543
-0.08222914
-0.32700655
0.55830389
0.21140303
-0.63565588
-2.13369656
0.75304198
-1.19919288
-0.03705444
0.08945855
-0.88245070
2.13470817
0.63013941
-0.21773455
-0.31910589
-2.78126049
-0.00426453
0.51919609
0.15534717
0.46893156
-0.25607702
-0.27413100
-0.14668630
0.08276916
1.23603439
0.10852792
-0.43008634
-0.00481401
-0.56915647
0.08507872
-0.08735774
-1.53016734
0.10467258
-0.20759439
0.07246900
-0.39875102
-0.55902249
0.80871350
0.69269836
-0.54779792
-0.11696380
-0.29738402
-0.71393788
0.08841660
-1.04143357
0.30445671
0.02678818
-0.16341262
-0.87737012
-0.15436681
-0.04621701
-1.17619801
0.98202336
-0.49726945
0.46933389
-0.32718125
-0.40925926
-0.11203316
0.13156193
0.23337054
-0.51903576
0.24675593
1.50824821
0.46890739
-0.96360892
-0.05217412
0.07210652
-0.31219935
0.78511244
0.41208249
0.53973842
-0.66669464
-0.03174722
-0.23096365
1.32823122
0.14869294
0.40672758
0.77107894
-0.50664723
0.03871783
1.99447274
-0.03615662
1.77684355
-0.09099133
0.12228497
0.43771979
0.33251125
1.37784815
0.49387375
-0.01145816
0.28471422
0.47718444
-0.22173023
3.54621887
-0.20542842
1.81712604
0.75360322
0.67869407
0.12319621
-3.39896059
-0.12959260
-2.07011247
-0.25387889
-0.22670521
1.05987728
-0.22136073
0.58954149
1.01899648
-0.27567601
-0.27671760
-0.70190859
-0.25053519
1.62685859
0.34838423
0.23066652
1.54183435
0.98978770
-0.94048154
0.29095325
-2.34152031
0.75561714
0.11227839
-0.62974471
0.07227931
0.09451687
1.58449745
-0.53713018
-1.18047202
0.76542491
-0.67436028
-0.14980534
-2.55947971
0.30859226
-0.00681121
0.15994684
-0.22109580
0.26361495
-0.09565020
0.01825082
-0.50056309
-2.06513906
-0.40553510
-0.47655028
0.00329864
-0.70280296
0.81577605
