384
-0.03284615
-0.03619644
1.85633254
-1.39384770
0.04523391
-0.72613841
0.34356141
-0.40889436
0.51578039
-2.78169918
0.05115120
0.21875381
0.04985981
-1.24798155
-2.70044923
0.91284633
-2.01529098
-0.05196591
1.35991001
-0.23072994
-0.43168044
0.28862372
0.02138405
-0.50461352
-0.33478177
1.23030257
-0.42123061
2.94310474
-0.40237215
-0.63840085
-0.02867821
-0.01634738
0.42150792
2.35952711
0.13553482
-1.58370411
0.02490899
-0.16456564
-2.75464916
0.68984145
-0.26355970
-0.99517000
0.04745033
2.37812090
-0.08031362
-0.70104903
-0.74555099
0.35869107
2.25586152
1.22264719
-0.57386249
-0.48132035
2.60852075
-0.33923721
0.17300826
0.30504894
0.16780157
-0.17905191
0.62885022
0.83312762
-1.14586759
0.27987719
0.05733161
0.64801478
0.20277360
-1.33968925
0.26962191
0.42195624
-0.27648699
0.41716722
1.23125744
-0.20388296
-1.50070012
-0.83099616
-0.17904124
-2.37707210
1.07763135
-1.35840583
-1.12790811
-0.19785993
1.40623927
0.20258144
0.13497828
0.24618722
-0.90698773
-0.17203638
-0.39046615
0.55509543
0.12466591
0.26408783
0.13988887
0.01917636
-0.33651105
-0.79436588
-0.02788626
-0.19978416
0.29028100
0.20250666
-0.64759839
0.07212939
0.44213092
0.83954608
0.64229244
-0.21742120
-2.09223008
0.50540066
1.37125790
0.51982665
-0.43450058
-0.11750045
0.81473911
-1.07335758
-0.18774755
0.45990679
-0.19751772
0.53022724
0.78617668
-0.14290062
2.76984501
1.38934577
-1.24436462
-3.18141007
0.90742791
1.28633618
0.07560581
0.96095836
0.18520218
0.61993623
-0.07784692
0.82868999
0.21939395
0.48581856
0.08336012
-0.14853013
-2.00102568
1.06348717
1.94067049
0.31083289
-0.50299329
-0.87293339
0.60986555
0.78133339
0.11092371
-0.31204492
0.73353243
0.22305863
0.54865026
1.37664688
0.37407237
-0.84333599
0.74845368
0.29857019
-0.03525407
0.24089772
0.17030558
-1.15212917
0.05920110
0.62147999
-1.63043547
-1.05923152
0.12307774
-0.23970520
1.57166934
-0.24070597
0.22511551
-0.10301049
2.21110988
1.45231199
1.91156101
-0.16711575
0.37545478
0.08508768
-0.17537177
-0.37645453
0.16741884
0.20871794
1.63251770
2.19317794
-0.09625587
0.02422647
-1.86849499
0.00651718
-0.42931175
-0.29246211
0.54512894
-0.63212627
-0.50442702
-0.07332498
1.72063768
-1.11784923
0.40398529
-0.01882282
-0.00604165
1.09304142
0.37421867
1.42616212
-0.01044905
-1.42773867
0.03981158
-1.50928283
0.02235660
0.49991125
-0.02566680
-0.26805499
-0.00121219
-0.42560670
0.06339802
-0.18388778
-0.08515948
0.36652255
1.22950983
-0.28466791
-0.64655954
0.18796171
-0.36965853
-0.33753800
0.22547334
-0.20064706
0.13281435
1.40033519
-0.68064314
-0.49996987
0.35911071
-0.07134005
0.17752051
-0.23326567
-1.07162297
3.02125430
1.46317983
-1.41307080
0.19843903
0.48347688
1.31429827
0.39250058
-1.17786026
-0.95373237
-0.08500457
1.38136327
0.25850165
-0.00284463
1.47202623
-0.98478240
0.17967342
-4.44367075
1.51198065
0.41477105
0.30926061
0.17371936
-1.63046157
1.74017799
0.80470622
0.08830664
0.26720113
-2.83804131
0.08924748
-0.25981754
0.84154421
0.41660279
-0.24175616
0.43992037
0.06018799
0.12983882
2.13794446
0.60098976
1.09924769
0.22783098
-0.34613192
0.30985177
0.17389035
-1.30517888
0.55627555
0.09677105
-0.11800873
-0.36760527
-0.39423925
0.02350259
0.47087353
-0.06138335
0.86762512
0.47021317
-0.07955043
0.36053437
0.28904587
1.04829979
0.36928678
-0.02630232
-0.35921019
0.09550258
0.07209742
-1.83599830
0.47473627
0.00844003
0.07746111
-0.51959711
-0.17289628
0.16744861
-2.11053586
0.13800097
-0.13090709
0.00686538
0.82973647
0.07328680
0.86939126
-0.16100430
0.54163724
-1.05966449
-0.10172708
0.75275272
1.36799240
-1.12785077
1.17854214
-0.07688367
0.65237910
-1.17501307
0.09391198
0.38538536
0.80013746
-0.38040379
-1.06411886
0.08300257
0.77593940
-0.22604963
-0.10867915
-0.31678557
0.28798804
-0.34219792
0.91458517
-0.62569690
0.27773419
0.85731244
-1.24100304
3.54887390
0.18965748
-1.41845572
0.46768984
0.45889449
0.25351644
-3.06608486
0.24184257
2.14421368
0.22489880
-0.29759887
2.91686869
-0.02178107
0.09111917
0.71216148
-0.09693547
-0.02213679
-0.13039353
-0.22770604
1.82545710
-0.08437645
1.82236600
0.99936926
0.56248146
-1.18314219
0.03286199
-1.66645992
0.47402963
-0.03769611
-0.31772152
-1.50313962
0.28142834
-0.32188722
-0.32725117
-1.34781861
-0.55484354
0.02517557
-0.51114219
-6.53034067
-0.11213753
0.08707785
0.06963538
0.21608570
1.10192680
0.18781975
0.36505106
-0.21029009
0.51096964
-0.22327720
-0.38620412
-0.46738401
0.04146551
0.49128479
