384
0.00807368
-0.08297557
1.76034474
-0.70156336
-0.03777209
-0.66651064
0.28701952
-0.18743229
1.09686542
-2.33926344
-0.10279115
0.12699839
-0.01353559
-1.08220387
-2.15282845
1.40881789
-2.69888473
0.01426721
1.20445859
-0.18027043
-0.27918932
0.67808640
0.10685751
-0.98393106
-1.31882012
0.16961291
-0.33943647
2.62715220
-0.73022616
-0.85500848
0.10946617
-0.08752294
0.20625386
2.78355360
-0.13230222
-1.76394653
0.01720756
-0.06541102
-4.62506580
0.17612252
-0.07460961
-0.85681307
0.07303689
1.41449738
0.42740500
-0.14627054
-1.32187557
0.45062310
1.90017188
0.45508468
-0.36749020
-0.44964159
2.26449847
0.01483035
0.23186737
0.51601511
0.11713445
-0.02211490
1.18967164
0.69266039
-0.64247322
0.35901886
-0.16491194
0.74886876
-0.08709377
-1.20990479
0.10711409
0.62021542
-0.17971203
0.29855642
2.01631308
-0.12688209
-1.73295355
-1.10870242
0.46341562
0.01864159
0.89006132
-1.71260977
-0.57672489
-0.21492010
1.66649389
0.18442565
-0.24967816
0.24311757
-1.05517149
-0.01925654
-0.42946464
0.46568647
0.18794733
0.52053356
-0.06369351
0.15204424
-0.36540008
-0.33071861
0.10538426
-0.37409401
0.32662129
0.35351014
0.00842917
0.76857334
0.28727362
0.80021572
2.18648386
-1.66569698
-2.17816329
0.47859794
0.96095896
0.65329868
-0.42929152
0.17672361
0.95449615
-0.68192428
-0.18860258
0.41515660
0.22936310
0.65225643
0.52446401
-0.34176582
2.93559647
1.09288132
-1.10184765
-2.24971175
0.24208310
0.24031085
-0.02656710
0.92118925
-0.84513491
0.40967184
-0.11184642
0.58728385
0.72355032
0.64951819
0.14921302
0.58483595
-2.37371659
0.63905656
2.41036534
0.42026860
-0.54957050
-0.72663593
0.85523558
0.47033411
0.14436477
-0.53094578
-0.02356340
0.28053492
0.51821345
1.20989799
0.05628031
-1.03460097
0.76878047
0.08134240
0.02556168
0.41789755
-0.22993082
-1.15764976
0.06890087
0.85740876
-1.44470644
-0.89204502
-0.03393061
-0.53405404
1.01734078
0.65842038
0.35259247
-0.22778228
1.53441226
0.81130612
1.87095034
-0.03582519
0.59154576
-0.29887611
-0.80459380
-0.39837682
0.44466320
0.45691162
0.39047262
1.77696693
-0.59184623
-0.05788549
-1.72164619
0.00304912
-0.81782669
-0.26602834
-0.05842453
-0.79707086
-0.59702158
-0.21660128
1.56700349
-0.31456411
0.19100949
-0.06657157
-0.29034585
1.17676890
0.41843331
1.10483253
0.57089531
-1.09607315
-0.00191385
-1.98863387
0.39614451
0.33801842
-0.02806529
-0.27826214
-0.07841913
-0.25578168
0.13218892
-0.46190202
-0.57564336
0.46188542
1.61807096
-0.34536025
-0.77532017
0.16253416
0.24922916
-0.11422679
0.46984619
-0.40685180
0.32634401
1.36212063
-0.34502074
0.40929073
0.29354611
-0.06296488
0.04544777
-0.08740695
-1.27976024
2.77910471
0.99625880
-1.91588771
-0.37444049
0.49391979
1.42995834
0.36772221
-0.38280037
-0.93637645
0.96677577
1.41644216
0.24416251
0.34845984
1.34855771
-0.50929976
0.48382083
-3.80631113
0.91241556
0.02141997
0.42120275
0.25825652
-1.51710880
1.43694329
0.59212613
0.13555622
-0.34764361
-2.79445434
0.06219691
-0.64764643
1.08132803
0.46657902
-0.09151114
0.40257359
0.14584813
0.22437406
1.27877486
0.60732865
1.44852400
0.17832631
-0.30227548
0.37932068
0.30616850
-0.61484545
0.43414962
0.14510489
0.21645269
-0.21682574
-0.30059102
-0.32731831
0.54157466
0.02853413
0.39403188
0.39610445
0.21647120
0.34343195
0.26388597
1.06241786
0.56975383
-0.02697285
-0.00870970
0.32088938
0.05149437
-2.78017807
0.25575775
0.05879530
0.24810153
-0.65930653
-0.39043611
0.12252743
-2.28902769
0.32488734
-0.11756314
-0.74760568
1.08058095
-0.12873644
1.00455213
-0.35137367
0.43132657
-0.58980459
0.17770252
0.74221647
1.16028714
-0.73446524
1.11769831
-0.25595650
0.45075449
-0.21272585
-0.05919130
0.67106438
0.49200231
-0.31533065
-0.86771834
0.11553933
0.03226054
-0.06787945
-0.15818754
-0.28489500
0.09875479
-0.44542232
0.96553284
-0.62564731
0.16525191
0.76244754
-1.19236600
3.28757548
0.35148942
-1.50893378
0.41008303
0.87729973
0.15189853
-3.24559450
0.16110562
2.26420617
0.11977212
-0.27272040
3.58923602
0.09188849
0.44116029
1.00225055
0.16773744
0.38539311
-0.28101188
-0.40490940
1.79613614
-0.02496120
2.38835454
0.90761697
-0.05353075
-0.91832989
-0.09677368
-1.64105773
0.49058101
-0.02234453
-0.31879616
-1.06331742
0.32956642
-0.41278309
-0.39617413
-1.35343802
-0.75441438
-0.37224853
-0.51897699
-6.41303492
-0.21137193
0.06512802
0.47522342
-0.24314648
1.00510311
0.13283886
0.20700201
-0.07507962
0.23306902
-0.37157717
-0.18809611
-0.33104798
-0.13769254
0.47534126
