384
2.58314705
-0.59382588
-0.18994224
-1.58121252
-0.52974904
-2.74890614
0.45587322
-1.06848180
-1.32454824
-2.76105475
0.00106600
0.42225057
-0.88248652
-1.53475738
-2.98607111
0.49739134
0.48302564
-0.44870955
1.53952026
-0.25278807
-1.36739135
-0.27964622
0.55409718
-0.14939374
-0.31834489
-1.61195517
-0.20790172
2.73573041
-0.16627240
-0.70378327
-0.79427201
-0.42532247
0.02043797
0.59871238
-0.06008876
-2.24963069
-0.13735285
-0.63068187
-1.58817005
0.72136194
-0.65221715
2.58316731
0.15317604
2.41087461
2.08989048
1.03404510
0.70196503
0.50655764
0.29103807
1.83019900
0.69828779
0.00256550
2.21771216
2.95459223
-0.29604372
-0.61186886
-0.49167803
2.42854738
2.10256433
0.97785980
0.29686496
-0.28491876
0.51174355
1.11873806
-1.49027300
-1.28837252
-0.11960390
0.60127652
-0.79323089
-0.24037869
2.02130985
-1.06557572
-0.33965981
-1.11518586
-2.05595398
1.16977906
0.65500396
-0.03323340
0.56121361
0.33879921
1.57358742
0.46217540
-1.87380528
-0.07237044
-0.92815036
0.07958671
-0.24032925
0.29784894
0.07266372
0.36431542
1.35724008
1.39093029
0.89256477
1.58533299
-0.44577432
-0.99821150
2.01252842
-1.04382944
-0.74105406
0.63993281
0.04919195
0.05741528
-1.35907507
-2.45968413
-1.64295971
0.12008925
0.29779243
0.46920794
0.85936552
0.58142245
-1.01900828
-0.84110415
-0.17091417
0.16859031
0.79969490
0.19133693
0.07555401
0.54098475
1.69870222
0.00638133
-2.06960177
-2.43762469
0.13098995
-0.84080660
-0.11208510
-1.76633060
0.12244171
1.19250774
0.35624790
0.29575145
-0.20334439
-0.34030470
-0.73330098
-0.48907882
-1.61265063
0.34505829
0.61782414
-0.51939404
0.38598669
-0.26603159
-0.23276868
-0.16645411
2.70607185
-1.14417601
0.93775082
1.23962569
-1.65339768
-0.01868159
0.04370508
-0.64400566
0.53477466
-0.36569697
1.04097676
-0.59562373
0.76550138
-1.02252066
0.63413161
1.40703773
0.58070385
0.05822164
-0.43966085
-0.97723079
1.38103449
-0.15126342
-0.15420058
-0.67856777
-0.77449596
0.06187734
0.86561215
-0.68556380
-0.98728496
-0.23105387
1.82571459
-1.00460553
-0.22789359
0.88252449
0.98895031
-0.27423382
0.32057425
-0.21454029
-3.16065741
-1.14362049
-1.89487410
-0.64097232
-0.61512280
-0.27541226
0.63874465
1.22718334
0.29838711
-1.98764133
-0.36039990
-1.02093959
-0.37848395
-0.60562932
0.17997280
1.73835266
1.23020387
-1.24304175
0.27247283
0.44301569
-0.06791387
0.29298154
0.13710999
-1.75904262
0.39577711
0.33082560
-0.05301340
0.97969258
-0.51058006
1.26467800
-0.90424395
-0.08014790
1.84615159
0.28553396
-1.00719047
0.57141733
-0.19737822
0.74575067
-0.03535986
1.29935002
-0.35689211
2.64761090
0.89321661
-0.98469400
0.56490707
-1.23022735
-1.24225736
0.57365876
0.32090315
-1.85417807
0.41891479
-1.10944474
2.03571796
1.71962130
-0.78377438
-1.13034201
0.68318427
0.41403678
-0.55444187
-0.77662581
-0.79243720
0.69558543
0.78986192
-4.04964161
1.86573267
-2.16584039
-1.31778812
-0.27098072
-0.62658012
0.19770181
0.65967995
0.66617382
-0.51500541
-1.17010498
0.11089736
-0.74536389
0.19731629
-0.33935833
0.08658485
0.44710261
-0.83178538
1.26182318
0.93298787
-0.34023446
1.10451913
0.38183594
0.37927604
-0.22999251
-0.92856443
-0.74223125
-1.58983088
-0.32479733
0.49695477
0.45198131
-1.19061375
0.40218955
0.23516256
0.09924941
0.85347933
0.03742313
0.12675285
0.75896597
-0.82279336
-0.84152943
-1.26281369
0.58564276
-1.00580478
-0.03369184
-0.30884936
-1.10118604
0.63225079
-0.01887286
1.22656679
-0.49413610
-1.50385094
-0.28151399
-0.30638865
0.02817929
-0.77379268
1.00203848
0.34189302
1.01677799
-0.23381573
0.06329860
-0.25657550
-0.11176726
-0.72293103
1.66909957
-1.11460876
-1.66688013
-0.62460822
-0.48172736
2.20419979
-0.38273123
0.41224444
-0.90511656
-1.36300707
-0.22695833
1.84978271
-0.71365643
1.13140440
1.54817009
1.14180803
0.72766072
-1.33535159
0.02354911
0.55449253
0.62944031
0.29131398
0.38494435
-0.73342222
3.87959051
-0.74754727
2.26619029
1.30709600
-0.11741000
-0.05476385
-2.97201395
1.59803975
-1.83539152
-1.32329834
0.76964206
-0.43298757
-0.21468402
-0.14493629
0.24189180
-0.62979329
-0.08699620
-0.38333392
0.09548241
2.26565146
0.14597026
0.43216532
0.49389058
1.75487447
-1.06940246
-0.27391014
-1.49256790
0.53626192
0.35542607
-0.11788639
1.17033553
-1.74287868
1.22982168
0.49338987
-3.09811735
0.13294467
0.40184030
-0.82384491
-0.34838542
-0.43582666
0.23282906
-0.25509205
0.28703594
0.53049833
-0.79421091
0.39941299
0.56209993
-0.42000246
0.17033628
-1.43918657
-0.06461871
-0.97093403
0.10026555
