384
0.54710954
0.25251260
0.19753549
-1.97986937
-0.65593076
-1.21719766
0.37618685
-2.57767200
-0.48450404
-2.18579006
-0.96627772
0.37036800
0.08867444
-1.30489218
-2.65420055
0.50744498
-0.49684882
-0.13965541
0.32635558
0.20583194
-1.17292607
0.29824969
0.14898530
-0.84273821
-0.31805000
-2.20811081
-0.59267694
1.86443996
-0.13028109
-0.12639305
0.17234305
0.01681191
0.28692785
2.67976451
0.18094525
-1.82644379
0.84206897
0.34198797
-5.47773552
0.99424428
0.08875470
1.98499167
-0.41388971
2.99634671
2.15777135
2.07251763
1.70386839
-0.54809046
-0.98526669
1.59398425
-0.06129834
0.18693268
0.83363271
4.22128916
0.16980422
-0.24565512
-0.55776995
0.88785207
1.35153329
1.01815379
0.07586920
0.55217010
-0.33625776
-0.08072908
0.65169275
-1.72876072
0.18273371
0.37847129
-0.47399473
0.52699399
1.68048966
-0.45908737
-1.37603617
-0.58378971
1.20576119
1.49302852
2.77067685
-0.20519003
0.57505763
0.81571096
2.69846964
-0.26240942
-2.28206611
0.77915603
-1.22136331
0.33185902
-0.16977011
-0.11180216
-0.06027447
-0.60318494
0.75411093
0.68283945
0.07560420
0.51693815
-0.82467198
-0.77080852
0.85933530
0.54565185
0.24436045
0.28529263
0.42577434
0.15610811
0.28685951
-0.31968671
-2.01522851
0.13657708
-1.27902985
-0.31677932
-0.36510059
0.87991416
0.31130961
-1.42875314
-0.04271853
0.23134297
0.65597367
-0.20376015
0.00060620
-0.74938625
1.61565447
-0.55480218
-1.77394295
-1.56513667
0.20747097
-1.58140433
0.84594268
-1.44497395
-1.07616770
-0.29654849
-0.26588431
0.59454358
0.63021904
-0.31070504
-1.01925755
0.12756540
-0.96363425
-0.08035049
0.91617256
-0.11776735
0.04965604
0.12504980
0.99905854
-0.34305811
2.57806158
-0.52933514
-0.15496862
0.89940709
-0.35382330
-0.31553185
1.61049783
-0.62691641
0.31819266
0.12814312
-0.31776166
0.50050837
-0.24577297
-0.54256582
0.03751825
-0.55786514
0.58842683
-0.07240915
-0.37464112
-2.17508864
0.52272111
-0.12301967
0.90068245
0.97941232
1.23192620
1.06336510
0.39792877
-1.77037835
0.61395329
-0.12268288
1.40865302
-1.00218117
0.19325976
1.34447443
1.25692296
-1.46190357
0.33652416
0.49118876
-1.21531570
0.17352988
-2.28323221
-0.19150642
-0.60862088
-0.08307207
-0.00682142
0.16343206
1.32326615
-1.67354524
-0.00852831
-0.21751125
-0.41741648
-0.10977608
0.36497283
0.78148592
0.21756136
-1.40164733
-0.22157469
0.05215704
0.40885454
0.13912848
0.63728589
-1.50478339
-0.79267704
-0.05442703
0.69925880
0.65778911
0.13304567
-0.42073071
-0.02835029
0.07613647
1.03301322
-0.28019375
-0.85854900
-0.52177167
0.61998522
-0.06425400
-0.73021823
1.14778793
0.32312354
2.38878727
0.82237935
-0.65937674
-0.33164892
-0.72864109
-1.64979255
0.73160326
0.20826238
-2.09957075
0.56322569
-0.43811098
2.06189489
-0.89932328
-0.16793084
-0.15385723
0.11744118
0.20575394
0.37760153
-0.14039296
-0.63436782
-0.16417985
-0.39747164
-2.89323878
1.01954436
-1.84130669
0.08252920
-0.37970489
-0.31107914
0.94261855
0.42481279
0.00148015
-0.45079547
-2.61497164
-0.38409737
-0.84561849
0.98526156
-1.00321674
-0.35364911
0.63972306
0.54531425
0.07209121
0.25836402
0.85796410
0.59367520
0.28429785
0.43707600
0.08968964
-0.69569886
-1.65813732
-1.87603307
-0.45752835
1.12211847
-0.38824636
-0.79910511
0.03911254
-0.78140712
-0.22587946
-0.10776421
0.33030909
-0.14160925
-0.34183654
-0.51917839
-0.33008590
0.18891713
0.00886753
-0.90245605
-0.41815987
-0.50453550
-1.31111109
0.32055542
-0.36186361
0.75519758
0.33402738
0.19383641
-0.77256906
-0.06049356
0.45189852
-0.18746606
-0.70115137
1.46178746
0.52285993
-0.33593404
-0.06690973
-0.29331088
-0.48016894
-0.26196107
0.82349908
0.41470319
-0.21735722
0.35826597
-0.23594981
1.05962682
2.00940228
0.46487275
-0.41664645
-0.86285907
0.28736785
2.90527105
0.30867514
-0.25641233
-0.35088211
0.40091112
-0.14112718
-0.37018460
-0.47588193
0.67699671
-0.50538903
-0.71495748
0.52812159
-0.17728414
3.49163246
-0.02976418
2.54502916
0.08106136
0.04091364
-0.36148480
-2.72742629
-0.50902611
-1.28547049
0.51752925
0.12157097
-0.83088428
0.01951440
0.85975671
0.25997955
0.12919086
-0.24915041
-0.83945662
-0.40216777
0.60810637
0.81372130
0.92215437
0.22101250
0.97001100
-1.25825262
-0.74847651
-0.65105319
0.56329829
-0.01456056
0.14443362
-0.03843541
-0.63212180
0.95334250
0.58456802
-1.42064548
-0.36620992
-0.25553468
-0.61295658
-0.24862897
0.31882775
-0.22523242
1.10079634
-0.36835802
1.09204972
0.28828669
0.23011598
0.39794004
-0.68132329
0.21929254
-1.39097810
-0.02409025
-1.28382468
0.37775040
