384
-0.17997144
-0.15246224
1.51845944
-1.27288151
-0.67397147
-0.43393907
0.61137724
-1.13155675
-0.62983954
-0.86569357
0.10486384
0.23631200
-0.53799832
-1.79668045
-3.45228767
0.96498430
0.45979676
-0.06878515
1.29333305
0.09223877
-0.22365293
-0.57374984
-0.22439638
0.42570537
0.92701662
2.00384212
-0.06927222
2.69550729
1.27256823
0.18991958
-0.22607380
0.07417447
0.44750947
-1.00564837
0.20099062
-2.05428743
-0.00243253
-0.45818284
1.13314259
0.57320142
-0.27384409
0.49602485
0.29546261
1.95032275
-0.41483152
-1.22118187
-0.98414856
0.43286562
0.43329674
1.53697848
-0.38899261
-0.20767874
3.30448174
1.33527863
0.25474942
-0.04321671
0.07790958
-0.09013203
1.35682940
0.99982285
0.91112053
0.02051110
-0.05103262
0.34393510
0.21763042
-1.47341609
0.19509202
-0.27879450
-0.49521893
-0.03627258
0.18552732
-0.15588552
-0.76754582
-0.09968318
-1.72996831
2.64920378
1.48535717
0.24453419
-0.74062186
0.01805080
1.09431899
0.62232232
0.29092738
-0.06596819
-1.23503423
-0.15310541
-0.01121737
0.90415126
0.20306727
-0.06642664
0.10720654
0.06353223
-0.14438099
1.16614056
-0.07835612
-0.32316342
0.56899476
-0.07958409
-0.76498008
-1.33858860
0.53305054
0.73647916
0.55195487
-0.22896156
-3.12569737
0.31060037
-0.49463329
0.01540248
-0.44813496
-0.86558235
-0.04100579
-1.07825720
-0.30718261
0.74294007
-0.64679468
-0.00499425
0.44742566
-0.01727585
1.98331594
0.63339818
-1.76797009
-3.21827292
0.89228147
1.29854345
0.61333251
0.39624536
-0.27061933
0.47749823
0.09273979
0.75401831
0.27241454
0.25615978
-0.11640984
-0.40336525
-2.42445874
1.06798160
1.99212277
0.17972571
-0.06805885
-0.55344152
-0.22370532
0.65135854
-0.52212942
0.05324301
1.04253983
0.67551130
0.58443636
1.03227150
0.72140908
-0.26547232
0.33208701
0.18338183
-0.02613144
-0.27201870
0.33734488
-0.53202575
-0.00805287
0.92051423
-0.45094737
-1.07164240
0.01808316
-1.21605122
1.74585962
-1.50034940
-0.83328414
0.21438399
0.75813007
1.53519106
1.19362140
-0.60042143
1.62274265
0.34233674
-0.58841133
-0.24024172
-0.18933690
0.14009017
-0.31896460
1.53403866
1.45693839
-0.00780724
-2.52903748
-0.14326395
-0.61972106
-0.06283730
0.59443665
0.62307376
-0.32073534
-0.61560839
1.98500335
-2.25042248
0.27244091
-0.01081488
0.33494335
0.76066536
0.17205101
1.80021787
0.92974025
-1.68806946
0.28032494
-0.69029421
-0.29474926
0.29442352
-0.06189592
-1.60758698
-0.12302347
-0.35703182
0.04085939
0.36776227
-2.74006653
0.15670913
0.01496458
-0.13591588
-0.10240494
0.18815443
-1.57208300
-0.85230863
-0.31139067
0.46655023
-0.28149712
1.49223375
-1.21707416
-3.60424232
-0.13918799
0.12662481
0.18336019
-0.23451318
-0.00309670
3.49079847
0.03900473
-0.51428032
0.22168207
-0.16491757
2.01915336
0.52219510
-1.21505880
-1.05043614
-0.18988642
1.01027727
0.04608572
-0.19730610
1.18884647
-0.59089249
0.66363525
-2.19703531
1.69850838
0.72496712
0.03208143
-0.19384624
-1.81341934
3.73621750
1.35592580
0.37910703
-0.89395607
-1.20969796
-0.46912217
-0.13749868
1.27738416
-0.90120840
-0.15729836
0.17747922
0.03568878
1.14989591
2.43837547
0.42857596
-0.66408849
0.08195022
-1.53661990
0.18117100
-0.13792714
-0.85030276
0.37014741
0.10473117
0.11036134
-0.97598082
-0.47734165
0.38112047
0.24059197
0.14954135
1.57349265
0.30236259
-0.62506598
0.68366528
0.14438456
0.19428150
0.00999547
-0.06432174
-0.71372509
-0.01529426
0.06298512
-1.96255875
0.02299595
0.28409180
-0.32992890
-0.47787496
0.76756340
0.56176972
-1.87792814
-0.16884255
-0.03179662
-1.06592119
0.80385256
0.51511586
-0.01195711
0.29924262
0.15621053
0.25205931
-0.15874884
1.23332512
0.72822940
-0.34514314
1.73315048
-0.10706918
0.17794068
-0.83177400
0.38149959
-0.46847469
0.07639106
-0.30474335
1.37083530
0.11704992
2.97231245
0.07991193
-0.00676221
0.16262200
0.35871929
0.40432456
0.94151616
-0.17158106
-0.16665167
0.65541840
-0.39813101
3.95198870
0.16913603
-0.49233443
-0.08276279
0.05543709
0.03562208
-2.27961397
-0.09814329
0.82549238
0.03477954
0.69478387
0.95498347
-0.13225159
-0.53981650
0.67392570
-0.21420437
-0.67922378
0.26515490
0.02290626
1.37614012
-0.09945818
0.41382408
1.23294616
1.27177858
-1.13613617
0.08429285
-2.32522297
-0.10683781
0.31048778
-0.25607768
-1.98160946
0.18095696
1.26287365
0.47085443
-1.95934558
-0.07776287
0.15363340
-0.23187096
-6.57465982
0.34568059
0.13033386
-1.39138079
0.73511124
0.95749032
0.54797262
0.60386854
0.02257044
0.96214449
-0.07841117
-1.82917750
-0.05368590
0.21119203
0.23842740
