384
0.86879158
-0.22808364
1.41192186
-0.48107064
-0.45943546
-1.20935965
0.31954738
0.43308729
0.05760335
-1.47053266
0.12360466
0.13409743
-0.24366030
-2.27827978
-2.96116066
1.14418745
-1.94017458
-0.10403953
0.85771751
-0.32636338
-0.17809764
0.10149449
0.04567863
0.03494579
0.69484019
0.99630594
-0.68049157
3.40701556
-0.20246828
0.14552847
-0.15343934
0.18091211
0.47898212
-1.45714808
-0.27904969
-1.66917324
-0.14037788
-0.28577471
-1.17645073
0.09959540
-0.40685350
-0.19969177
0.16387829
1.38002634
-0.00747220
-0.33058593
-1.36504805
1.37971246
1.68802834
0.25107312
-0.31542912
-0.71523440
2.45574236
2.65398908
0.28202805
0.07728752
0.13505347
0.62605453
1.44563091
0.87735391
-0.01508565
0.31319591
0.03027387
0.65384907
0.01364758
-0.57989490
-0.24004799
-0.11230811
-0.17309712
0.07069215
1.49168229
-0.32348171
-0.69417036
-0.91549611
-1.96626163
0.84732085
-0.62547767
-0.69636935
-1.64525008
-0.12148687
0.58537406
-0.22711994
-0.06509408
0.22463511
-1.74582648
0.38493961
-0.28769350
0.57450700
0.25303072
0.47863984
0.32210854
-0.10892954
-0.35861576
1.54417777
-0.05682501
0.04033047
0.26734716
-0.06399979
-1.03384185
0.10055964
0.30537856
1.05030906
0.15474856
-2.50781202
-1.17086506
0.08936551
0.43065006
0.48219663
-0.48044586
-0.81986684
0.30608630
-1.11410356
-0.44706902
0.75169408
-0.35320705
0.38783821
0.41284549
-0.11814481
2.60929108
1.39278388
-1.03917766
-2.18682528
0.06362551
-0.20713815
0.24243045
-0.56263411
0.48576361
0.61650860
-0.01748154
1.41680813
-0.25919113
0.50359005
0.06517854
0.34420118
-2.30739117
0.77681869
2.01924038
0.27800751
-0.60021293
-0.78466183
0.10536462
0.73825568
1.62789762
-0.32415456
0.57003856
0.19160920
0.85432607
1.15236330
0.38998356
-0.41173795
0.09345049
-0.07228348
0.00990674
0.14320759
-0.01624779
-1.68263161
0.29741931
1.21913970
-0.84685236
-1.10691738
0.04290521
1.45956051
0.91408455
-0.66755307
-0.45129323
-0.10726773
1.05058408
1.96225548
2.36007786
-0.15598267
0.97666538
0.71907610
-1.26762152
-0.58374202
-0.95992756
0.15051687
-0.19105268
0.56665409
0.33889198
-0.09406053
-4.00811672
0.04270984
-1.24806798
-0.31384081
0.90308166
-0.39941174
-0.34855664
0.03180036
1.92101645
-1.16843474
-0.11927170
0.18325579
-0.24896836
0.68591321
0.15270582
1.53216028
1.30342925
-2.21198416
-0.00015543
-1.27677143
0.54496968
0.69310904
0.05257992
-0.63807267
0.15683268
-0.10161863
-0.28760907
0.11274579
-0.67239952
0.46567982
0.86282831
-0.31924343
-0.26761588
0.58596617
-0.48428315
-0.21338542
-0.34902233
0.43480170
0.22839369
1.21347404
-1.74649429
0.30028075
0.36961609
-0.13951033
0.28288218
-0.01156904
-1.35084701
3.00169539
0.11272201
-1.19670296
-1.29848671
0.34948054
1.38053048
0.35139883
-1.30205739
-1.00849342
1.05772579
0.98315299
0.26452339
-0.20369971
0.93129754
-0.15197524
-0.36397278
-2.74431849
0.92984736
-0.14621967
0.20052625
-0.00508408
-1.92710912
1.85697913
0.75502133
0.02904044
0.53906709
-0.86721653
0.15614811
-0.15238158
0.98581904
0.61501980
-0.11696252
0.66707230
0.08680646
0.60895413
2.07989120
0.55947435
0.37182748
0.21953635
-0.06628644
0.24586451
-0.11516777
0.03449661
0.87504637
0.19748786
-0.16125906
-0.29025066
-0.27168041
-0.01694226
0.53818953
-0.18092495
1.15076661
0.20877539
0.29325426
0.61477768
0.28998259
1.29045880
0.41833037
-0.07639806
-0.33958668
0.06848337
-0.15668967
-2.47654533
0.31650844
-0.08841833
-0.02837244
-0.41237354
-0.18458703
0.49193361
-2.54879284
-0.01529306
-0.25798085
0.18266940
0.03581244
0.46451992
-0.23766935
-0.29322463
0.74545085
-0.90953469
0.32281482
1.03401160
-0.13524145
-1.76489651
0.43191409
-0.13008848
1.06078434
-0.88427210
0.20072962
0.19856209
0.57619733
-0.13937911
-0.12368301
0.22622696
1.83053136
-0.22206342
-0.07624406
0.98941028
0.39623201
-0.38701180
0.52298826
0.04907931
0.04848599
0.61415017
-1.07097030
3.78308344
0.42614663
-1.83572805
0.18676151
0.51054108
0.19122413
-2.35311937
0.04993993
1.72115040
0.07629924
0.72384590
1.56988347
-0.02090156
-0.17958775
1.31672287
0.12028901
0.29336309
0.25199315
-0.27901295
1.33698130
0.19313492
0.65970045
0.42092830
1.22279227
-0.19860023
0.42635259
-2.67305899
0.49134928
0.21309519
0.05031601
0.39981100
0.19276363
0.47256765
-0.10948423
-3.52682734
-0.57999003
-0.59409958
-0.87293601
-6.35260630
0.05640987
0.09638534
-0.78589308
0.69007230
1.09537709
0.08746224
0.27361780
-0.27486718
0.67846215
-0.55412805
-1.13125145
-0.01304936
0.02012875
0.36349392
