384
-1.19314301
0.09374225
-0.03339130
-2.42529106
-1.00540686
-1.04722512
0.04622567
-1.61407173
-0.06739962
-1.86328125
0.23666763
-0.14199468
0.35048768
-1.56687236
0.57098007
0.79064524
1.88497114
0.34259191
1.79020596
-0.11819332
-2.09097815
0.64059746
0.40932924
-1.11821544
-0.85639328
0.30019709
-0.75154436
3.30731606
-0.47862157
-0.15064153
0.52136755
-0.04432826
-0.04499272
-0.43022513
0.20327181
-2.57754660
0.06278778
-0.15988916
-1.93454564
0.46785039
-0.45219380
0.18106042
-0.19089220
1.79233932
0.61151707
0.12001869
-1.56565332
1.80743682
2.39948559
0.95600152
0.74225879
-0.24093571
0.40522826
-0.99658215
-0.52255994
0.30348909
-0.22754551
1.34935439
-0.31977677
0.38631260
-1.83914447
-0.30889529
0.00853197
0.71530271
0.10273459
-0.97154510
-0.11345202
-0.85154176
0.21329929
-0.35826385
1.51424289
-0.44442773
-0.96558350
-0.25351793
-1.76453137
-0.73931426
-0.35117924
-0.93768430
0.20611605
-0.19190508
1.53718579
0.43670681
-0.26987064
0.25001287
-0.72046828
0.30507568
-0.46622074
0.60465962
0.17900023
-0.03558029
0.29754168
0.21534777
0.24972808
-0.31550089
0.00922563
0.46600819
0.40644646
-0.15389803
-0.25282389
0.37225854
-0.16697438
0.06566691
0.65229017
-1.27596998
-1.98965025
-0.04236840
0.83958238
0.21762477
-0.01081359
0.04680915
0.25161260
-1.15489268
0.26467672
-0.09424356
0.50784630
0.43882987
0.21988304
0.30002558
1.50936389
2.03058624
-1.66595089
-3.67856169
0.72863972
2.47138548
0.48229086
-0.66804522
-0.54667914
0.91550237
-0.04307662
1.58250380
-0.36064154
0.33644718
0.03807896
0.27132517
-1.35550284
1.46677029
1.07723951
0.09471784
-0.71855563
-1.53366470
-0.03112990
-0.64295614
1.85014319
-0.14342776
0.97444105
-0.53159535
-0.21294038
0.27058944
0.65317959
-0.89375949
0.32806915
0.24530388
-0.19680810
0.16099817
0.47775501
-1.33376932
0.17543554
1.07961559
-1.25228357
-0.52570575
0.14486766
0.28314808
1.95478642
-0.09341341
0.58126187
0.34071240
2.31597805
0.41799879
-0.07782456
0.16901416
0.67276239
-0.54056662
1.42167497
-0.35971099
0.53996944
-0.02146214
1.90309715
-0.01700887
-1.32715952
-0.27911335
-1.96792173
-0.13463521
-1.86098778
-0.53861266
0.62855059
-0.04371709
-0.45729545
0.26105082
0.00426412
-2.42914820
-0.91428524
-0.37236872
-0.94408298
0.19408648
-0.31834948
0.46568641
2.04155421
-1.99664998
-0.00541057
-0.23933722
-0.70924813
0.26081473
0.04065324
0.84042531
-0.03997523
0.58779830
0.10362622
0.34999382
0.33572131
-0.31628004
-1.60202944
0.06674098
0.04965895
-0.19133171
-0.95120937
-0.05846000
-0.01552878
0.41337270
0.16570018
0.43803924
-0.57258803
1.23008978
0.23578428
0.06127144
-0.81959260
0.09441711
-1.25755548
2.06160641
-0.76986295
-0.92719322
-0.20802359
-0.17927659
1.60175800
0.07710727
-1.71584976
0.16839099
1.38605571
0.69488412
0.41330087
-0.30786663
0.69762880
-0.25250712
-0.26833856
0.45743251
-0.66442442
-1.17452979
-0.22242722
0.10415088
-1.83799601
2.38688898
0.27219111
-0.67053241
-0.29333913
-2.29027081
0.68701386
0.41188833
1.15801060
1.84258425
0.37942329
-0.17988965
-0.42941773
0.31627393
2.09668112
0.20620593
-0.00092746
0.44907010
0.45040607
-0.23186499
-0.20564833
-0.92998487
-0.65015095
-0.38636234
-0.65996879
-0.32939500
-0.45042887
0.73818403
0.55611998
-0.37666455
-0.00771922
-0.14283620
-0.01914297
0.47484022
-1.20630395
0.48488873
-0.18209022
-0.23639335
-0.63280630
-0.28456521
-0.44437155
-1.34062839
1.43157816
-0.30591547
0.40520304
-0.53557986
-0.77573949
-0.59806657
0.12291819
0.83640194
-0.41428488
0.90494776
0.88176334
0.74420851
-0.30054927
-0.56071585
0.02151824
-0.83144516
0.35109884
0.70286155
1.13782883
-1.69841003
0.03141594
0.11684019
0.49307376
-0.66278142
0.24753240
0.18362181
1.12218451
0.36107075
-1.99540150
0.17329989
0.13272429
0.15224822
-0.08053239
0.43179142
0.21805058
1.59825897
0.31536633
0.26943439
0.19661157
0.90996110
-0.86189187
3.36079240
-0.00439426
0.26734579
0.60699201
1.36204290
-0.11053097
-2.49472165
0.09070012
-2.10227847
-0.09098089
-0.00485797
1.54664505
-0.31665993
0.42580873
0.79738700
-0.38979080
-0.12262104
-0.68036115
-0.27402753
1.81218851
0.10587002
-1.12345719
1.49539924
1.17555940
-1.28437066
0.21512908
-2.79751015
0.87780911
0.04038928
-0.34550625
0.00061170
-0.00344902
0.03328671
-0.50533527
-2.18695927
0.73418313
-0.96758127
-0.89727437
-3.20583248
0.04332148
-0.01300430
0.21596637
-0.40678945
0.09439141
-0.46524069
-0.00796022
-0.25572222
-1.31965005
-0.07572325
-0.43339482
0.82866472
-0.32044908
1.09021950
