384
-1.05647302
-0.13262302
1.32839441
-0.48382461
-0.67373848
-0.85322690
0.87270021
-1.79463553
-0.91174340
-0.62765521
0.03024859
0.13056910
-0.14870782
-1.50552988
-3.38196397
0.89541078
0.33594498
0.10255206
-0.38841391
0.10930831
-0.08848459
-0.28123417
-0.05359109
0.60560638
0.04915285
1.13553619
0.14027277
2.38766766
1.56446016
-0.16115908
-0.09203926
0.37798056
0.38495684
-1.70876837
0.04155228
-1.39965606
-0.02804208
-0.28885797
-0.80581248
0.30940846
-0.16743186
1.91802502
0.11848658
1.61729836
-0.25043303
-0.94918120
-0.21296479
0.67743099
-0.04249400
1.36685061
-0.27549773
-0.21706727
2.34146571
2.18532896
0.33479136
0.08997148
-0.02794884
0.22716329
2.74774575
0.74622315
0.81319463
0.10424012
-0.08441672
0.70540524
-0.06956196
-1.42839730
0.11147809
-0.74919075
-0.26508531
0.02016921
0.31476736
-0.31883177
-0.97788280
-0.41390592
-1.62736702
4.32943726
1.44810331
-0.00228608
-0.21134230
0.04975586
1.33302569
0.37314582
0.21543759
0.03234293
-0.91923332
0.05794782
0.14553025
0.96792632
0.20338126
-0.04052626
0.32264352
0.17475730
-0.03696961
1.05904186
0.03109583
-0.09610468
0.57957673
0.01462504
-0.35338256
-1.84589684
0.35634843
0.43112767
1.35793388
-0.69415307
-3.11073112
0.24657211
-0.30765659
0.05025966
-0.29755428
-0.82143158
0.16920510
-0.74253106
-0.33639175
0.81083381
-0.45139909
-0.15404958
0.31471974
0.04672420
1.91169786
0.66052550
-2.23363376
-1.84861565
0.31858879
-0.35831726
0.80027449
0.07976790
-0.60891199
0.23004955
-0.19524319
0.65709662
0.68479693
0.28306052
-0.20018807
0.05858028
-1.97475648
0.88739562
1.71958923
0.10071281
-0.08366603
-0.10442321
0.16168353
0.28766578
1.96293306
-0.02963759
0.13869795
0.54591072
0.40591666
0.45586747
1.08742356
-0.13174561
0.09845421
0.09431582
-0.10930547
-0.55723667
0.60857028
-0.07366019
0.02785808
-0.02050728
-0.10740125
-1.28231835
-0.06625120
-1.10036850
1.23386824
-1.29189551
-0.44692850
0.13084970
0.68799841
1.62723839
0.26839250
-0.99238491
1.33080983
-0.33133224
0.14413160
-0.15716717
-0.03069186
0.70681334
0.03324026
-1.06786931
1.17189837
0.00538620
-1.88086486
-0.15952802
-1.64055455
0.26399213
0.61502522
0.84019709
-0.53784043
-0.54478794
1.80022943
-2.61281538
0.13831377
-0.16432048
0.08005339
0.98498583
0.12447777
0.24050140
0.95972699
-2.23084116
0.28583628
-0.03558311
0.15234208
0.26974478
-0.07099146
-1.34108520
0.13364166
-0.50832170
0.09930400
0.75081533
-0.89045775
0.04474945
-0.33159441
-0.07998395
0.67475057
0.49821067
-1.42512560
-1.12231588
-0.00398406
1.07993257
-0.29178879
1.28767049
-0.65649021
-3.46954966
0.21176215
0.01788827
-0.14835492
-0.21413107
-0.02081394
3.76414514
-0.61240745
-0.25683677
1.11600959
-0.60624450
2.61854434
0.42410466
-1.39115167
-0.65975988
1.76794767
0.92324311
-0.09387193
-0.31612784
0.73563492
0.00514944
0.30116782
-0.37784195
1.54711676
-0.05517077
-0.01459318
-0.31522417
-1.24484026
3.36659431
0.61474556
0.59057271
-1.91177261
-1.52241504
-0.75778568
-0.00135441
2.10280132
-1.46371961
-0.06827006
0.15997495
0.04322646
0.93422520
1.79181659
0.35451165
-0.62808287
0.19238605
-1.25559199
0.29564777
-0.26511160
-0.69898808
-0.26000351
0.27989912
0.84751892
-1.07448196
-0.34523329
0.30009851
0.13933694
-0.02063753
1.06696379
0.35714376
-0.92782146
0.70986134
-0.14061178
-0.25988680
-0.24335071
-0.28015485
-1.09761524
-0.07208580
0.03415520
-2.28615308
-0.23811325
0.37377954
-0.09149073
0.00460824
0.80264080
0.18177955
-1.53460979
-0.41740197
0.03951086
-1.73285890
1.05295682
0.76867491
-0.17500272
0.23040868
-0.44060916
0.22389147
-0.30477476
1.82667637
1.21276689
0.08505777
2.22701693
-0.27200785
0.72706926
0.23724344
0.32023537
-1.91115761
0.19318525
0.02483047
1.78532577
0.21405251
0.95188522
0.30821875
0.14708886
0.08908598
0.44089651
0.12248270
0.91156471
0.23706761
-0.16176930
0.49641490
-0.60456747
3.88107181
0.38860780
1.61595821
-0.14050695
-0.12733591
0.19718558
-1.53541517
0.07753810
-0.29314396
0.26129586
1.62143099
-0.74020374
-0.29167193
-0.40357149
0.76871008
-0.28444612
0.26348850
0.37645829
-0.05197163
0.85567909
0.16681644
0.40654486
1.09775460
2.20027184
-1.10310781
-0.39767540
-1.82618308
-0.21854094
0.45799357
-0.00368872
-1.69172001
0.30039063
1.08935094
0.37641585
-2.51148939
0.02074615
-0.14321817
-0.91497755
-6.96152496
0.45393455
0.05502585
-1.22379458
0.49417871
1.14196217
0.67308676
0.42639178
-0.07365625
0.94771898
0.05171102
-3.48974085
0.09336033
0.26626790
0.09962644
