384
2.17659044
1.05196857
0.11324501
-1.03898144
-1.03123569
-1.87009561
-0.35473183
-2.18859720
-0.42229801
-1.40990245
0.30849731
0.56237215
0.48857448
-1.56741440
-2.83942699
0.42044210
0.29535955
1.23174369
1.86312234
0.02394849
-1.75070047
1.31359339
0.25325623
-0.10290855
-1.16764736
-2.51764536
0.16884410
2.12997150
-1.21572125
0.78415960
-0.04359165
-0.20399827
-0.53573447
3.29215264
-0.15555841
-1.96087980
0.23448984
-0.49961472
-4.52549171
-0.27353707
-0.48874688
2.07064176
-0.22727117
3.70989418
0.93618840
2.49447799
1.60023999
-0.96745843
-0.64632541
2.38218021
0.11635664
0.94457000
1.07833529
3.54395390
0.01402104
-0.46485987
-0.44762766
0.21895051
0.27679679
1.37784266
-0.11817500
-0.10479995
0.47551453
0.26093584
0.42017812
-1.54825509
0.27092394
-2.51481247
0.58757687
0.62074703
3.27505922
-1.17158484
-2.00493860
0.30700892
0.75745142
0.54271340
2.73441815
-0.24228561
0.32220155
-0.04176334
2.04264641
0.12368993
0.09783678
-0.88835633
-1.41918480
0.55754673
-1.58785343
-1.21024013
0.25861418
-0.00935801
0.73560262
1.32799089
-0.69115305
0.64604485
0.54719049
-0.10572087
0.95791495
0.18397005
-0.98257184
0.77419186
0.01162810
-1.05457020
-0.55308151
-0.46381259
-2.08261871
0.84032005
0.15640926
0.91201377
-0.52317548
0.01245660
-0.13623846
-0.55582285
-0.32084560
-0.61504096
-0.08512971
0.14477494
0.40000638
-0.67600161
1.45162153
-0.46364027
-1.38682294
-2.16313863
-0.11239997
-1.18535209
0.58436340
-1.30092990
-0.55569816
-0.49176410
-0.65367180
0.90836805
0.82308364
-0.94759190
-0.31387523
-0.49643165
-1.00389135
-0.17283264
1.13197958
0.08903045
-0.84859949
0.34153929
0.95823020
-0.82882923
1.45000958
-1.64464569
0.07602978
0.69178432
-0.72066140
-0.04502078
0.86826569
-0.45021909
0.03661904
-0.65994215
-0.37347290
0.46083310
-0.59426498
-1.69945633
0.64186573
-0.03278814
0.59081662
-0.19362539
-0.14280465
-1.92567539
1.15733624
0.34159058
1.91791677
-0.74772233
0.70147955
-0.00254145
0.48350906
-2.22378278
0.28915942
0.27303743
1.91946423
0.70824587
-0.05492818
1.52558231
1.02175331
-0.14403895
0.22591166
-0.96114200
-1.64920306
0.23115504
-0.73403513
0.26581526
0.51551121
-0.79150075
0.30766207
-0.10145977
1.10154283
-1.67089415
-1.17992473
-0.02928452
-0.60318065
-0.02713567
0.16801061
1.30860794
1.03806365
-1.96622586
-0.28632784
-0.17777663
0.43825519
-0.67659044
-0.04178740
-1.41102004
-0.32205945
-0.19552484
0.84267855
0.05089976
-0.99103487
-0.06269303
-0.41529161
0.40764123
0.09145616
0.54902363
-0.00833718
0.74045348
1.06546319
0.50632232
0.30041769
1.39028132
-0.35644716
2.82413101
0.07226159
-0.31582344
-0.74727345
-0.00689305
-1.14615059
0.86116749
0.48465985
-1.70771956
-0.44423419
-0.76411140
1.75630116
-0.42266619
0.23007736
-0.83308440
-0.74021637
0.72668743
0.86049223
-0.62948155
-0.58239329
0.36089611
-0.40254816
-3.41056085
1.01895285
-1.79487228
-0.21213929
0.35953578
-0.17972064
0.60272646
-0.10053046
0.71828616
-0.79231632
-3.70954657
-0.08842698
-1.53992796
0.38153517
-1.15548635
-0.62529337
-0.04802018
0.19421759
0.72343820
1.03492641
0.43991989
0.91219455
0.51092452
0.11131212
0.62094092
0.21958821
-1.24816179
-0.99382162
-0.23093028
2.24948883
-0.33067504
-0.30155337
-0.65226775
-0.15939951
-0.78696615
-0.11898012
-0.42095023
0.15214020
0.50485754
0.20294890
-1.02535117
0.11326076
0.49815318
-1.20032740
-0.63481981
-0.93119955
-1.50697279
0.82575166
-0.76401168
0.83768654
1.32097316
-1.95272720
1.13119054
0.17753601
-0.19425161
-0.16583689
0.02958015
0.72991848
0.41577280
-0.15119612
-0.05511615
-0.28681180
-0.90441501
1.46118855
1.31849623
0.62474942
0.21719791
0.20714301
-1.40650976
-2.22983527
1.24341965
0.40693644
0.49894810
-0.26868749
0.74203753
2.86203313
0.53490275
0.66900313
0.28169507
0.05235547
0.05371365
0.88802791
-1.22066784
0.64015055
0.21457022
-0.17135440
0.54201794
-1.33841956
3.51589489
-0.82995206
2.31048846
0.01482267
-0.50617051
-0.00551202
-3.35254335
-0.09751223
-1.12997866
0.09841269
-0.11149603
-0.62900317
-0.25079077
1.24870872
0.63985109
0.02771333
-0.05230576
-0.22936100
-0.23265952
0.99105048
1.39949024
1.48682308
0.11303146
0.90634060
-1.05797303
-1.42980886
-1.12494481
1.42708910
-0.58149230
-0.60216850
-0.19986960
0.27074289
0.54335523
0.38997495
-0.83260834
-0.07168576
0.12686853
-0.85151809
-0.35424605
0.46831316
0.41041386
0.52002019
-0.42365170
0.83196992
0.21524966
0.20894761
-1.39184213
-0.68392783
0.42751521
-0.25550535
-0.62146688
0.52817959
0.06113706
