384
-1.36276770
-0.00175030
1.49972057
-0.97659403
-0.41329771
-0.55338669
0.66952521
-2.68135142
-0.88670015
-0.84450924
-0.03786639
0.22666562
-0.14095943
-1.27540076
-3.10542774
0.81177938
0.18678264
0.15300198
-0.38029432
0.08238072
0.04827100
-0.27932155
-0.09365168
0.39927083
-0.08970040
0.74022639
0.09611842
2.03646922
1.11114550
-0.09694596
-0.15841503
0.25432038
0.22037569
-0.21426952
0.17177284
-1.56384623
0.00822737
-0.21233919
-2.27973247
0.36843479
-0.08662502
1.70749760
0.22314522
1.85381353
-0.49654761
-0.62810886
0.30339882
0.34658188
-0.61221659
1.63868833
-0.29712778
-0.13627970
1.86609685
2.75672722
0.27699366
0.10693144
0.15523310
-0.07048249
2.39212728
0.90086269
0.83994853
0.04503236
-0.00740276
0.75315595
-0.13232967
-1.59790158
0.20002988
-0.62571466
-0.26946366
0.10836237
0.23213518
-0.32007834
-1.08042264
-0.15542652
-0.10232648
4.42346430
2.52719212
-0.05467188
0.03438121
0.08623222
1.76108706
0.55313087
0.19659805
0.03149765
-0.99150479
-0.13335532
-0.01097220
0.69350415
0.21098629
-0.09075777
0.36399549
0.25673428
-0.00812007
0.65551937
0.02981905
-0.26805276
0.64838189
0.12230045
-0.28894073
-1.89850259
0.28071409
0.32784227
1.69613242
0.33200794
-3.90071225
0.33514315
-0.62817454
0.15318561
-0.36161581
-0.53377873
0.20485933
-1.00778604
-0.26379111
0.77107430
-0.45194480
-0.04731522
0.43815812
-0.07858168
1.95370090
0.29979762
-2.21276379
-1.83925033
0.57779634
-0.42062604
1.10316634
0.38454139
-0.87498420
0.18885437
-0.11308800
0.38223222
0.95283496
0.16793641
-0.29738373
0.20896056
-1.60468113
0.68822527
1.96614850
0.10089432
-0.19354931
-0.04673493
0.39806506
0.09609088
1.06321657
-0.19934785
0.02487282
0.62908912
0.35033035
0.45253998
1.08301902
-0.25564271
0.25761527
0.22662199
-0.11796682
-0.43699089
0.47438377
0.16803843
-0.13296913
-0.27672434
-0.21634889
-0.99946302
-0.14032663
-2.48186183
1.29769444
-1.09854805
-0.16087008
0.00299438
1.08871913
1.62545097
0.27550295
-1.22892976
1.28504062
-0.26342982
0.17990014
-0.19279644
0.27369720
0.92104107
0.26279420
-0.69946975
0.95588231
0.07639437
-1.24622512
-0.17391220
-1.44534564
0.16098818
0.46700025
0.43495712
-0.70526886
-0.55081356
1.85151553
-2.52404642
0.18700227
-0.13521056
0.08632562
1.07796216
0.32628402
0.35232291
0.68677294
-2.03506613
0.29917482
-0.24970956
-0.12158611
0.12765385
-0.07319523
-1.66617417
0.16545448
-0.44501153
0.15454705
0.56147504
-1.11419249
-0.03518205
-0.22434434
-0.17650384
0.41763669
-0.03213996
-1.17377591
-1.54915524
0.22820997
0.69105834
-0.24587621
1.35819757
-0.35512206
-3.43832564
0.29050568
-0.00337813
-0.12677126
-0.27226394
0.09694606
3.72856236
-0.34873587
-0.39176062
1.33839703
-0.73412001
2.61592460
0.36349276
-0.85182619
-0.58798581
1.09705627
1.09515071
-0.13112542
-0.20017302
0.96523488
-0.05533889
0.39256489
-0.89751887
1.49119830
0.05872737
0.11662680
-0.20134190
-1.04342163
3.25025177
0.77372950
0.61443520
-1.93087053
-2.25768590
-0.94764411
0.10997076
2.16666985
-1.60556293
-0.11515123
0.20612155
0.17121954
0.88816154
1.71290994
0.44663882
-0.49617922
0.15246230
-1.24455798
0.36143601
-0.23908359
-0.97681069
-0.26263663
0.16668949
1.03821063
-1.12386191
-0.28996605
0.17100960
0.08499432
0.00756467
0.89208585
0.41400540
-0.74078268
0.58013308
-0.04849192
-0.41549656
-0.20223220
-0.14089625
-0.94856346
-0.09909376
0.01489240
-2.36112571
-0.51122195
0.53041887
-0.06920345
-0.16250798
0.80812180
0.12955251
-1.30526531
-0.22430873
-0.01841399
-1.92004049
1.27682769
0.60379952
0.14190689
0.26493633
-0.32703078
0.29939848
-0.26450643
1.68278146
1.23925781
0.45841420
2.39289737
-0.29853952
0.95826733
0.77117777
0.28342009
-1.23138428
-0.14665934
-0.08695284
2.67753458
0.10875221
0.63776654
0.13636935
0.09639946
-0.45648843
0.32939073
0.48721352
1.02205300
-0.12240797
-0.17669208
0.30172175
-0.55676609
3.68329239
0.28962904
1.83460319
0.00202093
-0.18502951
0.11506286
-1.76429045
0.09973307
-0.26238889
0.26827332
1.24999154
-0.70135260
-0.23567617
-0.10130507
0.83793294
-0.38894269
0.00459164
0.30571917
0.07019992
0.59485757
0.17328598
0.92243934
1.37354076
1.46127248
-1.34553945
-0.42508769
-1.45324516
0.03953096
0.34326378
-0.01152640
-2.26351261
0.29002756
1.18543959
0.35987273
-1.64838672
-0.00756316
-0.24696580
-0.76033783
-6.72877264
0.41912049
0.03288570
-0.40041244
0.43512753
1.01292491
0.62195784
0.25803316
0.13158064
0.62600517
0.28080994
-3.39044142
-0.17135766
0.21194187
0.17435984
