384
-0.46663946
0.09576155
1.68888605
-0.90390432
1.02848828
-0.79543662
0.46926954
-0.82065105
1.32944596
-1.94304538
0.76453120
-0.29616860
0.14453612
-0.94447035
-2.59964323
1.72444081
-0.98766738
0.09666449
1.19812179
0.21199128
-0.63655347
-0.20727201
-0.56176209
0.76268709
0.08195484
1.67133796
-0.68679863
2.93281937
0.68350357
0.44981760
-0.94392377
0.17234372
1.20390379
2.30888152
0.54869527
-1.56702316
-0.60562479
-0.06058608
-1.54742253
0.24167469
-0.29623735
-0.82733756
0.10329947
2.61317420
-1.19142497
-0.75633180
-0.36904740
0.77124822
2.36718035
1.94164157
-0.40676552
-0.60589069
2.88820720
-1.25368631
-0.15026434
-1.19912004
0.17752226
-0.64602739
-0.19905162
2.09706211
-0.53211641
-0.07174048
-0.13885316
0.07911099
0.26523516
-2.19851995
0.52280337
-0.23159671
0.55754876
0.88340545
0.71646732
0.14492272
-1.54268479
-0.63896143
-0.53860450
-1.87051606
1.85729289
-0.54801852
-0.66581178
-0.23767057
1.69836366
0.40460220
1.26594472
0.67554629
-1.49927795
-0.48051751
-0.11641255
1.54023981
-0.05627007
0.22449988
-0.41140956
-0.65628815
-0.53035432
-1.64643586
0.14268091
0.43222550
-0.14128309
0.54318750
-1.15092909
-0.34535977
0.11873274
0.22193931
1.02236390
0.60053158
-2.44701028
0.80147153
0.96511590
0.07482545
-1.09175825
-0.02207864
0.91281056
-0.80624366
-0.03473613
0.33697826
-0.68557346
0.77477992
1.41161978
0.18307859
2.56344056
0.40274402
-1.45394802
-4.06582451
0.58675456
3.02933025
-0.17856774
1.41172075
-0.22450501
0.63425505
-0.40885702
0.60127437
0.34381554
0.20585753
0.14574298
-0.72815329
-1.75210619
1.30169630
1.71519089
-0.20444298
-0.26138225
0.28104168
0.17071694
0.16223249
-0.56088722
0.15164794
1.11640024
0.72060084
1.09608877
1.70218122
0.43412477
-0.85055768
0.36511064
0.42631626
0.97343379
-1.17899406
-0.77497631
-0.94651449
-0.25258827
0.75536966
-1.36837292
-1.46627462
0.13379684
-0.58983356
1.00414491
-0.92914927
0.51877964
-0.43367118
1.37654948
1.83133817
1.32978058
-1.40257299
1.05959558
0.70495778
0.02393654
-0.68985176
0.27911741
-0.52553707
1.64619899
2.39149070
0.25018129
0.65705842
-1.12550485
-0.16090384
-0.16349578
-0.60761070
0.58712846
-0.74708641
-0.31320700
-0.35329160
1.84993136
-1.41308570
0.20410129
0.54143870
0.62311137
1.38421142
0.42190078
1.42897618
0.10086936
-2.03451848
-0.91362065
-1.11731648
-0.59894854
-0.07901071
0.02012789
-0.41417617
1.07193899
-0.56418324
-0.05755122
-0.38320321
-0.79026693
-0.23411164
0.84302855
-0.89716345
-0.31344450
-0.22623549
-0.65020990
-0.49349257
0.86087066
0.05495012
0.45308328
1.51462805
-0.49147344
-2.20045638
-0.35685420
-0.31239510
0.77414113
-0.91055852
-1.22976720
2.60749578
0.76292115
-0.64246178
0.21942568
0.36081898
1.48482168
-0.43549013
-0.67925143
-2.45037937
-0.53561008
1.59223664
0.23944542
0.44310912
1.87986982
-1.91119790
0.80034399
-3.60009360
2.04604459
1.14672625
1.01457226
0.69218981
-1.36757302
2.36907578
1.98178601
0.33750039
-0.40249994
-2.66884637
-0.38355359
-0.55128819
1.08426702
-0.46825612
0.15488073
0.55550951
-0.40023997
0.63046175
2.47560978
0.17338359
0.92443430
0.97133666
-0.93824095
0.15735571
0.83275324
-1.41363049
0.15137047
-0.13007286
-0.64805889
-1.01733136
-0.13994497
-1.34218693
0.22518890
0.87435764
0.65897155
1.02473915
0.84855366
0.37995771
0.33943111
0.26599884
-0.48473230
0.22801059
-0.27738741
0.46048588
0.30109173
-1.53701496
0.91468829
0.26605883
0.42829558
-0.31331640
0.87671351
0.69103783
-1.22403252
-0.48235509
-0.85869902
-0.23055243
0.74845994
0.01547207
1.68412876
0.19591549
0.48941553
-0.75519955
-0.62326193
0.92517859
1.60595930
-0.99875206
1.54277635
-1.03247023
-1.76788199
-0.43844616
-0.27940342
0.03380337
1.02553022
-0.09695718
-1.33640146
0.33874899
0.72887975
-0.79188859
-0.47367948
-0.72079045
-0.17830345
-0.12404379
0.80341226
-0.54067475
-1.27547503
0.78465068
-0.87819862
3.60914445
-0.10558659
-1.27664900
-0.72520858
0.25609466
-0.15117523
-2.88320398
0.53344458
1.81037056
0.68206042
-0.45287204
2.68029284
-0.04797739
-0.00180519
0.42569226
-0.44626072
-0.46882105
0.44286323
-0.41657078
1.55465269
-0.04182440
2.26553726
1.24746215
0.62532651
-2.18556309
0.10942496
-1.96178770
1.47879982
0.44628143
-0.63461554
-2.38720036
0.43425429
-0.48750937
0.92091835
-0.47567976
-0.22890964
0.74182713
0.17800298
-4.92869616
-0.13019228
-0.58731663
-0.12382862
0.93503588
1.12298131
-0.14734793
-0.07381305
-0.32499009
0.75933546
0.61146897
-0.66579992
-0.89716446
-0.38418245
0.04363906
