384
-1.40103781
0.72357196
1.12139976
-1.69695592
-1.11642683
-0.93744123
1.01142728
-2.03284812
-1.20302105
-0.12029994
0.51690197
-0.10120036
-0.10636260
-2.16059256
-2.54279637
1.36744797
0.07630573
-0.98854136
0.49405161
0.99246180
-0.43710208
-0.83640397
-0.21072078
-0.53621250
-0.34446684
-0.60826057
0.54740763
1.69127202
0.69849950
-0.29163793
0.41020137
0.51403522
0.30998415
-1.14129078
-1.01910174
-2.31194782
-0.26904267
-0.25535125
-1.17300558
1.29808223
0.36954510
1.00855696
-0.17231700
1.35634375
-0.44497871
0.66756058
-0.09490818
-1.46005082
-0.97389638
-0.54731870
-0.20055026
-1.12084925
2.47803569
3.06312346
0.49317902
1.08555591
-0.44625205
-0.97291625
1.38042760
-0.80427587
1.38751554
0.19515765
-0.43658149
-0.25425315
1.10681152
-1.58871388
-1.05028570
-0.24278235
0.19745545
-0.00731957
0.20892428
-0.66921210
-1.82704091
-1.08762300
0.00578851
3.62319183
2.48704624
0.94894063
-1.24474216
0.01074221
0.10920888
0.49536261
0.62037075
-0.65695703
0.03063431
1.06304884
0.21120295
1.27590573
0.55174249
0.97251391
0.79286039
0.54704636
0.45579579
0.80934542
-0.28359956
0.37619102
-0.47091621
-0.99237925
1.54109073
-1.46326089
1.06741405
-0.19576883
3.67175364
0.27308962
-2.47213364
-0.17906156
-1.35360491
0.63782001
0.85145319
0.02495795
0.71064508
-0.79081941
-0.16889749
-0.19000801
-0.47468334
-0.85924542
-0.28287521
-0.42561755
1.15133190
1.75945830
-1.35822153
-1.31637573
0.88661397
-0.14068949
-0.59949493
-0.64693940
-1.00687826
1.79375052
1.05009615
1.14052641
0.36660260
-0.14037180
0.15789266
0.99326253
-2.27710509
-0.11681440
1.16599667
-0.67082816
0.88072383
-0.40707296
0.61105835
0.62708056
2.25274229
0.15763289
0.03353427
0.20432922
-0.00323480
-1.42423975
0.21101362
0.07458448
2.04557800
2.20628595
-0.07225111
-0.57543653
0.07468872
0.42612088
0.10321724
-1.41230726
-0.45932740
-1.46959305
-0.29086512
1.75804567
1.48769879
0.33040431
-0.19624865
0.40817019
1.26343739
2.78492594
-0.01259118
-1.98084497
1.97914267
-0.08028370
-0.75061506
-0.06183527
1.28222036
0.99973756
-1.26325202
-2.82636380
-0.19841078
-0.27143854
-0.51973414
2.09519100
-2.75317764
-0.16083659
0.67604518
1.48815918
-0.10017860
-0.10766792
2.72578382
-1.86214113
0.53231227
0.63144535
0.17768148
1.06336963
0.41502652
-1.34946275
-1.01936615
-1.57542968
-0.88052577
1.10214531
0.07599071
0.04153846
-0.28858173
-2.71225834
-0.62153292
-0.92243648
-0.58985281
-0.10153756
-0.87638336
-0.17016248
0.45375705
0.43000567
0.60531867
-0.38457865
-1.29722357
-2.12371325
0.20371801
-0.08293191
1.08822715
1.69640481
1.23184311
-1.96439695
-0.60626364
-0.04197656
-0.98697460
-0.39012203
-1.04940784
1.62425256
0.31202120
-0.38746274
-1.74573112
0.77397943
2.40592790
1.36072671
-1.04982197
1.17872429
0.38943481
0.96415907
0.20486660
-0.09508545
0.24076110
1.07621944
-1.75348830
2.23203969
-1.83849490
1.97089756
0.85507846
-0.81782699
-0.53267986
3.49752045
-1.03751230
0.12098441
-2.52265215
-0.07199180
-1.05814803
0.03148663
2.54814434
-0.20406345
-0.85448015
0.73337364
-0.75035411
1.68746233
2.00092316
0.92096186
-1.29170012
-0.35616067
-1.04701579
-0.94561297
-0.16391748
-0.50196749
0.89729530
0.19229844
0.01244116
-1.18039834
-0.63842934
1.53554189
-0.12734795
0.00845416
1.09066033
0.67742491
0.28313091
-0.11518656
-0.05728894
0.16804588
-0.75806487
-0.63928115
-0.74345863
-0.58502787
-0.10571192
-1.56704891
-0.26244432
0.82387912
0.37446326
-1.10663271
0.81109953
0.30703756
-1.67412686
1.95587111
-0.45053875
-2.85355639
2.00341678
1.04715192
-0.39051160
0.27160221
-0.41371033
-0.36140317
1.28435850
0.74193621
1.29488087
1.90118980
2.26876593
-0.11348093
-1.15129840
1.46430433
-0.39693648
-0.46674722
0.75125331
0.59914887
1.23795199
1.02528179
1.37724972
-1.34791267
0.26954222
-0.43996674
-0.08349966
-0.83133250
0.05072770
-0.38998425
0.29155231
0.39960000
-1.31750441
3.09351301
0.76754820
-0.29867661
0.67032981
1.86166465
0.39103258
-0.64829445
-1.04818249
-1.07309520
0.43655083
0.95336437
-0.37491381
-0.24306281
0.03520668
0.83711147
-0.24764694
0.83644837
-0.53180569
-0.68346447
-0.38585734
0.42672449
-0.89198786
0.58834791
-0.10036594
-1.00540924
-0.81146747
-2.94493341
-1.97405434
0.34381890
0.12093467
0.01043789
0.19993167
-0.57312787
-0.00019747
-1.10070169
-0.12490772
-1.48087287
-0.02894795
-3.76384974
1.56964564
0.92231488
-0.69973892
-0.37961981
0.98038620
-0.01242884
0.66296524
-0.00576168
0.65839380
-0.33145687
0.34617296
1.14982128
0.77326405
-0.76027256
