384
0.25579727
-0.34976494
0.97813714
-1.86756802
-0.63482499
-0.91159844
0.04528950
-0.76822263
-0.95088899
-0.68665886
0.75030464
0.02832545
-0.04281847
-2.62231970
-2.62483549
0.95255220
-0.56077331
-0.18301339
2.36626768
0.59551942
-0.20772514
-1.74793315
-0.24235414
-2.00792837
0.69238722
0.13593346
0.30885452
2.34434795
0.43810904
-0.08901821
1.39662886
-0.21425641
0.79194397
0.31838107
-0.88178945
-2.65755486
1.33890116
-0.00883226
0.72681618
1.48647547
-0.56069487
-0.34031594
-0.25584134
1.77876699
0.79747730
0.76580584
-0.79372519
-1.85343075
-0.83255631
-1.43073297
-0.29171756
-1.19587409
3.38221169
2.66383123
1.29520941
0.94299239
-0.59550506
-0.78724635
0.15655231
-0.66268432
0.90873873
0.86173397
-0.40832591
0.35335296
0.22480646
-1.46451664
-0.31030142
0.57898021
-0.11190940
0.18084157
0.54921126
-0.33538198
-2.19625640
-0.29300761
0.25855625
0.97090220
2.43574715
0.66572076
-2.21845222
-0.27423969
-0.50030077
0.04630430
-0.65152031
0.08314079
-0.93644798
0.10244037
0.35007003
1.33573413
-0.46799886
1.42879772
0.07013911
1.30448854
1.19303811
0.42461997
-0.71521056
-0.37221771
0.00338066
-0.17302924
1.11661816
0.10377905
1.04287279
0.08572817
2.43542147
-0.14812320
-2.42396665
-0.04079762
-0.39778799
0.55554724
0.34223935
0.38112777
1.24545741
-0.81372041
-0.96231025
-0.15965131
-0.48514962
-0.65381616
0.42963713
1.02472603
1.63040984
1.84204173
-0.56812239
-2.60861921
1.26805031
1.17142200
-0.39422864
-0.38217169
-0.66965520
0.71404225
0.98579860
0.84536922
0.06909184
0.57913184
0.27172768
0.23630431
-2.37675786
0.11044005
1.05038714
0.35364875
0.74351358
-0.42346579
0.84871435
0.32269436
-0.02171016
-0.27338576
1.09501362
-0.21475135
0.96659356
-0.89893073
-0.33360860
-0.12843326
1.16191506
2.45883536
-0.20851420
0.72117263
-0.44792736
-0.24228325
0.07640752
0.77184844
-1.26149082
-1.28333449
-1.33803129
1.97037268
1.40707374
-0.10329899
-0.28578252
0.99208039
1.29882610
2.58796740
1.50003648
-2.17642879
1.24394512
0.48700833
-1.73808753
-0.89865291
0.26876712
1.03826034
-1.45510650
-0.12230947
0.04220284
0.22469211
-1.72990203
1.99249053
-1.43204331
-0.59047896
0.42885107
1.81252217
0.74311292
-0.18648943
2.49698877
-0.97979856
0.93970633
-0.51209599
-0.22718613
0.80354196
0.58864552
0.47313973
-0.43761709
-0.99122334
-0.49768621
0.32150012
0.08597320
0.17616189
-0.12336496
-2.73224545
-1.35697055
-0.04873477
-0.38103738
-0.14059344
-2.54341507
0.01525727
0.61676008
0.71047747
-0.17443597
-0.07665372
-1.26298881
-1.26796758
0.78324211
-0.14586854
1.23752034
2.42659187
0.26997232
-0.55679488
-0.81651449
-0.88705802
-0.12701571
-0.53934228
-1.02141976
1.06483114
0.85384870
-2.02428031
-2.55223083
-0.02240311
1.68400860
0.92453623
-0.90652263
0.78354323
-1.66795146
1.25567245
0.51432520
0.00823408
0.51181716
0.64828444
-1.50603533
-0.64707267
-1.47703540
1.60824275
0.17797196
-0.49369088
-0.24653104
3.00403357
-0.05044338
-0.07158443
-1.19599450
0.00080121
-0.16642539
0.18933475
1.19954228
0.54693967
0.04876086
0.54238272
-0.03772677
0.77743119
2.09328365
1.37103677
-1.22569704
-0.80944377
-0.68228853
-0.76924628
-0.47795671
-0.92487395
1.43262529
0.42307669
0.45267564
-1.14722359
-0.65676087
1.35452378
-0.46702787
0.20332444
1.81367040
0.98389524
0.28925896
-0.72450042
0.68830884
0.32370090
-0.36768049
-0.07210685
-0.54602164
-1.15012622
0.17194141
-1.36237729
-0.09044448
0.16790545
0.59867430
-2.28749824
-1.05628443
0.66907036
-2.32657719
1.77136791
0.71661842
-1.27132809
1.12971103
0.84405613
-0.20053494
-0.09633389
0.62175536
-0.43413386
1.27986121
0.37637147
0.42024422
0.77063435
1.73031247
-0.30975425
-0.20854262
0.29080996
-0.70434117
1.02761769
-0.77901369
-0.43348694
0.76119673
0.72580016
3.91056323
-0.50471163
-0.54858494
-0.21411227
-0.04961922
-0.87543374
0.15205884
-0.43600231
0.83662993
0.76032001
-0.53743958
3.24836802
0.04623866
-2.70435238
0.47622514
1.85509014
-0.31642455
-1.39958000
-1.21725368
0.33756092
-0.82585639
0.26335940
1.46015549
0.02950080
-0.14565521
1.24968290
-0.36046529
0.96025884
-0.86179572
-0.82836020
0.71700025
0.40849388
-0.31108886
0.32829124
-1.14830470
-0.20360094
-1.48559880
-3.23081517
-2.03619361
-0.03635032
0.57559174
0.36092743
-0.06393948
-0.34688324
0.37064934
-0.92699814
-0.69367367
-0.31479260
1.09555984
-3.25617266
0.54836726
0.33227295
-0.51021707
-0.74916691
1.05454659
-0.23853508
-0.69346124
0.13241102
0.79190117
-0.65088725
2.18283176
1.12892342
0.67494732
-0.71803683
