384
1.15440607
-1.14860594
0.26936328
-0.88813597
-0.81795555
-0.75135052
0.11249714
0.67730904
1.82873380
-1.61771464
0.07666269
-0.76162630
-0.46494591
-1.64049292
-1.85473180
1.86127901
-0.48280105
0.75892073
2.77815533
0.43913907
-2.01288891
2.18086123
-0.11150318
-0.15552956
-2.50465775
-3.05402350
-0.00512020
2.34396458
1.64820850
0.09767936
-1.07569373
1.20360637
-0.15878919
2.72696400
-0.22156689
-0.11807272
-0.05969970
0.55883127
-2.35605240
0.10864089
-1.09682190
2.02381229
0.23659337
2.04765344
-0.70173842
1.91750908
-0.56285483
-0.34288776
1.44279110
-0.59782910
0.76378179
-0.32894999
2.83001614
0.41497982
-0.50517958
0.80699933
-0.53297734
0.67735368
-0.36740348
0.23103392
-1.13876510
-0.44898826
0.04610624
-0.29341376
0.91726881
-1.23680520
-0.36912036
-1.95762849
0.36390921
0.46434197
3.59830117
-0.38261929
-1.27266574
-0.47526985
-2.14778137
-0.98688924
2.27418065
0.99154431
-0.83796823
-0.16162659
-0.78202283
-0.17896116
0.67487502
-0.77928615
-1.21932220
0.18249370
0.63697469
-0.58637589
0.52656102
-1.15595007
-0.43336159
-0.39952254
-0.41825211
-0.22413838
0.11490208
0.92012089
-0.64101696
-0.45429522
-1.14351845
1.64169717
-1.93455148
-2.24424124
0.94984180
-1.05769122
1.15698218
-0.62820476
-0.47935683
0.06827524
0.28950438
-0.96471065
1.21459055
-0.92809695
0.14551188
-0.13217524
-0.39593279
-0.73251736
0.13804786
-0.18239847
2.25581431
0.01759392
-0.84986877
-1.85288525
1.17731547
0.54282331
-0.67019796
-0.08416843
-0.48991534
0.81104183
0.13760363
0.35782549
0.55576652
-0.79657936
-0.50322992
1.28261018
-1.85721183
-0.68448305
0.30839622
1.24553442
-2.02571106
1.64993584
0.48346943
-1.09619427
3.65518308
0.27078977
-0.39544141
-0.38749835
-1.66706920
-1.89326763
0.42319465
-1.09991670
-0.11864632
-0.70312452
-1.06963921
0.31894034
-0.34277716
-0.42495176
0.35564148
0.09694564
-0.19709575
-1.31030476
1.09616911
2.63503528
0.16469769
0.79172063
1.59903204
0.12934200
1.92070341
0.81310469
0.56354827
-1.24533248
1.95688450
1.28613925
-0.37194747
-0.80844855
-1.13241172
1.77442586
1.89392042
-1.40896010
-0.61566460
-0.00670066
-0.01255178
0.79321158
-2.34423232
0.94909012
0.42267692
-2.93297148
-0.55157954
-1.97686589
1.53553140
-1.22357631
-1.89441311
0.65692532
-0.74382913
0.81182635
0.42884430
-1.55271792
1.73062229
-3.43854284
-0.38211405
0.22307552
0.21146257
-0.74497318
-0.44232252
0.70509470
-0.06258893
-1.21992612
0.29232341
-0.12440513
-0.34563214
-1.35649633
-0.13024813
-0.28726768
-1.11263704
-1.78115213
-0.03664583
1.61238122
0.86169779
-0.47263324
-0.02562643
2.62787652
-2.47700262
3.39021325
1.04924047
0.08679627
-1.77153051
0.03219775
-2.39328814
1.10941744
-0.60472631
-0.65540510
-2.03131485
1.61766386
1.50423717
0.99196368
1.10068476
-0.07604700
-0.29691094
1.31560063
0.65776664
-0.35389742
-0.93987608
-1.55178094
2.03250766
-0.04452431
0.43280220
0.83772039
-0.43348354
0.52429020
-0.16225147
0.50837338
0.63728166
-0.45953390
-0.66578263
-3.14231443
0.50258988
-1.53961575
0.33785182
1.11051214
0.36807382
0.48977178
0.58239472
1.11335850
0.97975349
0.85545731
0.76998842
-0.86180460
-0.05291247
0.55992740
0.31215179
-1.27681231
0.33002859
-0.52454412
-0.56157142
-1.30648422
-0.61049712
-0.00006364
0.63871127
-0.54044598
0.90483695
-0.06529018
1.04549503
0.26319942
-0.57785010
-1.26924193
1.19339156
0.74750799
-0.36728802
-0.26523674
-0.77345663
-1.29963160
1.40848935
0.66165483
1.17871690
0.07908973
-1.83002555
-0.63036358
-0.96306229
0.54260659
-0.28156176
-0.46576211
1.52505171
-0.04642914
0.86970609
-0.98648262
-0.23973139
-1.23435032
1.41917682
1.70011175
2.79926562
-1.32848597
1.87338424
-0.04276115
-0.39172211
0.99676597
0.43299866
-0.27499259
2.95573854
1.19279742
-0.68668360
0.64453667
-0.93380421
-0.98272586
1.10650849
-0.71396023
0.32209176
-1.20545173
-0.18745933
-1.68541574
-0.27799201
0.52417654
-1.79247952
2.80748677
-0.46684533
-0.04646184
1.39438117
1.65570271
0.29877773
-1.92191696
0.17939758
-1.52513599
-0.42487833
0.62644726
1.54028046
-0.26974452
2.05229783
-0.30462980
-1.56277311
-1.50721335
-0.67907441
0.33229205
0.77802205
-0.00766179
0.88402134
-0.44837102
0.80815995
-1.68147409
1.00633574
-3.11146665
0.27360040
0.13719054
0.71343094
2.77624846
-0.41259912
-0.84438455
0.55447692
-0.05508101
0.18299451
1.13706744
-1.41539073
-1.11770225
0.18056127
0.28061402
1.02717113
0.11204439
1.88316154
0.28810611
0.43269798
-1.06779790
-0.98941028
0.63426274
2.09626412
-0.63702130
0.70538861
-0.82012469
