384
-0.74526602
-0.34114072
1.37826097
-0.28922147
-0.60498142
-0.79356813
-0.06951928
0.03452086
0.69587868
-1.99630284
0.00538149
0.18534105
-0.01962156
-2.41243005
-1.53290701
1.52863467
-1.00158739
0.13147552
0.87222326
-0.31378275
-0.28273949
0.37647220
-0.03741387
-0.06198362
-0.01593393
2.06936955
-0.71945930
3.59866047
0.18921182
-0.17135072
-0.01090081
0.32547528
0.38075167
-1.76917958
-0.35736430
-1.63505101
0.00848591
-0.08414949
-1.01254952
-0.04156095
-0.41732955
-1.31452537
0.19083510
1.34426582
-0.15646607
-0.50737858
-1.67177391
1.96206546
1.67773509
1.06282473
-0.11833762
-0.46739677
1.49218738
1.70473719
0.25219923
0.25529563
-0.15015712
0.66650313
1.15205121
0.99940532
-0.64146960
0.46665472
-0.38811457
0.86968464
-0.06494996
0.13693041
0.13561100
0.23945323
-0.29579106
0.02391388
1.84615636
0.10089044
-1.06241989
-0.65481585
-2.22850513
0.59875250
-0.90656745
-1.67517543
-2.20658422
-0.13775441
0.87820929
-0.40727013
0.16333935
0.04405071
-1.94883060
0.19291545
-0.30358070
0.89040530
0.41071311
0.23342657
-0.13489580
0.10535321
-0.02248360
0.35939872
-0.10680073
0.26091063
0.23378599
-0.04395869
-0.33568713
-0.22465190
0.23027995
0.98783028
1.63781464
-2.39097261
-1.75904226
-0.24928050
1.06406653
0.09981265
-0.44254261
-0.47305581
0.96695620
-1.25340688
-0.39722791
0.60835516
-0.03792304
0.24226506
0.51717722
-0.28535092
2.71780396
1.81083810
-1.43155360
-2.37258720
0.12404203
0.24326979
-0.07820994
0.03633392
0.37528396
0.73120189
-0.19150680
1.30679393
-0.06362703
0.83537793
0.32254061
0.61596072
-2.01638484
1.11052322
2.24671340
0.16668648
-0.66976911
-0.94899082
0.25668129
0.65082049
1.24331486
-0.45905799
0.28020427
0.05592465
0.69882357
0.98807943
0.42842916
-0.60564125
-0.42943439
-0.05248827
-0.08718261
0.18077552
0.19875024
-1.69395220
0.25326842
1.05903757
-1.13900709
-1.18652940
-0.12681235
1.72711301
0.55742896
-0.82700664
0.36036739
-0.06210520
1.12088597
2.05141878
2.24947071
-0.04417431
0.19139564
0.50659269
-0.92379439
-0.39170134
0.12711796
0.40004939
0.41948894
0.41825178
-0.39324763
-0.16718748
-4.28179312
0.16750915
-1.71552670
-0.22518076
1.60165060
0.01623920
-0.16073021
-0.11139855
1.76875377
-0.90886116
-0.14513859
-0.17495340
-0.70008481
0.93793112
0.37507421
0.94469893
1.18327403
-2.23817444
0.19321634
-1.46330976
0.94408876
0.46142000
0.07646650
0.50271559
-0.12828669
0.27441651
0.04485950
0.04724032
0.52622145
0.29926598
0.90230334
-0.17819718
-0.23114291
0.32044408
-0.03426641
-0.42475533
-0.00553913
0.21645948
0.40045148
1.10304904
-1.43295479
-0.63100243
0.03110196
-0.42077112
0.53242916
0.03034966
-1.54011559
3.02718925
-0.65028226
-0.90308923
-1.70668948
0.11832687
0.49701387
0.49887925
-1.98841763
-0.91990983
1.29220831
1.29774284
0.37444589
-0.19599357
1.10509765
0.06515685
-0.31080526
-0.04042959
0.82609832
-0.05343436
0.02430124
0.15923631
-2.04272413
1.87567627
0.81472903
0.16829170
0.81736988
-1.38182914
0.58199716
0.41916907
2.11215591
1.40752685
0.47441941
0.66794884
-0.01023607
0.52065670
2.00909114
0.70675987
-0.45049548
0.33658299
0.53903604
-0.17705925
-0.10703444
0.56223679
-0.10452238
0.12271385
-0.27572235
-0.09427941
-0.17047368
-0.03748156
0.55406260
-0.09307344
0.50858319
0.42219126
0.62348634
0.50789946
-0.53396463
1.56747055
0.56099999
-0.28269973
-0.16252926
0.17619173
-0.12763971
-2.90613341
-0.23626065
0.08255674
-0.36319759
-0.57849270
-0.06496800
0.21145584
-1.92235970
0.28942937
-0.20793423
-0.45880923
0.51965165
0.64581633
0.13034314
-0.72099078
1.06988502
-0.27452469
0.48180091
1.18623793
0.72563356
-1.97540033
0.26755410
0.20587710
0.84794754
-0.08447787
0.14134751
0.21933651
1.11657262
-0.04268757
-1.19569087
0.37718442
0.03475296
-0.01561147
-0.58518964
0.32472488
0.24148946
-0.24344036
0.36891431
0.13673773
0.10781735
0.70475352
-1.24552369
3.65808964
1.03755689
-2.60938478
0.15035862
0.58892900
0.35102987
-1.45923734
0.27111560
1.87847793
-0.09638762
0.38093355
1.77818668
-0.00312108
0.02114266
1.43487179
0.32759565
0.78443456
-0.11926357
-0.33559150
1.33813274
0.15462834
0.67728841
0.45943326
0.25358474
-0.75818712
-0.14573875
-2.58147216
0.28281897
0.30462444
0.10392276
0.28842753
0.23056981
-0.05049750
-0.36084789
-3.41434479
-0.73280358
-1.02315545
-0.65654331
-6.38075495
0.25739124
-0.09401775
-0.72338533
0.01234646
0.93349582
0.04338992
-0.14768660
-0.09918740
0.17827134
-0.45683926
-0.73700452
0.16284460
-0.44180936
0.41142333
