384
0.78256696
-0.32298768
0.28395471
-1.75182068
0.10986239
-1.66359234
-0.00084497
-0.75395852
-0.08324134
-2.14896607
-0.45841974
-0.79893291
0.91106123
-0.17359555
-2.42379379
-0.39280599
-0.41991010
0.18879183
0.90278137
-0.28136349
-2.27257109
0.99675846
1.06516004
-1.36298823
-1.68708539
-2.62299442
-1.25343132
2.23548532
-0.60104728
-1.00784600
0.98256141
-0.11145201
0.43417433
3.97161603
0.05742837
-2.32614613
-0.18361978
-0.07455495
-4.57227755
2.58109331
0.13452566
1.12862146
-0.17465505
2.64120579
0.94016355
2.17284918
0.52451867
-0.25896272
1.06675768
1.55974174
-0.32786101
-0.87751502
2.80578876
-0.76634383
-0.29748163
-0.56358373
0.60682803
0.16000825
0.64300829
0.53364760
-1.09770584
-0.13367942
-0.33394772
0.13448378
1.27549255
-2.15702701
0.31066313
-1.38020539
-0.09692727
-0.12010384
0.40797645
-0.49090680
-1.93828273
-1.53032923
-0.16713792
-1.15196800
1.94917727
-0.40732560
1.06262255
-0.55007595
2.96633148
-0.79154789
-1.28244293
0.08472523
-0.85352021
0.91912735
-0.84145987
-0.22597885
0.17877208
0.02724740
1.34683824
-1.15887725
-0.19849125
-1.07708967
0.41917986
-0.69665706
-0.03225319
0.55552220
0.19140139
1.13774121
-0.27514887
0.09640190
0.63649035
-2.15346193
-0.56646264
-0.12871099
-0.30109781
0.64942539
-0.44591895
1.17624867
0.14651856
-1.13122106
-0.17234594
-0.59663540
-0.68788666
1.24842119
0.89663661
-1.40713155
1.83203197
-0.86424410
-2.07189083
-2.70122361
0.33200961
0.33572447
0.61372030
-0.36911157
-1.47612882
0.66053885
-0.00102572
1.83635974
0.12260194
0.01854172
-0.75623918
0.41273865
-1.78233540
-0.05074034
0.91406429
-0.09103636
-0.91112727
-0.34367800
0.29998407
-0.69475055
2.61458850
0.25662231
-0.49071825
-0.07623330
-0.10593063
-0.22761196
0.49111721
-0.61858767
0.76830173
0.69966018
-0.46720549
-0.20615964
-0.24531521
-0.08334191
-0.46464416
-0.98010790
0.05904575
0.17907748
0.26560780
-1.14966559
1.16324008
0.43201855
0.07298884
0.07872394
2.19408321
0.10180902
-0.74095690
-0.91725540
-0.00471321
-0.69389826
1.50735390
-0.98898506
0.64904952
0.81195372
1.93185294
0.50581455
-1.02205288
0.70039499
-0.82842910
-0.00543106
-1.12428749
-0.18700676
-2.22972393
-0.65894073
-1.00484717
0.38976496
1.49063611
-1.39441466
0.54342419
-0.83079773
0.57696205
-0.62273967
0.73203361
1.33328152
-0.48444909
-0.67493379
-0.76462555
-0.21185660
-0.12664850
0.22859383
0.31320208
-0.95724118
0.41261095
-0.27275115
-0.05792877
-0.32328936
-0.11015809
0.21759823
-0.21376756
-0.36395952
1.12390542
-0.22480994
-0.68270594
0.06911814
0.89010948
-0.94839746
-0.07785341
1.66095829
0.40470290
2.69613862
0.76130509
-0.20854542
-0.54048198
0.02966946
-2.37868190
0.76160151
0.39752358
-1.72368979
1.01664805
1.21398044
1.88674140
-0.17332333
-0.05925042
0.56461239
0.68174785
1.19544840
0.60448611
0.31938559
-0.00529701
-1.71638894
0.03912154
-4.09707546
0.22752583
-1.38027978
0.02780430
0.16399550
-0.90468758
0.73293829
-0.67664170
0.25384980
-0.78883070
-2.79894686
0.25805035
0.07330608
0.37420779
-0.47767416
-0.60232794
-0.53953123
0.48324013
-0.91029918
-0.48667794
0.70896071
1.82631004
0.42229468
-0.03186539
0.44453111
-0.18466961
-2.58913755
0.02114153
-0.31979245
-0.30520445
0.19483525
0.26986989
0.00552781
-0.15831992
-0.54610008
-0.25862169
-0.09644613
-0.46034378
0.77042663
-0.54323936
0.49797350
-0.06854153
-0.11671956
0.15012211
0.05886390
-0.53030175
-0.54553860
1.21754360
-1.49157357
0.83870435
0.27409559
0.79555947
-1.89544916
-0.14843065
-0.79818654
-1.52423191
-0.73099875
1.57090437
0.46497059
0.53172678
0.36252332
-0.67376840
-0.58649147
-0.49134159
0.58663249
1.21869612
-0.86493731
0.67972410
-0.94923162
1.00859094
0.78275311
-0.08110478
-0.56587481
0.17334476
0.33440167
-0.49899912
-0.04702856
-1.08611512
0.19254488
0.11648147
-0.28649426
0.49778160
-0.27339053
0.64483255
-0.55842292
0.38359383
0.69418299
-1.21352673
3.31854534
0.15992099
2.02479148
-0.16117430
1.39223218
0.09641517
-3.62113953
0.45513687
-1.05142474
0.75524539
-0.59216094
1.50953674
-0.65297753
0.94417787
0.10085833
-1.24594450
-0.48965067
-0.04155073
0.29739115
1.71485353
0.56050348
1.64274263
0.47257465
1.37228000
-1.77965474
0.64841408
-1.54152548
0.59479856
-0.31446946
0.29476476
0.12072109
0.60307902
0.38870591
0.61224431
-0.91830051
0.03519486
0.00728089
-1.14672244
-0.15620708
-0.11552258
-0.45491740
1.33088279
-0.03984459
0.98234457
0.24652052
0.54070050
-0.53842962
-0.73895663
0.65033853
-0.20763716
0.19193357
0.97451103
1.64660954
