384
-1.19113159
-0.02579784
1.55914330
-0.69275117
0.11061295
0.45565364
-1.17392421
0.16855562
-0.19348183
-0.20860380
-0.93115032
0.19609547
0.67045212
-1.20138764
-2.76621485
0.34079462
-0.33621821
0.18345337
1.71735525
-1.47556758
-0.53124452
0.31632978
-0.57592851
-0.15208790
-2.41679859
1.23263848
-0.30131954
2.15781546
2.65184975
-0.99894899
-0.01249401
0.29146165
0.59864920
1.46028471
0.18838555
-1.56570971
-0.51699120
-0.11317581
-0.15732706
0.96357858
0.53957534
-0.96390313
-0.40578711
2.14265680
-1.09487617
-0.20008725
-2.59611940
-0.64763111
0.73092484
-0.38887092
0.02875134
0.44193006
4.39898109
-1.44670677
0.65968806
0.94046712
0.55847889
-0.03351623
0.78468305
1.26328588
0.11075312
0.33552131
-0.17989054
1.11657250
0.43788838
-1.34009147
0.24768126
-0.34928584
-1.36950815
0.11038230
-0.02026660
0.00909720
-2.91500831
-0.42465746
-0.68885612
0.58971518
1.92214012
-1.43629110
-1.60692763
-0.46461818
0.19732976
-0.44976076
0.74970233
-0.09573698
-0.93012059
-0.80544370
0.09260136
0.66975027
0.62400645
-0.30158025
-0.25797725
-0.08363047
-0.40783960
-1.90194511
0.25913841
-1.06568122
0.78266513
0.07384408
-0.01814917
-0.02177579
-0.06508549
-0.37415814
3.63050556
-0.24944347
-0.50264454
0.37593889
1.50575185
-0.14976999
-0.27636147
-0.35423821
1.09655678
-0.95811224
-0.10365859
-0.27911955
-0.32747394
-0.26904351
1.05095613
0.19026703
1.94522333
0.31520653
-1.06305575
-3.41779375
1.16584539
1.14968181
0.75489002
0.90037203
-2.95540571
0.12168194
-0.82208037
0.01258647
0.60357881
0.23069644
-0.92153633
0.50643748
-2.89355707
-0.41949853
1.92018759
0.06192516
-1.16969168
-0.08419591
0.50223184
0.69931412
-0.37370360
0.29820010
-0.16442655
-0.21044363
1.00719011
-0.10542656
0.60458755
-0.51911521
0.43382597
0.91167498
-0.89575511
0.71694583
-0.17885613
-0.44746467
-0.73011422
0.05046624
-1.56203294
-1.17410433
-0.32752952
2.12894201
0.93522441
0.83134985
-1.73686051
-0.34472361
1.71778381
0.73925716
-0.23716442
-0.64078343
0.80428994
0.27059895
-1.63185954
-0.52117193
0.61711431
0.20932257
0.09488845
1.28715241
-0.55014116
0.14269944
0.27050459
-0.76336384
-0.02599519
0.92528939
0.12713882
0.08507687
-0.35387427
-0.42796078
1.47866225
-0.54951131
-0.38947803
-0.00265908
0.43239209
0.91493750
0.87195206
-1.20855963
1.16725552
-0.63129979
0.23432434
-1.36838365
-0.37074471
0.21868704
0.32046387
-1.19583333
-0.49384910
-0.37894791
1.00693381
-0.04756181
-2.28301072
0.50488245
0.84491390
0.53383064
-0.29094750
1.27854705
-0.26628247
-0.69647902
0.94089007
-0.67701453
-0.05455230
1.76689947
-0.44405186
-2.04254150
-0.40379766
-0.14683627
0.69266880
-0.66289175
-1.28820431
2.33850908
-1.17099905
-1.49143028
-1.23608029
0.63473904
1.86618936
0.70751739
1.38683558
0.05826432
-1.10944200
1.83459580
-0.28738031
-0.01814368
0.65868932
-1.05989754
0.25839061
0.96565998
-0.14762343
0.83388734
0.62142801
0.60633159
-0.54184198
3.98214197
0.60435176
0.33704501
-1.39035058
-1.41652727
-0.65659416
0.83548427
1.15033460
-1.46231759
-0.25642440
-0.20831041
-0.02204478
-0.05433834
0.99867773
0.43319461
0.53815180
1.12402189
-2.12506199
1.29029632
-0.42061582
-1.22847319
0.19020802
-0.07337064
2.10139489
-0.64441550
0.32085615
0.03501779
0.26896179
-0.38310540
1.17681897
0.35719022
-0.36614168
0.05546587
-0.05819745
-0.31670806
0.47242424
-0.07686244
0.19274889
0.03078267
-0.27259359
-1.67625940
0.26649606
0.31159675
-0.20022437
-0.44937938
-0.18503845
-0.86288643
-1.65882540
0.31729794
-0.44379035
-2.15163326
1.71237659
-0.05761057
0.19404516
-1.02719462
-0.52562994
0.28330770
-1.37483692
1.79490948
1.19624865
0.06654859
1.90644026
0.17677501
0.40414816
-0.24552625
-0.35835397
-0.58229703
0.44881457
-0.17540598
-1.60592198
-0.25731868
1.46455944
0.14185876
-0.38502416
0.76991361
-0.22079429
0.51290613
0.79928583
-0.43471006
0.51044822
0.44447303
-0.63590080
3.21895885
0.00657746
-1.99715233
1.36811924
1.60467494
0.29875985
-2.89008188
1.38394129
0.95269865
0.51878619
-1.32610679
2.70401120
-0.15247555
0.10804617
0.58348358
-0.04575829
0.95885694
-0.30458096
-0.09794922
1.35030651
-0.39946586
1.19301260
1.19148397
-0.15495121
-0.89506674
-1.21373594
-2.31831121
0.02852714
0.32762673
0.09549488
-0.49461871
0.21788320
0.22881162
0.05127545
-0.72907364
-0.03081968
-0.09737825
0.52416277
-5.04601097
-0.36647391
-0.32102329
-0.10591841
0.02433810
1.95412338
0.71997166
0.52791309
0.74419063
0.03696430
0.46993881
1.24741769
0.05971773
0.34770542
0.76578003
