384
0.54758632
-0.15627015
1.44572902
-2.09026432
-0.45115954
-0.21832487
0.55306441
-1.69423807
0.30606657
-1.36798763
-0.14868817
0.19841711
-0.28250128
-2.10894728
-2.41117287
1.44525206
-2.40704727
-0.13895938
1.07316911
0.07308477
0.06943780
0.37642115
-0.07593711
-0.54547638
-0.16882461
-0.25123551
-0.36706105
2.34172487
-0.89413452
-0.24046561
0.10142367
-0.01157770
0.09370784
1.58162415
-0.28482115
-1.85383534
0.02405480
-0.10904233
-4.60971880
0.17084628
-0.21122994
-1.08501387
0.27519077
2.00609279
-0.91719490
0.72837782
-0.41643772
-0.35767844
-0.31880349
0.34880608
-0.26731896
-0.55130309
1.56164503
3.94591570
0.33459908
0.51022494
-0.01286998
-0.18538830
1.09494591
0.86199582
0.73796988
0.38705719
0.11746682
0.57429630
-0.40265110
-0.38536465
0.15093543
0.64293075
-0.32064342
0.08872225
1.68974113
-0.07122491
-1.31080937
-0.80073720
2.04651833
0.89491373
1.93387055
-0.67686188
-2.06900859
-0.18113020
1.74058115
0.00975926
0.51630491
0.25183600
-1.60054052
0.27465948
-0.08156598
0.24720946
0.19932742
0.50067651
0.07398207
0.37201095
-0.04010509
1.09546518
-0.04646923
-0.48829904
0.23278254
0.17939699
-0.67658412
0.64937735
0.45051932
0.35720471
1.78880382
0.08213633
-2.26601171
0.21706219
-0.40074596
0.53678590
-0.47285599
0.13302964
0.21038494
-1.51347661
-0.38512409
0.30230987
0.03522054
0.15011267
0.28955275
-0.21765883
2.65932274
0.79520059
-0.39868063
-2.12167430
-0.19649193
-0.90295476
-0.01326790
-0.04808152
-0.62724972
0.40036708
0.14310130
0.85610664
0.16693230
0.22385877
-0.06756802
0.92448509
-1.86247635
0.04635119
2.31186891
0.57430589
-0.85979605
-0.66409475
1.35162318
0.48303223
-0.30578923
-0.68977183
0.41886917
0.29915416
0.89310801
0.59485829
-0.09887931
-0.70411158
0.78084493
0.16401544
-0.03856808
0.64876223
-0.25744095
-1.63709426
-0.11754051
1.38273525
-0.87794834
-0.62715650
-0.13461345
0.30112413
0.77635634
0.86622036
0.18677884
-0.11515106
1.98067558
1.92639124
2.34164524
-0.86419207
0.92007017
0.68788981
-1.77542508
-0.47072759
0.00366902
0.98034978
-0.19989926
0.51999009
-0.26638880
-0.07476368
-1.90776610
0.04834203
-1.10063279
-0.19854835
1.06648970
-0.70202118
-0.48471308
-0.35744932
1.83437681
-0.62180603
-0.00453228
-0.06018835
-0.10096357
0.97390711
0.96288073
0.46681359
0.95840108
-1.43820858
-0.16503341
-1.35211706
0.71563506
0.32510450
-0.07628298
-1.22584736
-0.16952422
0.10040990
-0.03835437
-0.50317270
-1.61184978
0.32923359
1.16172063
-0.29068902
-1.15545368
-0.44214040
0.46001416
-1.25136185
0.65701169
-0.20494969
0.55314010
1.02336812
-0.09001562
1.11312985
0.32771441
-0.14054766
-0.10887416
-0.04139595
-0.76785821
2.56743050
-0.28031135
-1.49366546
-1.97773385
0.36232507
1.16753030
0.44017109
0.04216790
-0.90651906
-1.48291683
1.70105410
0.22130089
0.35539541
0.49728787
0.22835883
0.19669245
-1.58491027
-0.70527136
-0.40851146
0.40588796
-0.01499865
-0.81799155
2.25195050
1.03224063
0.04105251
0.74395281
-2.13224769
-0.44789410
0.19843087
0.97157329
-0.00019436
-0.19616368
0.43672782
0.09970823
0.68997180
1.97799504
0.71243727
0.56990248
0.06510793
-0.39680231
0.35466114
0.00461109
-0.08231664
0.71817601
0.02293427
0.77897722
-0.21161416
-0.23944768
-0.33952248
0.17030364
0.09150918
1.25457406
0.34174389
0.99068552
0.59936476
0.68931305
0.46900421
0.49695846
0.30088827
-0.06651361
0.08834167
-0.02995784
-2.53799558
-0.40240341
0.40201518
0.13991417
-0.99086249
-0.34628338
0.57571173
-2.22164154
1.25461197
-0.04415444
-0.52855742
1.08806634
-0.17776820
-0.15406644
-0.18782276
0.74657804
-0.66294956
0.61341077
1.16933835
-0.87501138
-0.17855871
0.70681876
-0.13708967
1.28858113
0.79744434
0.01160670
1.50132728
-0.48959556
-0.27121237
1.59262419
0.25485876
1.57372224
-0.34352905
-0.21017772
-0.04018980
0.03999514
-0.52400136
0.89375049
-0.39644212
0.08183807
0.22507285
-0.85240185
3.18846130
0.29579604
-2.02138829
0.41109788
0.11695164
0.04778673
-3.07603025
-0.05774047
1.75900960
0.06918716
-0.69919574
1.25724792
0.05935153
0.57173252
1.38046718
0.26486450
0.42783502
-0.15291631
-0.33046645
0.27689457
0.26051101
1.03508067
0.48661155
-0.83350605
-0.19390494
-0.18749663
-2.57652926
0.38297769
-0.02354527
0.05119995
-0.33960810
0.24729210
0.15064585
0.02103579
-1.10603333
-0.64684725
-0.92040765
0.18213147
-6.28609848
0.13873066
0.08085711
1.50776947
-0.00472277
0.98447716
0.06351671
0.27036494
0.32005560
-0.23815733
-0.33740032
0.80954391
0.31939721
0.07484554
-0.13391630
