384
-0.97042990
-0.62423110
1.16830087
-2.28924251
-1.25727630
-0.00812119
0.47405723
-3.18589807
-0.07098204
-0.95898134
0.05406977
-0.03669458
-0.44197685
-1.47760820
-1.99772036
0.67779720
-0.11813979
-0.10954743
0.91308624
0.50317419
0.40243453
-0.54436052
-0.44778585
0.60746539
-0.25988784
0.81394523
0.12068313
1.71568131
1.49920678
-0.42703974
-0.53929132
-0.13829187
-0.66231239
0.59616119
0.32395267
-2.55100203
-0.61810583
-0.66008872
-2.33026314
-0.79742253
-0.11480270
-0.62047601
0.58034176
2.97664833
1.19069350
0.05028095
-0.51764566
-0.97022074
-1.57964182
1.75333703
-0.01339254
0.08036962
2.09104371
2.65611410
0.23606640
-0.12562691
0.35439846
-0.06083107
0.60334074
0.65308225
1.09437978
-0.32103366
0.07034589
0.89053130
-0.06987227
-1.42188931
-0.38511023
-0.39173007
-0.19583845
0.55452931
1.85197806
-0.90287560
-1.49356389
-0.69449949
1.39823461
2.14394522
3.41205287
-0.31730658
-1.08013082
0.18094176
1.14009595
0.52933180
-1.45021689
-0.69174314
-1.06135774
0.25782162
0.21101955
0.51910800
0.32359147
0.05986281
0.25984621
0.36279202
-0.05733277
0.13290599
-0.23638131
-0.68395579
0.52992350
0.67552626
0.12426636
-1.26137269
-0.03729503
-0.43771189
3.23472667
2.25945473
-2.51352930
0.54590690
-0.92952716
0.26052311
-0.27524811
-0.25935081
0.94415045
-0.93998575
-0.78774011
0.86918038
-0.41123378
-0.34508121
-0.12846240
-0.23160738
2.37896776
-0.20533139
-1.48008633
-2.95839834
-0.04218715
-0.43609479
-0.72742242
0.47259414
-1.67511630
-0.33741254
-0.41252637
-0.02061129
1.21201408
-0.48660207
-0.32329014
0.28709224
-1.00794208
-0.56756288
1.51650310
0.05751667
-0.26278183
0.74451071
1.85367584
0.27914527
-0.75608480
-0.56436682
0.60266840
0.49601811
0.00073686
0.26385418
-0.02169583
-0.08238399
1.12117028
-0.09579872
0.08876061
0.03576003
-0.54581934
-0.32917887
-0.53906500
-0.34726936
-0.50102824
-1.20806003
-0.42330766
-0.63205379
1.27728915
0.60831386
0.17515346
-0.09101287
0.93779796
1.75351727
0.34843796
-1.08832800
0.89886904
0.23983726
-0.17946899
-0.03712121
-0.11247269
0.48195824
-0.41423079
-0.29322699
0.64660859
-0.06143182
0.30679452
0.32917121
-0.96560466
0.62701261
1.45970440
0.00513262
0.29462764
-1.05356026
1.74870300
-0.77670002
-0.43235135
-0.02708986
0.41282827
0.58220679
0.42087394
-1.05422282
1.35221767
-0.97737849
-0.20557587
-0.14330745
0.54838020
0.24125463
-0.48479888
-2.25920773
-0.18500057
-0.80063558
-0.46956837
0.79027730
-1.91708231
-0.14597397
-0.06045945
-0.35476017
-0.23650818
-0.46667671
-1.75608587
-0.50274384
-0.20943734
0.57445502
0.00204581
0.31914365
0.01405919
-3.22104883
1.20269036
-0.12131501
-0.84633267
-0.32034534
-0.37174970
0.92421234
-0.98069185
-0.55968589
-0.24225432
-1.32628703
1.76421845
0.18607852
-0.02456647
-0.96275032
-2.01579618
0.98710614
-0.03282335
-0.45349494
-0.03933226
0.34602261
-0.20687824
1.44297338
0.99705213
0.31981659
0.11976494
-0.20065272
-0.57008898
4.13424492
0.20853767
0.17825443
-1.64918005
-2.42956758
-0.81609172
-0.59379172
1.78824902
-1.48048353
-0.45151293
0.18123040
-0.46792012
1.60176754
1.59687793
0.40020069
-0.18080693
-0.27004069
-1.37415540
0.22313258
0.01691671
-1.41423285
0.22360611
0.49671745
1.07990611
-1.20009637
-0.50990844
-0.28023922
0.12979209
-0.41543454
0.96517920
0.00180683
-0.03548136
0.68688494
0.27979225
-1.19230425
-0.00024654
-0.44509435
-0.16084179
-0.04969137
0.16479677
-2.49762535
-0.77405810
0.35483995
0.10045685
0.41362524
0.11852551
0.51952690
-0.77615619
0.90844452
-0.39981395
-1.46155322
1.36605132
0.00213383
0.25984472
0.29044181
-0.56276119
0.13173431
-0.03620771
1.50801098
0.86904275
1.44600940
2.15821910
-0.92211831
2.22348595
1.02975297
0.52062666
-0.20042256
0.22897416
-0.83789676
2.52135324
0.17544200
1.64196301
-0.06561165
0.30289996
-0.32565218
-0.14775525
-0.71899337
0.30269325
-0.26102123
-0.11602246
0.12202899
-1.15876400
3.38348055
-0.41521043
-0.46716744
0.63330042
0.52441472
-0.14761324
-2.17975068
0.05142666
-0.01289618
0.43194121
-0.79831725
-0.64092642
-0.17522149
0.28037378
0.47012508
0.00141010
0.50067866
0.10058832
-0.23532514
0.26793098
-0.27115530
0.19129881
-0.32849103
-0.74626416
-0.97629321
-0.65106225
-1.05272377
-0.20715052
-0.41823921
-0.09386813
-2.31154442
-0.05457605
-0.18255644
-0.02799854
-0.53242886
-0.07595775
-0.48137021
0.33576375
-0.07351685
0.84957457
-0.09758643
0.48649436
0.14305547
0.83014810
0.40941748
0.91776043
-0.08997571
0.56456500
-0.28941000
-0.57880628
0.45610696
0.77615309
-0.35428745
