384
1.02493417
0.55030060
-0.10878748
-0.17400846
-1.76629639
-2.24877667
-0.33658177
-0.50770819
-0.50589442
-3.73854733
1.27545607
-1.45460629
0.36825824
-1.71087122
-2.43765903
2.02978611
0.76714790
0.25186077
1.25284791
1.22529829
-1.43156803
-2.30242586
1.19504404
-0.72507948
-0.72990775
-0.91293526
0.69872695
2.90634274
-0.79054427
0.54507565
1.01923883
-0.02071776
-0.10765521
0.41160294
-0.12140262
-2.81169915
0.57493114
-0.46285862
-1.71990204
-0.58921677
-0.94550395
1.99903619
-0.60350156
2.87975502
-2.13979459
0.30305597
-0.01735735
-0.00715986
1.09632826
2.80023956
2.42061162
0.28655055
2.12115240
1.33522177
-0.04853705
1.06146479
-0.09017371
0.96551281
1.89733529
1.09872425
-1.56205511
0.52459449
2.02335763
0.49865335
-0.27544785
-0.28675669
-0.71987569
-0.30475697
-0.58880597
0.49559399
1.40338123
-0.73192006
-0.52413994
-1.33838546
-2.58695507
-1.93304300
0.03100681
-0.56863636
-0.53137016
-1.46409929
0.18785924
-0.34963048
1.75361681
-1.64648712
-0.34039676
1.07985032
0.70268393
-0.01986607
1.66857100
0.27900493
1.68544745
0.27772143
2.38643360
0.02667202
0.39915815
0.59651256
-0.27531275
-1.42222822
-1.84140539
0.69336247
-0.12549639
0.08267719
-1.22199976
-2.02199554
0.09306133
-0.26653472
1.43614173
0.01517831
0.44824204
0.66709793
0.82876736
-0.95270467
-0.23743352
0.47487223
-0.18222290
-0.85191512
-0.86461532
-0.43462130
2.20454311
2.29416776
-1.61402178
-3.33782673
-0.33932272
0.01054450
-3.12566757
-1.63947964
0.81750798
-0.30013704
0.69124484
1.84995210
-0.61156458
-0.31497037
-0.08856312
-2.02578688
-1.37686551
0.99059594
0.47208053
-0.09984156
-0.31372303
0.32791409
0.06538957
-1.40265405
3.90068817
0.03249578
0.14525147
-0.19793993
-1.14171636
0.98030740
-0.75202394
1.00305700
-0.47476852
-1.50854599
1.45752072
-0.51660794
0.75937384
-1.55819488
0.61679387
0.86213911
-1.67592800
-0.73261881
-0.39002529
1.99211264
2.60660338
-0.73714042
0.74216175
0.29246992
0.54103976
0.76405489
0.55686969
-1.25571775
-0.12476471
-2.21730661
1.85674989
-3.05212903
0.31245348
1.42072690
1.01146126
-0.69239295
0.83589715
-0.34033737
-2.43408489
0.08691369
-2.03625727
0.70624083
0.85830635
0.20791933
-0.50444621
1.66210389
0.62006134
-1.91076720
0.57715571
-0.02215236
-0.18596447
0.47333735
-0.58685035
0.60168695
0.82587337
-2.24433351
1.17516112
2.58750033
0.37826481
-0.03358503
1.26007199
-0.68009764
-0.40047932
-0.13594015
0.54522806
0.51864743
1.39115882
-1.21119428
-1.29152989
0.19028294
0.23944861
1.41184568
-0.03131981
1.30224729
-0.55827284
1.35585284
1.43258500
2.02860951
-0.77824020
2.59402394
0.57601941
-0.22963235
0.47133380
-0.00660111
-1.54772723
0.73762667
0.94194514
0.44909334
-0.58569318
-2.35837197
1.75085711
0.39684907
-2.48361635
-2.16029644
1.06421578
0.84688103
0.35793883
-1.35577488
-1.53700519
-0.13490316
-1.06069243
-2.55049467
1.94885683
-1.46717429
0.50332421
0.56152368
-0.44360915
0.77659315
-0.48323381
-1.43456697
0.08945942
-1.62303007
-0.24955292
-1.23219419
0.49849635
-0.04278371
-0.83669204
1.42758083
-0.22379822
1.06620193
1.11317432
0.06124859
0.73568952
-0.21958143
-0.17560840
-0.08030647
-0.75934851
-0.57480633
-0.79032075
0.27884626
0.49869639
0.16278113
-1.13071382
1.03421378
-0.45208386
0.33699319
0.48304272
1.20769799
-0.27761012
1.96482730
-0.83805680
-0.58640760
0.86147028
0.17026874
-0.93719196
-0.78855789
-0.40583202
-0.58091235
1.41408134
0.13749290
0.39807439
0.48597801
-2.97262216
1.51059687
-0.05428320
0.96038496
-0.63370776
1.80727720
0.92351890
0.91416925
-0.94050705
-1.23008060
-0.86411375
-0.35484764
1.10656810
1.73929548
-0.38117862
-1.24738073
-0.58949494
-1.05706131
0.61333561
-1.43683386
-0.06678971
-0.93890971
0.87498581
0.91701674
-0.58725893
1.67563653
0.26910618
0.54099953
0.25011027
0.74955964
0.11621226
-1.02985501
0.04683709
1.56142116
-0.21976092
-0.02675170
-1.48302412
3.80371952
0.69358695
1.74304438
-0.33647013
-0.29694679
0.87279660
-2.63951063
-0.80505961
-1.54647839
-1.02472878
0.75382286
-0.65392488
-0.87415397
-0.15453671
0.09638384
0.70971549
1.24324763
0.17200574
-1.56157088
1.12748933
0.57147896
0.15852386
0.50374776
2.14711881
-1.84409678
-0.72308880
-2.87846208
-0.53611755
0.76985300
-0.48673129
1.50249219
0.35078990
-1.16599715
-0.66914219
-2.39533973
0.59269321
0.39932263
-0.99215913
-2.05004930
1.08261836
0.45414373
-0.57752925
0.07199180
0.96333289
-0.25051606
0.82080770
-0.37746716
0.41010976
-0.82715535
-1.14030814
-0.29581332
-0.04707945
-1.12684739
