384
-0.87521183
-0.71317619
1.60125804
-1.67918169
-0.46915001
-0.73172796
0.45467612
-1.48732710
0.52924085
-2.59908819
0.07399696
-0.13754946
0.41572022
-0.35659909
-2.61114645
0.61026686
-0.36467728
-0.08410218
1.05451965
0.22827980
-0.40638715
0.03319561
0.02289179
0.65931129
-0.84525925
1.94720674
-0.34602183
2.92556214
1.52775967
-0.20171283
-0.42855883
0.06424385
0.36081797
1.52480066
0.01759720
-1.61505854
-0.14489980
-0.23545313
-1.23815560
0.19797280
-0.50814009
-1.12753475
-0.54678047
2.80976582
0.01882784
-1.93127871
-1.41029930
0.23720375
1.21209419
2.57093120
-0.25632650
0.80575144
2.74788976
-1.66604340
-0.39389968
-0.06350525
-0.21159664
-0.08914298
-0.35677958
1.58484995
-0.35212645
-0.35849887
-0.61275589
0.28477025
0.59299874
-1.99960375
-0.24404301
-1.78355086
-0.10777676
1.03621912
0.81253040
-1.05026340
-1.69842815
-1.10983944
-0.67818272
-1.23368025
1.84598255
-1.11762953
-0.47443777
0.38341960
0.94201481
0.47847158
-0.52189887
0.25237837
-1.64419258
-0.58370584
-0.44931874
-0.01611325
-0.27896416
0.48429471
0.86490703
0.28987834
-0.43438423
-1.29007721
0.48344046
-0.58973259
-0.18011335
0.37027404
-0.22335470
-1.18980801
0.00662910
-0.13243324
1.88866556
0.69345802
-2.42411256
1.65427983
0.78095478
1.19472027
-1.49300408
0.11949738
1.02519739
-0.68892229
-0.58207560
-0.40183863
-0.16455720
-0.13668272
0.48824394
0.07265697
2.18761563
0.06621858
-2.03732967
-4.02319241
0.50450307
2.02745152
-0.52880794
1.26636529
-0.48822883
0.31786060
-0.95863992
-0.15980828
0.74232340
0.33659688
1.06051707
-0.90084767
-1.17456639
0.93311381
1.92946935
-0.69832677
0.10753401
0.34552839
0.50367451
0.09789473
-0.57077360
-0.76467097
1.52893925
0.17075235
0.33271545
0.98438650
0.84363562
-1.05778861
0.92622757
-0.68277287
-0.31154972
-1.22933388
0.07021134
-0.08160675
0.13297044
-0.29457808
-1.40570545
-1.15720224
-0.55044508
-1.36794031
1.96709764
-0.16585851
-0.29514676
0.34824622
1.66020298
0.97680652
0.53269047
-0.80680907
-0.05469616
-0.06523550
1.06918645
0.56815451
0.17457679
-0.62253213
1.91742849
1.62032676
-0.03162283
0.24193473
-0.39090252
-0.61753231
0.44235140
-0.46730027
0.66392809
-0.15037692
0.28426290
-1.04209089
1.59399724
-0.74939901
-0.29435483
-0.45829558
0.80998456
0.59396672
0.28400615
0.42466289
0.53400624
-0.85906190
0.44864124
-1.40256941
-0.65958440
0.69195879
-0.02827186
-1.04662180
0.47221473
-0.68311709
-0.55429518
-0.21723647
-0.69028103
1.26579356
0.05332056
-0.05240460
0.21201484
-0.05793733
-1.61017680
-0.61612153
0.03162993
-0.54556441
0.44935629
0.67344630
-1.16847944
-3.69058871
0.84058630
-0.16728467
-0.57995760
-0.18180169
-1.05207372
1.22248471
0.36089629
-0.08301893
1.28782642
-0.30442286
1.82826078
0.26859465
-0.95500743
-0.74912584
-0.61229658
1.28845966
-0.75501841
-0.29408795
1.47659731
-1.14365757
1.38022470
-2.12087512
2.33999515
0.86847150
0.16786861
0.15396312
-2.16020560
2.47130418
0.51520956
0.27019686
-1.33436465
-3.05359268
0.02519749
-0.18186736
1.52497959
-0.75481415
0.30870116
-0.93933839
0.25485516
1.40246034
1.84425044
0.37827444
0.55588233
-0.05209143
-1.16358280
0.52046645
-0.33916914
-1.48699713
0.07465750
0.32673585
-0.44296440
0.50455064
-0.98719871
-0.17394799
-0.05400799
-0.45858753
1.15279353
-0.01040980
-0.20610705
0.70346576
-0.32196379
-0.30891138
0.55727911
-0.02039436
-0.47885793
0.16613093
-0.28256989
-1.97459722
0.13697833
-0.09023101
-0.23728657
0.43645626
0.22492623
-0.95872515
-0.25782323
-0.91077662
-0.17118619
-0.13891582
0.51774216
0.67048854
1.02865362
0.56093711
-0.13129392
0.19266687
-0.41730928
1.22126389
1.89900625
-0.10197169
1.70707583
-0.43862244
1.19811630
-1.45498872
0.32870191
-0.76977026
0.82764173
-0.74696231
-0.69459355
0.19861245
0.55489492
0.38589412
-0.60923028
-0.91254008
0.00231241
0.31577218
0.18581939
-0.75788832
-0.19284929
0.32040179
-1.37915015
3.65132523
0.29121840
-0.73951942
0.05786613
0.60797799
0.24014990
-2.24486995
-0.04910712
1.08789694
0.34190872
-0.09781020
1.40867996
-0.25777984
-0.35414955
0.31893873
-0.38497186
-0.63336754
0.14914930
0.06392487
2.10050511
-0.02110025
1.29880917
0.62014467
0.23876916
-2.32829714
0.18367589
-1.18387198
0.09967995
-0.40968269
-0.53350532
-2.80655742
-0.65988797
-0.23182386
0.03303505
-0.87960589
-0.08552010
-0.04577309
-1.08976817
-0.08401659
0.14637204
0.10407154
-0.48953119
0.65654397
1.08313298
1.17887354
0.22838815
-0.50910854
0.84444159
0.35937631
-1.48140347
-0.75595361
0.37610823
0.18049411
