384
0.70769256
-0.73905504
0.20553997
-0.49282610
-0.58181953
-2.00311947
1.71036530
0.04805386
0.52544355
-2.10308599
-0.30121952
-0.14065489
0.09288180
-0.67540312
-2.37450695
1.55217087
-1.18339741
0.82829046
1.14783370
-0.37390751
-1.28546822
1.39818692
0.75050169
-1.10406995
-3.17554235
-2.14138222
-0.14984065
1.92068172
1.23593688
-1.25687456
0.30806434
-0.30612314
-0.26249430
3.59555674
0.78830022
-1.31626129
0.13943781
0.00844061
-4.90573168
-0.61405694
0.02836502
1.97969210
0.46809119
2.01793671
2.54185224
1.71305811
-0.30216256
0.09273213
1.56406105
0.21859205
-0.26449689
0.44520611
2.39220715
0.07366514
-0.25278130
0.04125177
-0.08454884
1.02000856
2.72391605
0.93725955
0.12231986
-0.37305906
0.49373773
1.10042858
-0.81807458
-1.89133596
0.66621178
0.77178907
-0.47835365
0.01481880
3.44879723
-0.59544694
-2.11475015
-1.27562284
-0.32084429
1.25989830
1.69147515
-1.65854752
0.71064150
0.01861333
2.11373377
-0.16336474
-1.73637033
-0.25360483
-0.86818928
-1.04823267
0.04566076
0.24944663
0.55925107
0.25546509
-0.35396945
0.72099251
0.21324143
-0.23376578
0.43551743
-0.77924812
1.68105054
0.86536026
0.28670228
1.49205446
-0.55591303
-0.25366098
1.74620771
-2.76603436
-0.17971516
0.19648650
0.82843339
0.57254398
-0.19478482
0.02762097
0.27841184
-0.03594171
-0.05919659
0.00092001
0.38544726
0.76666075
0.13255537
-0.32536569
2.78301430
-0.44117981
-1.49144948
-1.54935944
-0.99258351
-1.71394300
-0.67650354
0.32603905
-2.50188780
-0.44945556
-0.81360304
-0.29668221
0.67983973
-0.00149958
-0.24264295
0.14331695
-2.17368937
-0.18399858
0.83876473
0.24835959
-0.72156274
1.30193615
0.89750719
-0.64752316
3.10864282
-0.27156019
-0.52537072
1.02167928
-0.77619255
-0.00357988
0.60318512
-0.73707223
-0.21104833
-0.70762980
-0.15789278
0.00991810
-0.29270637
-1.17036736
-0.97973967
0.74341542
-0.34629351
-0.84007132
-0.05288569
0.40203422
0.31028730
1.36816466
0.52198625
-0.17420855
-0.33541980
-0.57705265
-0.57296181
-1.31411636
-0.17350706
-1.38805127
1.36188912
-1.24842477
0.96867490
1.59019911
0.37431753
-0.95186251
-0.73347896
-0.32039809
0.13316429
-1.39047778
-2.23946190
0.07801256
-0.67839915
-1.05887222
0.50679135
-0.30145729
0.59461915
-1.02036726
-0.75671566
-1.01894510
-0.31621027
0.69751012
0.80296022
-0.98187363
1.38251209
-0.96574521
0.57741439
-0.40586096
0.79453123
-0.95030200
0.18336059
-0.52164668
0.39859504
-0.32720345
1.07963490
-0.00632038
0.54015881
-0.38868278
0.23121290
0.04898273
0.59079438
0.25741637
0.24336070
1.19300330
0.77781731
0.51280618
-0.43814740
0.60802573
-0.39137092
2.94564652
0.76307189
-0.13171223
0.22742677
-0.30152375
-1.67450833
2.13688397
-0.37804556
-2.94559050
-0.08400542
-1.25937283
2.14247918
-0.38216773
0.13336563
-1.84728634
1.63017082
1.04201722
-0.62759352
0.28691867
-0.83139783
-0.79042757
2.08147931
-2.25096083
1.36095977
-1.73826694
-0.57163650
0.62871909
0.52091235
0.90796477
0.65839684
0.27442345
-2.31579113
-2.40954280
0.16956395
-1.12313867
0.62840182
-0.75096440
0.14538383
0.38386697
0.44132528
0.58698088
-0.41542947
-0.10565123
2.12401819
0.56236863
-0.12887791
0.98291886
-0.46706411
-1.03050292
-1.51635325
0.01453440
-0.02184974
0.35179639
-0.71509033
-1.08393455
0.12351382
0.45486858
-0.04937588
-0.77165729
-0.03834911
0.90968531
-0.06432346
0.02017336
-0.66437352
-0.56366301
-0.56187391
-0.19276516
-0.08954309
-1.58091521
1.29906201
0.34310812
0.15250659
0.49420875
-1.09133279
0.22395393
-0.45396996
0.30859503
-0.31568810
-0.96499276
1.86231577
0.19443274
0.68954146
-0.16829273
-0.88752705
0.08810006
-0.43056765
1.80754185
0.97937703
0.34019899
1.19119155
-0.39873099
-0.38094684
1.34208035
0.26585650
-1.88933706
0.41510189
0.10709937
-0.29262474
-0.33494654
-0.89513230
0.86711448
0.42100936
0.34419957
0.28114337
-0.52354842
0.67358828
-0.47596723
-0.81194896
0.45220399
-0.23544461
3.15304279
-0.21681476
1.75556421
0.33042085
1.01978230
-0.17153488
-3.31230545
0.62738717
-0.93475115
-0.33928367
-0.89642918
1.18041193
-0.29768604
0.70929015
-0.00154704
-0.20302761
0.21098769
0.13343365
0.12897930
1.61071193
0.52117282
1.84925365
0.13481843
1.35814095
-1.67766309
-0.52917129
-1.14602709
0.63683075
0.05696800
-0.19556673
0.25383970
-0.02633300
-0.16872554
-0.10488121
-0.78872317
-0.32101861
0.66794491
-0.92576593
-2.26976037
-0.07562406
-1.11091542
0.62051743
-1.06203353
0.30629370
0.52117920
-0.10796194
0.86392605
-1.02845824
0.57743829
-0.15760951
-0.57202214
-0.94111300
-0.28699058
