384
0.17707065
-0.22070959
1.37200975
-0.59457779
-0.49674925
-0.87721765
0.32202005
0.38873041
0.38977307
-2.01975250
-0.02404314
0.18190032
-0.10475029
-2.17027283
-2.75207114
1.31156850
-1.88426173
-0.02872005
0.81933409
-0.36832464
-0.32063323
0.14995800
0.03259735
0.03799325
0.33503246
1.47206759
-0.53417987
3.36918521
-0.01199597
-0.33328679
0.00588915
0.10120634
0.52467453
-1.19780791
-0.15349352
-1.39277661
-0.08967485
-0.20609900
-1.85548818
0.36684161
-0.32057810
-0.56302196
0.07768837
1.82216930
-0.48285449
-0.63012648
-1.48699272
1.45091975
2.28650737
0.80109608
-0.39165083
-0.81733960
2.04636240
1.97049785
0.22258060
0.29684097
-0.08820101
0.46580634
1.25636899
0.86869675
-0.85995448
0.47317737
-0.20034540
0.70630550
-0.07110602
-0.41258615
0.03546575
0.35201553
-0.26533195
0.10449436
1.15465033
-0.04534824
-1.07512844
-0.93484539
-1.82221782
-1.14280581
-0.65754938
-1.38046575
-1.88107061
-0.11487328
0.70759141
-0.24299332
0.32898802
0.29957274
-1.63576317
0.13390778
-0.39690593
0.87046045
0.16883101
0.33018309
-0.15494615
-0.08988703
-0.18840441
0.64166731
-0.09821753
0.26652071
0.28093424
-0.02729813
-0.82705569
0.01226975
0.47546759
1.09106147
0.30017018
-1.78501129
-0.90946412
0.02092128
1.05655575
0.24653205
-0.37124997
-0.71836179
0.49059290
-1.34440088
-0.30737957
0.61113214
-0.08380703
0.34498602
0.61825734
-0.08842317
2.69746161
1.67748165
-1.25648403
-2.45185566
0.16179702
0.27699518
0.14617996
-0.05524442
0.49724370
0.69879031
-0.17528088
1.23074770
-0.33993492
0.55129659
0.16716984
0.01726237
-2.15204406
1.17429972
2.08305955
0.26255122
-0.51332390
-1.11564624
0.07130098
0.89753127
1.84751666
-0.20834276
0.58082819
0.10153835
0.74749100
1.30042005
0.40357891
-0.71321827
0.15977672
0.22734034
-0.03346623
0.19806154
0.12415090
-1.77834582
0.16686186
0.93891692
-1.26491117
-1.24705482
0.14687562
2.23841524
0.94389266
-0.60964155
-0.29529113
-0.03600170
1.42060542
2.15789771
2.39687943
-0.09433627
0.56356871
0.45296690
-0.82731098
-0.51002795
-0.52700943
0.17240572
0.57221633
0.43001086
0.29744142
-0.04622067
-3.53311157
-0.10920002
-1.57227051
-0.20718166
1.30718338
-0.02774531
-0.43506825
-0.12225980
1.81995201
-1.05514407
0.03081496
0.01731649
-0.27465469
0.74922478
0.27327776
1.05842304
0.95871121
-2.39066291
0.14806539
-1.17528534
0.56537664
0.56934887
-0.00755600
0.05982488
-0.05689796
-0.03895447
-0.13971618
0.06542396
0.43276113
0.46551174
0.98848295
-0.26132569
-0.26137310
0.58780318
-0.20013100
-0.48298317
-0.02114879
0.47916609
0.25734133
1.00955033
-1.28218889
0.21716756
-0.02107596
-0.13828136
0.33305335
-0.10022940
-1.65639043
3.16823483
0.49499547
-0.90798581
-1.29193342
0.52483338
1.02831054
0.57364917
-1.77717781
-0.71715629
0.93725145
1.17233515
0.30104893
-0.07108264
0.90956444
-0.21221793
-0.60519230
-2.10252333
0.66336823
0.11522829
0.17492670
-0.01012591
-2.16812634
1.64955449
0.58449233
0.08005840
1.07340407
-1.11198163
0.23216671
0.00548662
1.11682057
0.96402693
0.13816841
0.44262880
-0.05526058
0.33892176
2.24237394
0.63093263
0.31180376
0.33382466
0.08802688
0.10554449
-0.08398344
-0.02671784
0.57715750
0.00357629
-0.40024194
-0.35855067
-0.23548460
0.25678259
0.55234885
-0.01859945
1.13092244
0.31251785
0.01556495
0.61204708
0.21594232
1.67786872
0.34847510
-0.23287591
-0.44848001
0.14641476
0.06864869
-2.05994749
0.54103363
-0.24300738
-0.16804436
-0.14238657
0.07754296
0.18989269
-2.19168782
0.10136065
-0.08449227
0.26229858
0.46754336
0.48251995
-0.18332595
-0.36928678
0.74220437
-0.93614304
0.03197347
1.04105389
0.29788664
-1.87212420
0.31160021
0.00386361
0.47992247
-1.07549298
0.12526786
0.17490679
0.95058334
-0.29477149
-1.05183899
0.09561089
1.10070086
-0.19407123
-0.14974435
0.81000364
0.31201765
-0.29813883
0.67658275
-0.05325759
0.00028029
0.69718528
-1.31802487
3.76020479
0.37384847
-2.15041828
0.30756992
0.31669098
0.30966547
-2.36853909
0.11842059
1.71422946
0.04698199
0.25780123
1.81671214
-0.03864309
-0.38752887
1.06131434
0.24536389
0.55809927
-0.10723390
-0.27505815
1.34015024
0.15245567
0.43082297
0.62947720
1.22896814
-0.36308062
0.03359143
-2.55239344
0.33089638
0.40853935
-0.17759150
0.21791238
0.16739771
-0.09777868
-0.41181535
-3.29149699
-0.52975875
-0.51228774
-0.89729476
-6.47059441
0.04275618
-0.00588330
-0.71257180
0.36766014
0.99218023
0.07666077
0.36725166
-0.29728726
0.68380201
-0.53071749
-0.90067542
0.05805421
-0.12656221
0.21465465
