384
-0.99117994
0.16999608
0.88412964
-0.23563200
-0.65361857
-1.53177953
0.28250045
-1.87840748
-1.26988256
-1.53162003
1.51660657
1.12065923
-0.41597939
-1.24587488
-3.11745930
0.35465977
-0.47593039
-0.95580798
-1.28458238
-0.77731466
-1.16949153
-0.54630351
-0.35276371
0.70400381
0.29742029
-1.02332366
-1.03235197
2.70249820
0.95049560
0.61846673
-1.42479718
0.37280938
0.80115557
-0.63586336
-0.20645231
-1.77109158
-0.44522557
-0.67670089
-2.75912070
1.99639773
-0.14413404
3.34154367
-0.34081757
2.16474605
-1.93911552
0.61695445
1.14378643
0.69917530
-0.62501740
1.13976884
-0.38548368
0.17219770
1.88667297
3.48703718
-0.41553438
0.71906567
1.03507745
0.09338337
1.75863564
-0.53154081
-0.34250617
-0.54836828
1.31452250
1.16257977
1.32348239
-1.25374842
-0.55784941
-0.45882601
-1.10868490
-0.03699439
-1.20551109
0.32108822
-0.64368957
-1.35360277
-1.42346537
3.45125031
1.27651691
1.26805830
1.00912440
-0.07918490
0.75793219
-0.51281446
1.34732664
0.23645218
-1.14166701
0.34206903
-0.72074544
-0.04471135
0.15891811
-0.96934164
0.24264297
-0.78014314
0.54798853
0.18534398
-1.03618824
1.09372687
0.21079974
-0.08396627
-0.61096358
-0.60922760
0.05946818
1.20841837
0.21981609
-2.63866138
-1.56918979
1.12829769
-0.67127204
-1.05172086
1.02253437
-0.71657038
1.39014745
-1.21583569
0.56482095
0.42888567
-0.25546032
-1.62060583
0.56809789
0.80099028
0.61745989
-0.27604038
-1.60903621
-1.36925185
0.91919267
-0.10411561
1.17933977
-2.43966889
-0.62007809
0.86396921
-1.79081011
1.06303978
0.12089963
-0.12141101
-1.37722099
0.79007578
-0.48967817
1.00689411
0.71350682
1.25126195
0.05352959
0.16041425
-0.02149901
0.02708656
4.34712696
-0.10822453
-0.57999223
0.62319380
1.13719690
-1.27137423
1.14138520
0.05800122
-0.38824829
0.01511987
-0.36840221
-0.43326926
0.32331020
0.33060247
-0.67894739
-0.79309642
0.09670532
-0.52842122
0.32113069
-0.64751065
0.96143496
-1.35333943
-0.02021613
-0.38774067
1.15964508
1.32641256
-0.18362355
-1.23563743
2.11130691
-0.06113851
0.63885021
-1.46641850
-0.71032083
1.55940676
0.83439285
-2.08255243
0.65682602
0.10422784
-2.18628621
0.01683641
-3.07690811
0.20002143
-0.00811884
0.17361794
-0.69283748
1.35175347
1.75398755
-1.63894331
-0.09263656
-0.27291030
-0.23915926
-0.26985654
-0.76903802
1.12992275
0.09489988
-2.24139380
-0.51106030
0.56898701
-0.62957942
0.52181327
0.18009928
-2.44074869
0.31998235
0.32289022
0.71368408
-0.24479985
0.28630376
-0.93872035
-0.33056098
-0.12318325
1.23961926
0.07051039
-1.11020851
-0.28385943
1.41181326
0.41061735
0.73104131
3.07033420
-0.29921010
0.36984798
-0.30457109
-1.12240446
-0.92017227
-0.28566754
-1.80220962
0.07434115
0.01587939
0.52968520
1.08085942
-0.21379304
3.17527294
0.73655254
-0.38497323
-0.01094111
2.65617442
-0.21592900
-0.60398465
-0.16547792
-0.55499959
0.69462395
-0.15498047
-2.01750994
1.73565078
-0.70300746
0.62889075
-0.08984698
-0.60798937
1.16307175
1.70280302
-0.50258136
-1.30975568
-0.78199995
0.09971023
-0.26071164
1.38932705
-1.34769273
-0.30547452
0.74279517
-0.70384037
0.11429186
0.53709340
0.00321987
-0.46593100
0.22288477
-0.97565538
1.38329256
-0.85866714
-0.33196083
-0.70134073
0.18623179
0.28211287
-2.25667048
-0.66858101
1.16855657
-0.51612365
0.17508920
0.91472483
0.50369346
0.26909304
-0.88837570
-0.89444375
-0.76734281
-0.89250886
0.37596107
-1.39301217
-0.72982121
-0.68456715
-1.00777733
0.30365282
0.11457441
0.64955825
-0.29396331
0.66427922
-0.62243569
-0.30608505
-0.18395752
1.36086905
-0.52429569
0.28059089
0.84491587
-0.85098165
0.67173165
-0.05213705
-0.03026978
-0.36325759
1.94032419
0.36452094
-1.46981990
0.09986187
-0.09105636
-0.51886678
1.19592285
-1.12281609
-1.62314713
-0.00228423
0.53589976
1.61380780
0.13553399
-0.83918649
-0.32329506
1.21527302
0.85195279
1.37701881
-0.34237498
0.46928373
-0.70959103
-0.65137899
0.27768600
-1.25744712
3.71499443
-0.02512222
2.88518596
0.67864585
0.33207995
1.00991249
-1.76040006
0.30757836
-1.09487271
-0.39291948
1.94316840
-1.29321980
-0.05341893
-0.73741257
0.14140150
-1.07886398
-0.28073701
-0.31945434
0.32879087
0.99667007
0.18951395
0.43319234
1.36734080
3.06820631
-1.40724587
-0.77642477
-1.75155556
-0.27733287
-0.12686411
1.08433735
0.37160230
-0.32755601
1.49123812
0.85649788
-3.48530102
0.31838435
-0.23926984
-1.24754119
-0.52041304
0.50811142
0.43388405
-0.35848770
1.40847981
1.44092917
-0.32795116
0.90779448
-0.08172522
0.44099790
-0.16571635
-3.44014597
-0.55035919
-0.35252154
-0.15373351
