384
-0.74549222
0.78657663
0.45773983
-2.03352880
-1.35694098
-1.00378501
1.22670937
-2.22532940
-0.42412326
-1.11421072
0.17740801
-0.33249542
-1.19678390
-1.76224637
-2.17966914
1.47105193
-0.51180518
-0.53164333
0.19706500
-0.02650767
-0.06384981
0.30327982
-0.30031782
-0.92153955
-1.35664213
-0.88092768
-0.19194183
1.62390375
2.33563232
-0.06521808
-0.68985510
-0.16057150
-0.66951680
-0.38425565
-0.22152223
-1.41052723
0.41592497
-0.40804982
-3.96536684
-0.15854779
0.49203932
0.89558232
-0.27871799
2.17871881
1.16584945
1.49287915
-0.33389539
-1.07384622
-1.78710532
-0.02357560
-0.61658573
0.26900831
1.46724522
4.19428349
-0.05046397
0.08904244
-2.15746665
0.97169328
2.26667738
0.00534287
1.25523996
0.71837437
-0.28551218
0.59788179
-0.18180665
-1.39865100
0.31789172
-0.24718212
0.76214612
0.25738794
0.82393652
0.21959333
-2.45345378
-1.34740353
0.82004529
3.19189239
2.68839192
-0.40294927
-0.59363979
0.20038171
0.94448590
1.02884674
-1.28994977
0.21890102
-1.00455666
-0.42766345
0.47971660
0.91270894
1.56006610
-1.38943827
-0.30921260
1.36015642
0.28983995
1.46831918
-0.19444236
0.52495527
0.32300061
-0.41033995
0.80554271
-0.98878562
-0.47732005
-1.57623422
3.59784651
0.18380952
-0.83206064
1.16606462
-0.99482673
1.03393447
0.00568039
0.75023800
0.25482070
-0.97599643
-1.39011943
0.23264849
-0.20437226
-0.59105247
0.20554003
0.13432375
2.05918360
0.77396148
-1.37990463
-1.43354917
-1.11762297
-2.26500940
-1.00653815
-1.19617391
-2.15765572
0.68468827
-0.22679906
0.15114349
0.83568430
-0.28528613
0.21877193
0.19920605
-1.00581980
-0.99922669
0.97769403
0.49687880
0.36915553
0.26532441
1.39223361
-0.67372513
2.33630037
-1.74062896
0.01885253
1.68224525
-0.28518593
-1.54318690
0.51427263
-0.30713654
0.57656062
0.95363426
0.04280335
0.36251867
0.00590000
-0.40863922
-1.08568263
0.20671007
0.42000958
-0.49389267
0.24073558
1.52198577
1.33602977
1.30967724
-0.38492987
0.37082282
0.15636492
1.28054619
-0.00068736
-1.78895617
0.57473159
-0.03573596
-0.02331910
0.22633429
0.27395758
0.52643716
-0.04903752
-3.06661510
0.34547317
-0.02096297
0.06412518
-0.80034184
-2.70443583
0.58635873
0.64008468
0.62154591
0.83602130
-1.30939221
1.18330836
-0.70025754
-0.91020143
-0.70718420
0.05967125
0.41611362
0.55345863
-2.22727513
0.93734753
-0.95301890
0.55125165
0.72681868
0.72949332
0.13019773
-1.35476279
-2.07439327
-0.18706357
0.01623873
1.14587224
0.20133474
0.13612917
1.15641344
-0.58174807
0.57326096
0.70480329
0.06976995
-0.96617782
-1.51920271
1.43646836
0.47527635
0.79852724
0.80938303
0.49465987
-0.60791922
0.64348263
-0.22760558
-0.59470457
-0.28370267
-1.68306565
0.17098409
-1.42566872
-1.18899059
-0.72008634
-1.06799757
1.91663516
0.19469054
0.75640416
-0.36333522
-0.25491941
0.20656705
-0.08242682
-0.09948979
-0.82391340
0.05743682
0.88999051
2.33661938
-0.16211742
-1.00032508
-0.53376669
-0.22485676
-0.22248143
2.62346983
-0.22856501
1.14509499
-1.87113738
-0.90495133
-1.30135632
0.15076593
2.28726912
-0.82405818
0.77102190
-0.08329222
0.59259498
1.00867605
0.54082882
0.33584315
-0.22091831
0.15248896
-0.52004045
-0.16438144
-0.21864682
-1.02070665
0.45353526
0.64367813
1.33387756
-0.92215919
-1.06558931
-0.12451619
0.09407195
-0.15085736
1.44841599
0.49088666
-0.71496910
0.40004298
0.11205876
-0.69126785
0.84440368
-1.17694879
-0.99821460
-0.52108949
-1.04879081
-1.78703201
-0.16156733
-0.51278639
0.85366613
-0.40178001
0.07531029
0.02838922
-0.31968635
1.18150997
0.59952843
-1.68713975
1.55726564
0.57016999
-0.48851281
0.32017547
-0.59683442
0.74277508
0.09241937
2.12889004
0.33091015
1.15859699
1.46905303
-0.62877285
1.24882209
2.04628611
0.18501560
-0.96196389
-1.09643590
0.56272721
1.98643374
-0.73905003
0.80592197
0.34049597
-0.56659168
0.63803792
-0.52968287
-0.79849780
0.14674237
-0.42487451
-0.11945564
-0.12325555
-0.60060650
3.56110239
0.31938890
0.82771909
-0.23638315
0.96764088
0.64659745
-1.83786881
-0.65237975
-1.30343854
-1.44114137
-0.47501925
-1.13056231
-0.17193845
-0.05316982
0.47230893
-1.21273124
0.32964289
0.26319626
0.25566682
0.20879281
0.14759289
-0.79547197
0.14545147
0.47022361
-0.51207548
-1.24781597
-1.32916594
-0.87561345
-0.05572703
-0.26727596
-0.11296651
-0.09382350
0.12551621
0.29589832
-1.13213110
0.38679472
-0.80107713
0.34293744
-0.32797754
0.58228540
-0.11382913
0.46103531
-0.15772328
-0.09735046
0.78872812
0.40006006
0.50447190
0.21477047
-0.74449795
-0.75695145
0.82715833
0.29597089
-0.92432094
