384
-1.46567535
-0.33300239
1.20064282
-0.70630956
-0.90599447
-0.30657479
-0.30283427
-1.96567678
0.21937589
-2.35124040
-0.40213415
0.38707930
0.26049650
-0.05067682
-2.78014565
1.28560889
-1.16057372
0.60414338
0.03657818
-0.80372900
-0.21782956
1.08866656
-0.71140558
0.54196006
-3.07469940
-0.98351812
0.44645184
1.99947906
1.63479280
-0.61746585
-0.68483150
0.56118608
-0.23961431
2.31643963
-0.03643460
-0.73180026
-0.74153227
0.39364725
-5.08922720
-0.47820848
0.22496627
1.46348524
0.14579482
1.78339887
-1.11585748
-0.64244163
-0.76416773
0.30246183
0.73235041
1.55153012
-0.26200965
0.53766626
1.31000781
-0.77906346
-0.26413187
0.53547823
-0.33701026
0.42120939
2.23534489
-0.35460091
-1.06577945
0.71334630
-0.55731422
0.54203099
-0.05141771
-1.70083904
0.09102114
-1.06395006
-1.24165237
0.53019190
1.12248325
0.11257020
-1.05572987
-1.81852651
-0.08240789
2.10456848
1.90379500
-0.76645923
0.93896943
-0.26232815
0.29662904
-0.16177160
-0.01395662
-0.53211749
-0.62609822
-0.07061884
-0.01841781
-0.08117762
0.17702414
-0.18098944
-0.19544166
0.06337300
-0.07908784
-0.94876313
-0.38998520
-1.02328229
-0.25519130
0.34188846
-0.18506634
-0.58284473
-0.13752973
-0.31363952
3.34813833
-1.40117872
-1.81730652
0.63699305
0.68964070
-0.90036523
-0.67052698
0.40422767
1.54499030
-0.34864873
0.52024662
1.10632586
-0.47086620
-0.06237961
-0.12100069
-0.20496830
2.65243793
0.24780658
-1.87168276
-1.75613976
0.79413337
-0.81584603
-0.22967619
0.14178985
-1.67637849
-0.75863791
-0.15327154
0.45477617
1.37736392
-0.70151120
0.23613194
-0.23295137
-1.10290968
0.36694232
1.99166870
-0.46212351
-1.53584158
0.95601320
1.63039851
-0.29543847
2.30937815
-0.12627606
-0.59392142
-0.23109540
-0.75009334
0.11665467
2.06101322
-0.53151435
0.37356597
-1.26404548
-0.37934792
0.23095727
-0.43261734
0.82859552
-0.19826485
-0.59195441
-0.82521260
-1.19505596
-0.41936243
-1.27813876
1.15195107
0.27442601
0.20142218
-0.64100862
1.32056069
-0.14968699
-1.25526309
-0.69307995
0.40767580
-0.75840950
1.47615540
0.09799539
-0.04626924
0.86349356
1.76644588
-1.08675492
-0.51576817
-0.25969952
0.33405435
-0.44434640
-0.99876034
0.67637682
0.05976909
-0.55532718
-0.44168603
0.54825062
0.95680755
-0.79177415
-1.50612164
-0.58446753
0.16145110
0.70894003
0.11542870
-1.78892791
0.76772165
-1.38541949
0.25250292
0.27969748
0.11794475
-1.01730406
0.60331213
-1.17181635
0.44022444
-0.90451974
0.31313586
0.46816194
0.90143329
-0.04910858
0.18008566
-0.68094379
0.76978230
0.65966296
-0.68152398
-0.50602829
0.57173806
-0.19129691
0.05911061
0.91559815
-1.06088185
-1.46875823
1.76157165
0.70716476
0.73217380
-0.11325474
-1.01259971
1.22956347
-0.64998150
0.31928962
1.86045027
-1.92285502
2.91043711
-0.31012133
0.05836138
-0.83529180
1.85804355
1.08025038
-0.41081315
0.00302869
-0.36865655
0.15958780
1.37181973
-1.00240004
2.42254066
-0.49696890
-0.31571001
0.71237493
-1.43000829
1.86706281
0.05178396
0.01664257
-2.86092806
-3.50757456
-1.47824156
-0.45758748
2.15123892
-1.37629652
-1.09677696
-0.33011514
-0.33888882
1.09164262
-0.39494175
0.86823297
0.81792092
0.42719865
-1.31789207
1.72290158
0.15177220
-0.79505908
-0.83987141
0.52894682
1.98338473
-1.58030963
-0.03380521
0.70850134
0.08246320
-0.15684015
0.70324183
1.39374602
-0.44014850
-0.13265631
-1.04733419
-1.79071069
0.50180072
0.35324407
-0.77989864
0.66665924
-0.03526480
-2.40638614
0.27898595
0.66770053
0.53976536
0.40459269
-0.93137699
-0.65635169
0.02473205
-0.47111452
-1.05810452
-1.37437260
1.31526279
0.30511752
1.00633752
-0.06238471
-1.24272847
1.29304433
-0.42351031
2.57411551
1.70111752
-0.06019014
2.04613090
-0.50823700
4.02803135
0.97556525
0.22011188
-2.12538552
0.65031338
-0.34434053
0.03048694
0.17919523
-1.76413834
0.41375631
-0.04598399
-0.16903096
0.04090730
-0.26427117
0.68664253
-0.88452673
-0.59362859
-0.07463326
-1.56549704
3.29579306
-0.76171720
2.30809641
0.67461473
0.96200764
-0.10575721
-2.12824488
0.02171609
-0.26943037
-0.03881073
0.85217571
-0.08447194
-0.34813869
0.47097740
0.12930946
0.34949011
0.10224786
-0.21543303
-0.15215787
1.59794700
0.54117799
2.15303421
0.31605625
1.24741495
-2.71344852
-0.54100883
-0.82899690
0.74973822
-0.21401249
-0.46179047
-1.49564934
0.56757891
-0.47498772
-0.30506003
-0.72005802
0.30956027
0.25224626
-1.78163922
-0.69626427
0.28279489
-0.04875244
0.42124325
-0.60109597
0.79004836
1.42485237
0.35160598
0.38853413
-0.42237994
0.11515751
-2.60287666
0.19403332
-0.69711828
0.06281197
