384
0.50010782
-0.00813320
1.54687548
-1.28698337
-0.32639682
-0.14870220
0.57658643
0.69502783
0.55445492
-1.86476135
-0.20574677
-0.05262379
0.50884950
-1.89329910
-2.27540874
1.19512653
-1.81059361
0.02390027
2.28767037
-0.24391761
-0.46387532
0.54611492
0.13173416
-0.71139318
-1.33922064
0.34116802
-0.36901653
2.74897122
0.47191316
-1.24676096
0.27312744
0.10463371
0.26949850
2.06612015
0.04067244
-1.33858228
0.37240660
0.14910217
-0.58139920
0.69238937
0.17695656
-0.22804642
0.23606889
1.70768011
0.24649914
-0.30002692
-2.11915040
-0.20680596
1.36030483
-1.36652970
-0.22710377
-0.75321984
3.96265364
0.30068308
0.22417125
0.77545786
0.01795502
-0.25858980
0.18914175
0.39162081
-0.41176197
0.05267368
-0.04204270
0.97617131
-0.19693449
-0.58611494
-0.07316228
0.97888809
-0.48536846
0.06598522
1.37465501
-0.10294251
-2.43160844
-0.99506575
-0.84239447
-0.87866324
1.54980719
-1.59669626
-2.32883620
-0.18932182
0.54130280
-0.24268577
-0.05006026
-0.36209416
-0.74771321
-0.24003720
0.35141164
1.18001211
0.11310743
0.45841753
-0.45994174
0.21722624
-0.19540855
-1.10491955
0.09143291
-0.35063073
0.28078204
0.08363569
0.69243515
0.98792839
0.11594284
0.26224467
1.88424420
0.27250946
-0.88824731
0.18985344
0.97751772
0.55961919
-0.21617854
0.31856966
0.82589519
-1.34042048
-0.41986805
-0.01223038
-0.24959278
0.16068088
0.86313963
-0.33645117
2.40837693
1.70901322
-0.76882893
-2.37827635
0.62971520
1.04548681
0.04811537
1.22195506
-1.21946788
0.80410314
-0.15475443
0.77521366
0.58281094
0.65421152
0.28125444
0.28219026
-3.37553430
0.34311220
1.71654058
0.17888105
-0.03543361
-0.19098988
0.81667835
0.15168713
1.14095140
-0.62594450
0.21275452
-0.08956152
0.87106872
0.06809689
0.01790029
-0.50751507
0.82531470
0.53818774
-0.18632345
-0.01928588
0.37102571
-0.97317278
-0.30990946
0.41309690
-2.40309691
-0.88208997
-0.27247947
3.06221533
0.88665891
1.49152851
-0.72267860
-0.02575091
1.22142756
2.20899677
1.41606379
-0.09684604
0.75216371
-0.12491021
-1.72258735
-0.08403774
0.69098216
1.09002185
0.48809800
0.10881215
-1.09793735
0.03092606
-0.71896446
0.30240387
-1.19554639
-0.47228181
0.54662383
-0.85499907
-0.58831078
-0.83491969
1.87299347
-0.65141284
0.22454011
-0.04344615
-0.15302797
1.43999934
0.98446584
-1.03617465
1.47089422
-1.36828041
0.13626648
-1.79795671
-0.22300479
0.38949221
-0.14196502
-0.31800714
-0.17695545
-0.42121881
-0.51148468
-0.58688051
-1.77962351
0.52207553
1.36981142
-0.01037668
-1.13221347
-0.08973373
0.03311902
-0.04531845
-0.27567700
-0.40195093
0.68877113
1.50843751
-0.33829716
1.27239931
-0.49403191
0.13923600
0.10911247
0.06623335
-0.99806488
2.40551591
-0.19881639
-2.66762829
-2.39390135
1.35274363
1.49662960
0.14248413
-0.01190954
-0.28846753
-0.84864205
0.53875917
0.24662575
0.32550055
0.77086955
-0.70708966
-0.31877989
-0.39280853
-0.33093673
1.65902185
0.87972778
0.09103626
-0.76249117
1.45807159
0.09023342
0.43743092
0.30384743
-1.87002432
0.92007256
-0.08174283
0.93236595
0.99131519
0.33994696
0.63006175
-0.01510127
0.89310873
1.75647902
0.65169770
0.15038301
0.11400747
-0.29976198
0.08031026
0.01978385
-0.58045357
0.19299710
0.17494792
0.31852025
-0.60134089
-0.16693974
0.08209541
0.33027434
0.22335896
1.08051515
0.06509894
0.20998999
0.22124177
0.76901829
0.75848329
0.23246284
-0.28120697
-0.68589967
0.24591695
-0.18748656
-1.66560626
0.54786885
0.17349638
0.42880505
-1.29064167
0.76868629
0.40339091
-3.06713820
1.66262627
-0.10063490
-1.03975105
1.58809948
0.35812241
0.26372963
-0.05822820
0.25108239
-1.12392604
-0.12280172
0.75643551
0.84821558
-0.61657667
0.78053069
0.26905569
0.04873383
-0.68451667
-0.40007836
0.49739918
1.00614262
-0.26017734
-1.55005956
0.30405760
0.88333046
0.02630144
-0.28193912
-0.06043684
0.20054495
-0.25080457
0.40754098
-0.17568512
0.42143652
0.62046927
-0.78024578
3.04752231
0.52803206
-2.93013453
0.88284481
1.50417590
0.28276074
-1.92403984
-0.08501366
1.27395308
0.09700205
-0.68863869
3.73728800
0.02314723
0.38246533
0.56668502
0.00504640
0.47386932
-0.34137347
-0.46746883
1.41568470
0.01624601
1.14262629
0.70905012
-0.72424692
-1.03836191
-0.57894671
-2.70654345
0.05594702
0.09212535
0.03309938
1.78974998
0.30822080
-0.44868216
-0.53605247
-0.73717153
-0.84228563
-0.22861817
0.30505502
-6.25414228
-0.08590101
-0.24502096
0.24192998
-0.73317564
1.09327877
-0.39301151
0.34008372
-0.28233221
0.50948477
-0.48723540
2.24919629
0.36318377
-0.33618873
-0.23656169
