384
1.86934018
-0.09046154
1.44116879
-0.81459737
-0.69234961
-0.89649343
0.51345873
-0.17734671
-0.06205688
-1.63402605
0.06017280
0.45586771
-0.23246318
-2.04382801
-3.82625580
1.14530218
-1.55574119
-0.06043440
1.79514563
0.08432215
-0.49939597
-0.12306257
-0.15024042
-0.11206836
1.13722527
0.76719570
-0.04217118
3.04644084
-0.46954077
-0.20394981
0.02293326
0.02437793
0.38643312
-0.05613369
0.22492747
-2.01067114
0.05234545
-0.26077819
-0.31527984
0.11643992
-0.28380018
0.41511929
0.28293398
1.92024410
0.31755438
-0.60368323
-0.90049458
0.48287854
0.86040443
1.03405786
-0.56221986
-0.49622163
3.12030315
2.58163595
0.35672566
0.29836401
-0.08036662
0.06611457
1.26766992
0.95657635
0.53871554
0.30904812
-0.02751905
0.53461766
-0.28364196
-0.99753559
0.18413812
0.25337094
-0.19717385
0.10487644
1.50597000
-0.30663833
-0.80317634
-0.65510392
-1.27415490
1.37283981
0.45461798
-0.33232608
-1.21329379
-0.20306343
1.37066770
0.01382676
-0.23715520
-0.02033776
-1.63709140
0.20083405
-0.44321775
0.78392059
0.42692792
0.51654142
0.33098745
0.18903364
-0.37735516
1.74325228
0.05107784
-0.13588582
0.57973635
0.11996891
-1.01376677
0.20503257
0.30587921
0.87517989
-0.60725868
-1.22949469
-2.37373185
0.36662781
-0.22570077
0.37653288
-0.51056576
-0.57565033
-0.00521618
-1.18644357
-0.36987600
0.50015801
-0.19826010
0.52588809
0.39883101
-0.06570223
2.49865246
0.91178852
-1.26088357
-2.51013422
0.11526546
-0.06967470
0.54029113
-0.22765699
0.51462966
0.23739001
-0.07051171
0.87376857
0.14969069
0.56343341
0.06213819
-0.75318164
-2.63698936
0.90670699
2.07413173
0.32762766
-0.33665335
-0.67427003
0.27783418
0.92093569
0.10532945
-0.13774069
1.14671016
0.57997966
0.78936625
1.37269616
0.45377350
-0.38245395
0.39575568
0.12278210
0.01312312
0.17528136
0.06324486
-1.60255671
0.29833093
1.47872198
-0.38973847
-0.92079264
-0.10290423
-0.47382796
1.12561727
-0.87219042
-0.32794595
0.08561184
0.84063280
1.70490265
2.29268169
-0.30423215
1.05459595
0.33463186
-1.06070411
-0.63143325
-0.56165189
0.41242555
-0.58332855
1.63275087
0.81353295
-0.05135036
-3.75777721
-0.14062953
-0.91303408
-0.15976915
0.35988793
-0.18379763
-0.44071764
-0.12291338
1.94574416
-1.54557014
0.26010573
-0.09032378
-0.34378478
0.69390070
0.11887559
2.59000301
0.90568626
-1.74893689
0.22919491
-1.38215876
0.20183650
0.35561267
0.04124643
-0.96227288
-0.02677658
-0.39472511
0.22009675
-0.00970828
-2.40318394
0.40641248
0.88153803
-0.27613124
-0.29075825
0.51174366
-0.79000241
-0.21069491
-0.27806711
0.40818566
0.01395404
1.34486163
-0.84783846
-0.37312436
0.31606102
-0.18860760
0.11370936
0.09130307
-0.45152062
2.99539518
0.77577943
-1.26788557
-0.77716708
0.08315159
1.73317647
0.38022438
-1.09543180
-1.29774702
0.15929094
1.21848929
0.03847076
0.01321067
1.36582196
-0.21735573
-0.24873739
-4.43450928
1.43896961
-0.15890193
0.15737253
0.09699154
-1.56742692
2.09950113
0.86201847
0.15563253
0.11546081
-1.22231007
-0.24485511
-0.72637069
0.50300753
0.09524132
-0.12624934
0.35828221
0.19599941
0.55094159
2.07183981
0.40750602
0.33058706
0.10220280
-0.46516168
0.13030714
-0.17390324
-0.59941429
0.68576652
0.30500194
0.45107877
-0.58290315
-0.50813848
-0.18453121
0.49707183
-0.14198065
0.90790236
0.16299868
-0.19314572
0.40477639
0.67297566
0.75130808
0.22703552
-0.03409135
-0.87013984
0.07195085
0.05697643
-2.11268902
0.56236279
0.01312748
-0.10646335
-0.36291584
-0.01215162
0.66013277
-2.33339500
-0.14672935
0.02377969
0.22830111
0.65821809
0.25281611
-0.40972900
-0.14248660
0.50222898
-0.71762335
-0.01214485
0.64465010
0.04469228
-0.87330949
0.68507683
-0.26805797
0.87103778
-1.18633103
0.51833916
0.38539329
-0.23983140
-0.51828861
1.17889833
0.27763519
2.98361301
0.18439874
-0.01070420
0.74350941
0.41301441
-0.44541079
0.98290700
0.16476926
-0.09485285
0.66076958
-0.52366406
3.87452698
0.12080635
-1.36205554
-0.02410774
-0.19311601
0.09886426
-2.87269449
-0.08831665
1.74791801
-0.01250737
0.58911777
1.64159393
0.00559655
-0.27174273
1.01933634
-0.05709618
0.27788997
0.13735983
-0.29130805
1.55216146
0.05916780
1.10978782
0.59926289
1.01599181
-0.27414489
-0.19316754
-2.36189580
0.57129270
0.22431831
-0.20060433
-0.48588312
0.23207676
0.77621633
-0.27073696
-2.59578395
-0.69888401
-0.02545437
-0.45438111
-6.34264421
0.02500118
-0.06713534
-1.16129661
0.13851456
1.18675613
0.37038594
0.24410017
-0.08818270
0.84484267
-0.51632184
-1.02781200
0.03299344
0.01271618
-0.06513609
