384
-2.48137140
-0.31766489
1.34673619
-1.03550935
-0.51068240
-0.93380803
-0.13600251
-2.12952662
0.23469552
-2.60383821
0.60897440
0.03770670
-0.26074314
-0.59411937
-2.47850180
0.56741595
0.02164850
0.10115109
-0.55648887
-0.71458447
-0.25784981
-0.80122781
-0.00037262
0.25847161
-0.52962065
2.08841968
-0.73289853
2.76571155
1.89471233
-1.21621859
-0.84252208
0.37093991
-0.76397657
-0.97558457
0.22764161
-1.65275204
-0.52246845
-1.00070703
-2.15394616
0.59311104
-0.07954559
0.30237037
-0.31610823
2.38510323
0.71339321
-1.42003942
-1.09912694
0.53823018
1.10051274
2.31785655
-0.40708882
0.59129143
1.83315897
-0.04338062
-0.48576260
-0.09679563
0.50084293
-0.39333588
1.47266531
0.22639200
-0.90301228
0.43073511
-0.25833651
1.10676217
1.45686936
-1.57684410
0.21741022
-0.25910163
-0.87820446
0.08622584
-0.52721959
0.58171058
-1.68964112
-1.24591362
-1.45336008
-0.18624216
1.35382950
-1.73463225
-0.37336341
0.37179989
0.68535256
-0.08519499
-1.06210864
0.71650279
-1.11048377
-0.79181510
0.08294076
2.01362753
0.07905495
0.42240638
0.17159823
-1.07122421
0.78959471
-0.94001007
0.91273689
-0.92437160
-0.29303977
1.35183442
0.79302156
-1.34384823
0.52965444
0.08409167
2.31030393
0.48877770
-2.04296327
1.02216196
1.11486149
-0.03716804
-0.72661370
-0.33536884
0.86027169
-0.94070637
-1.03442228
0.43565610
-0.44457543
-0.58328813
0.78357887
0.13664027
2.39271307
0.78454304
-2.60633421
-3.02717423
-0.04265114
1.20117760
-0.66129291
0.75872767
-0.76345289
-0.00174313
-0.51214206
-0.12349467
0.97605133
0.88026613
0.26474142
-0.81297898
-0.18222833
0.93723410
0.74884999
-1.32695746
-0.50739777
0.10578232
0.92920375
-0.04563159
2.65459800
-0.03469055
-0.04822800
0.01288281
1.20229614
1.42042387
-0.87961155
-0.64074981
-0.27151519
0.66346097
0.00442284
-0.55823922
0.82087278
0.50287426
-0.24493329
-0.57029349
-1.76401174
-0.85112280
0.06425087
0.48998696
1.58892369
-1.16241217
-0.68671513
0.33183163
0.89968675
1.54773593
0.17429739
-1.00286174
-0.07194363
-1.05409801
1.49227452
-1.30091226
0.62437993
0.25256383
1.91346109
-1.16489995
0.67764664
0.23027097
-0.43505114
0.22707856
-1.24115789
0.89695036
1.08985221
1.37255335
0.44272527
0.18956198
1.23942149
-1.29768097
0.81751597
-0.15703456
0.03039181
0.45338598
0.12726086
-1.11843979
0.37973332
-1.30324507
0.71241188
0.34675461
-0.11445370
0.57887644
0.03613144
-0.77800798
-0.90298390
-0.43969983
0.23415801
1.09318125
1.86869049
-1.97641683
-0.26296836
-0.19900557
0.87353164
0.20721525
-1.67247164
-0.89336878
0.24909383
0.87751395
0.08671308
1.15211487
-0.31857032
-3.60813928
0.31441873
-0.24684876
-0.27908248
0.07914510
-1.21269929
0.97453237
-0.13633883
-0.27969784
1.79369116
-2.45694494
2.60336852
0.74483478
-1.71771097
-0.60106063
1.72331285
-0.06845190
-0.38864434
-0.25121039
0.01318107
0.18961954
-0.82145929
0.58925438
2.40219021
0.20276764
0.41158795
-0.31948680
-0.86534810
2.53193665
0.61486059
0.11203617
-1.05501211
-2.41034961
0.09877691
0.30070949
2.31565666
-0.69229931
0.50194132
0.12741722
-0.31415018
0.40714046
1.15546179
0.18357985
-0.23367855
0.24793327
-0.55955780
0.40458992
-0.19450250
-1.56791055
0.22129630
-0.49256799
0.69943756
-1.95911884
-0.49676752
1.42382264
-0.97252548
0.62111175
0.75186902
0.61339128
-1.52133274
0.46021855
-0.95935845
0.02261897
-1.15247774
-1.06488836
-0.76358521
-0.39590418
0.09631399
-1.39326906
-0.09342746
-0.62177545
-0.02591534
0.55359620
-0.10654229
-0.85575384
-0.21624073
-0.31546250
-0.48946095
-0.74607933
1.07952714
0.89787406
0.14589423
0.23653246
-0.58683938
0.44577289
-1.05597532
1.70713568
2.24468112
-0.86656272
1.57431364
-0.12523484
1.72822237
-0.02737680
0.48842072
-2.21429753
0.57484424
-0.68985271
-0.73374069
0.30009273
-0.49036986
1.20842934
0.52066213
-0.27368584
1.32248235
-0.00712167
0.38336605
0.57316464
-0.01000839
0.10065808
-1.14901185
3.75757647
-0.11906567
1.13089776
0.22911590
0.43142715
0.45800760
-1.21649873
0.07081097
-0.34110618
-0.40486103
0.45479867
-0.74441302
-0.74486583
-0.84468395
0.55669832
-0.84211534
1.26913047
-0.37694570
-0.51895440
1.93101215
0.48553115
-0.06494901
0.63587987
1.98597777
-1.89272165
-0.79171884
-0.42053175
-0.24531375
0.29781368
-0.66505545
-1.60298479
-0.12521140
-0.72655106
-0.14770566
-1.96450472
0.32487187
-0.01073569
-1.19169199
0.01188442
0.60415459
-0.39415562
-0.68867022
0.09274369
0.28731853
0.89968675
-0.54769558
-0.44298065
0.59863204
-0.73725152
-3.16333151
0.20845757
-0.12278706
0.30970681
