384
-1.05338120
-0.78016186
0.89508349
-1.80948520
-1.01556230
-0.90684694
0.54503262
-3.37153721
-0.37236902
-1.70452332
-0.27642599
0.54767901
0.05159286
-0.81858200
-2.50858259
1.14937413
-0.51683360
0.52638245
-0.37001133
0.60809815
-0.20721453
-0.27912277
0.03556896
0.04014331
-0.31374386
-0.49670231
0.98334002
1.65860105
0.72354221
0.51943511
0.22358517
0.51676404
-0.17071456
1.08197212
0.74593377
-2.06743741
-0.22450624
-0.14942831
-5.00643110
-0.72873706
-0.31275314
1.83384764
0.72644091
2.66600990
0.44013169
0.40069747
1.02369058
-0.42967057
-1.21228218
1.74884260
0.17997868
0.10453939
0.78835940
3.72195363
-0.22121766
-0.66362590
-0.21143672
-0.38344365
1.87814450
0.56667674
0.60570729
-0.12031722
-0.19509643
0.58054900
0.82885736
-1.20953071
0.46535918
-0.49092489
-0.18812396
0.24316442
0.75722039
-0.77260113
-1.19031370
-0.76321781
1.24133551
3.48726511
3.05601430
0.11623202
0.44505829
0.02321870
2.54577160
0.13429458
-0.51674014
0.26861042
-1.09457743
-0.77133405
-0.30756453
0.63222015
-0.10498701
0.57477158
-0.72116876
0.12272087
0.32648265
0.65889925
0.49644059
-1.07375157
0.78611100
0.70880526
0.50337207
-0.63485658
0.04685185
0.60453528
2.25350237
0.76444936
-2.96848440
-0.13291691
-1.46578169
0.39532864
0.00790246
-0.53760612
0.73795956
-0.89583486
-0.22544026
0.66885543
-0.18494309
-0.26810825
-0.47546962
-0.04144587
2.27795887
-0.69931775
-2.12818956
-1.56800914
-0.88907439
-1.14905214
0.38967174
0.17311385
-1.24474096
-0.15230079
-1.22114396
-0.30220461
1.31454825
0.18357524
-0.18236831
-0.40218925
-0.85432851
0.41589919
1.74148786
-0.12387596
0.06119616
0.87920558
1.07928371
-0.04311094
1.99215078
-0.54022056
-0.33756107
0.94132924
0.00064431
0.74559844
1.07566929
-0.06944429
0.42786121
-0.35412818
-0.00759892
-0.25065464
-0.37535948
0.17114604
-0.73402601
-1.14349174
-0.18756598
-0.43387222
-0.28461885
-2.04127622
0.83271605
-0.69239074
0.89143062
0.03946505
0.60771835
1.76089251
-0.20245779
-1.30350375
0.99145603
-0.70493406
1.03213525
-0.54508382
0.34734979
1.31927538
0.40502307
-2.17775893
0.70723546
-0.20023650
-0.31534767
-0.09432530
-2.37336707
-0.08489093
0.78602159
-0.49356923
-0.16275850
-0.12066268
1.61781061
-1.58396006
-0.02320452
-0.23501621
0.00031325
0.91450381
0.17036960
-0.32098183
0.98163903
-1.62873793
0.60426724
-0.05058277
-0.16727872
-1.09879553
0.39027825
-1.70282304
0.76812351
-0.57760501
0.10491637
0.33672357
-0.02175462
-0.52144337
-0.01975697
-0.63549012
0.39997265
-1.13516712
-1.13527775
-1.01140642
-0.45718634
0.55912822
0.03997229
0.15648313
-0.00580853
-1.57686377
0.26745540
-0.03381907
-0.16043782
-0.64050376
-0.56235534
1.58858776
-0.08151735
-0.63937992
0.92496455
-1.60679579
2.76870775
0.05538533
-0.70429313
-1.62285066
0.58122694
0.08101626
-0.40664274
-0.05593865
0.17972466
-0.18464676
-0.56800687
-0.34751958
1.72642136
-0.46798372
0.09216512
-0.44949502
-0.60263789
2.38185883
0.76679909
0.15471359
-1.72812080
-2.90823197
-1.19274509
-0.63878268
2.13766384
-1.47446930
-0.71055222
0.61240077
-0.59441751
1.30503583
0.62380558
0.90341425
0.62001121
0.34322402
-0.30274701
0.74244952
-0.40563461
-1.09671426
-1.12602496
-0.29894835
0.92958236
-0.77832925
-0.49803653
-0.19385654
0.00935689
-0.12204975
0.45282078
-0.24049251
-0.15926538
1.18522942
-0.03588988
-0.91970199
-0.00081335
-0.13544489
-0.71206963
-0.31969315
-0.14055771
-1.83223939
-0.11184609
0.21791109
-0.05170638
0.65956450
1.51474714
0.16383639
-0.58384728
0.41677034
-0.21440366
-1.37417293
1.32871068
0.32458448
-0.09422559
0.04451811
-0.50601327
0.49846929
0.13763534
1.54242861
0.90249598
0.30472410
1.48657918
-0.20612399
0.23573796
2.12697077
0.87406075
-1.17809689
0.14548016
-0.02655432
3.14237165
0.12753424
-0.36833578
0.03205971
-0.08812319
-0.31714010
0.17121956
-0.07535481
0.46615019
-0.46155953
-0.73934639
0.06409290
-0.35031623
3.42923760
-0.43934852
2.50898337
-0.27751279
0.09865570
-0.09069397
-1.91639650
-0.80262041
-0.93349165
0.23686998
0.08771563
-1.38046956
-0.04053020
0.38252649
0.62102437
-0.36435229
0.80616301
0.83950484
0.03736536
0.16414350
0.25536716
0.94070733
0.62271887
1.06646705
-2.01544666
0.05222371
-0.62971425
0.36181214
-0.28277433
-0.21402401
-1.46757448
0.79571974
0.63515741
-0.56801248
-1.09671271
-0.24244334
-0.99799061
-0.53965151
-1.06974268
0.20420131
-0.19048570
0.81324154
0.12394766
0.63233274
0.18450586
-0.62109327
0.46921152
0.43636686
0.88276452
-2.66173196
-0.01765093
-0.76416910
-0.55341017
