384
0.59904468
0.86196131
0.07374567
-1.94450438
-0.37526953
-0.55750370
1.30093813
-1.45012343
-0.84711564
-0.70725375
-0.28805649
-0.50880599
-0.36946297
-1.60957086
-2.61127210
0.48957282
-0.33063194
0.23083113
1.19131088
0.80997634
-0.89607084
-0.16454193
0.42603835
-1.04994082
-1.75966382
-2.66125059
-0.50268751
1.63476193
0.17376514
0.04456251
-0.21831317
-0.20290984
-0.82024097
1.24358356
-0.54977918
-2.06455994
0.71169311
0.49889919
-4.54194927
0.69155860
0.21907413
1.60459137
0.26757079
2.42437148
-0.52402091
2.82311869
1.07598162
-1.18723238
-0.48063809
0.19228208
0.48039165
-0.41071007
1.50526750
4.54447126
-0.14603473
-0.01482103
-0.05916858
0.90453070
2.35984468
0.47894424
1.04589677
0.11438459
-0.78140724
0.68984002
-1.01451230
-1.06468022
0.13870227
-0.77543914
0.66884387
0.41884285
0.96558172
-1.14835799
-1.99782240
-0.32886434
1.18359041
1.50818217
2.19657540
-0.10895479
-0.72024220
0.32910717
1.84105849
-0.27181661
0.49697721
0.06839087
-0.58863437
1.55659175
0.74403733
0.02118674
1.17805195
0.31503299
0.83537728
0.24748427
0.81332886
1.32056475
0.29327470
-0.52303964
0.85547340
-0.17884937
0.06470230
0.48182538
0.64011681
-0.85986257
1.34964538
-0.89283025
-0.73829365
0.29172379
0.21954310
0.22536537
0.54290354
0.66877997
0.20229453
-1.14037073
-0.26694083
-0.59526908
1.38403773
-0.71688646
-0.26939270
-0.20784958
1.68150544
0.95621663
-0.73667133
-1.10836697
1.08875251
-2.20032978
-0.01961786
-0.63036346
-2.17435384
0.13833956
1.01984262
0.82733613
0.21535978
-0.40098023
-0.07793552
1.22889018
-2.28002048
-0.91108340
1.14104688
0.48162386
-0.45552748
-1.11860061
0.93776679
0.20110905
2.91563749
-0.76093578
-1.12712622
0.15666254
-1.39879298
-0.75427997
0.72484910
-0.23891157
0.66109276
0.56885993
-0.40100279
0.45425045
-0.66428065
-1.20740986
0.82093090
0.60160691
0.49858207
-0.07291701
-0.13662782
1.96522486
0.63691854
0.91756034
-0.13893643
-0.00468251
1.92665875
1.57261133
0.13636640
-1.64522111
0.95305073
0.23828819
0.22066495
0.07166658
0.79587638
1.56415772
-0.62206745
-2.37678170
0.42960519
0.56621259
-1.14750266
1.92269003
-2.03867984
-0.27623034
0.52666241
0.13654792
-0.48095381
-0.74482542
1.51384795
-1.97718966
0.37918544
0.42562217
-0.73052114
0.50233716
0.89410245
-1.27805042
0.10712026
-2.01549673
-0.50072324
0.85978389
1.14226055
0.49544290
-0.96880728
-2.24579072
-1.09287357
0.08427271
-0.47483438
0.41848129
-0.20345300
-1.01186049
0.14634253
0.55416811
0.20239335
1.03641510
0.03436765
-1.01803637
0.17951849
0.78315187
0.10222382
0.94339979
-0.15186077
3.18736982
-0.21920942
-0.55209845
-0.78978235
-0.54441100
-1.14244771
2.49958944
-0.32494661
-1.84520996
-1.87686849
0.24702181
1.70072281
0.50876874
-0.75540674
0.82504034
-0.27475137
1.15823007
-0.23093003
-0.74654675
-1.70351052
0.03538603
-0.67060101
-0.32361239
-1.83519244
-0.98960924
0.06598204
-0.18031608
-0.35672486
2.50019407
-0.54329807
0.43166885
-0.31912130
-1.30084491
-1.15339613
-0.32344437
0.94823861
-0.48810714
-0.33246267
0.28068593
0.17842042
1.31624472
1.16430831
-0.11600963
0.24671188
-0.40425646
-0.36939162
-0.12389150
0.34827185
-0.85532367
-0.45946571
0.35460162
0.98901737
-0.42447340
-0.72911447
0.79298294
0.21764246
0.17077547
0.99213755
0.26517403
0.00843367
0.06214889
0.26652306
-0.24802825
-0.47886342
-0.41173381
-0.50437850
0.15669096
0.91425371
-0.53652120
0.56123865
0.21333186
0.66443145
-0.99486476
-0.66647804
0.44120198
-1.39699721
1.60451317
0.06567620
-1.94814682
1.24312639
0.81358075
-0.08883154
0.87345964
-0.05532716
-1.13782287
1.51298547
1.82340622
-0.52405596
0.45181394
0.67175972
-0.29297358
-0.42313370
2.54997706
-0.66097909
-0.04706470
-0.66230512
0.31150088
1.42608404
-0.12987719
0.52270639
-0.33767396
0.33329082
0.97992319
-0.08775242
-0.56563365
1.21917367
-0.44445819
0.36909920
0.27664042
-0.90955210
3.23023677
-0.07142349
1.02009237
0.15812247
0.78912765
-0.36131659
-2.96060467
-0.72491717
-1.44357264
0.82399970
-0.57335585
-0.48361981
-0.04184208
0.53627688
1.08632421
0.05264738
0.49623054
-0.34422162
-0.47599280
0.01337063
0.87283456
-0.24089032
0.72821295
0.66304803
0.24702007
-1.72546530
-2.55297041
0.16335246
0.35280311
-0.42798358
0.96286124
0.45206150
0.14474533
0.63295275
-0.96630108
0.26533237
-0.65126771
-0.02718715
-5.81301451
0.78520292
1.14738166
0.96591818
-0.41681036
0.68822235
-0.66085637
0.25346464
-0.89365888
-0.72613037
0.23435557
0.75954574
0.55193657
-0.09616406
0.45759887
