384
0.80028063
-0.03817622
1.72484255
-1.46027315
-0.44917691
-0.29668865
0.25893527
-1.44393086
-0.56205291
-1.57903612
0.05373424
0.25410247
-0.22048795
-1.63253224
-3.58560348
1.15813518
-0.57910144
-0.10862672
2.02247190
0.09236421
-0.49359637
-0.38582587
-0.14600357
0.06006429
0.85335118
1.03004503
0.25511146
2.51482320
-0.33664384
-0.11899051
-0.12811282
-0.05793741
0.34248587
1.10347450
0.31558383
-2.19355702
-0.01091727
-0.32576582
-0.62726021
0.30242783
-0.24444461
0.12829435
0.06033081
2.35746384
-1.21264505
-0.81471539
-0.42950159
-0.28473210
-0.05354834
1.88531351
-0.26224497
-0.24056540
3.07473421
2.25150108
0.29921448
0.31959945
0.01937591
-0.45126608
0.96152985
0.86544180
0.55393410
0.22456996
-0.05975036
0.65984064
-0.27193645
-1.18544328
0.25628620
0.18940900
-0.44929552
0.18347786
0.58552378
-0.20625436
-1.10028934
-0.23009109
-0.03143051
1.82129395
2.01654148
0.19702488
-0.78895068
-0.16997115
1.50910330
0.46062616
1.10720968
-0.15972909
-1.10639739
-0.09776250
-0.49959487
0.81090486
0.33787599
0.23530400
0.36320931
0.18574196
-0.04307675
1.02724874
-0.07661722
-0.14871490
0.52904743
0.07423466
-1.02595401
-0.75380176
0.50904042
0.56128329
0.11510980
0.53114212
-3.44897008
0.34520912
-0.55289334
0.28788280
-0.45815572
-0.14933048
0.08270940
-1.30282009
-0.23368065
0.48223007
-0.09729716
0.17102170
0.40530771
-0.01390728
2.19320226
0.52028960
-1.35767961
-3.16547036
0.98400402
0.66564572
0.87253600
0.20509243
-0.00967300
0.30176404
0.11512683
0.65501571
0.34049278
0.18656135
-0.11899896
-0.65381229
-2.53506851
0.90198892
2.53898382
0.23842955
-0.48111725
-0.73428583
0.35760671
0.58912253
-1.29415202
-0.21309115
1.24283278
0.67149210
0.35459319
1.30055010
0.63160574
-0.37695256
0.82795882
0.05091356
0.09130380
0.00781996
0.31475323
-0.92036772
0.10418136
1.03237867
-0.64881158
-0.79233581
0.06977987
-2.05943203
1.77136827
-0.80817455
-0.11036101
-0.00857106
1.34528053
1.42445588
1.84273005
-0.81145829
1.30679154
0.08739042
-0.76728129
-0.34374624
-0.00500160
0.40203705
-0.32085052
2.25741053
1.06772411
0.07167342
-2.64932394
-0.20085491
-0.46747988
-0.07497904
0.42504364
0.08431342
-0.60069054
-0.35747504
1.94982219
-1.82439172
0.17348985
0.27788335
0.13339894
0.88998324
0.25348318
2.39875555
0.54636365
-1.50665963
0.14700460
-0.98745465
-0.22271380
0.42041898
-0.05959895
-1.60648513
0.01714841
-0.31251067
0.11990354
0.03017446
-3.08402133
0.25311837
0.67530543
-0.32403862
-0.49265295
0.29348177
-0.69003320
-0.92692250
0.10995284
0.11828166
0.01037879
1.44798732
-0.19718370
-2.22710824
-0.10475806
-0.08921798
0.10605510
-0.20291880
0.00744253
3.17978144
1.02593279
-0.43261698
-0.32069868
0.18696110
1.79918206
0.45263523
-0.94027841
-0.89137387
-0.98980916
1.47163308
0.01073967
-0.14430913
1.52567017
-0.37707824
0.26985425
-4.11506748
1.37759185
0.61631787
0.30406481
-0.12794740
-1.38961279
2.81125021
1.01938796
0.24591845
-0.38990214
-1.81858790
-0.74690390
-0.40820050
0.89454705
-0.65348387
-0.49155262
0.15858425
0.12148529
0.86320174
2.36985826
0.45762545
-0.08935271
-0.02507210
-1.31206799
0.17153178
-0.12135284
-1.08764791
0.69704050
0.04527817
0.61765289
-0.87697780
-0.36119902
0.36672825
0.37634522
-0.01445448
1.12545228
0.37848914
-0.39951408
0.54232621
0.55257058
0.20186096
0.25976461
0.00753063
-0.65686882
0.03151390
0.19242853
-1.99765956
0.19767600
0.10214359
-0.26949030
-0.24199553
0.51376075
0.58374560
-1.78842092
0.03156173
0.05713575
-0.53866291
1.42601800
0.01455122
-0.12814024
0.17223263
0.31805751
-0.17176667
0.12561733
0.94756556
0.27297115
0.00258335
1.17872274
-0.23037088
-0.09272391
-0.90527099
0.45544517
0.85631645
-0.27172279
-0.58203816
2.18218851
-0.06630636
2.96348238
-0.10318203
-0.01537191
-0.11475390
0.16125911
-0.13821249
1.06406367
-0.22944573
-0.05410448
0.49061948
-0.64519918
3.74315763
0.17448041
-0.85165656
0.27623010
-0.41362256
0.11701578
-2.97217441
0.12179743
1.54956508
0.31642571
0.21807647
1.57479668
-0.00139046
-0.33889651
0.69657290
-0.07346852
-0.28377324
0.17269902
-0.13728836
1.16533351
-0.02086650
1.29012418
1.10793626
0.55124503
-0.79242849
-0.18811113
-2.18772388
0.42010915
0.23257722
-0.39480013
-1.81018269
0.15194416
1.16727424
0.06014089
-1.22488952
-0.25482196
0.00096479
0.08774766
-6.45683861
0.29008138
0.20504159
-0.56807768
0.35390937
1.09856915
0.28804424
0.39243054
0.04773451
0.48924944
-0.06740739
-0.93264252
-0.21791670
0.20686540
-0.18715025
