384
-0.63786387
-0.09834905
0.84747297
-0.63083881
-0.32962164
-0.78061193
0.88046813
-0.49543926
0.45741755
-1.84544134
-0.21844973
-0.13381213
0.25305238
-1.40111291
-2.25606728
1.44930220
-1.15300477
0.32121286
0.99142015
-0.13777280
-0.91926050
0.55467004
0.57362586
-0.77807415
-2.73922515
-1.22047472
-0.23062828
2.00522733
1.49883807
-0.67356229
0.38941300
0.35257095
-0.05359916
1.68661332
-0.21208611
-0.51525187
0.30774385
0.28797424
-3.22872639
0.67185640
0.06617450
2.25823927
0.36693645
1.49375153
-0.63040113
0.68210071
-0.97360682
-0.50556433
1.29995465
-1.05276680
0.33196652
-0.28560752
2.66038251
0.65393752
-0.25140908
0.29259849
0.15621191
0.43956247
1.94108248
0.43252152
-0.36372417
-0.23644185
0.15686639
0.62810510
-0.39065707
-0.72507519
-0.13729483
-0.32827306
-0.08278247
0.03709882
0.84617680
-0.43655944
-2.43657374
-0.91857946
-1.42008972
1.14055324
1.78419697
-1.10129106
-0.90668178
0.00700302
0.70137733
-0.19981447
0.42667231
-0.14322600
-0.44037530
-0.38537765
1.18173051
0.80838436
0.29037753
0.15851937
-0.20648916
0.10000580
0.10383162
-0.84260482
0.34395295
-0.28895614
0.41677302
0.13205607
0.58180869
0.69900775
0.01574650
-0.54165959
2.41395307
-0.02142519
-0.63156140
0.17989306
0.96802318
0.28387463
0.03371195
0.13131434
0.64686072
-1.27791798
-0.13021719
0.10113479
-0.31586093
-0.23628178
0.41240835
-0.19113877
2.28117895
1.25757742
-1.49146771
-0.78655159
0.40981886
-0.03469035
-0.32167667
0.99867535
-1.84602892
0.78528810
-0.32885730
0.54172933
0.86192715
0.20780323
-0.11369532
0.91324818
-2.54344583
0.24048969
1.21780431
-0.07177193
-0.17802048
0.52175403
0.66578794
-0.64447212
4.54031467
-0.76048720
-1.25425661
-0.04963112
0.06512260
-0.83050019
0.30973852
-0.35780185
0.20065132
-0.00075996
-0.14350568
-0.27895233
0.52960438
-0.06041098
-0.67620230
-0.07437074
-1.65087759
-0.79785269
-0.28494653
3.13622355
0.45558810
1.28633368
-0.51659679
-0.08323392
1.01664686
1.81642354
-0.42028105
-0.72521746
0.90926057
-0.46399322
-0.17468165
-0.10909483
1.13399637
1.66626525
1.79699993
-2.99488759
-1.06625509
-0.03907619
0.46745872
0.19649670
-2.11181974
-0.21261248
-0.02377236
-0.87934363
-0.97456127
-1.04087579
1.29559445
-1.78098750
-0.24536863
-0.45352319
-0.00918912
1.64936471
1.08096623
-2.87867880
1.42169917
-1.94636834
0.14152956
-0.23985076
0.19093013
0.00706047
-0.05257048
-0.00226629
0.17196137
-0.67737675
-0.17469049
-0.01561506
0.66542751
-0.11239092
0.72192061
0.06523854
-0.07779934
-0.09008287
0.04661280
-0.53625673
0.40738785
-0.19652796
0.16518101
1.53908443
-0.46130633
1.96935999
0.03506298
0.26981050
-0.30129063
-0.33149838
-1.03639507
2.86767268
-1.00088012
-1.73927522
-1.24636042
0.56232917
2.26827073
0.25320569
0.08053994
-0.18499348
1.48910177
0.53092229
0.11468548
-0.02362395
-0.55876315
-0.47283977
0.35658073
1.84766197
-0.33793455
0.40266806
0.51373398
0.11361773
-0.01874715
1.10133672
0.24067557
0.49791640
-0.60562086
-2.52114868
0.13777968
-0.14464378
1.85470414
0.32606393
0.29882193
0.39854646
0.07912176
1.01171148
0.93711376
0.49123201
0.29132169
0.28390759
-0.28284013
0.42416766
0.10243799
-0.52219903
-0.92461020
0.05521349
0.62560594
-0.60783029
-0.32800740
0.06481213
-0.08463201
0.16881171
0.95079339
0.24104896
-0.11411997
0.55278367
-0.22319348
-0.31046653
-0.28986347
-0.59426260
-0.55443799
0.19413885
-0.19338532
-1.16720796
0.60847694
0.11659282
0.57464534
-0.83799803
0.51882488
-0.02138229
-1.94189119
1.43821561
-0.28678101
-2.03551674
1.82223213
0.61138970
0.52955991
-0.15441027
-0.64696968
-0.73137581
0.05783080
1.80408514
1.58409905
-0.66370153
1.69490957
0.22266841
0.51182485
1.29493785
-0.50280941
-1.36332774
1.15853572
0.49224195
-0.85559464
0.09367689
-1.73513591
0.21306023
-0.18477324
-0.27888855
0.18068397
-0.07301052
0.58129334
-0.34306991
0.34535819
0.24910125
-0.71521765
2.95722580
0.47599554
0.49846482
0.61142778
1.49077356
0.24612796
-1.44009066
-0.34092939
-1.11219430
0.23049347
0.32377476
1.15501153
-0.20533663
0.63425487
0.35276434
-0.26546192
0.40574256
-0.13319457
-0.13857971
0.80452693
0.13647516
0.96284509
1.02063715
0.72814810
-1.81531239
-0.64530283
-2.60008621
0.05367455
0.28754604
0.09367379
2.37987900
0.41089809
-0.43359488
-0.05343585
-0.65757078
0.04894163
-0.05861294
-0.82327306
-6.66075802
0.17999569
-0.03063548
0.69872332
-0.30672809
0.89050758
-0.15018004
0.09517226
-0.03211169
0.03106471
0.14163122
0.50724566
0.25958654
0.02085591
-0.21921331
