384
-1.83746111
0.08421516
0.64959103
-0.42543638
-1.19856906
-0.92516649
2.54581380
-1.06520283
-0.34065881
-1.85314155
0.11845919
-1.44211268
-0.40364781
-2.06062889
-2.66069412
2.12776756
0.17110506
-0.07295015
-0.90377176
1.18383038
-0.17747024
-0.84977090
1.19210982
-0.09571016
-0.17703256
0.76371723
-0.40416685
2.71539187
1.32072115
-0.51301491
0.77891380
-1.00902164
-0.87448049
-1.68573451
-0.28839859
-1.06658959
-0.53684974
-0.78423852
-2.22503185
0.40555614
-0.06098761
1.06853509
-0.06564870
1.93335271
1.53455782
-0.09334350
-0.62963998
1.34591973
1.55494571
1.92433500
-0.15774137
0.02161487
2.00875425
1.53699720
1.41931844
0.40523669
-0.70650554
0.93919814
2.63996267
0.74992788
-0.25033697
0.56465542
-0.80968761
-0.26459876
-0.37737638
-1.84037244
-0.27253741
-1.01194549
1.01136768
-0.00700879
1.34762228
-0.39290074
-2.11508107
-1.32947350
-2.37239075
0.85544801
0.45647168
-1.75893617
-0.30400974
0.26038623
0.82749903
0.61144131
-1.29885125
0.08359325
-0.89268720
1.34013164
1.20736706
2.16203475
0.22345355
0.47588775
1.11676884
0.89599097
1.13105369
0.37724617
0.60421187
1.79752541
0.32936609
-0.72085100
0.68992931
-2.20146155
1.89012158
-0.29756016
1.22777748
-0.46020353
-0.95706171
-0.01611442
0.87281722
0.82483643
0.06724324
-1.20743752
-0.17884660
-1.11110282
-0.43192512
-0.04246193
-0.62276626
0.10107663
-0.18913735
-0.67790675
1.95840502
2.93466187
-2.35830212
-1.88908660
0.50350010
-0.68011397
-2.16069317
0.55836940
-0.81301862
1.16879010
1.79829955
1.29937565
-0.27641973
-0.45306411
-0.04825813
-0.18451262
-1.21474135
-0.22939855
-0.09435263
-0.58601147
1.48879492
-1.14427662
-0.60875130
0.29273725
4.11813545
-0.27041113
-0.00855902
0.17843843
-1.55688047
0.53180373
-0.10237348
0.02760892
0.53685027
1.62884569
0.91411328
-0.95601511
0.74103326
-0.95465612
1.14088178
-0.40300551
0.76431876
-1.15387523
-1.02024257
1.53761363
1.43418980
-1.45151687
-0.57526660
0.68312860
0.50925040
1.65615058
0.15601134
-1.31408393
0.84835207
-0.91592884
1.32422411
-0.42586535
1.08851314
0.53313470
-0.10709822
-2.79405022
0.89872849
-0.10290559
-0.99467808
0.59741497
-2.28794622
-0.86376315
0.27610505
2.96783543
-0.11923411
-0.37402934
1.51548457
-2.69101143
0.77744865
-0.46791166
-0.85002828
0.62492794
0.23464713
-1.24477243
-0.05537824
-2.60087848
-0.33602971
1.06871819
0.46033925
-0.28386325
-1.50539339
-0.05602220
-1.03853500
-0.56633258
0.26740819
0.94847077
2.34420776
-0.26664209
-0.52808321
1.11124647
1.41962743
1.51885784
-1.23689127
-1.34570003
1.39283240
1.64323640
-0.82281989
1.34667277
2.06997752
-1.84559619
0.74201095
-0.11363986
0.37765580
-1.26477301
-1.41354537
2.49177885
-0.02076742
-1.09098554
0.90933579
-1.36202455
2.34009910
1.57596266
-3.58341837
-0.09007651
2.53376389
1.40605903
0.07943501
-0.16465670
-0.23732743
0.12285545
-1.71028304
0.65236574
0.88559568
-0.35514849
-1.26938891
0.05968612
-0.23961300
2.38473034
-0.96858180
0.22540429
-0.69398367
-1.30193257
-1.74670422
-0.27591586
2.44340801
-0.60764939
-0.28686833
0.46836519
0.08083178
-0.34410614
1.13781381
-0.17313412
-0.22159900
0.24154186
-0.28690803
-2.27677035
0.74625230
-1.75412881
0.09501073
0.78139710
-1.15028179
-0.35281724
-1.70204461
1.39807773
-0.09998466
0.02582283
0.02972198
0.81229901
-0.75560945
-0.13415143
-0.77849865
0.98288995
-0.36079663
-2.13074923
-1.54120493
-0.65371192
-0.04414081
-1.33615112
0.75450647
-0.36621544
0.12974237
0.40318367
-0.56995749
0.25676388
-0.38801923
0.80185157
-0.44796172
-0.57332873
2.16830730
1.21803772
-0.85632193
-0.20511419
-0.87537354
-1.09799182
0.56455863
1.12651956
2.43236494
0.23143542
1.90690184
-0.93201935
0.30859521
-0.11878504
-0.07230007
-2.37413740
1.17591715
-0.01730177
-0.41909486
0.46875271
-0.53725982
0.68192965
-0.39380348
-0.48437387
-0.74373442
0.58499694
0.60052603
0.78667331
0.64243603
0.78087467
-1.45358253
3.95267200
1.12631130
1.98252857
-0.94325304
-0.00355828
0.80604804
-1.06471992
-0.51524514
-1.07645440
0.57643986
1.18112457
-0.88874769
-0.79790890
-0.38151580
1.10185993
0.23341453
0.58061886
-1.31031334
-0.90418226
0.94642013
0.73506296
-0.84874940
1.32559454
2.73176360
-1.03692853
-0.42842826
-1.50906038
-0.52567136
0.82130122
-0.46852973
-0.42670500
-0.70581812
-0.75642180
0.13838789
-2.09383130
-0.13577668
0.10616898
-1.53282475
-4.28383160
1.45544434
1.12890530
-1.34815466
-0.19159573
0.83418876
0.89399743
0.72205114
-0.10882524
1.17441797
-1.11179304
-3.43947601
-1.07700706
0.84313768
-0.46552745
