384
0.90937722
0.21142943
0.07578188
-1.41286182
-0.46400595
-1.96498048
0.50827432
-1.14698648
-0.51310122
-2.63326859
0.31023312
0.21504551
1.02143335
-0.62292647
-1.34675527
-0.44003150
1.35915351
0.24918617
1.93183601
-0.88588500
-2.06050110
0.58984357
0.85435820
-0.72207576
-0.88867176
-1.12612104
-0.87081176
2.76070023
-1.26499915
-0.91396368
0.44619751
-0.23340394
0.08424456
2.97789335
0.04392388
-2.63072968
0.23058273
-0.11195051
-2.45711780
1.51026630
0.22543296
0.30405280
-0.50417119
3.42486668
1.01262021
1.20754480
0.62351042
0.39428559
1.18693614
2.50075531
0.25771204
-0.17261311
2.55601454
-1.16258502
-0.15287805
0.58359349
-0.17488629
1.44742954
-0.42251703
0.02202089
-2.14993238
-0.27088892
0.09220552
1.62309587
-0.50525385
-2.04439425
0.27247712
-0.93455553
-0.03931141
0.84374237
1.52418661
-0.39690420
-1.75538278
-0.79819328
-1.02417743
-2.72993803
1.39710188
-0.74716592
0.51573807
0.36097753
1.79011774
-0.56594229
-0.78548902
-0.04378262
-0.64738202
0.53081721
-1.03008473
-0.36009666
-0.43652296
0.37340730
0.91168535
-0.48276508
-0.50492048
-1.62980354
0.01736446
0.37205938
0.62005651
0.06671764
-1.01276100
0.54706299
-0.22967240
0.04841401
0.08462107
-1.03257585
-1.22126842
0.29795668
1.31974757
0.44248945
-0.53866750
0.88345933
-0.20224512
-0.77187037
0.03867280
-0.50863355
-0.22471550
0.77716613
0.90697682
-0.49231946
1.36928582
0.13101384
-2.00206137
-3.60173368
0.45792088
1.48133075
0.04373177
-0.52616990
0.00068170
0.35221797
-0.25531790
1.01975679
-0.09960032
0.04423086
0.12591806
-0.31573063
-1.26230550
0.35639036
0.67139089
0.45995265
-0.92682105
-0.13273828
0.58602846
-0.33780408
1.55940664
0.07483732
0.52934581
-0.11930283
-0.68360806
-0.17805675
0.58752704
-1.01264882
0.94500387
0.42662665
-0.01154814
-0.66699868
0.40755755
-0.89085078
-0.63200551
-0.04273538
-0.85978454
-0.15146819
0.04673477
-0.79469341
2.53077459
0.65260184
1.02262592
-0.17459151
2.07729650
-0.18270886
-0.14910242
-0.80229998
-0.57546180
-0.69567603
2.28364539
-0.44359252
0.72567189
0.43161306
2.53589010
1.33034039
-1.04564071
0.00719532
-1.26196158
0.11962722
-1.00271833
0.19487813
-0.76007146
-0.37049985
-0.73967302
1.19869471
0.55833328
-1.53005123
0.54563308
-0.62000406
-0.20493077
-0.36006868
0.39507002
1.44619703
0.03367376
-1.25963545
-0.51201665
-0.02163333
0.06240171
0.55884904
0.05337404
-0.37806058
0.61233574
0.07998729
-0.13417888
0.08670169
0.03192133
-0.51879895
-0.65072250
-0.28571773
1.04381979
0.62692636
-0.93221736
1.06243062
-0.09246022
-0.01153630
0.87880933
1.23832846
0.11953869
1.68630815
0.79933161
-0.60551721
-0.33862931
-0.13822842
-1.78828955
0.32454684
0.66925842
-1.27972913
0.94976079
0.31201828
1.50587988
-0.42520422
-1.31715369
-0.51691490
-0.38672131
1.14012575
0.08838233
-0.44814861
0.52050388
-0.92736721
-0.40579519
-3.35399842
1.26692033
-1.23280144
-0.08232898
0.03475419
-1.14779568
0.81727946
-0.54296172
-0.04698294
-0.39536905
-3.39126682
0.48509520
0.08107810
0.18334258
0.27155870
-0.89367628
-0.37957007
0.02769066
0.03246593
1.30395007
0.02466237
1.19937003
0.45028803
0.13733348
0.52609956
-0.44228923
-1.97576761
-0.51807672
0.06777442
0.55191100
0.22401053
-0.54137844
-0.32895476
-0.18543430
-0.43361002
-0.58981800
-0.51873702
-0.30160505
0.14323121
-0.86153239
0.14048617
-0.69566858
0.72604328
-0.78709882
-0.42279890
0.03018268
-0.79195738
1.11697423
-0.79801083
0.72215199
-0.21687379
-1.06993532
-1.00070417
0.46513325
-0.34303033
-1.02505291
0.83345509
0.21778728
0.77048177
-0.17512614
0.42207384
-0.08315094
-1.13453066
-0.27641112
0.72884119
1.74238610
-1.31231987
0.03469110
-0.36134699
0.83859086
-0.86381245
-0.29010421
-0.11481875
0.35824513
-0.11531565
-1.00275731
0.53777671
-0.20765924
-0.65623307
-0.10579415
-0.10112914
0.06202139
-0.58199048
0.46106085
0.41570306
0.62785250
0.92120731
-0.94691533
3.51050258
0.06450111
1.88616717
0.90608108
0.63523817
-0.54233861
-3.43677807
0.96919525
-1.48284090
0.06396355
-0.11872113
1.43182135
-0.42416051
0.69370019
0.47958845
-1.17173481
0.75699669
-0.22360288
-0.02698470
2.36181808
0.43827379
1.27327847
0.45730036
0.98937833
-1.66715431
-0.37908185
-1.57613587
0.62572205
-0.10827189
0.31380844
-0.21667530
-0.17239875
-0.14898285
-0.10880578
-1.32063985
0.25671586
0.10001698
-0.73605365
-0.18210846
0.02055828
-0.34827393
0.30699569
0.26342812
0.98855937
0.14962892
0.01728492
-0.53701210
-0.55668437
0.19366385
-0.18250608
-0.01847026
0.16083077
0.96864688
