384
-1.23647547
-0.07055801
1.03956175
-0.79101700
-0.22980908
-0.43176571
0.54755861
-0.59350383
0.38877794
-1.42262709
-0.31238300
-0.14319682
0.12329159
-1.36184037
-2.03438616
1.33936334
-0.89039284
0.28574926
0.72519302
-0.03860024
-0.60267270
0.41673589
0.16515020
-0.39062172
-2.64165306
-0.53145361
-0.28299505
1.86426353
1.90818095
-0.76561308
0.30228293
0.43385154
-0.06618528
1.04300296
-0.04316538
-0.54825151
0.20728230
0.29600528
-2.57189512
0.81369996
0.20928609
1.76476026
0.28740805
1.33579898
-0.51495039
0.01578882
-1.36674690
-0.24138035
1.15530646
-1.00915205
0.28833592
-0.54405951
2.84027195
0.14863908
-0.01425890
0.32934433
0.07571124
0.23926228
1.79790938
0.32064566
-0.43775928
-0.00733554
-0.01062392
0.61185229
-0.14866477
-0.88575697
-0.05384667
-0.18915363
-0.04300271
-0.07378562
0.71922475
-0.31071848
-2.28961444
-0.83707893
-1.34720254
1.77320147
1.90463924
-0.97483015
-1.26433408
0.19056651
0.62278426
-0.05127511
0.42262274
-0.21877280
-0.50133497
-0.31680751
1.12534308
0.98296946
0.31365812
0.09008204
-0.21276951
0.17507221
0.04425792
-0.96776265
0.39889678
-0.47526896
0.41279802
0.24877101
0.78217757
-0.06301230
-0.02859318
-0.21685436
3.33385444
0.60161453
-1.05666792
0.07026921
0.93361533
0.31599465
0.10836315
0.07433720
0.74137670
-1.23202384
-0.30329990
0.12592627
-0.31387424
-0.24481174
0.41230077
-0.29410022
2.32843208
1.18163228
-1.67537677
-1.04942203
0.55879712
0.00984788
-0.16718960
1.42436528
-1.99503028
0.94696879
-0.12373798
0.39390659
1.04074979
0.26449955
-0.00766553
1.18308306
-2.63030100
0.43214411
1.13244617
-0.01310316
-0.07265046
0.52079821
0.78392249
-0.34787184
3.99145174
-0.63831496
-1.08039582
-0.10999838
0.00179517
-0.66306734
0.22737549
-0.54410058
0.30764335
0.06608486
-0.14602394
-0.37731850
0.52780348
0.26085937
-0.68284523
-0.37728828
-1.91450918
-1.02687860
-0.28588304
2.80364823
0.61205387
1.10471213
-0.74130058
-0.06455255
1.13252234
2.04410410
-0.62452972
-0.71357369
1.01754808
-0.61525512
-0.52499938
-0.22574626
1.26898253
1.52389038
1.45553684
-3.01227474
-1.05432892
0.00786379
0.70106232
-0.00577813
-1.78588390
-0.21843821
0.20099181
-0.40894118
-0.98386568
-0.99584877
1.41675377
-1.86990118
-0.14497951
-0.42153430
0.05623534
1.83994114
1.07972789
-3.36931324
1.41958892
-2.01802039
0.20360827
-0.36558294
0.06827688
0.01533002
-0.17564987
-0.43558997
0.18738998
-0.85464710
-0.08904621
0.25088963
0.45289791
-0.05758630
0.71122974
0.16406904
-0.01660097
-0.05481152
-0.18055648
-0.89805859
0.29500923
-0.08854741
0.02022343
1.50599682
-0.46741667
-0.09849472
0.05005221
0.37268597
-0.27264172
-0.30349612
-0.99731016
2.91698050
-1.16120112
-1.43891931
-1.14856052
0.52221119
2.31367254
0.29982829
0.02253461
-0.02559474
1.40643585
0.54216719
0.07790508
-0.02082206
-0.13940951
-0.46081793
0.41173989
2.81318045
-0.19541728
0.95957398
0.32026279
0.07470298
-0.33516595
1.79437447
0.15409276
0.43709606
-0.90909034
-2.29476380
0.19804104
0.01778997
2.33999681
0.05954130
0.11095892
0.36868286
-0.14384720
1.09548187
1.08994508
0.36639681
0.13937892
0.33726779
-0.60230744
0.45803505
0.11545312
-0.61597306
-0.91554034
0.08890647
0.78305250
-0.63783669
-0.25291240
0.42336032
-0.11653389
0.25804138
1.05286407
0.12381469
0.01334136
0.52917296
-0.17308964
-0.18622193
-0.22560738
-0.68333423
-0.63127249
0.21673532
-0.29032445
-1.58848739
0.36242533
0.24320100
0.35879916
-0.85803998
0.61054313
-0.14200804
-2.03079295
1.38468933
-0.37823471
-2.39920092
1.96598923
0.66833287
0.68812579
-0.10949799
-0.76683873
-0.60890377
-0.24211995
1.60806739
1.83683574
-0.26381856
2.08506107
0.20165829
0.79258525
1.24943817
-0.51446319
-1.61730671
1.36686349
0.21658427
-1.06239438
-0.04270830
-1.51061201
0.12163510
-0.17011625
-0.57200122
0.16130762
-0.13723877
0.46020848
-0.22851887
0.33171946
0.19764110
-0.63131028
2.99728584
0.75334477
0.36815971
0.67752135
1.57212484
0.26236236
-1.11542368
-0.47304499
-0.88254082
0.41402793
0.28287011
1.11631799
-0.18637308
0.55104256
0.39135483
-0.22691718
0.63517034
-0.00113303
-0.23446953
0.75925726
0.26203239
1.01254141
0.97881466
0.55775517
-1.82020831
-0.67163026
-2.40216017
0.00560471
0.25004077
0.00803876
1.64353657
0.38785952
-0.56982398
-0.08594515
-0.61782265
0.07353874
-0.17978282
-0.64151913
-6.73311234
0.31483391
-0.03918704
0.49923420
-0.39102468
0.97628075
0.01111247
0.28985915
0.03103019
0.20838010
0.34040719
0.20803529
0.38570386
-0.19115907
-0.09604183
