384
0.11468036
-1.50885844
1.46605420
-1.01373267
0.37517434
0.31326944
-0.19359696
0.91008180
0.42889374
0.39119929
-1.84922695
1.59133625
0.29543829
-0.98263621
-2.88268661
-0.07588550
-1.17006242
0.19383615
1.98088169
-1.45754027
-0.91500503
1.14500880
-0.82607049
0.30365345
-1.52557731
0.74615407
-0.48445290
2.41567254
2.53126836
-1.06114173
-2.09606338
1.29195774
1.20948732
1.94536090
0.44349772
-1.31865776
0.18304811
-0.21242622
-0.35878253
1.88942266
-0.56203192
-1.04304600
-0.42844310
2.31270981
0.94981700
0.15050662
-1.37410414
-0.30163583
1.57525420
-0.65133047
-0.07551263
-0.85247821
4.51035786
-1.08660591
-1.04851615
-0.08187220
1.28723633
-0.99148595
0.19699669
0.97602326
0.16108163
-0.22582035
0.10845483
0.66739845
1.29460227
-1.35974348
0.62226886
-0.34805542
-0.87792313
-0.52271605
1.40592182
-0.26631615
-2.32794333
-0.63269526
-0.51364982
-0.38941300
1.87408686
-0.15436298
-1.43421495
0.60678792
1.41953850
-0.94482088
-0.91644955
1.01612103
-1.55554807
-1.31146014
-0.24409434
0.82962340
0.29170507
-0.51201284
-1.11675096
-1.21456933
-1.25027561
-1.45779037
-0.44831336
-0.85878354
0.23697853
0.90976930
0.19509095
0.86339915
-0.55398774
0.81646091
2.78009558
-0.88935483
0.20677054
0.04618619
0.21421534
-0.16863200
0.11777470
-0.84777546
1.25829864
-0.74732935
0.46776378
0.59384876
0.39485440
-0.31433722
1.61530948
0.04377092
2.35666156
-1.53591096
-0.62408465
-3.36572552
0.90047121
1.62573814
2.20527244
1.29713333
-2.24030399
0.24616209
-1.91725242
0.11999235
0.27527881
0.87634099
-0.42475405
1.23886716
-2.99429369
0.49852568
1.82013357
0.68260926
-1.96303284
0.41885614
0.56128848
0.30222017
-0.33237290
0.71637398
-0.07467113
1.07175851
1.81611562
0.01994643
1.07057977
-0.58203864
0.65421319
1.09023046
-0.97418588
-0.44558153
-1.39677167
-0.57964849
-1.11859977
-0.53122419
-0.56456506
-1.36594892
1.06929719
1.98877430
-0.36737800
0.79600692
-0.98805273
-1.32713902
1.87037063
1.52353656
1.00517380
-0.01820195
1.25121713
1.34266007
-1.64672470
-0.22544973
-0.64890182
0.48621631
0.61010933
1.65635347
-0.18889013
-0.27456987
-0.07964981
-0.43216616
-0.83410096
0.20546953
0.44259918
-1.85525227
-0.13631949
-0.12829727
2.24874878
-0.05344951
-0.45894864
-0.12248781
0.40249655
0.82036197
1.15330172
-0.21797377
1.25642729
-0.63645160
-0.49219304
-2.26516247
0.04431063
0.31761786
0.00790395
-0.69281554
0.25916013
-0.65856194
-1.34031487
-0.28397900
-2.80112123
0.17721216
1.39604449
-0.93973494
-0.56185818
-0.96241677
-0.93527186
0.25237006
0.31504744
-1.12860894
-0.49376115
1.19519019
-1.78564703
-0.36118296
-0.00694358
-0.04575317
-0.56046915
-0.55942959
-1.89842534
1.92383564
-0.90737647
-2.19082427
-1.57723117
2.44498825
1.53155696
0.21015841
0.85234690
-0.04491138
-1.70288181
1.54728055
-0.97009873
0.62875342
1.07548034
-1.04698682
1.21714568
-0.41597059
0.12893246
1.17933607
0.20840108
0.40894881
-1.40282893
3.65214992
1.30130839
0.39093116
-0.89368063
-1.31485116
1.13973141
0.31054267
0.72640920
-0.72498280
0.49127191
-0.22625062
-0.33457041
-0.24523667
1.49090624
1.41309035
1.33792710
-0.22040941
-1.77886391
1.34383965
-0.12521301
-1.43506873
0.61051095
-0.80263364
-0.23056096
-0.83529645
0.29200143
-1.42406750
1.11439085
-0.70701796
1.05376625
0.20953394
1.05703998
0.12387985
0.59308100
-0.05629410
-0.03632504
0.34632909
0.54739034
0.74536920
-0.20638248
-1.24044836
1.02680099
0.60814136
1.13562167
0.46935984
1.66578436
-1.71454954
-2.28381205
-0.13790965
0.00160488
-1.84413981
0.88233370
0.11933887
0.80117488
0.95751214
0.49491280
-0.58335334
-0.89059776
1.14846849
1.23641002
-0.22818661
2.12028313
0.71597916
-0.49336404
0.60550278
-0.37296775
-0.37793201
2.14033031
-0.26895043
-1.43066359
-0.65160048
1.30942845
-0.08803833
-0.02966431
0.64398420
0.59793758
-0.18855308
0.52729571
-1.59321332
-0.47414225
0.93031549
-0.39142400
3.22620797
-0.65296364
-2.59391069
1.88404465
2.38490319
-0.40295392
-3.08187819
0.81967920
1.40516448
-0.56098044
-1.84100437
3.72559547
0.31586751
0.56245351
0.09274510
-0.77451283
0.16619490
-0.37197018
0.38272744
1.30925441
0.45620632
1.31292796
0.51392937
0.14665329
-1.05771112
0.73732364
-2.11223364
0.53960407
-0.48980427
0.51324147
-0.13540202
0.72874403
-0.05898702
1.24538517
-1.14628887
-0.26729769
0.55440998
0.42937163
-3.84530568
-0.98694044
-0.07849127
0.75865030
0.31336471
1.44394267
-0.91714185
-0.02252953
-0.54506356
-0.58028477
1.20275426
1.71929681
-0.40933934
-0.75140941
1.10149992
