384
0.61414045
-0.14913306
1.63257241
-1.55183482
-0.19732977
-0.45992291
0.25736782
-2.01095128
0.23935002
-1.98563838
-0.02213944
0.23088349
-0.29117447
-1.84571254
-2.33211184
1.31956744
-2.43404365
-0.11538886
1.12597954
-0.04156666
-0.07272875
0.32285920
-0.13975121
-0.57167464
0.42904890
-0.08849692
-0.25004259
2.38052893
-1.20223856
-0.14159866
0.08140385
-0.07555787
0.27273843
1.62072515
-0.23442915
-2.06951904
0.02431689
-0.09079219
-4.46105576
0.09831560
-0.16548154
-0.58636332
0.24805526
1.88440180
-0.15582299
0.32896531
-0.18056810
-0.02262252
-0.14260888
0.87962985
-0.25843310
-0.51913339
1.50788546
3.75452232
0.31735995
0.40823376
0.02627662
-0.10849971
1.03711379
0.90812004
0.35143802
0.38163999
0.06287578
0.77670968
-0.18582003
-0.84921575
0.12120186
0.49957475
-0.39237192
0.01903928
1.66093171
-0.16995651
-1.22490096
-0.45956722
1.55981827
1.74934363
1.83999979
-0.54582149
-1.12214744
-0.21890336
2.03094864
0.21143359
0.16091932
0.28154993
-1.51489234
0.19321221
-0.64825261
0.11543715
0.18102190
0.48531926
0.09417836
0.29691452
-0.14250638
1.10600102
-0.12752029
-0.35340443
0.31660438
0.11911039
-0.48013768
0.25947493
0.55807519
0.74749351
1.19712770
0.22667944
-3.11110473
0.30589053
-0.58303976
0.49460787
-0.48659754
0.08002662
0.36155006
-1.37001467
-0.27100497
0.38526940
0.16564211
0.58496833
0.41658622
-0.19449064
2.60916615
0.64696842
-0.81473422
-1.97026956
0.07759097
-0.73912102
0.71538210
-0.16318089
0.00793433
0.33428854
0.02221509
0.71585822
0.55227894
0.41042447
-0.10192417
0.51852369
-2.02836180
0.45655757
2.64799881
0.49194983
-0.65378600
-1.01354241
1.01871228
0.50917506
-0.49674594
-0.71515000
0.47634876
0.32753113
0.75617921
1.07915807
0.15909970
-0.78959143
0.73201203
0.16747428
0.06887461
0.51979756
-0.23423347
-1.33281648
0.16815673
1.33233190
-0.69533473
-0.62503731
-0.10360170
-1.42076445
0.84241420
0.24150626
0.66023839
-0.12039837
1.75046384
1.94837761
2.46108031
-0.64321482
1.07482302
0.49703661
-1.35271013
-0.60706544
-0.18066415
0.92814153
-0.15694559
0.97436613
0.27384195
-0.01394609
-2.61526322
0.06970758
-0.88689572
-0.26397318
0.45455641
-0.73869652
-0.43683144
-0.23940933
1.89431345
-0.86698234
0.06993492
0.01056778
-0.31104815
0.94449663
0.48094425
1.68206775
0.89638567
-1.61264956
0.04241302
-1.61330700
0.52584863
0.35697740
-0.01439462
-1.25317860
-0.08143105
0.05717190
-0.00867157
-0.38162073
-1.63345218
0.44864261
1.31537437
-0.31944236
-0.74498856
-0.42328581
0.08566654
-0.86216903
0.52322114
-0.19243117
0.31352827
1.28519452
-0.07408524
0.57987833
0.24690413
-0.21622920
-0.09920540
-0.12358609
-0.81100619
2.63360882
0.82636076
-1.45419252
-1.12427628
0.38884479
1.38727403
0.38319719
-0.33802003
-0.84910649
-0.35848847
1.21801651
0.11932763
0.25255242
1.04703927
-0.00536793
0.15541542
-3.35932708
0.47139567
-0.24934962
0.39848548
-0.08439417
-1.14067400
1.72394371
1.08421695
0.13417043
0.62057352
-2.59422278
-0.36904538
-0.43771574
1.03712094
0.05321313
-0.28264254
0.38620114
0.17333157
0.60775036
1.89032614
0.70031625
0.43064302
-0.07919376
-0.17346294
0.25848407
0.00848804
-0.37450483
0.62986481
0.15158302
0.64916396
-0.35032272
-0.18219781
-0.25315997
0.33252919
0.02379340
1.01726365
0.08501026
0.48723012
0.49497443
0.62344664
0.69098610
0.45610052
0.21065584
-0.26721704
0.10455254
-0.02414556
-2.80430174
-0.22114614
0.19270736
0.06828013
-0.80496418
0.05714558
0.41658616
-2.27898836
0.60897613
-0.09371565
-0.61084557
1.09472442
-0.06506464
0.27776656
-0.05463278
0.83818507
-0.71881855
0.48674828
0.72650564
-0.04250324
-0.57036185
0.71896833
-0.21769360
0.64223969
0.42040601
0.15838680
1.60294294
-0.56721389
-0.43987715
2.26642966
0.17035434
1.42075348
-0.30077040
-0.02422100
-0.23169938
0.07938638
-0.77483511
0.93409449
-0.57561481
0.07321964
0.56528211
-0.89502847
3.38043976
0.33814332
-1.51026821
0.39292660
-0.15574235
0.06464096
-3.07810307
-0.01535614
1.96101391
0.16330926
-0.04798418
1.72795177
0.07379425
0.21713942
1.32100964
0.16795731
0.14336154
-0.01503429
-0.25582290
0.59916174
0.07734255
1.58660221
0.51174390
-0.45968705
-0.32955971
-0.25229526
-1.99567723
0.51711351
0.06148060
-0.02183241
-0.80399799
0.24230605
0.71383905
-0.09303190
-1.61124980
-0.63109398
-0.76143563
-0.04397458
-6.18972445
-0.00556898
0.02370133
0.94389182
-0.05273296
1.01636076
-0.04608253
0.22949548
0.22545344
0.03502047
-0.37452936
-0.33813280
-0.06539723
0.02549813
-0.04143310
