384
-0.19653177
-1.09383106
1.50153816
-1.08670199
-0.81773889
-0.89256245
0.44814956
-0.45269704
0.71513987
-0.73476315
0.98580885
-1.11195993
-0.69428802
-0.53581613
-2.30509472
1.66066194
-0.74653417
-0.91294974
1.80943787
0.32586253
-0.18567228
0.30602652
-0.12429214
0.37262881
-1.60859871
0.36792952
-0.28825980
1.88648343
1.76984179
-0.59948927
-1.07552862
0.81856865
1.07494271
2.33861732
0.50138646
-1.62470829
0.40503418
0.29088551
-0.97225690
-0.57991600
-1.80733418
-1.03910887
0.67113239
1.75459266
-1.71235502
-0.53046584
-2.37541080
0.04851711
0.52022421
1.23046649
-0.34433705
0.70117718
4.00644445
-1.96979737
-0.39500302
1.31996095
0.70649171
0.13348216
0.68575251
0.82556629
0.31675550
0.16469073
0.09638947
-1.26220369
0.55805695
-1.80852139
-1.40365148
-0.97162771
-1.17697549
0.95142305
1.94872057
0.16842872
-1.46011400
-1.61190557
-0.40241048
1.57251501
2.37100506
0.19915140
-0.74182647
-1.24253011
-0.16882139
-0.27525577
1.21275580
-0.53084707
-1.10532749
-0.12495612
0.67081171
0.33448288
0.25430125
-0.14359334
-0.07869038
0.43182689
1.13910580
-0.93197262
0.14930281
-0.92439550
0.07521337
0.09714205
-0.85599083
-0.36322394
0.31411135
-0.38523364
3.44715261
-1.15448785
-1.06665611
-0.02538180
-0.12048298
-0.03339496
-1.19022393
0.17132717
0.64181978
0.25258139
-0.43872923
1.07816410
0.42972922
-0.54852915
-0.15681599
-0.92116010
2.75860929
0.44693881
-1.25106704
-3.56901264
0.39079100
1.72533941
-2.34160209
1.17208958
-1.29831946
-0.35317165
0.02060665
-0.14633697
0.54870993
-0.73939019
0.39252955
1.09296358
-1.97979021
-0.27229524
1.51756060
1.30767608
-1.53916478
1.11574149
1.26759756
0.33394855
-1.23015594
0.19572446
0.72807348
-0.66921258
-1.86372519
0.48786885
-0.25857070
-1.00069213
0.98569185
-0.89289474
-0.00954664
-0.72448915
-0.64632010
-0.04613173
-0.11645573
1.23113155
-0.97557712
-1.45734441
-0.47151437
-0.17369397
2.03084350
0.89738494
-0.13563323
0.48577765
1.25647533
-0.35633001
0.55503011
-0.38622919
1.33651280
-0.29109523
-0.98953205
-0.75204289
-0.27275020
0.45032609
-0.12138700
2.10514235
0.86972767
0.27353019
0.48899853
0.10183229
-0.48083651
0.25444084
0.13392931
-0.00347105
0.07878741
-0.52815527
1.50833058
-0.08980960
0.58129054
-0.88597304
0.77436018
1.13107562
0.45012480
-0.39281875
1.47531068
-1.23300827
-0.56356108
-0.70193863
0.04119107
-1.03597116
0.39581284
-1.45723271
-0.02762315
-1.64360189
0.27385294
-0.84437132
-2.55861139
-1.27312696
0.41208351
-0.64667529
-0.86970228
-0.84130579
-0.81847489
0.11341283
0.11893868
-0.47764388
1.94042814
2.08454227
-1.50737464
-2.59864354
0.83117807
-0.62501675
0.55646318
0.05901316
-1.62095428
1.22615480
-0.92767471
-0.05107376
-0.46515363
-0.80174273
2.30569339
1.25783634
0.19334775
-1.90820622
-0.68956757
1.42629743
1.10603261
-0.79237896
-0.00901437
-1.37058961
2.75502062
-0.91903579
1.37281704
1.39156532
0.16569340
0.82528156
-0.90783399
3.34356141
1.19024801
1.12970924
-2.91675377
-2.52014875
-0.34601358
-1.01470661
0.95051444
-1.25412631
-1.08738053
-0.49128279
-0.50087023
1.70760548
1.17828321
0.36125970
1.80120862
-0.37353736
-2.69043589
1.07039130
-0.51976073
-1.81699634
1.25095594
-0.52693033
-0.62568635
-0.94144350
-1.16603553
-0.44329447
-0.23344451
-0.14461102
1.46555257
-0.12026715
0.57294178
0.34728873
-0.19614369
-2.31893945
0.62780160
0.09369670
0.25599727
0.24877271
1.32261741
-2.97713137
-0.12709936
0.55063117
0.24767973
-0.41839680
-1.68390977
-0.59602213
-0.65457428
-0.52597928
0.02347144
-1.38075292
2.75906348
-0.83521229
1.60727572
-0.92623580
-1.28289890
0.77740067
0.25203651
1.93133509
1.93529797
0.73009169
2.26724172
0.41175434
0.34324348
-0.65230805
-0.08832217
-0.78618062
1.71325254
1.28598738
-0.41736519
0.17067175
1.53884029
0.84035265
0.60625446
-0.96866983
0.20565596
-0.95675325
0.04082693
-0.51698375
-1.13928199
0.10438274
-1.17098558
3.22030258
0.23945971
-1.30856216
-0.02049178
1.12801254
0.46883929
-2.74950838
-0.41105136
0.99351430
-1.45947552
-0.31023273
2.05617166
0.14156269
0.66132218
0.11497340
0.70508111
-0.77166080
0.54089499
-0.16925448
1.83416951
0.00002480
1.51726723
-0.00176549
0.17418683
-1.87852037
0.38655779
-1.81453681
-0.06540182
0.56535566
-0.12475093
-1.83956504
-0.03173797
-1.07567489
0.55143720
-0.16714764
-0.03663749
1.01062584
-0.51395696
-1.09148312
0.91802156
0.96588683
0.08356509
0.21909384
1.48986435
1.27873778
-0.10854781
-0.15523872
0.90722191
0.94018859
0.26904476
-0.57329410
1.06092107
-0.40181175
