384
0.72896016
-0.55624241
0.90094644
-1.77495849
-0.02346491
-0.13007060
0.86959600
-0.44026774
0.32962382
-0.59218454
-1.23057723
0.77832341
-0.17742251
-1.92789459
-2.79454136
0.31367096
-2.11258340
0.48003507
1.51300144
-1.42649519
-0.54926586
1.53359163
-0.62985855
0.18641624
-0.12831908
-0.35582089
-0.20121829
2.67740655
0.95417565
-1.05875027
-1.38654041
0.20379332
0.30411509
0.14673096
-0.15288517
-1.70993018
-0.53679502
-0.43425161
-3.43774700
-0.08831626
0.16786233
-1.00529158
0.28877413
2.30721331
1.56256557
1.33334517
-0.45697957
0.08565557
-0.08812261
-0.81105685
-1.02094853
-1.21589708
2.00085878
4.23109245
-0.32208318
-0.20961219
0.83068436
0.35998544
0.54902673
0.91847795
0.76201892
-0.62979650
-0.55720609
1.64197874
0.51646447
-0.68581086
0.17389351
0.64880490
-0.31985915
-0.98794413
1.59834623
-0.31536144
-1.84235168
-0.40889904
1.31079412
0.99736226
1.62967706
-0.77072233
-1.81338060
0.17355151
2.29107761
-0.08354160
-1.25535035
0.56134301
-2.23007560
-0.54838151
-1.14883542
0.57336700
-0.31278339
0.46426818
-1.21869075
-0.35290110
-1.50110912
1.20078373
-0.04494870
-0.74112117
0.79580981
1.01388168
0.34720606
0.93036544
-0.61219299
0.63525343
2.17394495
-1.03244615
-0.88653290
-0.02323282
-1.18113315
0.40547144
-0.81398213
-0.47188428
1.05186498
-1.41893005
-0.15431210
0.32123598
0.36681139
0.47606999
0.99694622
0.01234676
2.40738273
-0.61734504
-0.29652739
-2.00302720
-0.58259058
-1.28672957
2.55430698
-0.43654317
-1.70343399
0.18782161
-1.71613133
-0.03909935
0.52034056
0.82879674
-0.63386452
0.52102214
-1.98072827
-0.51661760
2.76619267
0.34510943
-1.43513477
-0.31994760
0.61959946
0.56668556
0.48798168
0.14180315
0.38158295
0.97357589
1.20178008
0.03015928
0.93956542
-0.40354818
1.02428770
0.91637236
-0.73672909
0.19342422
-1.17695570
-1.57901359
-0.56695348
0.03028625
-0.64815009
-0.64627600
0.09440336
1.96024537
-0.92178714
0.93970430
0.29420665
-0.93264681
1.48835492
2.60999703
1.78545809
-0.93876016
0.95613450
1.10880017
-2.13922215
0.11183760
-0.45887187
0.50215721
-0.82185185
-0.32216376
-0.50183928
-0.26051158
-1.87848258
-0.50705218
-1.59137523
-0.09961937
1.11849010
-2.11171818
0.18390371
-0.77701914
2.48246980
0.22399926
-0.91800249
0.89725542
-0.23188038
0.37753588
0.47068936
0.06791186
1.14991009
-1.35555089
0.44941971
-2.26437998
0.43574643
0.57694632
0.32203549
-1.36812770
1.03508210
0.31538576
-1.11703122
-0.36340898
-1.59473419
1.29234421
1.43237054
-0.69761431
-0.73020577
-0.80743372
-0.16291028
-1.24731600
-0.07682681
-0.41150811
-0.00830758
-0.68193042
-0.82831371
1.58893669
-0.37289697
-0.04161613
-0.28695476
0.13171113
-1.66195130
1.49878371
-0.49797595
-2.09656978
-2.48179936
1.53410041
0.84633273
0.09447286
1.22410774
0.40499493
-1.60296273
0.54826880
-0.83978027
0.77902162
1.17017508
-0.86618268
-0.27225029
-0.74737895
-0.83156139
0.07389033
0.52122021
-0.10479093
-1.16783583
2.64460921
1.11977768
1.34601462
0.09487498
-0.87453586
0.42393720
0.50060070
1.06642938
0.41938442
0.59954244
-0.87065423
-0.15328385
-0.02149150
1.42780077
0.61183000
0.26307502
0.68702817
-0.01354434
1.03252232
-0.03797664
-0.44750601
0.40507746
-0.51832819
0.15009838
-0.69253105
1.25939834
-0.83246922
1.30432379
0.36570454
0.92537373
-0.76003408
0.12111741
0.78904116
1.46854210
1.27483201
0.17871755
0.10596003
-0.21283489
0.79264152
0.29723883
-1.60204744
0.42701453
0.32114342
0.25283313
-0.14017698
2.26700306
-0.91673529
-1.98509884
0.31226379
-0.52404833
-1.00230896
1.14643860
-0.01967642
0.03772807
0.58497906
1.22457373
-0.72963995
-0.23554313
0.80397975
-0.72619224
-0.00395280
0.63666862
0.41134867
-0.76000535
1.73913920
0.54179430
1.24172974
-0.13332921
-0.59274906
0.87267536
-1.33397770
2.04663968
-0.45403609
0.13842998
1.54565406
0.06073089
-0.08727946
0.33075443
-1.19887912
-0.58663112
0.75394738
-0.38233352
3.20548081
-0.69320041
-2.53700137
0.95988268
1.33598530
-0.36863062
-2.75425243
0.59024507
1.25898516
0.05640242
-2.15479779
2.09985781
0.16007353
0.76549608
1.13244712
0.01872268
0.83834100
0.14656398
0.48450333
0.04555398
0.02435998
0.63593084
0.36935711
-0.33339173
0.27585757
-0.06975362
-2.14398646
0.89870107
0.55069637
0.55432796
0.43653458
-0.35514870
0.81462115
0.44271213
-1.86229432
-0.66092956
-1.29913235
0.72991723
-2.86655164
0.11336771
-0.85766900
1.15942645
0.15538146
1.04669595
-1.06780565
0.24624646
-0.06414710
-0.79025149
-0.14306462
1.51721191
0.52893722
-0.89975882
0.35546535
