384
-0.32521373
-0.24547338
1.09748161
-1.50278592
-1.25628984
-1.10339391
0.11033721
-1.51883149
-1.05223405
-0.65184033
1.28879297
-0.24432334
0.04942618
-2.58170986
-2.25988507
1.52134240
0.12969793
-0.29615262
2.10989666
1.29377449
-0.06992275
-1.90008330
-0.19394714
-1.09377193
0.40549651
0.31230047
0.80575436
2.16382289
0.31647658
-0.34724879
0.32761243
0.32569346
0.58581102
-0.27731925
-0.44967636
-3.31483054
0.64712548
-0.22263712
0.90038347
0.51195443
-0.17993826
-0.06349117
0.00679739
1.99028313
-0.35480547
0.48166063
-1.02420771
-1.98593843
-1.20002270
-0.75118172
0.59793943
-0.55022705
3.34905386
2.31137538
0.95839810
1.18983626
-0.49102584
-0.53576469
0.19000056
-0.04481588
1.10387325
0.35238498
0.27784166
0.71342045
0.10245588
-1.71616769
-0.28384513
-0.18113038
0.21682374
0.90247589
0.87606978
0.27099961
-1.96269834
-0.91841114
0.08012611
1.98327398
2.45856380
1.01749229
-2.01248622
-0.07331777
-0.31812894
0.48046836
0.62365991
-1.13452077
-0.80431688
0.53319192
0.46052563
1.17532754
-0.17743225
1.37606621
0.00055696
0.75195968
1.65775669
0.40179783
-0.37742892
-0.58449817
-0.44790697
-0.66132361
0.92999065
-0.19155023
1.22904348
0.06149283
3.05091047
0.45067900
-3.02325749
-1.03118777
-0.38220721
0.43391043
-0.17791866
0.03643960
1.44411719
-0.40038854
-0.51215559
0.28308198
-1.53152788
-1.15785193
-0.36889464
0.09242998
1.81377220
1.74157548
-0.78191566
-2.68352914
0.89977312
1.18490243
-1.52645135
-0.06443289
-0.54309696
1.16080654
1.03518653
0.68819690
0.56472957
-0.19568479
0.31194970
-0.18539336
-2.09237361
0.42739010
1.19455290
0.00944632
1.32993448
0.24312747
0.90522909
-0.02748715
-0.07006812
0.07948428
0.67819345
-0.52890396
0.54019392
-0.38573378
-0.88677931
-0.16859630
1.95099843
1.47792411
0.41300905
-0.20280996
-0.04371414
-0.21255431
-0.08763506
-0.06895965
-1.28424096
-1.60539722
-0.96763670
1.98653269
1.73378074
-0.22013405
0.04055560
0.93993884
0.84758222
2.44454384
0.22412452
-1.71269035
1.61084366
-0.24194169
-1.31740713
-1.15358186
1.10691488
1.16308522
-1.73562145
-0.65467620
0.34320486
0.12024063
-0.95379603
1.26671553
-1.24055481
-0.54325968
0.94743425
1.56464493
0.65242034
-0.39127499
2.54894495
-1.16575909
1.43858969
0.03622121
0.27816969
0.93785501
0.46396416
-0.10910931
-0.40050563
-1.16275418
-0.88478047
0.97720462
-0.28522784
0.37495875
0.11659279
-2.98170090
-1.15581834
-0.66624647
-0.53930998
-0.32662159
-2.72124290
0.01828113
0.48912579
0.45369747
0.14759150
-0.27220851
-1.03258157
-0.62271595
-0.79758710
0.02622753
2.32029033
1.96556604
0.60043013
-1.92769170
-0.51208156
-0.64629263
0.45411360
-0.05156283
-0.33462280
1.04595923
0.30731070
-0.81692433
-2.46415234
-0.61776906
2.20971751
0.52267194
-1.14674830
-0.26742452
-1.26594472
1.04445624
0.06291188
-0.29648572
0.44816014
0.91407508
-1.86625838
0.85062236
-1.13216662
1.93720233
0.65478587
-0.47161609
-0.10632205
3.75949383
-0.07178369
-0.50089312
-2.04111648
-0.41430593
0.09618304
-0.41002908
1.39007711
-0.14737463
-0.51993656
0.53251362
-0.64490330
1.71123314
1.99802876
0.97295946
-1.07911503
-0.35577041
-1.53488350
-0.91105163
-0.60790747
-0.44342554
0.95122516
0.24342124
0.71029782
-0.89856148
-0.73528391
0.78901756
-0.61769581
0.80933762
1.50996804
0.61832523
1.10530674
-0.28429264
0.51721656
-0.69944263
-0.08120609
-0.03655174
-1.46813202
-0.47797373
-0.27589986
-1.64248204
-0.47122818
0.61341000
0.74444300
-1.37968946
-0.46829066
1.75724196
-1.90888214
2.41907144
-0.04581658
-1.35135698
1.43856347
0.66097993
-0.43561658
-0.09446294
-0.39145544
-0.24474794
0.76788729
0.65808940
0.29262790
1.53785765
1.73226738
-0.93601924
-0.72204983
0.24441805
-0.59274709
0.55209887
0.26082969
-0.30926257
0.98293757
0.96147072
3.29251266
-0.28837284
-0.80635351
0.00126696
-0.19369577
-0.82847410
0.10826978
0.07983422
0.79713446
0.63356137
-0.58605182
3.15744638
1.05272961
-2.25134015
0.38575202
1.47414601
0.28748840
-1.18807304
-0.69852316
-0.03580129
-0.65208220
0.52259296
0.59140944
-0.26460510
-0.16221239
1.04865611
-0.13905063
1.49329209
-0.61003190
-1.20077920
0.48045105
0.36981732
-0.03309828
0.37627250
-1.13846815
-0.84539789
-1.74157047
-3.45408773
-2.01419568
-0.32660705
0.62126899
-0.29624504
-0.05947293
-0.65356469
-0.13475113
-0.78724426
-0.49182498
-0.49692762
0.82076567
-2.71835589
0.91241503
0.65446579
-0.97270548
-0.62392175
0.96405351
-0.46726879
0.03289697
-0.39376634
1.29803336
-0.89538437
1.58150959
1.05043530
0.72554117
-1.54860234
