384
0.32924026
0.55094552
-0.23219818
-1.10051847
-0.50152493
0.05042668
0.07890084
0.14589250
-0.24535078
-0.95691073
-0.15718254
0.02142616
0.31661201
-0.62002742
-1.21458018
0.53865921
1.62771547
0.48104298
3.19042015
0.03681458
-1.99030709
1.45766830
0.54762137
-1.73434877
-2.71403265
-1.37197936
-0.26194602
2.42427683
0.35977069
-0.84394032
0.61387956
-0.52038872
-0.98773867
1.63183379
0.29423621
-2.89483833
-0.20730165
0.18758622
-0.96431255
-0.08190052
0.00456753
-0.02055240
-0.30450445
2.03030872
-0.21490410
1.33496499
-2.23165321
-0.50047785
0.19778079
-0.38914663
1.03371143
0.11407581
2.84287000
-1.18161869
-0.94850123
0.36885077
-0.26683289
0.86092889
0.44940072
-0.24167344
-0.96528316
-0.16317824
-0.75051415
0.07023593
-0.24146332
-1.21524453
0.28828824
-0.79864192
-0.94117200
0.41641152
0.43626764
-0.85269988
-3.01100111
-0.45827031
-1.59335065
-0.36926019
1.37812233
-0.76753974
0.50550985
-0.19177917
0.33154663
-0.25532043
0.25276256
-0.13775456
-0.47294009
0.00135688
-0.12097362
1.11909032
0.86081666
0.09580556
-0.13140613
0.86838168
0.35819572
-0.48923457
-0.21728206
-0.34939766
0.39855033
0.09694276
0.20567125
0.92488408
-0.30379286
-0.39619362
2.87159419
-1.76944256
0.59353948
0.66355073
0.87201947
0.45823097
0.07920572
0.77895653
-0.06330544
-0.94511342
0.19841111
-0.46582040
1.59335470
-0.31541938
-0.09525510
-0.16500399
1.26064277
0.56747335
-0.90379947
-3.40780425
1.62178373
1.14175653
0.70285726
-0.43330142
-2.74480152
0.36114699
0.07546321
1.26364875
-0.03387579
0.16378032
-0.20802782
1.00913465
-2.47910118
-0.72090054
1.64317155
0.57976067
-1.29211998
-1.37113237
0.32640305
-0.51207238
0.83540839
-0.26209864
-1.10915565
-0.18187073
-0.62984645
-0.88268292
1.24600923
-0.91356605
0.88869905
-0.33392823
-0.26871306
0.46774882
0.01891804
-0.63222003
0.38816804
1.14169836
-1.16020954
0.45288622
0.13470691
1.75616121
1.85224438
1.64304769
-0.96827757
0.14294037
1.64015603
-1.21399248
-0.30190912
-0.52419907
0.41667199
-0.46824980
0.35167927
0.42368886
0.73118573
0.07618181
0.54975390
0.57726848
-1.41687357
-0.07163792
-0.79007941
-0.33968842
-0.93066341
0.28367251
-0.61693215
-0.73744398
-0.00535795
0.01322591
-0.13422298
-0.84590977
-1.39083791
0.32793415
-0.21473211
-0.37682968
0.21752463
-1.14285731
1.81812406
-0.60242838
-0.02189572
-0.34730089
-0.81432116
0.24052471
0.14885196
-0.62666237
-0.10022713
0.53647143
-0.26457715
-0.05331326
-2.10674810
-0.69418919
-0.50342786
0.28302383
-0.20664909
1.01155114
-0.17445666
0.07357085
0.19891760
-0.07300188
-0.02997065
0.56807208
0.32261959
1.61865914
-0.35922140
0.20877844
-1.35926056
-0.15499406
-1.78252721
0.38031915
-1.07781982
-1.88399911
-1.04910278
0.46211800
1.78842747
0.03235613
0.22688052
0.93716991
-1.25785422
0.14964062
0.08799063
-0.34279934
-0.66889602
-0.51641703
-0.23646969
1.26099324
-0.50287879
-0.55420744
0.20862871
-0.15238670
-1.16035342
2.32926631
0.00786592
-0.16397297
-0.93277830
-1.98890352
0.54066080
0.64192450
0.03797019
0.60254830
0.07699873
-0.27974033
-0.00853556
0.19558185
0.44503528
-0.12178288
0.70264512
0.12905172
-0.91925037
0.60862398
0.51468164
-1.42827153
-0.52122855
-0.09811455
0.64287502
-0.34588397
-0.01093723
1.38932109
0.58767509
-0.31147629
0.37058303
0.57285762
-0.83180618
0.93701154
-1.01684284
0.64032501
0.06833997
-0.37081632
0.33548295
-0.19132632
-0.19090357
-0.93497169
1.71168554
-0.67206311
0.21535492
-0.04140648
-0.37982133
-0.35579371
0.02791825
0.41755345
-0.71247071
-0.99227881
1.81941330
0.52538127
-0.47334188
-0.05324006
-0.37490284
0.16775508
0.27634633
1.82843542
0.60264772
-0.42672753
-0.12443924
0.04274783
-0.26921952
0.48449337
-0.07609540
-0.02349192
-0.04569554
0.18062893
-1.45413113
-0.20111920
1.31458354
0.08873119
-0.18302643
1.55771554
0.21434176
1.16487122
0.25391901
-0.38447893
0.69580340
0.44507891
-0.91763252
3.13615370
-0.90291280
-0.21962446
0.89598525
2.62912202
0.08236448
-3.74489403
0.21426150
-1.85461056
-0.10231379
-2.32697058
3.39159107
-0.16280264
0.76377112
0.48700178
-0.42156935
-0.37173331
-0.56604344
-0.24318679
2.20012999
0.96883547
0.00732290
1.38212514
0.50691926
-0.93696642
-0.02074426
-2.45150518
1.04067612
-0.28397858
-0.11699910
1.65204322
-0.09053560
0.78736782
-0.94903719
-0.76693493
1.02890301
-0.38552833
-0.06200236
-1.14377284
-0.23891515
0.00027444
0.53553689
-0.56243950
-0.08060646
-0.46005577
0.41427943
-0.19190253
-2.44195580
-0.10864381
2.01688766
0.27029255
-0.93668956
1.36358988
