384
0.16845512
0.24237587
1.38069212
-1.25496721
-0.42118746
-0.76519960
0.71035469
0.11171979
0.19683513
-1.02701914
0.64932328
0.16688997
-0.04349810
-2.52753019
-3.28441453
0.86064327
-0.22621174
-0.32754225
1.51284647
0.22939324
-0.57370639
-0.38928917
0.26065317
0.60617292
0.41359264
2.45297408
-0.52014893
3.26257896
1.22655654
0.51923907
-0.13096385
-0.17133811
0.04543117
-0.57968509
0.05049741
-1.48067820
-0.13246499
-0.25811154
0.82527840
0.72590768
0.05683322
-0.82754636
0.22753935
2.66130686
0.03951526
-0.93570167
-1.14311290
0.92069328
2.55012178
1.63552487
-0.66966647
-0.25686342
3.21865797
0.35740072
0.96219850
-0.01347098
-0.28097829
-0.12182437
0.42265671
0.93201971
-0.54097718
0.12479591
0.14811747
0.29196906
0.22197068
-1.33746886
-0.00099001
0.49736464
0.09428227
0.27954358
1.40587199
-0.16662540
-1.33164668
-0.12350464
-2.17091227
-1.62068176
0.38243246
-0.68296385
-1.81703067
-0.03116491
0.62376356
0.31709939
0.10152411
-0.01151474
-1.73155725
0.22119495
-0.29776090
1.41097355
-0.15682776
-0.03893549
0.38664648
0.15095076
-0.28925079
-0.35160029
0.23657614
0.20491776
0.61470747
-0.34595993
-1.14642012
-1.07837367
0.92090571
0.53496724
-0.10934627
-0.27983040
-1.02638054
0.82098460
1.12940431
-0.01044470
-0.27554619
-1.69982517
0.46040446
-1.05553734
-0.36848244
0.14582220
-0.46038488
-0.02522446
0.68635517
-0.47968996
1.96886396
1.38770878
-1.27101910
-3.79655647
1.10585999
1.68182564
-0.11071822
0.62534624
0.21990001
0.87691230
-0.16796349
1.05545378
-0.33674186
0.39901942
-0.48795944
-0.32243735
-2.20602727
1.17351031
1.40013063
-0.08371123
-0.05313370
-0.65354037
-0.31638822
1.24344003
0.18873471
0.18656769
1.30814695
0.50593531
0.87722605
1.18423235
0.68817496
-0.75772119
0.51716161
0.13635960
-0.17335194
-0.34533876
0.27830601
-1.51667023
-0.05253728
1.06291974
-0.65245199
-1.58975911
-0.01009568
1.54431319
1.72785544
-1.21859074
-0.52188265
-0.03677404
1.41857088
2.15489149
1.78681588
-0.73969191
0.81388760
0.25570306
-0.23213091
-0.45712674
-0.27396941
0.06995863
0.99638861
1.51864088
1.08000135
-0.16576728
-2.61255360
-0.09769406
-0.74897695
-0.46587971
1.26284230
0.91798186
0.09313041
0.09910499
1.85236382
-1.95602417
-0.14939722
-0.43610841
0.19545865
0.78896117
0.36914381
1.12619555
0.67971987
-1.97722852
0.14161412
-0.99655032
0.36832583
0.55161899
-0.18195921
-0.99546474
-0.17393395
-0.30032906
0.26233712
0.12370013
-0.92016858
0.47753134
0.44281465
0.04058570
0.09818956
0.87954861
-1.37771308
-0.21499276
-0.03012607
0.41644031
-0.54188550
1.47512829
-1.61832643
-2.15252066
-0.05744921
-0.24106453
0.74682039
-0.59954464
-1.32242799
3.20729160
0.66388190
-0.81897312
-0.80509377
0.47680882
1.08665061
0.75218660
-1.93016505
-1.28089535
-0.42154896
1.55654550
0.00383308
0.26578102
0.80223852
-0.76487696
0.16500860
-2.04506302
1.61118388
0.76077729
0.08335979
-0.35375518
-1.89054489
3.04394174
1.25858688
-0.07775258
0.64912397
-1.00275683
0.30499089
-0.26855919
1.20097554
-0.37596482
0.07263205
0.20520151
-0.09448697
0.58020073
2.93873906
0.24332213
-0.19972616
0.26712784
-0.94361866
-0.07163110
-0.21449909
-0.56187576
0.23979491
0.00911133
-0.32076699
0.11258619
-0.79071409
0.25727788
0.45542091
-0.09868904
1.35504198
0.40974617
0.14021251
0.06425971
0.26228049
1.18470311
-0.55425489
0.10383959
-0.27764344
-0.27110919
-0.07059441
-1.39114666
0.67953277
-0.02443400
-0.14253169
-0.48803219
-0.52732617
0.37348172
-1.75781333
0.18035173
-0.27732357
0.11362731
0.22609448
0.76514077
0.35458288
-0.37963501
0.72612327
-1.11067772
-0.69049311
0.80822563
1.00215518
-1.28572547
0.95093989
-0.17782414
-0.43614507
-1.31858420
-0.11064959
-0.26054192
0.89712721
-0.28004470
-1.04714572
0.32784861
2.44729090
-0.18500984
-0.21349958
0.28807902
0.18626837
-0.12294202
0.86990261
-0.19856423
0.07738224
0.90027463
-0.99296832
4.03184557
0.06071864
-1.91613412
0.16458711
0.29236922
0.54989630
-2.41156769
0.72178799
1.24251378
0.40135854
0.48920527
1.64526629
-0.13443455
-0.54360282
0.34913206
-0.01663748
-0.76735139
-0.43756974
-0.05618104
1.51286530
-0.00734514
0.20259380
0.87912893
1.02916801
-1.02365899
-0.35115874
-2.54026484
0.47977579
0.14277703
0.33207405
-0.98570061
0.26037747
-0.04416144
0.65211821
-2.37877131
-0.26502761
0.35596076
-0.77557957
-6.22183609
0.17990893
0.36839783
-1.41515553
0.49613392
0.83178580
0.59023285
0.95876813
-0.23107983
1.06016958
-0.22404274
-0.68926740
-0.43331084
-0.15660200
0.19368166
