384
-1.95176911
-0.12602180
1.51347411
-1.63543212
-0.71757436
-0.82491958
0.62084937
-0.97936010
-0.44585362
-2.44469810
0.01773745
-0.22196658
0.12264480
-1.01753581
-2.35384512
0.31452751
0.15202048
-0.19088170
0.64109516
-0.21356112
-0.35712636
-0.75819361
-0.04319596
0.26446247
0.70104694
2.82385087
-1.05827594
3.03365731
1.53500485
-0.06707993
-1.19264424
-0.07095201
1.00129294
-0.31235147
1.33208811
-2.50441766
-0.42944178
-0.61699164
0.05236483
1.75011122
0.56573278
-1.27180767
0.24452440
3.22721481
1.27071917
-1.33534956
-1.12551856
0.88023353
1.16528964
2.47569752
-0.15667784
-0.20716387
3.16736746
-0.71721673
0.37118420
0.43334535
0.15222225
-0.29389453
-0.47409084
0.07537462
-1.10249925
-0.26454067
-0.15645978
1.49003196
1.47746754
-1.63250685
0.95181614
0.32192764
-0.75310206
0.64421380
-0.04934032
0.33610636
-1.28628981
-0.85108662
-1.55278146
-1.77374578
1.42328274
-0.74525678
-0.94996560
0.29053259
1.33247888
-0.45367235
-1.06797957
-1.26161408
-0.87454963
0.43697190
-0.94446450
0.61425257
0.40534151
0.32296681
-0.13409269
0.16188255
0.56223923
-1.34328735
-0.29087618
-0.10198750
-0.28183714
0.23201995
0.53253722
-0.83785856
-0.16185103
0.80316657
1.30773032
0.60563987
-2.07280922
-0.80877465
0.87421912
0.25935626
0.30667251
-0.75220615
0.94503671
-1.08106029
0.09468934
0.76876259
-1.69486308
0.22858264
0.55277312
-0.53937972
2.00622129
0.44659325
-2.02649498
-4.40729046
0.16484638
2.50256109
-0.03472492
1.36154377
0.08759618
0.51237708
-0.30091476
0.12355971
0.11723422
0.17535651
-0.17001186
-1.48977554
-0.80636358
1.04959953
0.85916144
0.52277273
0.08687635
-0.54168516
-0.07882470
0.68948901
0.49222219
0.36640632
0.95096767
-1.13661778
0.04589714
1.09398603
0.92057735
-0.10156751
0.33500555
0.50105906
-0.45324019
-0.63751185
0.04582676
-0.16452229
-0.67908883
-1.51727569
-1.21491945
-1.05256581
0.36260533
0.19125745
1.81816864
-1.19385040
-0.74450171
0.15988192
1.36865401
2.01447248
0.24460453
-0.26119572
0.69525081
0.07299823
0.59147310
-1.28074670
0.10124278
0.11365348
0.83650124
1.06461167
0.71665967
0.12682614
-0.69770205
0.45794374
-0.34445733
0.32999822
1.17191041
0.87452304
-0.08727257
0.45167381
2.06717443
-0.95388269
1.12990677
-0.41394389
-0.48952478
0.33901998
-0.06308480
0.94403362
0.09942159
-0.94853121
-0.29989314
-0.64272225
-0.77383238
-0.42379266
-0.12335509
-1.20432353
0.17993170
-0.74549139
-0.67756069
0.83482969
-0.07963151
-0.44397902
0.16358703
-0.51081169
0.61743021
-0.29993600
-1.84891045
-0.45784676
-0.67451274
0.86817801
-0.46786013
1.56496680
-1.05158663
-3.69524717
0.00163263
0.23550409
0.73766255
-0.01770292
-1.47369790
0.70713639
0.64801294
-0.58690268
0.73772919
-0.18580581
1.49460745
0.93372571
-1.53082681
-1.09564531
-0.18483850
0.41972730
-0.18103115
-0.62993288
0.93979084
-1.21093726
-0.84112483
-1.16467261
1.86987114
1.02822733
-0.13093498
0.10364781
-1.93295598
3.45072651
0.37900737
0.35204434
-0.32507434
-1.90966046
0.01266285
-0.20085216
1.51474285
-0.11162829
-0.40364811
0.21937689
-0.68720156
0.65254778
1.99589348
0.34531564
0.05753863
-0.10307238
-0.73762637
0.49034795
-1.13340235
-2.42921805
0.63871831
-0.00963251
-0.87414145
-1.14802611
-0.55223119
-0.05669197
-0.08632542
-0.13010992
0.80843067
0.19493970
-0.69137102
0.80509090
-0.54842651
0.43749857
0.03953608
-0.03748428
-1.16206121
0.30353391
-0.62234086
-1.10868490
0.21306483
-0.00223765
0.03621778
0.29598507
0.93772626
-0.22749436
-0.97017485
0.29325831
-0.36675745
0.18121046
0.26727980
0.66120064
-0.00957274
-0.29120907
-0.00791299
0.35186577
-0.64978856
0.61190462
2.07257509
-1.30661404
1.63810813
-0.37907469
0.00390168
-1.55106854
0.07857408
-0.59127271
1.50336337
0.34537357
-1.08485532
-0.37372971
1.00439560
0.06763805
-0.67021167
-0.45790678
0.08065717
0.63237482
0.25756252
0.00534583
0.16061094
0.98328602
-1.15117717
3.81637692
0.79176211
-0.97257900
-0.02120598
0.76134253
0.38890743
-1.93786955
0.02625927
0.79426855
0.55872840
-0.51895565
1.23595119
-0.12174746
-0.34022769
0.57404011
-0.68659770
1.09532762
-0.69658887
-0.53577745
1.95537221
-0.51265514
0.21691288
1.25858045
1.16660154
-1.60971224
-0.21520180
-1.16139960
-0.21215875
-0.41242191
-0.27438867
-2.17706943
0.31890991
-0.77418005
-0.27173138
-1.81529915
-0.19674751
-0.26010418
-0.04500788
-0.03492904
-0.28637153
-0.04389130
-0.97227335
0.08755478
1.29951704
-0.00993574
0.44683969
-0.35374635
1.75301385
-0.50112307
-1.38296032
-0.27741823
0.09748874
0.56801790
