384
2.35059214
0.42106074
0.23245978
-2.10598207
-1.21373057
-0.32585871
-0.91748130
-2.06741333
-0.40462101
-2.77962017
0.21576482
-0.05679698
-0.88192195
-1.25103855
-2.78919411
0.24565485
1.76151860
0.16802344
2.50563669
0.05570339
-2.20723939
-0.22942787
0.11222273
-1.59666252
-0.07613075
-2.25840378
0.55505151
2.55938959
-1.68803120
-0.08008373
0.75085181
-0.82595003
-0.53349715
1.83473849
-0.85887980
-3.17755032
-0.06028500
0.01702648
-1.68577623
-0.78164887
-0.70663863
2.01760554
0.24130541
2.78387880
-2.82501960
0.67224336
0.34849882
-0.72072160
-1.55509377
2.96252179
-0.38009149
0.66928756
2.45023394
2.31066322
-0.66153717
0.63840151
0.53458679
0.60763413
0.65045536
0.34667906
-0.77373374
-0.26151249
0.43636420
0.97594959
-1.38436472
-0.66284674
0.31933948
-1.22794795
0.18601978
-0.20539787
0.29318303
-0.71110129
-1.07170248
-1.06642151
-0.77570081
1.21637154
1.71848118
0.65340823
1.04526329
-0.90874797
1.33516788
0.29747695
1.83273768
-0.30742747
-0.90181041
0.52161384
-0.04211587
0.17680496
0.65575325
0.96059155
1.10697079
0.32667568
0.28129825
1.06069314
0.05156957
1.28795946
0.62630105
-0.21356162
-1.48578489
-0.24764127
-1.09857106
0.17546532
-0.72668874
-0.84875643
-1.92122376
0.79398555
-0.36333296
0.12383582
-0.41257823
0.61761606
0.32461047
-1.59997952
0.44653851
-0.33890826
0.09615588
0.17721684
-0.06783170
0.25010717
1.31336868
-0.04174048
-1.58579826
-2.99170685
1.03524661
0.31427115
0.32155675
-1.92190814
-0.57994354
-0.55270302
0.07614012
0.93456978
0.21988210
0.52081412
0.01723787
-1.24161911
-2.35108829
0.34117791
1.76144123
-0.06280129
-0.70061326
-0.48791909
0.47948843
-0.24018535
0.88840175
-1.42169881
1.03330684
0.78444648
-1.05554831
-0.05465980
1.42193365
-0.54177392
0.05525021
0.35501277
-0.02312469
1.46673167
0.69766176
-0.92156994
-0.54439223
0.89215094
0.19629312
0.20855999
0.52431178
-1.82845974
1.52228343
-0.11750618
1.08680367
0.84600240
2.14643931
0.18204737
0.44942519
-0.97067893
0.75080645
-0.76795685
1.24249208
-0.58938336
0.23998213
0.60295665
0.02148540
1.15464187
0.17752951
0.19643956
-3.13357687
0.38652575
-2.38888931
-0.55265242
-0.65728414
0.05412871
-1.31165028
-0.30408639
1.11889195
-1.96608508
-0.21481666
-1.25016570
-0.52273220
-0.68333590
-0.48326343
2.30412960
0.26290613
-1.84291124
0.77533495
0.71361893
-0.76489550
0.78413481
0.42948920
-0.54491115
-0.32027388
0.19044717
0.14144625
1.03492713
-2.72648072
-0.62651247
-1.19463551
0.28108171
-0.73907155
1.09166813
-0.42420745
0.14086264
0.43948030
0.28410196
1.47481561
0.52178121
1.28162909
1.79730344
0.69180334
0.19400923
-1.12641263
0.39573649
-0.70029908
0.61923170
0.50879771
0.96649599
0.08421773
-0.00887145
2.13750529
0.64502925
-1.80713725
1.09012425
-0.85126603
1.30018401
0.64137334
-0.62083375
0.18096860
-0.10049802
-1.33925164
-3.73366046
0.94325972
-1.37348962
-0.21148929
0.35402554
-0.95582914
1.07392168
-0.62899458
-0.02725682
-0.58149087
-2.11492682
-0.75865471
-0.16876253
0.06714511
0.11038318
-0.23293889
-2.00757980
1.23547268
-0.50502366
0.80883467
0.50467765
-0.32339436
0.77814615
-0.74668825
0.55342442
-0.99438524
-1.52993155
0.33537662
-1.14190376
1.07385874
-1.23165011
-0.61119950
1.08127725
0.58299136
-0.70812595
-0.08341250
0.18275982
-1.78479576
0.26019779
-0.24325660
-0.90535939
0.46616292
-0.68664670
-0.45941946
-0.67750144
0.63792396
-0.93948573
1.19561911
-1.07924068
0.89343679
0.54554069
-1.31870210
0.53496218
0.44674629
0.06246364
0.12914455
0.41718081
1.62902701
0.15882295
-1.29902673
0.45025915
-0.41804010
-0.56069475
0.46427119
1.07358611
0.17202383
-0.17896302
-1.26166046
0.56207347
1.49309981
-0.90732503
0.93034923
0.78847754
-0.92609471
-0.98498863
2.13299680
0.57194662
1.62411845
0.17210390
-0.44388735
0.94867355
0.03116757
-0.38918734
0.72051632
-0.25105074
0.42366514
-0.02298344
-1.38769531
3.53267622
-0.04144174
2.43930984
-0.20811632
-0.05168366
0.34076741
-3.45727944
0.04855808
-1.34472537
-0.45812789
0.19953635
-0.19923872
-0.27578610
0.62301761
0.61774510
-1.34752989
-0.79144442
-0.32490724
-0.07386222
1.14098215
-0.15899682
1.01042151
0.49986383
1.10726535
-0.71296656
-1.33306408
-2.36716700
0.21577013
0.27405807
-0.14491348
0.39874959
0.59347582
1.40362442
-0.80217487
-1.05174065
0.51336747
0.15874101
-0.55988884
-0.61446571
0.33925706
0.81224585
-0.43861890
-0.85358006
0.06789911
0.44226086
1.11705267
-0.48673874
-1.07087922
-0.81965238
-0.54885858
0.32506964
1.38428283
-0.13919774
