384
-0.80649132
-1.37267113
1.27556312
-1.74842799
-0.53523350
0.07498723
-0.40234786
-1.39031744
0.62649632
-1.01157415
-0.37950626
0.30140075
0.29793710
-2.03340793
-1.56640542
1.22593367
-1.07521796
0.73382664
0.78118426
0.11571074
-0.22972649
1.81109560
0.10590202
0.03990422
-0.08235784
0.49361885
-1.08244359
2.84783888
0.34669316
-0.09543543
-2.68028903
0.44606537
1.15520084
-0.64972740
-0.04329044
-2.31843925
0.05124658
0.12300173
-2.63421869
-1.06853914
-0.46140954
-1.43372905
0.40834260
1.19047689
-1.93532944
0.38183832
0.00635085
0.84584188
-1.04085267
-0.87735277
1.20265377
-1.17472136
1.40250802
3.71309996
0.34436211
-1.14753246
0.53668886
-0.35544002
0.34880182
0.95398003
1.51103139
-0.82919264
-0.36981562
1.17142606
1.07914245
-0.41031849
-0.03387892
0.45282516
0.04013592
-0.65598363
-0.02745622
0.13273633
-1.32054567
-0.84657466
0.67871904
2.67692208
1.46308970
-0.23434687
-1.81732273
-0.15993999
1.56505919
-0.58068043
1.68215752
1.23803926
-2.52646089
-0.52853811
-0.87579769
0.46893215
-0.36441940
0.30981514
-0.50752652
-0.28534588
-0.85347158
0.35505027
-0.99072224
-0.24935947
0.25533083
1.07221544
0.04204446
0.66283250
0.31374595
0.38168940
3.04350400
-2.04982066
-2.27102757
0.03503942
-0.57864940
0.04322115
-0.93704683
-0.01464364
1.58656359
-1.31365526
-0.07273676
0.70002443
-0.89502227
0.34673488
1.13033736
0.36429480
2.35076380
-0.52343899
-0.24166089
-2.24676061
-0.07024747
0.23203266
1.59211206
-0.26954854
-1.50291860
0.53099614
-1.23820746
0.50817823
0.26638076
0.52809286
0.16924189
1.39513397
-1.79395056
0.22678351
2.50307536
1.23926592
-0.55800319
-0.22262162
0.89043176
-0.21429425
-0.06020641
-1.52022099
-0.24964087
0.93836063
1.41760159
-0.15610500
0.28852695
0.45352411
0.39446786
-0.16757230
0.38340071
0.00377640
-1.19383335
-0.96655142
-0.53134000
0.42416653
-1.14409387
-0.18882860
-1.47631764
1.81788945
-0.60234588
0.30925453
0.54829091
-0.74108583
0.57157707
2.37324786
1.74213254
-0.23444000
0.84904075
1.90364718
-2.18152642
0.64638340
-0.17635338
0.46677837
-0.01883888
0.34422395
-1.24694872
0.32862645
-2.47342062
0.55393833
-2.32450318
0.12023166
2.13393903
-2.32012105
0.04035270
-0.85934800
2.30589962
0.24374318
-0.42063451
0.85519308
-0.28551307
0.66364890
0.70690751
0.22096983
1.21798944
-1.72646558
0.47778445
-1.73497629
0.40575016
0.32108137
-0.44345990
-1.46169794
0.54497790
0.77673876
-1.23164487
-0.44261688
-1.65349150
0.23478931
1.03197157
-0.06182456
-1.09450746
-1.94209456
0.55098367
-1.20790648
-0.43262553
-0.03060126
0.78559506
0.14207894
-1.93127286
0.78804940
-1.20390236
-1.07550764
1.05044234
-0.71523613
-1.38957798
1.46214271
-1.52293682
-1.04583502
-2.83962059
1.20444930
0.77861762
0.22304335
0.39222255
-1.40645480
-1.18543351
0.95681274
-0.25105757
0.07983337
1.05541599
-1.23808861
0.36378980
0.99198842
-0.74487185
0.57264578
0.44448256
0.42330673
-1.11345840
2.55847287
2.16286087
0.37594196
-0.54227746
-1.15613425
0.64218628
0.60542864
1.93854225
0.36446697
0.60574126
0.84145880
0.18776762
1.46145225
1.50000310
0.96423268
-0.38119465
0.26509860
0.60130024
0.24789417
0.22529772
0.72230613
0.17761068
-1.06260192
-0.01421068
-0.22808820
0.84357935
-1.22253573
2.02011943
0.70827508
1.93119776
-0.98370892
1.75438690
0.48034766
0.69936019
0.82374030
-0.27655271
0.48841479
-0.08561200
1.91533446
-0.42073682
-1.98541188
-0.14741439
1.35404801
1.06332278
-1.25281823
2.75945854
0.54504216
-2.06079721
0.49740937
-0.38887042
-1.84702325
-0.03152748
0.35868296
0.36848915
0.22199431
1.62492716
0.44746777
0.50238818
2.08254504
-1.42031217
-1.12430751
0.25491655
1.01402807
-1.05196714
2.67253160
0.87252915
1.21427035
0.28310892
-0.13908444
0.30548346
-0.04127575
0.20731725
-0.26832363
0.93153334
1.41291642
-0.50546205
-0.37020266
0.25511733
-1.43747914
-1.22264230
0.51338124
-0.38894996
3.19827819
0.58950251
-2.68672276
0.95666540
1.59832048
-1.50937235
-1.83342314
0.40861860
1.58238482
0.86581171
-2.01025724
1.99806488
0.03421386
0.79544467
2.21179867
0.15473461
-0.29828554
0.57545215
0.72940969
-0.19017732
1.04769385
0.83718246
0.37969714
-0.86818987
-0.64000446
0.20180592
-3.15165997
0.18398643
0.04886109
0.01329881
0.32622209
0.46567574
0.73598158
0.37770480
-1.87817752
-0.36548674
-1.09328699
0.29856229
-3.56652188
-0.23645189
-1.12368083
1.69079113
0.00738576
0.92689437
-1.72198510
0.82223630
-0.45765316
-0.50967431
0.68016541
1.35181653
0.02565724
-0.89782655
0.04767263
