384
-1.95076919
0.16986230
1.25631344
-0.59267813
-0.32295841
-0.58368951
0.22522210
-0.84962475
0.00836648
-0.97016990
-0.30393207
-0.14954798
0.26065752
-0.33169222
-2.56892514
1.16522133
-1.12291193
0.45074141
-0.27757406
-0.40286919
-0.34842679
0.48256195
0.13979658
-0.63952816
-3.26378489
-0.67298830
0.03829220
1.71293926
1.90277076
-0.72146308
-0.16449338
0.22548063
-0.13303334
1.99153101
-0.01767784
-1.45388508
-0.26513940
0.07311122
-4.20392036
0.25231332
0.42333913
1.40255725
0.19191810
1.43988776
-0.41588345
0.54395843
-0.88462979
-0.44782495
0.90007645
-0.18358973
0.36413336
0.18221089
2.42071533
-0.51584613
0.27063051
0.12314894
0.29955631
0.22744022
2.85774374
0.56695539
0.14233820
0.19135901
-0.57604408
0.71643114
0.28735921
-1.69457340
0.31877998
-0.87288791
0.03901630
0.11560424
0.15743625
-0.42328081
-2.56981277
-0.99710435
-0.10085300
3.09409952
2.00644255
-1.10252357
0.54445004
-0.03370458
1.45367849
0.28692278
0.40168214
0.20460385
-0.12119335
-0.52314675
0.44092953
0.44699392
0.20994066
0.02661720
-0.47750318
-0.21356162
0.04663063
-0.81486499
0.40082037
-0.60302484
0.66375518
0.28923425
0.55727786
-0.33538926
-0.05121943
0.11505714
3.66406345
-1.78688943
-1.20749402
0.54540527
1.07054138
0.46190867
-0.03905582
-0.34568858
1.26140881
-0.37307107
-0.11751791
0.48361409
-0.31470671
-0.07793841
0.09921613
-0.10311459
2.36890507
0.40755564
-1.63349187
-1.33641315
0.31209201
-0.78126884
0.17438298
0.96624982
-3.22438478
0.09654877
-0.23519793
0.01629263
1.07914209
0.11961166
-0.44783977
0.97040927
-2.24610448
-0.04764581
1.69374335
-0.18686375
-0.43738627
0.28102595
0.51601768
-0.10023518
2.73509693
-0.37096366
-1.27223349
0.77984726
-0.19119327
0.07590380
0.85310578
-0.49133390
0.71554124
-0.17939708
-0.43901497
0.39725143
0.02874655
0.13579237
-0.52532452
-0.82600313
-0.85315543
-1.01049638
-0.32625273
0.52067953
0.83868778
0.48397982
-0.73630965
-0.09571967
0.83491409
0.40757912
-1.35749090
-0.60488963
1.10903239
-0.93097121
0.38634387
-0.16015011
1.09860206
0.95198929
0.30646682
-1.47870481
-0.46459332
0.05550762
0.48539066
-0.12531324
-1.43640637
0.29277933
-0.34588537
-0.34895265
-0.66227293
-0.61941862
1.13165569
-1.53624296
-0.25188163
-0.31202871
0.28157836
1.38184237
0.71085447
-1.87704170
0.80309349
-1.18894696
0.27362561
-0.39657786
-0.11291963
-0.16724192
-0.01854602
-1.18379712
-0.00660731
-0.39843962
0.38204023
0.26794177
0.08707410
-0.14023414
0.45347193
0.12752925
0.17480060
0.87321872
-0.25186563
-0.54490793
0.57561338
0.05718093
-0.11481249
0.97603810
-0.27265728
-0.79045117
0.00414240
0.35511598
0.03930797
-0.51748657
-1.10895133
3.11662674
-0.75362921
-1.48140836
0.58656526
-0.44922715
2.98871374
0.42090100
0.15279472
-0.37075150
2.17996430
0.96869248
-0.33322394
-0.10491665
-0.09303731
-0.48139673
0.38622266
0.24999672
0.70248330
-0.13870427
0.25079522
0.17318472
-0.59190518
2.83717203
0.33386806
0.26854306
-2.63928962
-2.22719002
-1.02329183
0.05027454
1.98579049
-1.58622336
-0.44135615
0.14857778
0.25984445
0.62967390
0.06390715
0.34268254
1.32122600
0.74438089
-1.32198918
0.79612088
-0.00622821
-0.75812632
-0.55151570
-0.00985640
1.30360556
-0.70364141
-0.06792222
0.43757352
0.02699801
0.27277002
0.74299401
0.35937172
-0.38459849
0.45980588
-0.46522099
-0.57457107
-0.19629262
-0.41659847
-0.00572181
0.15383433
0.07587714
-1.74821985
0.35811150
0.50100183
0.24387291
-0.24267103
0.53444284
-0.20921087
-1.51755202
0.32262820
-0.47161204
-2.84192777
1.47697759
0.30537593
0.69581425
-0.39133096
-1.13457155
0.37386778
-0.37478477
2.13251114
1.59251332
0.35128295
2.19628000
-0.21960860
0.07797500
1.72693014
-0.08936179
-2.27330613
0.60720742
0.19998114
-0.41717374
-0.26515386
-1.27801991
0.22422871
0.15093289
0.49651274
0.15320471
0.49876177
1.09688520
-0.69239450
-0.02233468
0.30303347
-0.66137618
3.11873770
-0.15082413
1.77585626
-0.10168960
1.61351943
0.26614755
-2.52919793
0.05414796
-0.44636178
0.69878912
-0.24457577
0.95820439
-0.32699066
0.31482461
0.47903985
-0.36234781
0.68005407
0.09150579
-0.04302536
1.08987463
-0.09678949
1.69115102
1.47304749
1.47348046
-1.60265803
-0.54719943
-1.41961288
0.10693187
0.24918635
-0.24090523
-0.88525957
0.38545787
-0.03868628
0.19012846
-0.82041472
0.02316759
-0.27173889
-0.73353982
-5.66877890
-0.13538030
0.10499869
0.33774129
-0.11231492
0.98326927
0.34085423
0.38292861
0.26703241
0.17324713
0.38229203
-1.35298467
-0.18773451
0.22850990
0.83468330
