384
-2.18243480
0.63964576
1.07136512
-0.82134038
-0.61184120
-0.97501177
1.19027996
-1.91357636
-0.03522543
-2.05709672
0.38504893
-0.12074280
-0.49953398
-0.52835536
-2.16103125
0.71591192
-0.75722069
0.33143926
-0.87831283
0.32583115
-0.21526590
-0.15232359
0.12588212
-0.09964821
-1.21812797
0.54436755
0.26838058
2.50133848
1.83566749
-1.09523058
0.20613046
-0.51648372
0.08069612
1.19352245
0.21981388
-1.20765805
0.49521807
0.17824836
-4.53380203
1.20411408
0.34397253
1.15791225
-0.18909049
2.49182844
1.36010468
-0.09885740
0.30344754
1.13017118
1.15402555
1.71537948
-0.03044096
0.36738765
1.18632555
-0.27634203
0.52071905
0.32324326
0.17997470
-0.34691358
1.11719072
-0.12973538
-1.01069498
-0.21560243
-1.43047178
0.78343379
1.27554965
-2.31444025
0.07054094
-0.21295986
0.74230361
-0.04011869
0.34844685
-0.40157020
-2.07868004
-0.94478512
-0.51899248
0.30696201
2.13915348
-0.91113514
0.86153996
0.45078015
1.46983588
0.10562381
-0.84541929
0.99943882
-0.70617402
-0.94355369
-0.62743664
0.41817138
-0.68550706
0.10957903
-0.53776014
1.17548132
-0.15898117
-1.29360223
-0.97105223
-0.37248784
0.94112831
-0.19375661
1.52308011
-0.49421811
0.30946219
0.09931672
2.49061799
-0.70072126
-2.24598646
0.33989725
0.47937617
-0.31668311
0.72193319
-0.96727508
0.82136053
-0.64803529
-0.24592865
0.54197866
0.00771201
0.21759628
0.68686879
0.60887545
2.01346827
0.31773764
-2.23876429
-1.98267078
0.22018923
0.35082662
0.44281426
0.91279370
-0.92991376
0.37514964
-0.40441316
-1.08275282
1.01633632
0.60478449
0.47157311
-0.53166616
-0.04353201
-0.05701649
0.65086722
0.39536029
-0.13724154
0.14041577
0.55727446
0.18411885
3.20839548
-0.09072752
-0.78642082
-0.52824557
-0.36999881
0.15119159
1.39751005
-0.91768426
0.91557992
1.02227342
0.32113355
0.23579738
0.80647266
0.56235510
-0.37044513
-1.37357903
-0.31083879
-0.56366348
-0.23914494
-1.10535133
1.34143651
-0.75500530
0.21465985
-0.70127469
0.83180839
0.84131169
-0.59670115
-1.13001513
0.02681637
-0.40661538
1.96033275
-0.79905903
0.17495328
0.79446375
1.75698328
-1.64427853
-0.19229355
0.02520721
0.21411538
-0.04617511
-1.56745696
-0.26553053
0.37758791
0.43987891
-0.02934825
0.13940391
1.33472526
-1.45335591
0.54719526
-0.03483935
-0.91954565
0.70738494
0.18497106
-0.77806985
0.10799301
-1.53118062
0.09181782
-0.09151143
-0.31145966
-1.26292443
-0.84215027
-0.32095194
0.37679172
-0.46166414
0.10414650
1.01813579
2.28072405
-0.06801836
0.16062200
-0.44700646
1.44027495
-0.60890216
-0.79751337
-1.09094143
0.67634034
1.02018464
-0.16690926
1.38385963
-0.49281350
-1.82580447
-0.25824675
0.60186124
-0.61034578
-0.76193452
-1.87751222
0.85640621
0.41580394
-1.47529745
2.19898415
-1.02525532
2.57941985
0.09989924
-0.48753917
-0.58806980
2.22837543
0.25727201
-0.40449816
-0.57231164
0.19997124
-0.96214086
-0.32464600
-0.83583724
1.90503681
0.01297008
-0.26785076
-0.32732370
-1.08395290
1.86292601
-0.79112923
0.51522475
-1.71455038
-3.06560707
-0.87608343
-0.37856516
2.18863869
-0.37043008
-0.25916365
0.90754843
-1.00491393
-0.05870875
0.62833488
0.65371197
0.49410242
0.38146099
0.09903577
0.52957636
-0.53366482
-1.98525333
-1.19184124
0.53038502
-0.01143898
-0.86332071
-1.16638637
0.66239506
0.20123376
0.38203734
0.57351440
0.77923906
-0.68301082
0.57831091
-0.94423741
-0.23563924
-0.08357903
0.22743553
-0.96713006
-0.20950389
0.16169545
-1.40183461
0.18110636
0.73341781
0.46229765
-0.00685641
0.87852091
-0.55051076
0.04499865
-0.57528633
-0.46348506
-1.21400332
1.12647903
0.82948363
0.59949368
0.05335245
-0.96922362
0.33675891
-0.22832316
1.62339950
3.27847028
-0.97497082
1.76826549
-1.00563490
-1.34377766
1.25564694
0.23292245
-2.24332047
1.24026453
0.08505481
-0.22783229
-0.51563787
-1.86486661
0.27159372
-0.09795450
-0.85854673
0.27723187
0.04201818
0.42396808
-0.66945851
0.41873783
0.95432317
-1.31859350
3.52119231
-0.55771416
2.45428610
-0.22964485
0.74529397
-0.08973208
-1.66855001
0.01667631
-0.63052511
-0.39333832
0.53503710
0.04396743
-0.30410516
0.49665514
0.52340674
-0.75899798
0.82446736
-0.32943299
0.39047417
1.67254949
-0.12530032
0.80862069
1.24064231
2.21691799
-2.40717602
-0.60636878
-0.16217601
0.06572482
-0.12519483
-0.27589446
-1.69566810
-0.05709152
-0.66645634
-0.15751714
-1.26712382
-0.19403547
-0.37966543
-1.59882581
-0.14466229
0.26172608
-0.17107187
0.05354447
0.93686283
0.66336137
1.10800958
-0.18224274
-0.93672383
0.78925669
-0.37685403
-3.33177114
-0.86159265
-0.78199607
0.60577291
