384
-0.17302494
0.16274865
-0.22540152
-1.98345160
-1.17671084
-1.32820964
0.08473837
-0.87948847
-0.57675517
-0.69531864
0.24123031
-0.09246431
0.25932059
-2.11056280
0.01253819
0.80601573
2.24396181
0.35716799
1.99774671
-0.14512716
-1.84159517
0.40906423
0.36974543
-0.74976444
-0.27526158
-0.05031128
-0.73413759
3.34852338
-0.24148345
0.12195307
0.34187528
0.01712142
-0.01673210
-1.40918744
0.02886066
-2.74475265
0.07150888
-0.11507194
-0.20083189
0.20537108
-0.34854037
0.97534078
-0.15697198
1.19034314
0.40113759
0.41549668
-1.65152287
2.00780272
1.71447659
0.35895115
0.71248478
-0.37265226
1.22122109
0.32355094
-0.36559567
0.14323081
-0.12471055
1.59780443
0.48183751
0.55762380
-0.62144184
-0.19976395
0.07655866
0.92946303
-0.22032669
-0.50787163
-0.04773974
-1.00705397
0.33899769
-0.42909348
1.76959240
-0.44073549
-0.57675076
-0.18559854
-2.42390609
2.00757957
-0.90482986
-0.38515580
0.11449587
-0.21088783
1.53456032
0.39200103
-0.22785670
0.28093544
-0.83979064
0.42353553
-0.46614313
0.73966670
0.16555370
0.02794442
0.47997424
0.21418636
0.29623619
1.08547616
-0.05041166
0.63779104
0.39982286
-0.26930165
-0.84214294
0.22241312
-0.06330393
0.02171393
0.14264214
-2.39998412
-1.70887446
-0.07853067
-0.03325506
0.11979955
-0.17239606
-0.18539742
0.01099965
-1.14254606
0.18792023
-0.00947103
0.50909758
0.43370718
0.24829753
0.37031776
1.39819264
1.58198953
-1.57157683
-3.20070624
0.55310827
1.27494454
0.93597710
-1.34950471
-0.88002795
0.91076571
-0.14015809
1.58467889
-0.61489642
0.20428281
-0.16478944
0.24705568
-2.44397569
1.11781812
1.33772779
0.10206848
-0.80866182
-1.20706964
-0.32828480
-0.57525140
1.81088758
0.07493129
1.15447354
-0.13706489
-0.24726041
0.14722121
0.75495332
-0.57609791
0.18481582
0.18084186
-0.11691178
0.16567361
0.35614336
-1.71927738
0.20783527
1.34765768
-0.51315129
-0.73743272
0.09927464
0.38709468
1.80504143
-0.28977373
0.18031290
0.31220832
1.36440051
0.57041627
0.15896606
0.07614893
1.38923573
-0.44613761
0.75438988
-0.39474368
0.20446855
0.17189795
0.15682954
-0.33951965
-0.85623348
-0.26015359
-3.13563156
-0.12897994
-2.37326026
-0.42534503
0.37526983
-0.10705315
-0.61966074
0.33778542
0.26659405
-2.85807896
-1.16225290
-0.12258061
-1.03418517
0.22327450
-0.26049650
0.91761762
2.69201374
-2.11886716
-0.05629796
-0.31165206
-0.46484804
0.38861710
0.03178817
0.26231521
0.11666803
0.73153454
0.01843526
0.30809325
-1.47407055
-0.37205508
-1.68441141
0.02505878
0.12658070
0.36859253
-0.93380785
0.08786160
-0.30938560
0.70542479
0.27645352
0.26140380
-0.95411974
1.27673793
0.17441642
-0.12394982
-0.54735315
0.29589903
-1.13393378
2.85411692
-1.27695942
-1.01601815
-1.02147663
0.06843157
1.69726801
0.13749267
-1.52140355
0.07304321
1.47551239
0.80405164
0.48435664
-0.41519570
0.73569524
0.21074334
-0.49063244
0.48442233
-0.77062744
-1.41814446
-0.22495711
-0.10398183
-1.90905404
2.77774286
0.17755511
-0.52271569
-0.49675083
-1.01919615
0.58278072
0.52457058
1.06032121
1.25391304
0.32220247
-0.05922753
-0.24362196
0.50506520
2.03345156
0.20178410
-0.37894392
0.47787535
0.24544460
-0.45977393
-0.34386367
-0.25795004
-0.58925080
-0.35191086
-0.53308678
-0.55050915
-0.26706800
0.62589961
0.72764349
-0.25857756
-0.19404912
-0.31352445
-0.01150581
0.49985477
-0.99476373
0.33423644
-0.18786901
-0.45225954
-0.70187348
-0.17756301
-0.40539491
-1.65483928
1.39198279
-0.15893742
0.18023825
-0.55131012
-0.33680323
-0.43079454
-0.39029825
0.87887263
-0.39640045
0.69791007
0.89565533
0.92103124
-1.05064654
-0.39112654
0.01954286
-0.64608753
0.33893397
0.80835879
-0.03952920
-1.40492976
-0.12654793
0.04219581
0.76032668
-0.46174806
0.35251608
-0.14284967
0.75811446
0.42023605
-0.61348748
0.27983785
1.33986902
0.11672594
-0.00230299
1.21400166
0.20058949
1.37808168
0.32998401
0.81924641
0.08335391
0.60222316
-0.40586218
3.50774145
-0.06441554
0.33979505
0.52580076
1.31718528
-0.15033726
-2.37927866
0.01409435
-2.42433953
-0.10744921
0.45046157
0.95606363
-0.31184646
0.32560736
0.87346554
-0.29545736
-0.16532481
-0.53878343
-0.23011695
1.53740799
0.18907467
-1.44908881
1.11006641
1.42289519
-0.74994916
0.38131741
-3.60954356
1.17455280
0.31334010
-0.29762533
0.94298929
-0.09652957
0.80661607
-0.21707354
-2.84066224
0.59863675
-1.24002457
-0.71979022
-4.49791861
0.17309937
-0.09558824
-0.40288162
-0.29048327
0.13656110
-0.45493287
0.10307513
-0.31551272
-1.03218341
-0.20503463
-0.88538361
1.00728989
-0.36164448
1.20570564
