384
2.75329423
0.04029204
-0.46430686
-1.51455319
-0.83358741
-2.77797651
-0.69583070
-0.70444316
-0.38753057
-1.11697769
-0.64063442
0.45625257
-1.01275730
-1.67313731
-2.46134901
1.07372105
1.98039019
-0.69039994
2.07918930
0.23204207
-1.68338192
-0.21927422
0.91077083
-0.52157378
0.57588446
-1.59501886
-0.66349667
2.51457310
-0.87519741
0.55665201
-0.18574858
0.56601459
0.51306546
0.57654989
-0.46271738
-2.82446861
0.02124529
0.13714342
-0.21924472
1.29244661
-1.04168856
1.83671880
-0.21508917
2.50503063
2.80162859
1.32140946
0.41214776
-0.18739825
0.41155359
2.13375688
1.71302783
-0.29057080
2.72612572
1.81546330
-0.54561937
-0.68504715
0.31973580
0.78534907
1.17560291
0.87043899
0.57617527
0.27417070
-0.60308194
-0.43920267
1.83509541
-1.54843414
1.40277541
-1.84425879
0.35480669
-1.30604613
2.46534467
-1.26306665
-1.16205525
-0.37365723
-2.53324389
0.94519347
1.06104028
0.60445309
0.59848714
-0.82812274
1.49016047
-0.78372860
-1.32057500
1.08629036
-1.01726520
-0.08024970
-0.83633745
0.58905971
-0.60447246
0.34355298
1.59157372
-0.81441534
0.30643830
2.04481840
-0.79404950
-0.54144794
0.54903615
-0.90286505
-0.58819109
1.12978637
0.31425104
0.25728813
-1.23790109
-1.66938353
-1.54774725
0.17685081
-1.18508947
-0.27140227
-0.67263013
-0.28108817
-2.00778055
-0.17258084
0.55956256
0.38537836
-0.06504701
0.86277711
0.73818296
-0.46216416
1.72271872
-0.53687721
-2.13897038
-3.36989617
-0.54184598
0.98319012
0.28777060
-1.76018023
0.90158868
0.55234933
-0.16414930
0.86930048
-0.66866934
0.32128075
-0.86198831
-0.36653477
-2.08611822
-0.08131218
1.46152508
-0.19753206
-0.22098172
-0.43226063
-0.37194711
-0.67107099
1.58940339
-0.34412864
1.18632793
-0.06492504
-0.64613700
0.94774073
0.60617566
-0.20158747
0.70190823
-0.06941374
0.18695207
0.04505980
0.91749233
-1.64786375
-0.32534295
1.02172375
1.13072646
0.18379575
0.46058881
-1.07844162
1.85991168
-0.54845279
0.47093773
-0.74178016
-0.50342566
-0.10935062
0.99285537
-0.42706996
0.44475454
0.59458667
1.56236339
-1.09612930
-0.28369939
0.22078112
0.63437003
0.69573379
0.77978742
-0.94130147
-3.20889163
-0.85816675
-1.19120979
0.68190008
-0.67143863
-0.18116853
0.57443392
0.56504315
0.65820843
-2.24762654
-0.03571529
-0.21686453
-0.10625228
-0.56426346
0.34708354
2.71039724
1.16853786
-1.40162230
0.31263745
1.07082844
-0.10899113
-0.03525111
-0.11618509
-0.00427851
0.57354671
-0.23149560
0.16978398
0.46787256
-1.75906658
-0.38688231
-0.82058823
-0.12965766
1.53015471
-0.23685107
-0.73680866
0.84315974
-0.32538548
0.27998626
0.34049189
0.73907995
0.23964705
1.93860519
-0.24859290
0.26536480
-0.49408850
-1.39583230
-1.58677626
0.87473756
0.52623487
-2.18756914
0.07226107
0.05079611
1.95253527
0.68486792
-1.50356722
-1.33153260
0.04340149
0.40085799
1.63831258
-1.40251374
0.16148363
0.40268096
-0.55200583
-3.25404978
1.20813406
-1.07140517
-0.39787960
-0.37568486
-1.14023519
1.12283182
-0.19864422
0.17578322
-0.50664663
-1.79265833
0.02647515
-0.67013252
0.02856064
-0.10509457
-0.59374845
0.39393049
0.45893916
1.43841887
2.16862845
0.55187786
1.48157084
0.39025965
0.28308150
-0.95122206
-0.51183015
-1.50711513
-0.19391507
-0.41962877
-0.85018796
-0.24532261
-1.71091294
-0.20675680
-0.33633286
-0.42157936
0.24120462
0.06057015
-0.14593259
1.54435372
-0.78556454
-0.79286993
-0.93044418
0.09930538
0.10848099
0.13835040
0.16854665
-1.21025658
1.12046361
-0.81383848
1.63611603
0.82850611
0.07407898
-1.08460426
-0.20436808
-0.46901602
-1.29714084
0.24108964
1.00061762
0.41129297
-1.15126204
-0.53682369
-0.61870134
-0.35615537
0.43590003
0.96580267
0.53867054
-1.68403733
0.44243801
-0.37681192
-2.05107617
-0.22914922
0.44363219
-0.08279684
0.49063563
0.29740483
1.57316697
0.56877452
2.07727432
-0.16201016
-1.05333877
0.37095794
-0.16364539
-0.60297632
0.13813877
0.78761792
-0.14621262
1.14314365
-0.06097621
3.91296554
-0.38938403
2.05720592
1.54783964
0.06275624
0.44701236
-3.16381836
0.15516289
-2.05889106
-0.49333367
0.20920157
0.47040144
-0.13001584
0.44461119
0.25945067
-0.36708081
0.31174907
-1.33183122
0.96076351
1.72330487
0.00113013
-0.43171364
-0.00591647
1.94295669
-1.02834129
1.81856465
-1.87550724
0.83831298
0.23964629
-0.96264261
0.77004653
-0.12614362
1.14722335
0.05479399
-2.80556393
0.03041556
-0.49900952
-0.16793248
-0.14388965
0.54689497
0.12572792
-0.38258320
0.82002014
0.96739966
-0.57753360
-1.38527167
-0.00054994
-0.66791242
0.54055059
-0.63170904
0.00456177
-0.55395430
0.61348176
