384
-0.31028834
0.04559280
-0.13883221
-2.22859454
-0.42176649
0.04356003
-0.20021494
-1.19886339
-0.53990513
-2.08799243
-0.08024628
-0.34298685
0.42788672
-1.57386196
-1.17235303
-0.05121398
2.74675226
-0.01530999
2.36886621
-0.19715029
-2.32566309
0.74662024
0.76356983
-0.96580017
-0.87859827
-0.14563635
-1.02547705
2.96037865
-0.41591507
-0.57473594
1.30856454
-1.00306237
-0.12740381
0.15671757
-0.51624733
-2.32020164
0.33339393
-0.27805549
-0.74948108
1.91947925
-0.53512603
-0.39258873
-0.79230630
2.83313680
-0.05043406
0.47626561
-0.94962281
1.21697307
1.15045679
2.38971138
0.57127553
-0.37510169
1.70116413
-1.01124084
-0.31928289
0.98868495
-0.15196779
0.71221310
-0.30772245
-0.05793938
-2.68921232
-0.61077923
-0.50445163
-0.00142791
-0.19141439
-1.10070920
0.30276871
-0.18136120
0.02013248
-0.91859621
0.32087129
0.11157809
-1.40653646
-0.42869782
-2.44194841
-2.54016042
0.57526410
-0.53644341
0.55704826
-0.15785579
0.90632856
0.02186666
-0.20815329
-0.09938183
0.01018351
0.22313109
-1.21282399
-0.06258003
0.28706595
-0.15201783
0.64480722
0.44380277
-0.01665626
-0.71954662
-0.37409955
0.55465621
0.73237497
-0.08581270
-0.37585580
0.17018119
-0.10875204
0.10218925
0.62437558
-1.16582298
-0.94027817
0.08750360
1.29474378
-0.00075776
-0.03858070
0.55063528
-0.58620328
-1.63125932
0.47868961
0.26469287
1.01993394
0.67414773
0.23831929
0.20742944
1.01023936
1.51448560
-1.72912729
-3.87906981
1.63221502
2.16644073
0.58022678
-1.07455623
0.40611762
0.48866701
0.55738461
1.80789566
-0.87434089
0.09789471
-0.22745743
-0.34200770
-1.28818572
0.86822313
0.99431705
0.47651929
-1.52485907
-2.11147952
-0.43129322
-0.04329923
1.43493700
0.17701744
0.32611361
-1.01940024
-1.08711517
-0.12548503
1.57739294
-0.41200545
0.74441129
0.78454655
-0.42554083
0.83184457
0.27084807
-0.53926909
0.82336974
0.93663663
-0.37978011
0.40131155
0.42602623
-0.09790438
2.40837955
-0.15854964
-0.24283057
0.58678675
2.68495655
-0.31616390
0.34697697
-0.35370040
-0.14787069
-0.05316050
1.67252433
0.12173000
-0.09754157
0.26480934
2.60961366
0.76743734
-0.88888931
-0.21853074
-2.19359374
0.17633063
-1.30617249
-0.63269562
0.21578437
0.22685909
-0.52414542
0.54215932
0.50910759
-1.87518167
-0.91111475
-0.64837968
-0.81916225
-0.99393910
-0.23316810
0.84465009
0.39582065
-1.40083647
0.14372027
0.09160724
-0.71797079
0.18335018
0.06077564
0.20526433
-0.21273863
0.40241411
-0.02086668
0.11422412
0.10375857
-0.43577296
-1.63660693
0.33575892
0.38314414
0.68023336
-0.82342970
-0.51927578
0.81957793
0.84297502
-0.60979915
0.87843192
-0.55610454
0.47158819
0.31023139
-0.07918841
-1.25138664
-0.25131869
-1.76394916
0.35981402
-0.29300326
-0.48290712
0.63002878
0.63100851
1.18329179
0.28413320
-1.72233069
0.95742536
-0.30352336
1.16670299
-0.00299799
-0.44288886
-0.45120960
-0.53755939
0.10438392
-0.57612824
-0.06383824
-1.12654257
-0.54721248
-0.32969260
-1.83559203
1.97488511
0.07532302
0.46041614
0.43753588
-2.71280861
0.48424184
0.83273029
0.49264902
1.52805531
-0.12820673
-0.52705818
0.10255326
-0.36684459
1.33935571
0.31699669
-0.69219834
0.31689495
-0.30304748
0.07281563
-0.39590329
-1.77884161
-0.29035351
0.43969974
-1.05920482
-0.60280186
-0.48994839
1.95179570
-0.01796663
-0.75576907
0.81398737
-0.01629725
-1.01157618
1.47614443
-1.89660716
0.58446592
0.03259166
-0.52994531
-0.52864152
-0.45357066
0.14650351
-0.58612877
1.54658198
-0.80712408
-0.01273216
-0.63296312
-1.57031608
-1.35145187
0.70075274
-0.11206187
-0.16675821
0.47146273
1.11833262
0.87188244
-0.62473059
-0.41470778
0.80086517
-0.14028412
0.47566521
0.81042117
1.44941592
-2.31941891
-0.08834594
0.00956328
1.07002521
-1.20481718
0.48197687
0.01905517
0.38553628
0.71565974
-1.39624095
-0.16899306
0.54605627
-0.07628265
0.14139591
-0.05661646
0.58094096
1.32209969
0.24982478
-0.35445189
0.34763119
0.83012110
-1.32787883
3.60611153
-0.31804618
1.20601869
0.57340890
1.16200995
0.08390395
-3.04917955
0.67515171
-1.94159758
0.28297570
-0.19254473
1.64875031
-0.33123332
0.17926681
0.49519047
-1.11614132
0.07559761
-0.53362691
0.06734943
2.14204621
0.13163933
-0.74369252
1.65899611
1.68368518
-1.41584778
0.09465787
-2.16658306
-0.10032439
-0.15125515
0.12616965
0.19148692
-0.10315652
0.35315630
-0.70703995
-1.76734877
1.08723092
-0.58808541
-0.89787972
-1.18256545
-0.14419207
-0.06940825
-0.00568470
-0.73576891
0.46933705
0.64193571
-0.25755388
-0.61581951
-1.72775161
0.18426919
-0.25431246
0.43613204
-0.60770893
1.29508471
