384
0.12475649
0.29022455
0.24871725
-1.40684354
-0.50381285
-1.72567379
0.95899361
-0.73953998
0.20174611
-3.60881448
0.13772054
-0.22718601
-0.01219015
-0.89998174
-2.06977224
0.94463485
0.08556381
0.51441312
0.74558938
-0.16076329
-1.93487811
0.28627124
-0.08447474
-0.12277842
-1.25055277
-1.77289784
0.14291619
2.75538206
0.46073210
-0.41803592
-0.00336543
-0.72704422
0.56492996
3.39469433
0.07720739
-1.37337649
0.19176689
0.34420753
-4.04326963
1.19022310
-0.07498693
1.56882644
0.00031643
2.89288211
0.03163938
1.65502107
1.31544363
0.22818698
1.58895838
2.31765032
-0.67640340
0.42963308
1.84262133
-0.43100572
-0.02578688
0.05769059
0.20218015
0.73888814
0.11230499
0.79911554
-1.86637759
-0.52131462
1.14095271
0.44420874
0.16418462
-1.75864840
-0.08017962
-0.40394616
0.23827934
0.66541868
2.97491789
-0.03299206
-0.81100810
-1.00332439
-0.92270696
-2.36043572
1.53938890
0.00068831
0.77823251
0.17323960
1.60139894
0.16331635
-0.04952582
-0.31002718
-0.69550127
0.60202819
-0.24861746
-0.38412309
-0.32939729
-0.46183655
0.51740205
0.03038163
0.09049945
-1.34796834
-0.45095021
0.94754869
0.18643647
-0.43705508
-1.25245583
0.53015602
-0.51700854
0.05079650
-0.31481898
-1.15390694
-0.51203108
-0.61115670
0.21415669
0.01212073
0.16629344
0.30165356
1.94339204
-0.97341216
0.27282637
-0.17599860
0.63380831
0.73737866
-0.01617648
0.12683393
1.96847689
0.21463507
-1.67381263
-2.99624205
0.35422063
0.22010916
-0.38968089
-0.93277901
-0.24467340
0.66943389
-0.99064738
0.46379265
0.18976720
0.11085887
-0.57851160
-0.87497848
-1.36662889
0.08774480
0.49926490
-0.13382836
-0.08295628
1.42139554
0.23057899
-0.42839783
2.96634340
0.35100627
0.68504709
0.57242453
-1.29503667
0.03725483
1.51056325
-0.79021060
0.20663318
-0.40551400
-0.43603712
0.28942543
0.74165112
-0.98802400
-0.19612852
-0.83157492
0.15594457
-1.39905667
0.43062505
-0.68920755
1.02261138
-0.11318325
2.47048092
-0.17532776
1.96412301
0.80680144
0.36741829
-0.83838952
1.16699505
-0.48813266
1.97298670
-1.30495286
0.61770558
1.29274237
1.62168312
0.12526977
-0.39602426
-0.01900139
-0.68595088
0.47735274
-1.92950296
-0.38370568
-0.31395680
-1.31805992
-0.95842916
0.42341670
1.36604691
-1.68070626
-0.98427045
-0.21091819
-0.84482151
0.21565679
-0.55435866
1.41871285
-0.68265659
-2.45549583
0.48711798
0.40427411
0.27022424
-0.10998586
-0.01598061
0.31924862
0.37422675
-0.44414845
0.30846444
0.81307936
1.36985719
-0.63265902
-0.48646873
-0.47275284
-0.29908291
-0.20502813
-0.43917686
1.80712771
1.35667562
0.06837665
-0.07042257
1.46023726
-0.61045337
2.47838092
1.02541220
-0.43851158
-0.38735741
0.11574186
-2.67176414
0.76127601
1.55052149
-0.00303397
0.92110705
0.29835382
1.61859035
0.57812959
-1.70611966
-0.71143782
0.68864954
1.40703046
0.07181248
-0.12941296
0.45513749
-0.84002388
-0.05828288
-3.89659071
2.51034021
-1.18808377
-0.27666739
0.67138225
-0.63316035
0.62229908
0.47913808
-0.27360517
-0.78738862
-2.70898843
-0.58142787
-1.76573670
0.38442630
0.21943218
-0.38298148
0.23070563
-0.22545579
-0.75786811
1.27670074
0.86350739
1.46016049
0.54427123
0.35673559
0.28601396
0.12945315
-2.14031553
-0.43181515
-0.23591933
-0.74566442
-0.78623837
-0.33894861
-0.71595538
0.31195274
-0.31422484
-1.03211534
-0.01901549
-0.11938176
-0.37488559
-0.50947630
-0.64880151
-1.09484363
-0.19042176
-0.84022379
-0.53928488
-0.44832677
-0.83972943
1.06913078
0.15154943
0.87473887
-0.00258563
-0.65805817
-0.78128707
0.29685280
0.89476573
-0.53533012
1.26378047
1.24536955
0.56349790
0.47971931
-0.12313315
-0.30399829
-1.14939260
0.32642388
0.63309586
2.33857489
-0.78555971
0.47995460
-0.49250245
-0.78789860
-0.07315199
-0.17609067
-0.69927573
1.88686347
0.61424994
-0.77489120
0.15684842
-1.55755579
-0.37971959
0.10235362
-0.49382141
-0.13019708
-1.23657703
0.51715612
-0.67002028
0.09101083
0.94916236
-1.65996504
3.32445431
-1.02895474
2.34478402
0.87886679
0.39099002
-0.00586380
-3.12563610
0.15859061
-0.87064296
-0.24357823
0.30212611
0.66903281
-0.42999649
1.39837670
-0.24914724
-0.40323362
-0.24010696
-0.62836313
-0.26204908
0.87978643
-0.61601961
2.19858503
0.05101399
1.76775050
-1.72996902
-0.34427628
-1.56536889
0.61648321
0.08952094
0.65814126
-0.29038009
-0.06837116
-0.67691004
0.81995147
-1.35226417
-0.24870095
-0.02066118
-1.28783643
-0.20124814
0.43542057
0.13053113
0.17360298
0.19025111
1.39724767
0.19789311
0.08389482
-0.20210037
-0.10575476
-0.14581034
-0.96172893
-0.41870207
-0.07661560
-0.17216438
