384
0.43125516
-0.96395922
0.61775291
-0.45988211
0.05454818
-2.02812314
-0.23914120
-2.56659937
0.07845563
-0.55743021
-0.73504657
1.24568105
-0.27223185
-1.36529970
-2.88338041
-0.25915691
-0.58806801
0.06518335
-0.11793673
0.86094415
-0.98084146
-0.65857953
-0.43068776
-0.31617102
0.29811704
-1.47967589
0.26341450
2.22466660
-0.14055488
-0.10536382
0.54504240
0.54202610
0.56396455
0.51917756
0.01281710
-1.64694512
-0.57727838
-0.51113182
-4.33806515
0.25529832
-1.15659690
3.13261032
0.70870644
2.18016458
0.73692280
1.19043589
1.50819409
0.64059585
-0.63032639
1.80438375
0.40224460
-0.31201237
1.28305602
3.79441547
0.32078749
-0.51550937
-0.12685294
0.09673275
2.08628201
1.00738168
0.10087323
0.30969954
0.22539781
1.31866848
-0.11452421
-2.19383931
0.02945859
-1.58745360
-0.24113405
-0.97868872
1.37920666
-0.24782439
-1.05327463
-0.44617078
-0.14688626
3.52378774
2.11303425
0.39135158
0.75539857
0.29468825
1.94437957
-0.86995912
-0.74660593
0.36326528
-2.18591619
0.49300569
1.20411718
0.78168058
0.13789728
0.12938388
0.83190131
-1.02964926
0.33081466
0.03285211
-0.15520789
0.17283981
0.87628216
-0.14429808
0.12865022
-0.59497339
0.90364361
0.62323028
0.28071439
-1.13066256
-2.85323429
0.95347953
-0.78112125
-0.20598818
-0.22271694
-0.70025682
0.45902267
-0.09801935
0.69495422
-0.12598693
-0.75411057
0.27901840
1.02382255
-0.11008191
1.72932458
-0.22561891
-1.97623539
-1.22521627
-0.36134505
-0.20881605
0.40755367
-0.57376528
-1.51778340
-0.81050485
-0.22628844
0.56404972
0.75618201
0.05374388
0.04252794
0.27729139
-0.37897742
0.91656017
1.41391063
-0.21089652
-0.76786685
0.91477883
0.47166225
-0.34897119
3.19281411
0.06635193
-0.16439143
0.48518255
-0.10747973
0.26328990
1.43251729
-1.02527726
-0.05705522
0.87151271
-0.61344993
0.06095497
-0.22783658
-0.20063078
-0.48330730
-0.20299852
0.56546348
-0.87575889
-0.04359213
-1.97102785
0.25562757
-1.20425963
1.08943999
0.23908089
1.35352898
1.72019339
-1.28847241
-1.71430218
0.47716421
-0.03513035
0.76741481
-1.81179810
0.05397597
1.88627458
0.51277423
-1.86849797
0.94627422
0.24729514
-1.84028113
-0.41234115
-2.25441217
-0.30192000
-0.23369099
0.11280774
-0.08220626
-0.37875575
1.59130645
-1.85893869
0.35020319
-2.02783060
0.30192062
0.32699329
-0.08879030
1.05776501
0.67509264
-2.66799259
0.80737370
0.22114563
-0.21103698
0.18423073
-0.03547713
-0.93237054
-0.39677930
-0.57743222
-0.48930284
1.12707853
-0.08746707
-0.28278425
0.04125258
-0.11010250
0.78528011
-0.08785389
-0.45545033
-0.23384488
0.10414770
0.56785709
0.25339928
1.68870044
0.75696594
0.35973185
0.18452761
0.16176070
0.17535973
-0.53283226
-0.80446219
1.35489464
-0.43463752
-1.37770021
0.99302107
-1.60354710
3.09820032
0.57985133
-1.94048643
-0.29087317
1.82243991
0.61861664
-0.60753602
0.59232175
-0.37115696
-0.46319148
-0.51262683
-2.49373937
1.74398255
-1.53953898
-0.53447932
1.17144394
-0.36064863
0.84947461
1.61978734
-0.39649472
-1.50739264
-2.47107506
-1.11826813
-0.95844412
1.51779997
-1.82940888
-0.28419358
0.17628960
-0.31229830
0.13985027
0.22047704
0.43932977
0.74825948
0.21977991
-0.59079945
0.48101130
-0.11171443
-1.12850881
-1.72947454
-0.36290503
1.03731155
0.26245683
-0.89863020
-0.30620229
-0.09004989
0.31324190
-0.25434113
0.28132653
1.07618999
-0.53517294
0.15523559
-1.08697271
-0.92959940
0.69442183
-0.66704464
0.08894217
-0.23099363
-1.79886234
0.08500332
0.02234202
0.37339154
-0.30091244
-0.17742026
-0.34791288
-0.18881199
-0.24774075
0.58018017
-1.04974484
0.97827435
0.67802525
-0.12288024
0.52447087
-0.87194079
-1.32145786
-0.26446250
1.37246275
1.37209928
-0.25138444
0.60109746
-0.40232038
-0.67958045
1.89124632
-0.02238522
-1.20077789
-0.59308320
0.22538102
2.67384386
0.86512130
-0.38360339
0.36369655
-0.10880503
0.06064363
0.25403014
-0.12206098
0.55738914
-0.52129400
-0.54929924
0.52187073
-0.60170031
3.54781961
0.03797159
3.07580614
-1.19705999
-0.35856444
0.46951345
-2.04134369
-0.20576322
-1.00853813
0.60573798
1.60439706
-1.71452999
-0.59855998
0.59797382
1.22127533
-1.33631945
0.06502023
0.92918462
0.13100371
0.92346507
0.10460843
1.93693376
1.10614300
1.82773280
-0.88224119
-1.29026484
-0.49611920
1.30558109
-0.14572638
0.27278820
-0.66477162
0.25756186
1.35667729
-0.08089536
-2.24813986
-0.44769973
0.63816422
-1.10985780
-1.60427999
-0.62174177
-0.05529743
0.03068068
0.30687770
0.45483291
0.46899635
-0.86035436
-0.21217975
-0.10744998
0.11525892
-3.33849621
0.32824710
1.65756881
0.18051794
