384
0.15704621
-0.24330491
1.64747548
-0.80078512
-0.21188346
-0.35350651
0.26703492
0.59712315
1.01372600
-1.99191701
-0.18648489
0.00755961
-0.09303255
-1.09247231
-2.31121492
1.65997899
-2.81036210
-0.09116523
1.37291145
-0.06937990
-0.16906756
0.50806320
0.21428263
-1.15882063
-1.88840842
-0.18652657
0.00747595
2.60642982
-0.36301684
-0.86726892
0.03264302
0.00900340
0.18081726
2.62045312
-0.11771511
-1.95206916
-0.08420926
0.02014077
-3.79001665
-0.23689282
-0.29736456
-0.62548023
0.13913779
0.89702851
-1.10665774
-0.03580314
-1.81326294
0.05279694
1.52873504
-0.44085830
0.01737139
-0.63570344
2.80800295
0.23344749
0.12296589
0.50866324
0.13959903
-0.28325596
1.69452977
0.53007436
0.13330212
0.38670248
0.14600340
0.53889161
-0.17389899
-0.46900094
-0.00517208
0.63480377
-0.21559274
0.26653010
1.43456006
-0.05636013
-1.59051943
-1.59351730
0.22127998
1.13368106
0.93923128
-1.07039189
-1.19795513
-0.26012087
0.90844297
0.17614309
0.83029163
-0.05002891
-0.53383094
0.12854856
-0.03088367
0.39682618
0.15033835
0.45496368
-0.19986713
0.11286801
-0.15845007
-0.09928140
0.16629580
-0.30278960
0.34508258
0.25359893
-0.15315711
1.36483312
-0.02004981
0.55420017
2.68294239
-2.57891989
-1.15609050
0.32876027
0.82828081
0.81431115
-0.34049207
0.22580478
1.11069071
-0.76864159
-0.31771463
0.63080585
-0.00271358
0.18818948
0.12148912
0.07289766
3.02251196
1.02581215
-0.60124284
-2.12446380
0.25966686
0.06248821
-0.56318945
0.80510086
-1.60467339
0.27678323
-0.05954364
0.67441779
0.38970304
0.51770037
0.21924211
0.81176162
-3.00468969
0.15154010
2.38873243
0.32547826
-0.59156758
-0.40390605
0.97327685
0.42098379
0.35306227
-0.77074200
-0.21597195
0.29380929
0.62466288
1.10995698
-0.06595618
-0.88412642
0.97514939
-0.24912938
0.03914492
0.51142645
-0.21804389
-1.19193435
-0.12101081
0.81987196
-1.68301678
-0.90406263
-0.06518997
0.94598460
0.87639481
1.05890429
-0.25826657
-0.26223335
1.23978829
0.65755242
1.67019868
0.30967152
1.00699735
-0.44859031
-1.36783612
-0.26478261
0.38891682
0.49259737
-0.55338562
1.55056667
-1.07858086
-0.05543674
-1.49555147
0.22796619
-1.17621541
-0.23855431
0.21442205
-0.92022365
-0.67626756
-0.42095482
1.53600001
-0.07400835
0.16832340
-0.13455746
-0.20797592
1.30927038
0.82321954
0.44635439
0.98585451
-0.97786117
0.06720114
-1.64513123
0.08618271
-0.04438483
-0.02815681
-0.68843853
-0.08286037
-0.18217152
-0.03032538
-0.25073069
-1.52185047
0.28260833
1.62254536
-0.25267422
-1.45973778
0.30114204
0.63346279
0.10623777
0.21827723
-0.33009887
0.54309690
1.15924942
-0.37056637
1.13682687
0.06650470
0.04380648
-0.00427760
-0.09109094
-1.16669679
2.67647409
0.17537251
-1.67821062
-1.32776487
0.40637743
1.89833891
0.35078621
0.01761591
-1.12269175
0.44591013
1.55062675
0.17176032
0.41477612
0.87506580
-0.29528373
0.22425279
-2.84906292
0.23032635
0.50114584
0.58579236
0.16554058
-1.23631191
2.08100677
0.72686034
-0.05921008
-0.87664896
-1.95212531
0.09974319
-0.17395031
0.80836201
0.39472064
-0.20527259
0.57265639
-0.00327197
0.74537349
1.11143541
0.84598064
1.49860334
-0.01217682
-0.75741917
0.50780708
0.17183752
-0.08154750
0.60807580
0.02366463
0.37126011
-0.38863939
-0.15218768
0.04797903
0.30578092
0.04368615
1.02934110
0.25605345
0.29475307
0.79748660
0.27850324
0.65501356
0.61074227
-0.08065064
0.23158148
0.28130302
0.01120078
-2.48087120
0.35199344
0.27141485
0.22282144
-0.62428606
-0.42512089
0.66471499
-2.67284250
0.73386854
-0.06264518
-0.96493816
1.22844672
-0.30328000
0.63676775
-0.52588099
0.14770171
-0.24652393
0.47716045
1.42602324
0.31401148
-0.48854491
0.88531941
0.00520714
0.61527228
-0.10918549
-0.13004899
0.28674236
0.80158335
-0.50586188
-0.95833790
0.11496465
0.30055895
-0.09380418
-0.19329652
0.39726648
0.14024985
-0.29081661
0.83046460
-0.66885853
0.18925047
0.33863956
-1.20246756
3.06659818
-0.21083060
-1.92950046
0.84691375
1.53374052
0.25019723
-3.36593914
-0.18842365
2.02081418
0.16720542
-0.68000835
3.64074731
0.17313865
0.38979363
0.85446000
0.40384316
0.71232355
-0.29032657
-0.41851491
1.61626995
0.16149828
2.27996540
0.84035188
-0.02274913
-0.95979524
0.17045596
-2.32798648
0.06970938
0.04092947
-0.21458238
-0.17573643
0.26160383
-0.67349410
-0.49906909
-1.27344882
-0.58346426
-0.40792206
-0.17316455
-6.34665823
-0.16549712
0.15146220
0.43751287
-0.05687030
0.81602222
-0.10778125
0.37435484
-0.01279250
0.20843859
-0.26235622
0.67993248
-0.07410312
-0.11916845
0.43277764
