384
0.08305320
0.03896340
0.54900932
-0.81319106
-0.06639020
-0.79298586
0.31512865
0.00211936
0.97881126
-1.81197894
-0.21826555
0.22859266
-0.05386570
-1.60363615
-2.09773540
1.76106048
-0.98836899
0.45690516
1.62292683
0.22242925
-1.37706482
0.16765955
0.83354390
-1.10623348
-2.80993629
-1.99809158
-0.29330057
2.19581556
1.25036514
-0.05233842
0.60197169
-0.02395545
-0.69783521
2.47267842
0.05981019
-1.02424002
-0.16325791
0.28049368
-2.97530746
0.89615560
0.03756031
2.35234499
0.23986396
1.63676000
-0.87355840
1.26084661
-0.76406300
-0.74003738
1.44985652
-1.21822619
0.60566550
-0.72720307
2.74210525
0.71934372
-0.04461378
0.12048713
0.28378725
0.26163596
1.70822179
0.55905205
-0.21082035
-0.08261345
0.23387671
0.15392491
-0.24874547
-0.66471553
0.03157724
-0.72690618
0.50673890
-0.17637548
1.44662261
-0.32602805
-1.92775178
-0.98810560
-1.43611848
0.00432497
1.84051394
-0.59954894
-0.94572532
0.09358504
0.73075128
-0.15322259
0.86699814
-0.34892094
-0.54525220
-0.06995276
1.06713974
0.70187289
0.41755372
0.23976919
-0.28412920
0.19964385
0.07483121
-0.75327957
0.34610254
-0.37546498
0.41942680
0.30239123
0.27723682
1.49980426
0.10035178
-0.84305990
1.61540031
-0.42245257
-0.30395019
0.45240054
1.05934167
0.51725471
0.32481408
-0.50284010
0.85386956
-1.16017067
0.17088050
-0.32022360
-0.63194638
-0.01819238
0.45005891
-0.01445150
2.06842995
0.98598504
-1.22771239
-1.15708387
0.68345785
0.07495680
-0.62207985
0.58738387
-1.53580356
0.95884436
-0.38422847
0.89817363
0.73546600
0.15736505
-0.33511344
0.60044008
-2.34281874
0.17073122
0.98045659
-0.06708215
-0.43236428
0.88285249
0.49691939
-0.64124709
4.48834324
-0.64694488
-1.34110367
-0.17137957
0.38113341
-0.74828875
0.01868860
-1.08001447
-0.01354998
0.09171385
-0.08665411
0.08562198
0.44989914
-0.54104948
-0.52577120
0.00503588
-1.44840837
-0.83657044
-0.40112317
3.18884587
0.15735573
0.74026883
-0.07990205
-0.29086015
1.24257052
1.49647570
-0.13265640
-0.99214578
0.86155671
0.02324183
-0.23512933
-0.32485491
1.02827406
1.53756392
1.78015041
-2.33171177
-1.23388577
0.21855071
-0.00703621
-0.01995631
-2.20054102
-0.32611433
0.03535077
-1.24045491
-0.69506943
-0.47684985
1.20761967
-2.09522152
-0.49226058
-0.48027301
-0.35345361
1.10986757
1.16731548
-2.25154972
1.23390996
-2.19686508
0.16588809
0.26676700
-0.14231025
-0.46626008
-0.05275675
0.05725357
0.28395265
-0.58257049
0.15711778
0.28572568
0.43970031
-0.03956801
0.52002066
-0.02529593
0.11020791
-0.17446938
0.73781967
0.09690306
0.68323827
-0.12457898
-0.20840853
1.62633443
-0.60063463
3.21011043
-0.02407113
0.18368146
-0.50510597
-0.44920090
-1.00303805
2.58287978
-0.96193320
-1.83994365
-1.54224563
1.00932229
2.02175093
0.22808675
0.55858946
-0.54717028
1.16369748
0.91182840
0.23234332
0.35232750
-0.87459034
-0.60113263
0.29898810
0.60385692
-0.46851048
0.23787171
0.50935829
0.22008902
0.08867157
0.61535275
0.31477401
-0.20354539
-0.17160904
-2.45633197
0.04638365
-0.24636698
1.17782950
0.73007631
0.32529312
0.12484580
-0.29864377
0.70791727
0.91757655
0.48762736
0.49726379
0.37858337
0.08690053
0.12114732
0.37520647
-0.49592257
-1.32573938
0.00587657
0.39806637
-0.44442946
-0.43522921
-0.39206386
-0.19182837
0.36533898
0.96456534
0.49952462
0.51847738
0.73811150
0.01112385
-0.01336178
-0.41137233
-0.49664038
-0.37875670
0.37239563
-0.29767558
-1.00607514
0.80187702
0.48504934
0.81027055
-0.55483133
0.10429242
0.25727564
-2.10617828
1.26249039
-0.39591813
-1.42254353
2.07011819
0.66306210
0.30256039
-0.63757169
-0.52911609
-1.06472015
0.13546363
1.79360175
1.01069510
-1.32102060
1.35616291
-0.30944633
0.00792578
1.17799771
-0.93622684
-0.80208904
1.36734486
0.31761393
-1.01222897
0.18631506
-1.47173238
-0.20424792
-0.53246140
-0.19103707
-0.14529715
-0.00750560
0.74575734
-0.18672499
0.18458140
0.33657140
-0.92406261
2.92385912
-0.00575653
0.24894188
1.00862622
1.25043845
0.31202453
-1.81492448
-0.79020238
-1.25418484
0.31457159
0.29962188
1.45921111
-0.17929712
0.68325269
0.21571350
-0.13660058
0.78822088
-0.37965113
-0.49917504
0.87859190
0.15671040
1.09637642
0.98036289
0.79494226
-1.89302611
-0.57277775
-3.24354076
0.40798506
0.07398686
-0.03208966
2.66138220
0.33759910
-0.37994745
0.29206467
-0.59582996
0.14458023
0.09752376
-0.73046732
-6.01292324
0.10394930
0.13220689
1.01323867
0.04180086
0.58109486
-0.19673499
0.26994142
0.04466012
-0.39732003
0.56006122
1.36324799
0.20542865
-0.09014136
-0.35040584
