384
-2.24490404
-1.17744529
1.46021318
-1.06436813
0.14446577
0.41594902
1.12304413
-1.47213387
0.14207381
-1.37614918
-0.70924151
-1.09088337
0.58298099
-0.31250882
-2.04928780
0.28732646
-0.44204897
-0.54763037
0.13501143
1.03708136
-0.55205011
0.63463318
0.15232204
-1.09268856
-0.50964200
1.10943317
-1.54154623
2.15660882
1.65642881
-0.88945186
0.98684537
-1.15936089
0.90645623
1.83516455
0.44607890
-1.30969763
0.01091846
-0.06308665
-2.27474952
0.54375756
-1.17108166
-0.52815574
-0.22709891
2.27859426
0.43305188
-0.28745067
-1.12191081
0.72225344
0.30890810
1.31409907
-0.32529074
0.72449112
3.52384925
-1.73137510
0.33883750
0.48179072
-1.25005531
-1.13289607
0.40515524
1.14145982
-0.08868262
0.47380894
-0.55379581
-0.69730771
0.67506492
-2.49990392
1.31641853
-0.24367705
-0.12709513
2.55158544
-0.09882170
1.13604248
-2.35465384
-1.40076613
-0.15894419
1.45203781
2.94437265
-0.45214048
-0.03996187
0.44850621
1.17257321
-0.50907552
-1.21514118
0.62130481
-1.27179265
-0.61210018
-0.07427326
1.62019110
-1.00966215
-1.05645716
-1.12793422
1.24521375
0.26515472
-1.81024098
1.19289875
0.32648215
2.14337826
0.38984352
1.02254963
-1.32890546
0.85683131
0.21311331
3.56579876
-0.28447092
-2.32843924
-0.69868171
0.13490587
0.58355963
-1.06683230
-1.35522377
1.41432428
-1.07146227
-0.98298669
0.42375642
0.90707469
-0.27290016
0.27167046
-0.57353753
1.18007421
0.39337084
-1.91955566
-3.36645365
1.32270718
1.91508985
-0.41879779
1.27718186
-2.31851292
-0.20709062
0.55173093
-0.15455365
0.86605448
0.34188846
-0.07122703
0.59425676
-1.34496307
-0.11952357
0.89530259
1.01729667
0.48802617
-0.14749116
0.71896440
-0.36912018
-0.05230153
1.14847171
-0.09248499
1.74868524
0.64033687
-0.09135181
-0.69781280
-1.04941285
1.43068969
1.95952272
-0.48892424
-0.58836973
0.02119876
0.75239277
-0.11915578
-0.69983923
-0.35131735
-0.95061976
-1.22633028
-1.80802512
1.16189981
-0.70876729
-0.76279610
0.68517178
1.95476139
0.91488302
0.48661399
-1.25347972
0.66073263
-0.58587915
-0.05225250
-0.42895159
0.61654758
0.29827052
0.50024474
1.24133396
0.76988608
0.80303407
0.98328960
-0.12997988
-2.17849422
0.11623899
-0.66585839
1.10582483
-0.34428418
-0.99497432
2.28939939
-0.93504077
1.22889113
-0.31097403
-0.83664542
0.36240178
0.44848362
0.05888405
-0.37388909
-1.04867649
0.36372936
-1.39150786
-0.90253282
-0.38772252
-0.41934207
-0.93645680
-1.11368430
-0.94728327
0.79672188
0.18943976
-1.19539547
-0.81611580
0.31887406
0.79286259
0.44153225
0.02148350
-1.75121808
-1.11226666
0.41988528
-0.52893251
-0.24582610
1.63200140
1.33482969
-3.71583486
0.58568752
-2.22787809
1.12181807
-1.52269828
-1.28515446
0.63927871
-0.38980970
-1.26090837
1.53913140
-0.19029707
2.67883015
0.57196236
-0.79872352
-0.40467912
0.39343715
1.03105342
-0.37147203
0.18630850
0.91297758
-1.81773424
0.24182773
-1.11608672
1.39229703
0.77608311
-0.34456530
-0.14398959
-0.00620031
3.44420767
0.26186952
0.82882237
-2.49552917
-2.52339673
-0.12387866
0.10720500
1.94506383
-1.35244536
0.49074233
0.45778051
0.43376499
-0.89522791
0.15592597
1.03024220
0.05524099
-0.24785729
-1.61905909
-0.55455565
-0.07554871
-2.95329142
-1.32266212
-0.26174590
0.36704311
-0.12616780
-0.97302830
-0.99635386
0.31891680
-0.49714956
0.56668425
0.17727369
-0.55909878
0.50723517
-0.09354338
0.37511215
1.00936520
-0.92593682
-0.62806386
0.55739701
-0.56581402
-2.15139174
0.13758743
-0.53598469
0.21967062
0.50179517
-0.18260172
-1.16636097
-0.17762125
-1.05226624
0.00806189
-1.73741210
2.02813125
0.23429337
0.96769232
-0.10786100
-0.55287075
-0.00957227
-1.54144430
0.72281134
3.34164381
0.58889866
2.03683209
-0.14020462
1.11493099
0.34131604
0.38725710
-1.70786786
0.83632076
-0.67623478
-0.20773411
0.66523993
0.06410214
0.46457961
-0.02043867
-1.65356171
-0.40609691
0.52383322
0.55608869
-0.93570453
-0.06926139
0.90417647
-1.21087193
3.58943319
-0.20023067
0.10090415
-0.66324717
1.36716878
-0.59648585
-2.13766432
0.45151138
0.48488060
0.50854349
-0.09302825
1.46010303
0.21914172
0.44026741
0.84205824
-0.72080106
-0.31195512
-0.87574899
0.49473178
1.67820823
0.56926334
1.74224091
1.21898365
0.73487931
-1.67498457
-0.78153336
-0.92043346
-1.10380626
0.50858611
0.92556459
-2.59202480
0.20958357
-0.26647645
-0.39700139
-0.42587763
-0.51701891
1.19368839
-0.56677222
-0.54982519
0.68741572
0.42086560
-0.18976688
-0.92838287
0.40290123
0.57647258
-0.45454991
0.76129365
0.69750494
1.53976858
-1.48045003
-0.38168195
-0.51282871
0.25937319
