384
-1.04382789
0.07274240
1.19743705
-0.38459849
-0.85907471
-1.32404113
0.92971599
-0.94248396
-0.85331762
-0.57765186
0.32358006
0.22635368
0.14994988
-1.70181561
-3.02498293
1.11560035
0.50169575
-0.14512855
-0.76728266
-0.10325906
0.01815408
-0.71733052
0.13490993
1.19740999
-0.40358615
1.71951389
-0.00830198
2.64763713
2.05940199
0.18079633
-0.55242455
0.56668460
0.43031925
-2.17525601
-0.02055193
-1.34562409
-0.06473523
-0.37896550
-0.19452679
-0.34551543
-0.24309471
1.49538016
0.12007964
1.87287652
0.21701799
-0.87403643
-0.47739729
1.01130605
0.78591299
1.37910461
0.20556232
-0.20543867
2.52107501
1.51567817
0.44400090
0.02423865
0.07834701
1.00012994
2.69910192
0.68565607
0.54115856
0.38287839
0.24047379
1.00390422
0.18603364
-1.11301029
-0.04458784
-0.38813969
-0.15286750
0.37830797
1.07759058
-0.60370165
-0.91969192
-0.42583603
-2.43287086
3.06498528
0.59115154
-0.36122578
-0.66412455
0.06536458
0.80482662
0.11508340
-0.17976409
-0.04980720
-0.69720685
0.08082851
0.17444490
1.29064775
0.20208865
-0.32662022
0.52260423
-0.06847081
-0.21728426
0.82361847
0.07528648
0.29677236
0.38481802
-0.07653403
-0.60546124
-2.33585477
0.05976510
0.53753209
1.44547737
-0.76272285
-1.92125201
0.35745770
0.26084661
-0.14272816
-0.26061395
-1.01915812
0.42245880
-0.43181032
-0.65607208
0.37582061
-0.31088281
-0.72018516
0.28512001
0.16146976
1.88635612
1.03523707
-2.13919234
-2.25034785
0.21262953
-0.07711747
0.12788548
0.21007618
-0.78117722
0.40188926
-0.15938859
1.01280081
0.44767740
0.13907693
-0.06849989
0.44807616
-2.01301289
0.65012258
1.25718093
-0.29640278
0.59561515
0.24864186
-0.03257337
0.26373363
2.66037941
-0.53947866
0.16206518
0.85424531
0.07762624
0.35797656
1.06269825
-0.10763192
-0.36782759
-0.38410169
-0.10808845
-1.07093704
0.86481190
-0.66055745
-0.06457448
-0.44703206
-0.47640079
-1.68156910
0.00537793
0.75918454
1.55448210
-1.05315578
-0.36387789
0.03698373
0.36073464
2.06595516
0.31345674
-0.64578795
1.37247443
-0.40352067
0.42149833
-0.16355899
0.16768724
0.32418478
0.21979311
-1.48519874
1.11693335
-0.00796369
-1.82261622
-0.08995344
-1.88651896
0.36886340
1.52633643
1.13884032
-0.36198747
-0.38109648
1.55992961
-2.59127378
-0.02953061
0.40074179
0.27971405
1.30552638
0.03211057
-0.43187821
1.35076737
-2.56036520
0.44140798
0.41707575
0.40905091
0.72905415
-0.09396794
-1.01750433
0.21400113
-0.55123937
0.01112487
0.72484648
0.14991665
-0.07221625
-0.35440525
-0.13880479
0.41742551
0.84513158
-1.66869605
-0.46753159
-1.08596563
0.98534727
-0.01982421
0.95785916
-1.17574704
-3.42621970
0.35058951
-0.15440075
-0.15695634
-0.48562115
-0.60289466
3.59457421
-0.46737027
-0.16456795
0.64871514
-0.54011464
2.21282649
0.70252210
-1.63313043
-1.16458559
1.89534354
0.70533824
0.01764441
-0.28456372
0.47046584
0.27757654
-0.50742078
0.56071031
1.83214331
0.28184822
0.24381521
-0.33690968
-1.63963389
3.55420208
0.41837740
0.06686094
-1.82553792
-0.89980555
-0.33631799
-0.42460367
2.36149693
-1.24423516
-0.41610074
0.63850439
-0.19091703
1.58626223
2.38526559
0.12296274
-0.04912531
0.32661182
-1.04865932
0.43651888
-0.34801209
-0.40581095
-0.35898525
0.29199928
0.83893156
-1.18325305
-0.68832409
0.14848077
0.00520574
-0.38673580
0.69076419
0.26775795
-0.60560453
0.47923592
-0.12686172
-0.38652724
-0.30950814
-0.43511665
-0.87487775
-0.28816217
-0.10055241
-2.11884499
-0.12012033
0.28959507
-0.11719114
0.33569840
0.77785850
0.45303878
-1.48234487
0.13800550
-0.23318487
-1.38277149
0.82617128
0.91343445
0.10460600
-0.19947648
-0.63125944
-0.20087826
0.05202562
1.71521950
1.34147739
0.18293299
1.65329170
-0.48660225
0.45089200
-0.14703371
0.13646045
-2.22055173
1.20527935
0.02871151
0.48976374
-0.07323928
0.68794161
0.20607439
0.34475559
0.74715436
0.35632643
-0.00658059
0.58941472
0.53739148
-0.17384614
0.39495260
-1.01409090
3.96770501
0.25442171
1.20301914
0.03257877
0.25605017
0.75380474
-1.24470890
-0.27340806
-0.51055211
0.24211535
1.42992270
-0.78899848
-0.34108427
-0.62706327
0.45681116
-0.01512060
0.54811722
0.20439517
-0.00971031
0.95086378
0.00204497
-0.09570473
1.00385904
2.10199690
-1.19839382
-0.23277569
-1.81365132
0.02446446
0.45003557
-0.05575427
-1.27130735
0.08895067
0.25276160
0.25188613
-3.07515931
-0.03744707
-0.50339192
-0.58592880
-6.88348436
0.65701830
0.38480976
-1.84426546
1.10074234
1.34404647
0.43732575
0.45714295
-0.04820505
1.47984993
-0.07405331
-3.32917571
0.10016827
0.31971589
0.03463124
