384
2.05515957
0.05078482
-0.16412508
-2.18114018
-0.79489708
-0.83992100
0.27177393
-1.59919810
-0.22994417
-0.82039845
-0.70981413
0.30469292
-0.55436391
-2.12125826
-2.41980958
0.23640221
1.31035960
0.99713993
3.18604279
0.30565342
-1.87710810
1.40367460
-0.45209387
-0.72967279
-0.95242953
-2.90390396
-0.48743808
2.33311224
0.01716995
0.04194222
-0.26136971
0.25803199
-0.45011675
1.12138903
0.36228502
-2.37169075
0.48752451
0.23490223
-0.53676355
0.36778367
0.23591629
1.80492473
0.31453896
1.67490315
-2.91399527
1.96966302
-0.32264209
-0.81569415
-0.42875856
-0.97326547
0.14757776
0.12983537
2.13998818
2.67434835
-0.04025024
-0.43885702
0.67966282
0.72181284
1.06463504
0.54950798
1.10707986
-0.78608853
-0.69568765
0.93504685
-1.79426658
-1.74772418
-0.01590707
-0.97025514
0.43425444
-1.23164439
0.50746316
-0.80219811
-1.40275002
-0.76453906
-0.58571136
0.22591513
2.08339119
0.37786609
-0.42079946
0.09162752
0.90268761
-0.10587241
2.47363734
-0.32731038
-1.43869841
0.41226235
-0.14851879
1.11647391
0.46374023
0.67542589
0.48138493
0.44543555
-0.46587512
1.63164747
0.16210291
-0.22367482
1.11615193
0.42614639
-0.61855799
1.09962273
0.55869210
-1.10264850
1.44992137
-0.84158838
-1.80594659
-0.39536333
-0.07045704
0.21337628
-0.12959345
0.02626833
-0.12146610
-1.07689297
0.52059078
-0.49522460
-0.21501380
0.05511905
0.99274045
0.35286856
1.55885458
0.34903666
-0.77364731
-2.16109419
0.38785005
0.09392858
0.09290835
-1.09568524
-0.29987878
0.65581638
-0.24995780
0.88223767
0.29451346
0.14592931
-0.31333607
-0.28156170
-2.43408775
-0.41297379
1.58929276
-0.42995334
-0.83535272
0.33112374
-0.41858026
-0.71867234
1.78931546
-0.65697664
0.28412622
-0.42919737
-0.29005024
-1.28830540
0.85585046
0.16471533
0.40714818
1.37111700
-0.32694435
0.22752281
-0.98903573
-0.47215062
-0.89331144
1.54389334
-0.34928590
-0.48959762
-0.22719586
2.20725465
0.15878022
0.63597673
0.53844583
-0.39299443
1.74946022
1.69298708
0.51463312
-1.45431757
0.87097019
1.45847070
-0.05449063
0.22881506
1.08771980
0.84958082
0.02091786
-0.85317034
-1.11238801
-0.15837628
-1.94254017
-0.17861913
-1.58622026
-0.47107342
-0.42302594
-1.25628972
-0.49139202
-0.50732946
1.51892567
-2.10541272
-0.47580612
-0.32773238
-0.96072865
-0.40969002
0.76259673
0.07677156
-0.54499829
-1.90339601
-0.27814478
0.26802742
-1.41236401
-0.28368515
0.05861165
-1.04926896
-0.30601642
0.33177981
-0.12964272
-0.41073442
-2.09760475
-0.24797133
-0.88784355
0.07184936
0.55161166
-0.70866567
0.27082193
-1.03444254
0.56741965
-0.03691858
0.43226770
-0.33921742
-0.99461639
2.72315073
-0.39971733
-0.08639282
0.41589242
-0.60444939
-0.93360043
1.92230296
-0.17682749
-0.00983612
-2.34976983
0.63498795
1.68363702
-0.00550918
-0.16730660
-0.61600572
-1.19026577
2.22464132
-0.37468189
0.28896520
0.15815216
-0.20793045
0.13132977
-0.52460200
-1.73484445
-0.38003996
0.37686676
1.59607089
-0.04120123
2.28416991
1.52327716
0.66184378
-1.24892628
-1.40329528
-0.14356309
0.57873088
0.50749773
0.62043101
0.24905516
0.11820939
0.16497770
0.96014416
1.46654367
-0.08748051
-0.83340728
0.21884201
0.36400738
0.10264157
-0.11607939
-1.20628428
-0.28155729
-1.04287195
-0.08170369
0.05073239
-0.06239790
-0.38284042
0.79181361
0.19916292
1.11462533
-1.07382011
0.07526642
-0.09334505
0.87296551
-0.25737423
-0.94428939
-0.15680972
-0.28345659
0.32164180
-0.27933800
-0.54414344
0.75439161
0.04901454
0.82336181
-1.30126214
0.23533067
-0.12586531
-0.82587063
0.79346693
-0.51380670
-0.59890974
1.20572615
0.38647735
-0.14682388
0.33480936
0.48708469
0.11274461
0.45509216
1.76566112
-0.60845029
-0.91986543
0.53249055
0.03735000
0.63815165
1.01548767
-0.43636096
0.91689599
-0.85405719
0.67193699
0.51868308
0.08257343
1.99289703
-0.07746586
-0.38652223
1.44819713
0.14933997
1.02123368
0.83682680
-0.09470868
-0.18882801
0.26282516
0.38994825
3.05622268
-0.56574333
-0.14096266
1.69917393
1.23122835
-0.84574616
-2.18184233
0.10539609
-2.24949718
0.65051603
-1.20052636
0.26053265
-0.31658152
1.20358896
1.11219704
-0.39948604
-0.68840134
-0.22097273
0.27702540
0.10010266
-0.03132921
0.04431033
1.12832069
-0.39370883
-0.39821714
-1.24892116
-4.58562279
0.06118940
0.74070185
-0.61606669
2.10372710
0.07372906
0.71079093
0.92192101
-0.86151791
0.70465809
-0.57412398
-0.12201589
-3.24687481
0.16851476
-0.92386967
0.80178726
-0.44866949
-0.02522643
-0.45286331
-0.62434852
0.35578951
-1.52241290
-0.16595726
2.64412093
0.73650599
-0.48207706
-0.63521135
