384
0.95300758
-0.14190829
-0.43644154
-2.57041311
-0.70553982
-0.63220352
0.40959859
-1.63843262
-0.23113686
-0.31790149
-0.58693606
0.04006455
0.15945558
-1.87025142
-0.73424518
0.35948226
2.42740178
0.46117803
3.06776047
-0.33864781
-1.55452728
0.41749823
0.43735215
-1.35637760
-1.16051185
-1.31209731
-0.59894270
2.07391620
-0.22571585
-0.42978886
0.17109175
-0.57105833
-0.29886347
0.81811714
0.31556016
-3.36427593
-0.02256895
-0.09752237
-1.49760079
-0.11701229
-0.40338472
0.04184854
0.15482137
2.61509943
0.14824572
2.13863635
-0.47703201
-0.76491278
-1.36056805
-0.01586294
1.12407172
-0.24377733
1.84987402
2.34685969
-0.26114035
0.39350465
0.26763994
1.03690708
0.61906642
-0.03137923
0.41567868
-0.06533740
0.05489728
0.97805446
-0.50573969
-1.38427734
-0.12994298
-0.60044932
-0.52035165
-0.76361156
0.97555363
-0.64335775
-1.73408091
0.45110226
0.04053867
0.55663085
2.08687449
0.10979462
-0.33434832
-0.05513224
1.49814296
0.03955622
-0.12745146
0.20943148
-1.03343248
0.20432004
0.08915756
0.95515084
0.48762178
0.54436588
0.14730445
0.12532812
0.89157945
1.13873851
-0.20931351
-0.19079749
0.28116596
-0.26193604
-0.58244812
0.50305915
-0.01987593
-0.75516510
2.26636481
-0.39432687
-0.66085738
0.23663475
-0.30544925
-0.02448413
0.13386966
0.23008946
-0.34099403
-1.02552748
0.22261833
0.13655767
0.78054833
-0.18282606
0.18906865
-0.19349922
1.43380690
-0.01090497
-0.83274478
-3.29212379
0.38606477
0.25008088
0.43819714
-0.52078360
-1.69224191
0.22294205
0.00436419
0.81818056
-0.36705092
0.17848414
-0.06394750
0.42557094
-1.72928286
-0.50741857
1.82537103
0.36906081
-1.14610243
-0.45231628
0.44756010
-0.27633387
-0.00912392
-0.68081790
-0.13066906
0.08158909
-0.67722678
-1.21435428
0.62077963
-0.55599761
0.79633772
0.47011727
-0.31538725
0.70413482
-0.26057476
-1.23430657
0.20882487
1.52671623
-0.57764608
0.20217940
0.18389665
1.08530879
1.45878339
1.29612613
0.24054027
-0.06835196
2.25754929
0.41829365
0.32702717
-1.10777831
0.57759541
0.46145135
0.02902412
-0.02738525
0.56383598
0.95225847
-0.06098938
-0.15647654
-0.56708801
-0.23543233
-1.49617183
-0.00953734
-1.68856835
-0.07727705
0.22451653
-1.04718208
0.18596822
-0.18332174
0.50873542
-1.23711181
-0.77287906
-0.41522968
-0.56461561
-0.27068484
0.72931379
-0.20670339
1.95639086
-0.95700079
0.16380039
-0.22576925
-0.34379891
0.00796150
-0.11115210
-1.46346903
-0.30027622
0.77664089
-0.35112154
0.04480129
-2.39061546
-0.37863335
-1.18129528
0.04186988
-0.26694757
-0.61779988
-0.41083008
-0.55386639
0.15913421
0.05006597
0.38395411
0.15957493
-0.38616645
1.62808144
-0.02395535
-0.06400961
-0.69917959
0.04283674
-1.11036873
1.50553644
-0.87762415
-1.51227629
-1.64466751
-0.07013655
1.17177296
-0.20766167
-0.26792824
-0.11976390
-2.37082005
1.28892469
0.28686488
0.32379088
-0.39053127
0.11068189
-0.48699623
1.63807964
-1.18227494
-1.26359129
-0.12593444
-0.09831125
-0.56542027
3.03358817
0.87615567
-0.36311918
-0.64313149
-1.59469736
0.17832495
0.87570894
0.30423158
0.28576139
-0.03644545
-0.01384544
-0.00224788
1.11065018
1.81215155
0.25974527
0.17438565
-0.28645128
-0.47805768
0.65054595
-0.39368278
-1.17052007
-0.34223640
-0.61707896
0.75392377
-0.44175410
-0.82912797
0.15999283
0.39897794
-0.69117987
0.78953958
-0.61807442
0.20124319
0.61739439
-0.41380793
-0.45537555
-0.20289063
-0.03053336
0.17057934
-0.26310071
-0.74390614
-0.99452877
0.91400552
-0.20232283
0.12464908
-0.81645596
-0.57206219
-0.61966538
-0.54864079
1.11974990
-0.59691578
-0.66598380
1.14408231
0.43294016
-0.98841453
-0.18160760
0.31452647
-0.09217950
1.19824862
1.68572545
-0.76698989
-0.17751193
0.07322511
0.03937680
0.66991848
1.30100632
0.37651798
0.97297454
-1.26931667
0.26534790
0.81241608
0.57440889
2.74406195
-0.15833126
0.55446965
1.34935153
0.29298240
1.35003209
0.43559369
-0.05401742
0.15385100
0.41218674
-0.10628355
3.20571423
-0.11667007
-0.20207691
1.29238653
1.95133603
-0.14374827
-3.56253147
-0.38042170
-2.37566304
-0.16366649
-2.15597105
1.13992059
-0.25529695
1.15834129
0.96686256
-0.51660955
-0.13142212
-0.70340502
0.12199823
0.64649236
0.44776586
-0.71990126
1.20303178
-0.30239481
0.23637128
-0.37620026
-2.84078407
1.02529335
-0.11451349
0.27867529
1.04587245
-0.46446872
1.13853776
-0.27478746
-0.90551168
0.87927890
-0.60382140
0.21743774
-2.96492362
-0.23976643
0.03823973
1.41654515
-0.62908554
0.31434569
-0.65869111
-0.11853353
0.17898071
-1.73602116
0.32945198
2.14898682
1.00354397
0.36197272
0.48806474
