384
1.31480527
0.63634735
-0.10727400
-1.21603441
-0.94335532
-0.03651488
0.17161924
-1.66714692
-1.30870140
-0.73992580
-0.31783915
-0.01058841
-0.50078219
-1.51638246
-1.98594117
-0.26246166
2.83365822
0.37468007
2.90414810
0.24698199
-2.02572179
1.19407177
0.40481794
-1.15122104
0.22710520
-0.99107552
-0.58913302
2.83456707
-1.24078178
-0.66574311
0.83820605
-0.71104813
-0.72694570
-0.68062544
0.05460671
-2.98475432
-0.19769849
-0.31196278
0.49491668
0.52195579
0.31349361
1.17008126
-0.12705553
2.46048474
-1.07483315
0.72648996
-1.01225817
1.15915108
-0.11750939
1.85176802
1.02841949
-0.09642571
2.38540435
1.17470479
-0.83287740
0.88645554
-0.66589427
1.25940955
0.96894395
0.36834437
-0.62707490
0.22841160
-1.36298275
-0.07857926
-0.66212815
-1.72779918
0.21870926
-1.26210880
-1.20290470
0.24255028
-0.95398486
-0.45161867
-1.57603002
0.09108746
-2.34047413
2.05838466
0.81794709
-0.12228620
1.05821419
-0.23741230
0.51491481
-0.05047937
1.55851865
0.19382134
-0.67733884
0.83240342
-1.24415863
0.15058136
0.76240152
-0.40007290
1.00876820
0.00907723
-0.24217865
1.86345410
-0.14310010
-0.00746864
1.66299188
-0.43436933
-0.48108721
0.15057659
0.55852336
-0.49506047
-0.14473796
-2.11432886
-2.05396819
0.40651530
0.28908032
0.18618828
-0.34767917
-0.01374442
-2.18882704
-1.13957214
0.15747166
0.08176990
1.10080814
0.12127087
-0.10803662
-0.04374662
0.42720377
1.87510622
-1.69031405
-2.69345093
1.52458549
1.70319557
1.39459515
-2.24178362
0.01337039
0.04019432
0.42027101
1.96517587
-0.32902014
0.63892049
-0.22856617
-0.00675601
-2.34944582
0.03032950
1.56308186
0.24394816
-1.48268712
-2.28325224
0.00453550
-0.01527420
0.92671514
0.28930175
0.09616423
-0.23405558
-0.78710020
-0.35103220
1.58933902
-0.24522570
0.96964628
0.52535897
-0.26307610
0.82449239
-0.13762949
-0.95194590
1.12917602
2.18790483
0.04357749
1.43381262
-0.14097252
-1.13721061
2.47116280
-0.30423352
-0.92711091
0.15158848
1.43804598
-1.24411213
0.17550519
-0.59176010
0.17911562
0.50142306
1.15030003
1.29179454
0.01715821
0.02458131
0.79955298
1.26269269
-0.37304881
0.34186915
-3.70631742
-0.09861814
-1.25828552
0.08285615
-0.38844693
-0.36245599
-0.34770501
-0.06606895
0.44025999
-2.29209065
-0.39479336
0.36109698
-1.09167671
-0.99127364
0.23173866
1.69552398
1.28216672
-1.28734612
-0.58649546
0.10117462
-0.82149732
0.52412713
0.08342995
-0.54928708
-0.00050889
0.88273585
0.54861271
0.15360606
-2.53715205
-0.76619136
-1.20745182
0.36913437
0.83219337
1.01202941
-0.63501954
-1.03210342
-0.26016843
1.56278431
-0.57611084
0.45822632
0.23027827
0.51966411
-0.98525876
-0.14782980
-1.64553082
-0.53754199
-0.31286955
1.33102059
-0.64439619
-1.03653598
-0.06379691
0.29733938
2.18077469
0.02310593
-0.85652781
0.59479034
-0.03563318
-0.09230422
0.20685765
-0.86615294
-0.31105509
-0.37855473
-0.66106319
-1.80722713
0.12451172
-1.19980550
0.79744130
0.11556804
-1.72096276
2.18916154
0.30024296
-0.07901245
0.01822144
-2.11400986
-0.31855232
1.01925397
0.06997371
0.57762569
0.41101900
-0.44411090
-0.16242510
0.44879413
1.41827202
0.01389058
-1.26194167
0.22541547
-0.46633780
0.00166023
-0.51658434
-0.68951988
-0.20299011
0.30471841
0.34117824
-0.64733791
-0.28914636
2.01206589
-0.10240504
-0.69345433
0.99923635
-0.03262770
-2.04327893
0.86202937
-1.25920701
1.52022457
-0.15815881
0.34575021
-0.41282034
-0.13341169
0.68400782
-1.33273959
1.54816175
0.14586630
-0.43183994
-0.86730975
-0.57518935
-0.48671353
0.09091762
-0.77998936
-0.07651564
-0.57736230
1.03264117
0.87871879
-1.72670114
0.13984808
0.29202515
0.06442784
0.31801236
1.40348434
0.73753488
-2.26892352
-0.72100800
0.35177624
-0.99757326
-0.15653563
0.65123105
-0.02498406
-0.97918105
-0.05856083
1.04242134
0.13692753
2.72689772
-0.06359302
0.88435924
1.06440151
0.23899254
0.77103347
0.53658861
0.36565149
-0.24878961
0.84044862
-0.64866090
3.74337411
-0.41446456
1.63647020
0.90633672
0.95615441
-0.73045594
-3.21156883
0.25968519
-2.08233809
0.07687874
-0.12817672
1.19731987
-0.21383080
0.06631686
1.15714169
-0.58996105
-0.44061810
-0.16336076
0.58556324
2.42887974
0.31136775
-0.77511322
1.44545138
2.16566873
-0.63885099
-0.51514024
-2.35749054
0.61143386
0.22012213
-0.40838510
0.57769746
-0.40836251
2.12134552
-1.50189388
-2.00398088
1.12491238
-0.44303167
-0.34893611
-2.22272611
-0.02372497
-0.17359076
-0.64934683
0.07740451
0.44912940
0.69512945
-0.12386417
-0.26234633
-2.18850732
-0.08425513
-0.47313467
0.49261555
-0.98815256
1.32301402
