384
-0.38420516
-0.20471941
1.44179797
-1.15265787
-0.24540302
0.01182717
0.15426674
0.00309068
0.37402764
-1.12524772
-0.30903912
0.06348549
0.38230425
-1.82371998
-1.98185945
1.13837981
-0.34716779
0.21702139
2.24247885
-0.38670489
-0.37508273
0.29112825
-0.03998178
-0.20943937
-2.11960721
0.95224136
-0.50170606
2.26885319
1.98447251
-0.76095569
0.24791649
0.35563314
0.07527808
1.49768758
-0.07050136
-0.98264802
0.32186693
-0.00608456
0.79775929
0.91004574
0.22238916
-0.27045569
0.06867948
1.98304594
-0.24750684
-0.66864526
-2.50164247
-0.65350521
1.04315782
-0.64190471
-0.12547535
-0.36899695
4.34195328
-0.99049366
0.12608950
0.72825605
0.05560042
-0.33560368
0.20418108
0.46464372
-0.20454903
0.06159837
-0.09420606
0.64680195
-0.18221176
-1.02179825
-0.18126418
0.11322901
-0.21113059
0.19376916
1.21310353
-0.30804124
-2.67350507
-0.56600630
-1.12587583
0.42620915
2.08275938
-0.95182741
-2.19583607
0.04304774
0.05133498
-0.25567475
0.29618382
-0.39122295
-0.82545006
-0.47158551
0.60569388
1.13432789
0.10872648
0.26901782
-0.08175197
0.41447052
-0.36272016
-1.61644709
0.14690609
-0.82948762
0.24156991
0.28028440
0.33456287
0.10277893
0.12650123
-0.25736275
2.91908383
1.20318031
-1.33788824
0.39316195
1.22204828
0.49255776
-0.04893497
-0.16508931
0.41825694
-1.09950435
-0.37689164
0.24333718
-0.44192678
-0.12290153
0.76418096
-0.37199956
2.21450210
1.42501736
-1.21020961
-2.73320532
0.90456343
1.66094029
-0.23947164
1.75537443
-1.34999144
0.79080826
-0.11549744
0.49399462
0.96408272
0.41514021
-0.07843062
0.67434508
-3.00447822
0.58444411
1.40586638
0.15514292
-0.31626093
0.56509233
0.68929762
0.11699632
0.55762923
-0.34042585
-0.04702075
-0.39920169
0.71884996
-0.51312727
0.11993405
-0.47673336
0.53854847
0.30677724
-0.16871054
-0.19667998
0.39096719
-0.43136573
-0.44174814
0.35754436
-2.12236881
-1.04971099
-0.28225169
2.49541903
1.24698019
1.05138552
-0.92896074
0.04217273
1.59498656
1.73498654
0.28819260
-0.52407730
0.85272551
0.11484791
-1.53941083
-0.03762673
0.83558679
0.77693278
1.16604614
-0.11070012
-0.67689419
-0.19197121
0.37402034
-0.02358194
-0.32902467
-0.10011218
0.50913513
-0.14390486
-0.44790792
-0.85324121
1.76264691
-1.26485503
-0.06038007
-0.23953378
0.13392775
1.36637378
1.24642158
-2.00461960
1.62674975
-1.32215154
0.06080505
-1.34552646
-0.06661919
0.28606188
-0.05199981
-0.50810772
0.10606247
-0.83807927
0.01127592
-0.24629419
-1.98301637
0.37332171
0.80003840
0.12638703
-0.41879275
0.00274466
-0.58704484
-0.48639745
0.36572355
-0.60545230
0.00986253
1.86750484
-0.77506375
-1.59290075
-0.00738602
-0.00210527
-0.06382979
-0.25951836
-0.66582394
2.56136489
-1.11566079
-1.75174761
-1.83044708
0.96886539
1.62622643
0.36272317
0.30397511
-0.54295796
-0.89218891
1.15986931
0.09197417
-0.08302309
0.71347487
-0.52587897
1.02281070
1.83214450
-0.18995160
1.71862924
0.39319718
0.09290896
-0.60445410
2.70839214
0.23612575
0.39548516
-0.52925360
-2.20606565
0.52452487
0.00155832
1.38945246
0.07564625
0.11886230
0.25193396
-0.07414337
0.99065405
1.78010762
0.44795758
-0.19766858
0.30193329
-1.35454893
0.39609483
0.07199034
-0.99122798
-0.12120582
0.29745936
0.79503334
-0.48272309
-0.47194886
-0.35164386
-0.04448056
-0.00640963
1.37792969
0.49724397
0.24681149
0.37601194
0.18672158
-0.01868123
0.04268971
-0.29143643
-0.32558861
0.10068262
-0.32642043
-2.11228371
-0.00519007
0.28496787
0.36569798
-0.74663764
0.02129911
-0.14835291
-2.59744740
1.32524633
-0.21564253
-1.70511353
1.84223294
0.37855351
0.66025120
-0.25074351
-0.35208845
-0.66250235
-0.43889230
1.24495232
1.76136398
-0.14936718
2.20412636
0.23619957
0.57431698
-0.36346728
-0.56439865
-0.27822217
1.34596097
0.02321626
-1.33074939
0.12452042
0.93500853
-0.12705375
-0.45526326
-0.89497507
0.17568821
-0.08207467
0.32176128
0.11603557
0.29723212
0.44975364
-0.55501258
3.07167912
0.87975264
-2.33957672
1.08534241
1.38057089
0.11743916
-1.57898283
0.00660707
0.62498748
0.14111820
-0.14336576
2.55677247
0.01278510
0.32439393
0.32346654
-0.00876255
0.57312906
-0.16981664
-0.21569535
1.32479930
0.00188503
0.90927285
0.88930058
-0.67269331
-1.59006262
-0.65251410
-3.02202106
-0.11402586
0.02202101
0.26972392
0.59299314
0.42600691
-0.60329139
-0.07646397
-0.39703274
-0.34431827
0.12080345
0.08259991
-6.41816235
0.25871232
0.17791514
-0.01138900
-0.45499903
1.51808834
0.36897779
0.22284396
-0.08066095
0.34396493
0.33349466
1.66737568
0.36807668
0.01131825
-0.35927102
