384
0.88513637
-0.82235062
1.02961516
-2.35218811
-0.11533415
-0.20757893
0.68630111
-0.79485840
0.15405317
-0.41288429
-0.96216643
1.17781973
-0.23527636
-2.39775133
-3.30889177
0.26627475
-1.73272645
0.69462627
2.16483879
-1.38102150
-0.61454844
1.45288014
-0.70910674
0.26148066
-0.24406412
-0.02306576
-0.09523785
2.55038428
1.64406145
-0.30947453
-1.07938480
-0.30446133
0.40607950
0.92352331
-0.03525196
-2.18457484
-0.39976412
-0.43365696
-1.99112141
0.29325208
0.66831636
-1.07581186
0.17319453
2.89617991
1.22198379
0.97710472
-0.70969570
-0.73573995
0.24636197
-0.55812913
-0.87246424
-0.50109112
2.62172127
3.69967008
-0.79774964
-0.88452470
0.63784516
0.13605314
0.28619921
1.26175618
1.19017863
-0.63365734
-0.23228846
1.53525019
0.53702003
-1.35140610
0.15741736
-0.02559012
-0.38387489
-1.29682362
1.09833670
-0.44334546
-2.12824082
-0.27102995
1.47429085
0.29921639
2.13578558
-0.76884592
-1.55639088
0.29520962
2.30113697
0.38996765
-0.64824951
0.62534457
-2.22340679
-0.72867179
-0.76647204
0.20233442
-0.35886693
0.48633718
-0.76799262
-0.57883239
-1.44696903
0.96806395
-0.14292619
-1.01981759
0.68176872
0.97450960
0.27461889
1.37958837
-0.34619528
0.37234691
1.77869201
0.00406235
-0.96655148
0.70420009
-0.87571067
0.75723875
-0.80254042
-0.53153872
0.53595138
-1.25850022
0.01491991
0.21345264
-0.99288172
0.76099879
1.35217893
0.26601785
2.28355193
-0.69475096
-0.12785816
-2.52152538
-0.48958370
-0.48506716
1.72183299
-0.44666526
-1.71702337
-0.27635840
-1.30084038
0.13543668
0.55467319
0.59608173
-0.76696777
-0.10047552
-2.12578201
-0.15817624
2.49399853
0.46009487
-0.92898858
-0.08302067
0.48162559
0.35545444
-0.45475757
0.05714519
0.68266946
0.91969889
1.18257582
0.33180878
0.64072704
-0.14120832
1.16956890
0.31112701
-0.45218030
0.62729853
-1.29798615
-1.64195323
-0.91304612
0.82760036
-0.67946237
-0.51680619
0.19808355
1.69877338
-0.57664359
0.60923833
-0.30334273
-0.80195594
0.85850668
2.42808342
1.31567216
-0.95792973
1.26431108
1.40694761
-1.84129643
-0.04166934
-0.51636344
0.39958212
-0.60481519
0.29088777
-0.31181043
-0.15738615
-1.66894162
-0.75570112
-0.34930634
-0.21630007
1.22233057
-2.03729486
0.68415117
-0.91391319
2.33582902
-0.33089352
-1.20725644
1.02718306
0.19762702
0.27240852
0.91887248
0.36290985
1.04713869
-0.59643459
0.41697466
-1.91274953
0.31415322
0.84819633
0.06469221
-1.67112613
0.83439100
0.38222241
-0.69486344
-0.61463708
-2.62094855
1.49015093
0.93342727
-0.34229070
-0.69590187
-0.32538018
-0.29786688
-0.92907238
0.29869562
-0.32169682
-0.34328261
-0.38308781
-1.10817456
0.98310673
-0.73257899
0.13616151
0.00666204
0.00051242
-1.24023342
1.50075722
-0.62128913
-2.12521911
-2.63278723
1.36489403
1.05018783
0.34168541
1.22415042
-0.41566008
-2.38369370
0.90428907
-1.01434672
1.26969576
0.79738277
-1.32010257
0.31349605
-1.32145631
-0.51879311
-0.18295830
0.41511407
0.10009301
-1.12491906
3.07514000
1.75954413
0.74077648
0.47212318
-0.80042297
0.28019440
0.25343558
0.86732566
-0.47371656
-0.19053268
-0.63304663
-0.09270045
0.47415826
1.21310067
0.62856048
-0.08219108
0.87443674
-0.54793048
1.02527595
-0.00638704
-0.31772280
0.27454340
-0.33342922
0.12721759
-0.55637372
0.68728626
-0.70059603
0.91976666
0.78531110
1.56014264
-0.24332461
0.42292506
0.68161052
1.66554296
0.95329338
-0.33707494
0.25484604
-0.21167502
0.73609334
0.03478997
-1.11010063
0.67879277
0.25898612
0.48076373
-0.02166742
2.28479218
-0.23367482
-2.17679548
0.81907767
-0.33792558
-0.90879947
0.98103231
0.21069446
0.06721234
0.59156549
1.02720165
-0.59440279
-0.36131614
0.83332419
-1.16315746
-0.22278583
0.90126944
0.49477145
-1.47608483
1.72544122
0.56256741
1.28936279
-0.43494403
-0.89431274
0.81988204
-1.22615230
2.68687868
-0.57160211
-0.17988144
1.66953754
0.11761951
-0.13473123
0.71107161
-1.18786144
-0.79384196
0.64511460
0.19942130
3.34974265
-0.28059372
-2.69254136
0.70922554
1.26765311
-0.93533736
-3.08514905
0.07011546
1.18350530
0.73518324
-2.48926592
1.89814389
0.02752559
0.28484204
1.04189992
-0.18015969
-0.28121829
0.74589890
0.87564439
0.16958022
-0.26100019
0.46787882
0.56595731
-0.67747480
-0.66186410
-0.14412419
-2.33067155
0.88709015
0.32148886
0.21693823
-0.25288963
0.15164521
0.75167596
0.52652806
-1.15795219
-0.51177573
-0.91580963
0.88128835
-2.82604504
-0.41210169
-1.00200868
0.94979495
0.37946627
0.94273591
-1.15576434
0.85780770
-0.15058462
-0.70979708
-0.35539567
1.88295627
0.33440599
-0.62938559
0.27806264
