384
-0.53133380
0.34945282
1.46263659
-1.65638041
-0.46085048
-0.60740459
1.06583929
0.16580892
0.58214736
-2.13855839
0.59154660
0.39055142
-0.35740605
-0.78588313
-2.12489533
2.00625443
-1.41599154
-1.30625975
1.84765446
1.62709045
-0.49431556
-0.94749349
0.70426679
-1.79571593
-0.74073130
0.79297066
-0.58545256
2.05400372
-0.22521114
0.15777409
0.32314694
-0.37272266
1.28881073
3.01475739
-0.29056177
-3.37848210
0.43363455
0.60218996
-1.32033229
-0.08895674
0.27455184
-1.06610274
0.35291305
1.49737203
-0.53023517
-0.25771374
-1.85575128
-1.17790651
0.72725266
-0.24442413
-1.12127984
-0.49060822
4.59570551
-1.28972924
1.21477938
-0.15124485
-0.50760859
-1.18426108
0.60980374
-0.23530611
1.32053733
1.02540076
0.07585827
-0.46234363
0.15296748
-1.29810655
0.96643138
1.42584288
0.88667202
0.91783845
0.29643601
-0.11337836
-1.97367084
-1.91991520
0.04601583
0.48916653
1.73534322
-0.48355612
-1.09549022
-0.15116052
0.60294211
0.59105527
-0.22211999
0.25593930
-0.23428760
0.70632958
0.05400504
2.44332242
-0.00314640
0.79524529
0.33495820
0.84592330
0.48736072
-1.21939898
1.20551968
0.43855649
1.21266162
-0.55684990
-0.20233744
-0.06086835
1.08642149
0.32837579
2.74408889
-0.60463655
-1.40190697
-0.44097522
0.33450326
0.62944245
0.30413014
0.19044262
1.07828879
-1.00597596
-0.28396744
0.64568454
-1.05179536
0.72690666
-0.28653675
-0.70909464
2.28568769
1.07779455
-1.26577139
-3.58992863
1.05306268
0.93393171
-2.43538427
1.68644333
-1.72989202
0.65162575
0.71307117
0.63289195
0.26359385
0.97501725
0.03966646
-0.20239392
-3.34989262
-0.02426052
1.71630144
-1.05151165
1.68093872
-0.33711562
0.78579068
1.33757508
-1.32176709
-0.54289961
0.12207392
0.35045964
0.23147981
1.07992291
-0.75599533
-1.44154811
1.87632930
0.56037521
1.02213585
-0.13226077
0.12821174
-0.78042179
-0.84772348
0.53755867
-1.46358967
-1.19372141
-0.64748931
0.80222255
2.24807549
0.47204238
-0.55936337
1.17925990
0.91085917
0.54751390
1.08976340
0.27273941
1.08886063
-0.91798896
-0.75926632
-0.93188858
1.50009036
0.13927126
-1.09116697
2.59518981
-0.12848592
-0.35874480
-0.39533001
1.51707137
-1.63138616
-1.12241364
-0.79853016
1.80727148
-0.93420804
0.57672715
1.45534730
-0.75809681
1.86709344
-0.99548745
-0.11954278
1.12601542
0.83459103
0.43606144
0.23834215
-0.31660068
-0.65177667
-0.13649297
-0.21106926
-1.02672529
-0.52960366
-2.39597368
-1.14245462
-0.73162168
1.10867155
-0.85289150
-2.68135309
-0.16529089
1.00342655
-0.00694151
-0.10732031
0.17702278
-0.72908086
0.11985415
-0.52899414
-0.23263478
0.28928691
1.38558674
1.14725947
-1.18317330
0.30806744
-0.09352386
1.80191684
-2.07655835
-1.36269224
2.13107371
1.03559172
-1.81415820
-0.73210794
-0.78183424
2.54333305
0.73786956
-0.82414389
-2.37475228
-1.00339007
1.49902606
-0.21822952
1.41846359
0.94459796
0.24689686
-1.44038141
-2.58266163
0.83729625
1.58548808
0.74608761
-0.29369521
-0.43054348
3.20444298
0.63443643
-0.88569981
-1.85290968
-1.25656581
-0.21090597
-0.29598212
0.52989405
-0.86013120
-1.21654081
0.03211036
0.05078197
0.81573004
1.30217052
0.94036251
1.64866853
0.03276797
-1.14850056
-0.06996849
-0.31827420
-2.16362262
0.97288406
-0.94536203
0.99489617
-0.09822230
-2.15903687
0.00340828
-0.64784306
0.01901165
0.65877163
-0.60211551
0.01772608
-0.19961320
0.28928667
0.53852475
-0.76624185
-0.23798010
0.16968444
0.28576154
0.20038004
-1.67068291
0.61255175
0.26367161
0.65660101
-0.94751269
-0.54079008
0.69564539
-2.47568417
1.29179740
-0.05439295
-1.19885242
1.70495272
-0.31651109
0.60101879
-0.82939702
-0.30961150
-0.19501537
-0.31566685
0.98736942
0.51756620
0.50314635
1.07836902
-0.44821110
1.83945346
-1.08390236
-1.30749929
-0.01023094
0.78930759
0.15317005
-0.93650794
0.84968728
1.71409416
0.60928482
-1.44350696
0.31289789
-0.24213028
-0.27866411
0.85771054
-0.23624784
-0.25925148
0.09950516
-0.55216837
3.23523116
-0.23293580
-1.94750428
0.90100682
1.65160167
0.40296537
-3.35310102
-1.57154262
1.48243225
1.57902622
-0.64378297
3.62485075
0.37023476
-0.25450474
0.77844644
0.41283235
1.94614005
-1.38578618
-0.62065494
1.76684713
0.18071344
1.85980904
0.68521440
-0.49828407
-1.51633966
0.24369065
-2.47424841
-0.88125956
-0.07252608
-0.01607749
-1.26683581
0.36140174
-0.98866248
-0.69598365
-0.42928517
-0.45885822
-0.12814713
-0.04421854
-4.61429024
0.03357881
1.25492287
-0.35119474
-0.41561583
0.00756148
0.88463479
-0.16272734
0.38195416
2.14001036
-0.10058801
1.06104362
-0.23819414
-0.43218479
-0.20122264
