384
-1.17739725
0.06544542
1.19079041
-0.94659215
0.04187825
-0.52935946
1.37402308
-3.30139303
-0.89652681
-0.20526704
-0.46403670
0.56696868
0.32655102
-1.24123359
-2.78063846
-0.01148396
-0.14945799
0.63340992
-0.33461523
-0.59404576
-0.24692732
0.70925963
-1.15950704
1.10827518
-0.35628361
0.41020870
-0.78158307
1.93645000
1.95521569
-0.80874109
-0.51136303
0.14152646
0.34369022
0.62492019
-0.08962008
-1.23504055
-0.60182464
-0.07045770
-3.61209154
0.04905392
0.50202298
0.82481843
0.49849129
2.87087440
2.39149046
0.34942773
0.82060635
0.69516730
-0.91524845
2.01340151
-0.77264142
-0.28906837
1.75760221
3.03014874
-0.23842818
-0.42126471
0.63049710
0.02479881
1.18764877
1.65439034
0.56235719
-0.43542308
-0.11107522
1.65717030
-0.26726234
-2.65985465
0.04943348
-0.15794073
-0.11795931
-0.60917604
1.62666607
-0.96616673
-2.19973087
-0.13115585
1.26479435
3.49475932
3.30038881
-1.02407432
0.07001448
-0.22089116
3.37097979
0.54405659
-1.54405296
0.23848070
-1.95634174
-0.79192805
-0.97961599
0.82331717
-0.39932001
-0.24982308
-0.03150614
0.09854636
-1.53829610
-0.19950224
-0.43012267
-0.48495191
1.09555030
0.73194134
0.44895238
-1.81020844
0.22815615
0.14902855
2.35262179
1.78205991
-3.28702307
1.03622913
-0.56289315
-0.07560811
-0.72310495
-0.70416349
-0.09231322
-0.75662696
-0.03124052
0.52240753
-0.33726379
0.48307195
1.32801628
-0.92182100
1.65842736
-0.87036741
-2.06001282
-1.87770724
-1.05715489
-0.86557013
2.30975914
-0.04480809
-1.98707557
-0.56863827
-1.66380668
-0.51132536
1.39834511
0.84506714
-0.30599421
0.05622968
-0.93666255
0.48256725
1.33156657
0.47053584
-0.57225740
0.99136186
0.99822056
-0.63546455
0.77208257
0.48193309
0.40586686
1.11209297
0.56429321
-0.37917680
1.08219612
-0.33762440
0.14618471
1.43786788
-0.19063260
-0.72461993
-0.45853829
-0.43787527
-0.95689255
-0.90048254
0.06462410
-1.04508519
0.09049577
-2.39786124
0.32439965
0.17505944
0.56125391
-0.34096608
0.78611767
1.83487296
-0.61769354
-2.51099586
0.63359600
-0.09209737
0.31430769
0.11280207
0.16480127
0.97614551
0.79820740
-1.06188774
0.44772542
0.34136429
-0.21745938
-1.94018090
-1.19912958
0.18406241
0.52547538
-0.59749883
0.43451735
-0.51221567
2.02670836
-1.67928863
-0.72912824
0.41068932
0.36965260
0.73593986
0.55455858
-0.28595036
1.02656913
-1.47856271
0.73841172
-1.59563029
0.18300386
0.71174753
0.38143900
-1.26840794
1.04945648
-0.46943846
0.31900755
0.05014403
-1.10386157
0.53276211
-0.02674165
-0.55998570
0.82822442
-0.29137033
-1.30814385
-1.76429689
1.03106618
0.23570088
-0.50285584
0.43347248
0.90065759
-3.21452904
0.16755143
0.35449690
-0.84005427
-0.09847900
-0.71558309
2.23488688
-1.01843560
-1.55189753
0.91588163
0.12625492
1.84920382
0.01324803
0.07918055
-0.05451789
0.13921657
0.54413795
-0.55156869
0.64934075
1.20185113
-0.84678406
1.15064549
0.00537032
1.17142546
-0.46887034
0.43465039
-0.02425551
-0.28602841
2.80228019
0.49934709
1.29482889
-1.84023809
-2.58590198
-0.64644271
0.07199127
2.37102652
-2.08553767
0.00351492
-0.28794989
0.72569752
0.06812069
1.12613642
-0.01099205
-0.32175165
0.77115476
-0.88436770
0.81331599
-0.35783139
-1.43753827
-0.45985287
-0.20586008
0.69085044
-1.15477371
-0.09938282
-1.56472278
0.50254357
0.47111064
0.01415679
-0.40480685
-0.46506760
0.41347182
0.67076904
-0.20304209
0.06185259
-0.54412627
-1.17312801
0.28716722
-0.20244366
-2.51776767
0.03951275
0.60256672
0.69850945
0.17155805
1.93972552
-0.96926016
-0.28238773
-0.64771253
-0.17363422
-2.22753143
1.56427372
0.33780628
0.39070857
0.72915053
-0.13875727
-0.49127805
-1.57639635
0.94879222
1.81545341
1.37696743
2.15157270
-0.56123126
-1.36053908
1.83500838
0.83464998
-0.93272769
-0.31682572
-0.20495394
2.92135620
-0.43748105
0.50936145
0.39828369
0.59305245
-0.66912484
0.53437895
-0.23581257
0.48700708
-0.49353236
-1.02846861
0.82663631
0.04491360
3.52595329
0.53789365
1.43023658
-1.08078384
-0.17878860
-0.40531525
-1.88804531
2.02349687
-0.34822378
0.36029643
-0.36896360
-0.69044626
-0.19875254
0.34085542
0.71089727
-0.81437349
0.05611505
0.73225743
0.79339212
0.16177094
-0.20723346
1.06909060
0.75145650
0.61152387
-1.23728526
-1.09165633
-0.34062803
1.37075055
-0.16364549
0.36309451
-2.58557725
0.34983450
1.31596327
0.44346678
-1.02101183
-0.20372006
-0.32825816
0.20861340
-2.77924681
-0.42826337
-1.15475452
0.38773718
-0.00366871
1.75840163
0.58256477
1.07796216
0.08361988
-0.56405830
0.13021323
-2.46834970
-0.31255734
-0.41810885
-0.09384320
