384
-0.23662463
-0.00702580
0.01337576
-1.90709519
-0.78260750
-0.42922115
-0.13962871
-0.64636004
0.38508144
-1.02349150
-0.07340559
-0.30996963
0.37402546
-1.24194705
0.12448430
1.25824296
0.58301747
0.38413182
2.49250889
-0.06497784
-1.89289284
0.71570903
0.23408933
-1.48649907
-1.98940885
-1.41119528
-0.62813723
2.94473219
0.19919977
-0.16518921
0.61728168
0.13626008
-0.17038414
0.81852770
0.04470463
-2.05378461
0.39626098
0.13702318
-1.76732183
0.51571691
-0.07069871
1.03363764
0.12529247
0.87115407
0.03085015
0.42200854
-2.44580579
0.82354724
1.37817764
-1.32907915
1.22150755
-0.22838229
2.10934091
-0.72715545
-0.46562487
0.51442242
-0.21272027
0.93084204
-0.76064497
0.32550949
-0.83730602
-0.36080772
0.01195206
0.68929267
-0.28268462
-0.68898153
-0.20522115
-0.67088270
0.28320262
-0.32157841
1.91962409
-0.33795914
-1.96384311
-0.90696871
-1.52439702
1.11967945
0.82465696
-1.07356596
-0.63104415
-0.08206286
0.60682112
0.09354474
0.27841690
-0.34875309
-0.79533315
0.10560791
0.42162687
0.81376469
0.16199030
0.18816715
-0.00963145
0.29780993
0.21610041
-0.62736380
0.08414674
-0.03919978
0.30884761
0.02109323
0.84446621
1.17542827
-0.30520028
-0.52954769
1.82818532
-0.49864370
-1.29184997
-0.02303606
0.04352946
0.39156306
0.10905004
0.38584790
0.65782869
-1.19312692
0.09096918
-0.26958162
0.19515520
0.28433511
0.43711418
0.02003360
1.34327936
1.68738246
-1.35566580
-2.88025665
0.80049270
2.01529622
0.12121347
-0.30765164
-2.25705791
1.14019537
-0.26712584
1.16333532
0.47293699
0.12210743
-0.00069457
0.84998071
-2.12882710
0.48575380
0.83078754
0.08471729
-0.72323477
-0.17332809
0.43982032
-1.18594921
2.42208529
-0.68614554
0.24868500
-0.71159935
-0.03889354
-0.85928798
0.14168319
-0.80424774
0.44346166
0.03597980
-0.15001586
-0.00472770
0.26696235
-0.76182830
-0.48902869
0.68021011
-1.96362019
-0.41992718
-0.17140317
2.01547575
1.51010370
1.66868269
0.11029691
0.19648483
1.66924763
0.95457739
-0.02646974
-0.02096677
1.35731220
-0.60990345
-0.46962732
-0.55129635
0.79558474
0.94476736
0.54528451
-1.00440490
-1.92576957
-0.24957949
-0.32110876
0.10870980
-1.73827577
-0.66666400
0.01337349
-0.81815296
-0.74658322
-0.35719270
-0.02740991
-1.78912485
-1.08749413
-0.33726493
-0.96240532
0.31883460
0.25979942
-1.81913638
3.02783537
-2.22493386
-0.19783832
-0.71238422
-1.25930905
-0.04521529
-0.08375776
0.34081692
-0.00320613
0.00922626
-0.20634572
-0.27198321
-1.66685796
-0.28701636
-0.78449190
0.13665205
-0.34519750
-0.21553603
-0.18024692
-0.08083397
-0.01626824
-0.08250999
0.41690174
0.94170088
-0.38783956
2.08994102
-0.27975303
0.19985673
-0.85459268
-0.01001447
-1.50206244
1.29178190
-1.47119284
-1.91283453
-1.63118625
0.79797125
1.76865113
0.16002560
-0.04193515
0.34297809
0.89625615
0.31628770
0.49225873
-0.04633068
0.13916707
-0.24978583
0.11084742
2.20420098
-1.62644732
0.07304378
0.10540648
0.15169984
-1.06995940
1.31104529
-0.06449682
-0.42088562
-0.68087339
-2.30303931
0.89557230
-0.16829893
1.41566253
1.72046685
0.35831168
0.01205346
-0.43140578
0.69863826
1.30834198
0.39269450
0.29864591
0.45670867
0.58965605
-0.28788322
-0.00161552
-0.93206936
-0.97870731
-0.35841495
-0.01979361
-0.53158885
-0.39616233
0.51681048
0.34110254
-0.05249273
0.14720425
-0.17122982
0.66449916
0.35519981
-1.00798178
0.07454173
-0.22615883
-0.39751923
-0.42736599
0.03523828
-0.60308188
-1.39600837
1.33063817
-0.15491247
0.61796427
-1.17521441
-0.41454071
-0.62009859
-1.29392743
1.96684575
-0.65507603
-0.11711609
1.84716582
0.55080879
-0.40546554
-0.52157485
-0.21768427
-0.91997468
0.27618223
0.92734092
0.49158353
-1.34086561
0.40526155
0.09267707
0.07295617
0.35884619
-0.43041617
0.92964339
1.56556559
0.52169210
-1.83058548
0.07133645
0.05193675
-0.11450247
-0.25509304
0.04458396
-0.02879938
1.50657284
0.10453191
0.41002202
0.32696196
0.77118325
-0.48958522
2.81307411
0.34014386
-1.33982646
0.93705255
2.12198496
-0.12070097
-1.39091396
-0.25192681
-2.13314652
0.05128373
-0.14199968
2.63455868
-0.17216904
0.98173285
0.76615971
-0.18839963
0.13915209
-0.67601913
-0.37302229
1.55132937
0.30618882
-0.69472313
1.27499235
-0.11814189
-1.58288550
-0.14196135
-3.56773257
1.06927919
0.05840978
-0.03476468
2.39044976
0.14451809
-0.05538163
-0.34969786
-0.62740576
0.52228302
-0.79982525
-0.58713591
-2.34141493
0.09184179
-0.27617830
1.48506057
-0.93803567
0.16842788
-0.54292166
0.02258552
-0.16955782
-1.19801760
0.04699314
2.23140788
0.90448415
-0.43594831
0.12614682
