384
0.69005656
0.13008052
-0.31020463
-2.84615564
-1.11343861
-0.02203888
0.22770312
-2.65418577
-0.24607249
-0.71645081
0.05843507
-0.13501418
0.06625332
-1.91784418
-0.48943436
0.36842334
2.24585247
0.50830126
2.78224659
0.12176406
-1.60086465
0.79975748
0.51239866
-1.23191726
-0.89041519
-1.38767481
-0.25701585
1.92240727
-1.01819432
-0.40386277
0.64779353
-0.47468370
-0.42281106
2.15215683
0.07844827
-3.41624832
-0.07348949
-0.07975677
-2.41101170
-0.00394723
-0.40196586
-0.19530666
-0.10707468
3.19519234
0.53223377
2.00264239
-0.18852413
-0.67291963
-1.25454092
1.04474831
0.66729772
0.02657133
1.56127512
2.09458971
-0.54824644
0.67238015
-0.27431083
0.73250622
0.39270651
0.13008773
-0.08345677
0.03187533
0.00500923
0.51211941
-0.09335188
-1.51120496
0.12631987
-0.67741978
-0.61843395
-0.21175957
1.60778165
-0.66444868
-1.71285367
0.27491406
0.76455218
0.37636492
2.65761828
-0.03675115
0.24529886
-0.33660424
2.03534698
0.02768002
-0.37447828
0.37626651
-0.51155394
0.14791979
-0.53228199
0.37450588
0.29918671
0.10482188
0.14162770
0.45830700
0.52206182
0.73147142
-0.46526670
-0.00227401
0.45922974
0.04775247
-0.40926209
0.33988273
0.17817476
-0.56886876
1.74961436
0.65022534
-1.87884152
0.19973095
-0.53306973
0.04892072
0.01338110
0.27120474
-0.45315960
-1.26284599
0.32562795
-0.40064308
0.78354686
0.12229790
-0.18229517
-0.15534005
1.30534518
0.17845750
-0.97883105
-3.15937114
0.66741216
0.55048048
0.26684636
-0.83894563
-1.02343774
-0.12301990
0.21013443
1.26067340
-0.06417377
0.00747915
-0.33137321
0.72314084
-1.54140902
-0.35042304
1.75630426
0.51379216
-0.84587818
-0.84138364
0.58826780
-0.45990235
-0.41916382
-0.46451816
-0.15811154
0.00166683
-0.79584837
-0.67248726
0.79128236
-0.74182045
0.94235206
0.32572153
-0.36341172
0.59840435
-0.12916841
-1.31287420
0.19380677
1.50120223
-0.12581199
0.43443137
0.08329703
-0.90668368
1.77083397
0.99532527
0.50121981
0.09852542
2.40558767
-0.03180474
0.33817866
-0.78718907
0.81417805
0.05652769
0.69466507
-0.05872162
0.69526410
1.23542428
0.67078245
0.37263682
-0.60905111
0.06057157
-1.52486897
-0.05993693
-1.35880029
-0.01031747
0.36142004
-0.81162828
-0.18484958
0.37686962
0.41081792
-1.78677225
-0.77872097
-0.23751432
-0.74741852
-0.21502179
0.73860127
0.51541382
1.57709074
-0.65934741
-0.21278919
-0.16681990
-0.48973173
0.14560038
-0.04035316
-0.89440769
-0.14293982
0.68252462
-0.28478989
-0.16957629
-2.50015450
-0.30808276
-1.23531926
0.17527696
-0.30031502
-0.56029719
-0.50413269
-0.17057866
-0.02856493
0.27711493
0.50883943
0.21185493
0.46515989
1.43042386
0.21889891
-0.19784456
-1.06399667
-0.26566207
-0.49511775
1.36703014
-0.85890794
-1.66395342
-0.96344656
0.05086264
1.34230351
0.04681343
-0.48960602
-0.14072999
-2.32177114
1.09176946
0.04029843
-0.22264254
-0.48704174
0.19064829
-0.69041574
0.59314698
-0.53568566
-1.54686379
0.19941799
-0.08212170
-0.29787397
2.91651821
1.14703298
-0.45535779
0.06721258
-2.84978461
-0.10235455
0.71309578
0.33931166
0.01564053
-0.37830821
-0.29414579
0.04351730
0.62951976
1.69484413
0.31684613
0.05630082
-0.23861091
-0.55036020
0.46314701
-0.16158786
-1.13929582
-0.08622482
-0.22930533
0.53557938
-0.39643043
-0.61534125
0.48575979
0.13163042
-0.57646263
0.35797775
-0.56731975
0.15581939
0.51228797
-0.71349972
-0.18002367
-0.14563842
0.19065841
-0.14900273
-0.19730273
-0.43974739
-1.18825305
0.68236482
0.05726247
0.29397318
-0.84935760
-0.45960861
-0.09243039
-0.29278362
1.32810557
-0.56654066
-0.61763895
1.47357106
0.33062160
-0.91394466
-0.09247484
0.26706606
-0.31779736
1.18705440
0.78646505
0.02056086
-0.43935886
0.00714850
-0.12062114
0.52937841
1.35534430
0.17353520
1.16091704
-0.66646957
0.18389286
1.59429705
0.29170486
1.86404991
-0.06400950
0.26667681
0.50441200
0.13414314
1.26830459
0.59429938
-0.15827838
0.30296737
0.52456969
-0.36269546
3.20751762
-0.27578759
0.53182232
1.14622164
1.18857467
-0.22600928
-3.76072097
-0.49916276
-2.11024928
-0.06950365
-1.64596415
0.98544174
-0.19356465
0.95286214
0.87976837
-0.53203654
-0.18238124
-0.54726511
-0.02110997
0.90688944
0.37513554
-0.23660149
1.42967677
-0.18639237
-0.64733279
-0.09705055
-2.28761196
0.87043685
-0.36842823
0.17727648
0.17387137
0.10565367
1.02533436
-0.58543926
-0.50275868
0.53633988
-0.90658641
0.37394276
-2.91838431
-0.12957355
0.16103885
1.24239028
-0.22459202
0.44921708
-0.28861520
-0.00377579
0.04855590
-1.91591144
-0.24729317
1.68282890
0.59422022
-0.16144185
0.52328235
