384
0.89874619
-0.20161706
1.60987484
-1.05332839
-0.34908989
-0.92851174
0.22421601
-1.10273385
0.11014251
-1.83134675
0.01611675
0.26367074
-0.25894317
-1.79600132
-2.88479161
1.34647584
-2.23109484
-0.17941539
1.01938009
-0.00303997
-0.22706184
0.20811811
-0.13248259
-0.43532178
0.87087715
0.10142194
-0.19649811
2.75980520
-1.22370386
-0.16528656
-0.02813345
-0.03574296
0.31864673
0.62875372
-0.01323221
-1.78641880
0.04299711
-0.19264618
-3.27794099
0.21657747
-0.33136949
0.13353831
0.25508735
1.32573509
-0.07034956
-0.26446515
-0.27812505
0.65114141
0.29017153
0.76019573
-0.41282797
-0.50957716
1.91489840
3.63964987
0.25751832
0.44613004
0.02469194
-0.04052514
1.25689352
0.90859735
0.41486913
0.38454330
-0.03572297
0.86302215
-0.13836499
-0.79682857
0.12105677
0.24883160
-0.26826546
-0.05963261
1.59539866
-0.05072376
-0.69681966
-0.77567089
0.15374410
2.59336734
0.96983951
-0.35316676
-0.95888352
-0.14301026
1.65096307
0.20667376
0.06135311
0.18712187
-1.60325742
0.29575878
-0.49212715
0.18698683
0.19164446
0.51071572
0.25053868
0.22858635
-0.23090565
1.63576186
-0.14270793
-0.13430673
0.38027808
0.08450829
-0.63036180
0.23512280
0.38762832
1.01159871
0.23607731
-1.16670322
-3.12349558
0.30178237
-0.35768801
0.37616801
-0.49834746
-0.23703802
0.31563509
-1.14825284
-0.18817995
0.55709720
0.00857243
0.70135295
0.48035622
-0.21139197
2.50200295
0.87805647
-1.02536118
-1.89113986
0.10882685
-0.54558301
0.98858267
-0.32956243
0.40234649
0.37560555
-0.03908657
0.89230084
0.14934899
0.48983008
-0.01468886
0.14866602
-2.21964765
0.75618327
2.65327144
0.50986892
-0.63143265
-1.04398751
0.69820392
0.60128802
0.05858576
-0.51601535
0.70650005
0.34835097
0.86238247
1.20327497
0.30921960
-0.67488194
0.42521846
0.02244428
-0.05647130
0.33995768
-0.01785503
-1.30714130
0.25698054
1.23933649
-0.51836026
-0.74149168
-0.03556408
-1.55208755
0.92847884
-0.35187131
0.41595694
-0.11119583
1.27979839
1.64707351
2.32953644
-0.50931370
1.08412993
0.50372881
-1.20477319
-0.73878425
-0.33814934
0.72972047
-0.39014864
1.25026131
0.13141274
0.00610456
-3.50894380
0.02112117
-1.08340919
-0.27851111
0.37199873
-0.61970377
-0.47446686
-0.23860343
2.07954168
-1.04764795
0.07824173
0.18687855
-0.35798442
0.89800745
0.29929686
2.32947063
0.88649201
-1.70562053
-0.01174102
-1.75281715
0.30720493
0.39541975
-0.04462059
-1.09321618
-0.07665341
-0.06208210
0.02905332
-0.18871714
-1.90877962
0.41934937
1.31156290
-0.32119334
-0.65857607
-0.05814694
0.02082440
-0.72002339
0.24636173
0.02296016
0.31867594
1.49602199
-0.31880146
0.15688413
0.28056681
-0.27272677
0.09239775
-0.01556543
-0.61780500
2.80423284
0.63635075
-1.40265262
-0.77116138
0.33129483
1.65932775
0.37046349
-0.65660280
-0.77725071
0.39776590
1.21707892
0.18314055
0.13392645
1.40836883
-0.01639944
0.02609764
-4.15519524
0.96185696
-0.16886793
0.26363531
0.06218518
-1.44220233
1.46969795
1.02719951
0.06067327
0.18134952
-2.10267258
-0.24309687
-0.33161187
0.93761069
0.36547700
-0.12678586
0.50011390
0.16984315
0.52624446
1.91009068
0.59687459
0.38723725
-0.02895308
-0.20878062
0.16499382
0.05239151
-0.34862295
0.48944449
0.07285534
0.35126895
-0.36654210
-0.21796979
-0.07555933
0.62704980
-0.02316824
0.89747483
0.21154191
0.34086946
0.48452792
0.42045829
0.84334487
0.33367378
0.10759656
-0.75721407
0.10628635
-0.03134531
-2.78879905
0.01725206
0.08760084
0.01097973
-0.63066459
-0.02926169
0.56075639
-2.27046013
0.04959154
-0.09268223
-0.19948781
0.85550851
0.06451985
-0.12603608
-0.04579199
0.70390928
-0.76153970
0.45016348
0.68801129
-0.00055075
-0.86318874
0.68247271
-0.23345537
0.64778638
-0.18250334
0.37896097
1.07710946
-0.37867191
-0.40566590
2.02124619
0.16918913
1.57921433
-0.34159145
0.02540135
-0.10182342
0.24643962
-0.65929598
0.81432337
-0.35928571
0.04678498
0.53275913
-0.87584150
3.54191804
0.34806401
-1.16986406
0.27904722
-0.14695811
0.04466911
-2.91302538
0.27616638
1.94187784
0.06859866
0.70072359
1.60928011
0.04930888
0.16220590
1.33164406
-0.00308219
0.08431658
0.02320541
-0.24872348
1.12755871
0.09495211
1.65824270
0.54361016
0.47223598
-0.33686209
0.06911340
-2.00964522
0.58616310
0.09808071
-0.02567592
-0.57380831
0.25279069
0.85083330
-0.19124809
-2.21315074
-0.66896755
-0.54086286
-0.45153347
-6.29076338
0.04612240
-0.02104599
0.01618516
0.14685655
1.08277309
0.04467797
0.23579952
-0.05196045
0.23581541
-0.35535562
-1.25054777
-0.18023670
0.01668992
0.23285331
