384
0.98571587
-0.31295156
1.47550607
-0.88878340
-0.41154706
-0.30166787
0.40829206
0.44128305
1.14680862
-1.67251098
-0.45070755
-0.16654204
-0.07106619
-2.07490659
-2.38341784
2.08312035
-2.25365543
-0.04863796
1.79158187
-0.10437152
-0.24515495
0.70735860
0.15531877
-0.20566274
-1.66479433
-0.28108227
-0.72258502
2.79043269
0.20195417
-0.69829369
0.45812181
0.36551213
0.01950404
1.28854108
-0.26000392
-0.37264770
0.16212380
0.21591455
-1.99565041
0.70016700
-0.11188168
-0.01508284
0.17613053
0.85825801
-0.88766778
-0.49385265
-2.16630697
0.57401884
1.76971960
-0.97533762
0.01284077
-0.85263956
2.95765185
0.68261743
-0.16674201
0.61924684
0.02785032
-0.11696532
0.73827934
0.52891362
-0.48368657
0.07428973
-0.33665377
0.61197782
-0.79354686
-0.23860031
-0.08915269
0.86505878
-0.29028922
0.05356045
2.30971503
0.10223021
-1.88593125
-0.91606039
-1.07223630
0.08313936
1.20809221
-1.33803368
-2.49734926
-0.00362032
-0.07059348
-0.35873458
0.53922880
-0.36740771
-1.49652696
0.12764123
0.69841921
0.91052568
0.16805977
0.38061219
-0.15884894
0.30412006
-0.18788959
-0.10170698
0.07108578
-0.16918653
0.38037473
0.38347188
0.08112431
1.08949769
0.13324040
0.19985005
2.22662330
-0.61122566
-0.93457675
-0.01035206
0.33314463
0.53752625
-0.31085694
-0.21688354
0.20440233
-1.08019185
-0.19336414
0.22844280
0.12498054
0.24698412
0.59113741
-0.42644560
2.84520626
1.63600123
-0.75450349
-2.23763752
0.32791242
0.78934544
-0.56908560
1.26273692
-0.75441504
1.19365013
-0.05418138
0.85939622
0.37570828
0.54021078
0.32272762
1.36161160
-3.05470753
0.14552358
2.01128840
0.18965849
-0.90307486
0.22275022
0.82897240
-0.10904218
1.51740503
-0.61986995
0.36706993
-0.47982359
0.62852627
-0.00023882
0.02041000
-0.99735612
0.12705049
-0.22075027
-0.07537270
-0.13969375
0.41533238
-1.12136698
-0.64445162
1.30105281
-2.22133398
-1.15320396
-0.26193535
2.63327265
0.62479931
1.72028697
-0.49644998
-0.02910913
1.35957277
2.05163980
1.93523610
-0.20017049
0.54439068
0.24199745
-2.28083944
-0.17198221
0.49071324
0.96295178
0.60721058
-0.31945935
-1.23770857
-0.09126488
-1.06352127
-0.09199192
-1.30794585
-0.38360405
0.52092355
-0.80828464
-0.57446104
-1.03655052
1.77982211
-0.35046840
-0.74723184
-0.06714188
0.30171993
1.50025344
0.79380286
-1.45820105
1.88384843
-2.23613119
-0.10986926
-1.58192587
0.20190662
0.21609324
-0.23293059
0.28940767
0.23591265
-0.62655818
-0.50580764
-0.57215250
-1.01501942
0.21484596
1.51288462
-0.33801049
-1.19790983
-0.43767208
0.50067514
-0.36425769
0.61652970
-0.56938815
0.18900967
1.85929227
-0.77664608
1.80694354
0.06596363
0.43878865
-0.35567868
0.03736940
-1.36105347
2.31720376
-0.38673788
-1.96591544
-2.54729342
1.11380970
1.36782610
0.59920114
0.11614299
-0.74741495
-0.22250593
1.27980542
0.52990150
0.33053926
0.63054770
-0.10092485
1.39458692
0.45009071
-0.45401755
1.56161714
0.45543909
0.30980423
-1.08863664
0.70011151
0.73423773
0.24980161
0.40629399
-2.12581944
0.71102631
-0.33500880
1.26871896
1.16150546
0.52096534
0.55103058
-0.16921122
1.40089226
2.06560159
0.91657537
0.58715701
0.13026899
-0.38374886
0.29586986
0.31555977
0.22757912
0.04329085
0.11132126
-0.28656662
-0.09580331
-0.27385172
-0.51169306
0.22045448
0.19538668
1.25489700
0.52019995
0.94585919
0.46700895
0.35103208
0.61494386
0.33732826
-0.33442968
0.15997955
-0.08020815
-0.26675630
-2.49462366
0.14308938
0.06389675
0.10487795
-1.29631662
-0.54185069
0.12682851
-2.68708611
1.42792201
-0.16513479
-0.88001871
1.68781352
0.07598059
0.75511509
-0.28976345
0.42535895
-0.85594630
0.30004519
1.22470474
0.80835950
-0.83573270
1.26017165
0.52399731
0.81532377
-0.36369333
-0.32669437
0.71330404
1.22968149
-0.04732076
-1.55589175
-0.00468751
-0.09462792
-0.14345464
-0.42562532
-0.87718308
-0.04377709
-0.43309671
0.24665385
-0.24574393
0.29636261
0.27653879
-0.90044689
2.98961306
0.42063785
-2.88464689
0.92775166
1.07380056
0.09857521
-1.62232161
0.15288578
1.41141891
-0.07631704
0.20525515
3.38191080
0.09742464
0.64656967
0.55160016
0.50898153
-0.11067075
-0.47896978
-0.40315413
1.11377680
0.13716622
1.05419934
0.40844816
-0.78182566
-1.17683339
-0.01834391
-2.91201091
0.42917284
-0.15162985
-0.23993948
2.04943705
0.34934050
-0.45526055
-0.19839744
-1.18937397
-0.69431990
-0.34963247
-0.39648592
-6.28836536
0.00915585
-0.14506052
0.70239049
-0.44917458
1.04577124
0.23257114
0.05667799
-0.13683397
-0.24673437
-0.11449273
1.76457691
0.36112216
-0.16249630
-0.52313137
