384
1.36488652
0.24087624
-0.30334020
-0.99788386
-1.28315222
-1.73948789
-0.15246862
0.12753057
0.59341002
-1.56619990
0.01970611
-0.20707922
-0.08394259
-0.51089406
-1.75756323
1.73962498
0.81369317
0.98944736
2.27208090
0.17797065
-1.91348386
-0.22961530
1.05388677
-0.87881482
-2.29774833
-2.27506065
1.03689420
2.25427985
-0.04707894
-0.84091270
0.44459409
-0.73290676
-0.79670292
3.76214790
0.39006492
-2.68743134
-0.25462097
0.44481447
-2.39252782
0.20567723
-0.19834194
1.33472419
-0.33592924
2.18272948
-2.02473879
1.60546887
-0.76321691
-0.74048775
0.92905271
0.87406981
1.12373650
0.35179761
3.15865183
-1.33368230
-0.20480792
0.28946096
0.18851928
0.93731195
0.27168173
0.33290729
-0.71001053
-0.46097133
0.21122789
0.48244506
-0.03041549
-1.80347359
0.23804511
-0.10790834
-0.11815295
-0.48695922
1.82228839
-0.84719884
-2.26863837
-0.85797995
-0.70259935
-0.13299501
2.17165756
0.20538557
0.86275721
-0.60118687
1.23717976
-0.01722772
2.90664697
0.28143039
-1.07768917
0.41737539
-0.03163926
0.99774110
0.00487897
0.18619305
0.60076910
-0.48388076
0.41802567
-0.72498602
-0.34555340
0.09781031
0.09447320
0.37816501
-1.34282279
1.65602160
0.39322945
-0.38460666
1.61001325
-2.16956282
0.24784005
0.38121629
0.03144678
-0.21657763
0.06133956
0.71266055
0.49934807
-0.19796854
0.51966828
0.04845259
-0.97602147
0.97416878
0.53318393
-0.21292061
2.37504315
-0.89415312
-0.68341202
-3.56370616
-0.13187462
0.57384878
-0.51541340
-0.33303082
-1.88216209
0.66974878
0.19747259
0.70103544
-0.07667194
0.36898759
-0.78708565
-0.11408380
-2.32769012
-0.80828547
1.29485047
0.48059285
0.45447066
0.79708213
0.18970934
-1.43456793
1.10183084
-0.20175920
0.03164703
0.43624529
-0.68955857
0.37825152
0.61484247
-1.18314266
0.37111616
-0.85917306
0.40795535
0.75423336
0.28204140
-1.33919477
-0.74679452
0.58125091
-0.28758681
-0.64086545
0.54575270
0.51023227
1.53915882
1.00324857
1.22060120
-0.84173107
0.36074364
-1.06373060
0.19960648
-0.90569150
1.35796571
-0.54820949
1.11553752
-0.71012664
1.19184804
0.63973367
0.12086208
1.51526725
-1.12227058
0.40963250
-0.53376681
-0.88525021
-0.65715468
-0.33130017
-1.11874926
-0.54905903
-0.38274312
0.43693930
0.90003443
-0.97240514
-0.65247542
-0.89913416
-0.55981207
0.32285929
-0.05359115
0.56843764
0.95321894
-1.38824153
0.70756799
0.21991724
-0.15774520
-0.19116449
-0.04276948
-0.11547038
0.24499173
-0.02759130
-0.11227404
0.23934773
-1.95314336
-0.80272746
-0.48855233
0.28212431
-0.07513584
-0.34081194
0.86076385
1.69213545
0.98381662
0.13764861
-0.21364272
1.07655931
0.49480778
2.54151320
-0.79467303
1.24410999
-0.47353375
-0.08635876
-2.31249332
0.74223161
0.70943522
-0.64556563
-0.82339239
0.09896260
2.21540856
0.48217970
-0.87489849
-1.43593228
-0.27598283
1.61316276
-0.21235210
0.08728109
0.45250627
-0.44685006
1.19981754
-2.40557671
1.02223825
-0.49724349
-0.33091223
0.92418909
-0.34701958
1.38570225
0.71433008
-1.32400644
-1.99699044
-2.26503778
-0.38340575
-1.04438019
-0.17473900
-0.42713791
-0.17513308
0.19210930
0.43599695
-0.11851811
0.45710284
0.80569291
1.96639371
0.47911182
-0.80337214
-0.66855216
0.23554888
-1.80119002
-0.83598936
0.09251332
-1.28104568
-0.66676414
0.25684434
-0.85177422
-0.20193231
0.37780106
0.14184323
0.18955998
-0.23539707
0.01893664
0.38689053
-0.03487018
-0.48193198
0.08763910
0.20872647
-0.05547873
-0.41583586
-1.09499764
1.63776422
0.50513113
0.66084957
-0.15311450
0.15426826
-0.18386731
0.07554758
0.82482904
-0.31556934
-0.17306389
1.11783063
-0.26422903
-0.39106435
-0.45159590
-0.70171255
-0.14361866
0.38165030
1.88094926
1.02384114
-0.23531076
0.39781898
-0.43197623
-4.47524500
0.63090402
-0.84539157
-0.14306402
1.48469198
-0.21218848
-0.90213281
0.09830254
0.47839218
-0.26364946
0.62561184
1.06743693
-0.28113735
-1.12174082
0.25811541
-0.19053385
0.35973158
0.84017545
-0.83404481
3.18200135
-0.51289672
1.32835817
0.97860056
1.56134689
-0.00134066
-4.04529762
0.14636633
-1.21267319
0.03033780
-1.03238678
2.49421310
-0.31634292
0.74107826
-0.24817833
-0.34779111
-0.79908550
-0.71268451
-0.33635801
1.17059505
-0.13569477
1.84751689
0.39277625
1.29293132
-1.42589772
0.23499027
-2.65801334
1.17359924
-0.42265165
-0.73166406
0.24208882
0.33628839
0.20496158
0.55673796
-0.04837656
0.46223795
-0.14547753
-0.42165819
-0.04447986
0.00808507
-0.15830396
0.53994119
0.11329743
0.80161321
-0.16642553
-0.08837906
-0.59864968
-0.88501555
-0.01166087
1.59818351
-0.31560281
-0.11989302
-0.44454783
