384
0.40944850
0.62289679
-0.45545977
-1.79701185
-1.33909976
-0.59724200
0.29678479
-0.42122507
-0.89076883
-1.96783221
0.18524964
-0.32542437
0.38005501
-2.07758951
-1.34810138
0.53490144
3.07920766
0.36497492
2.42994785
-0.44870967
-2.27523088
0.61046129
0.64949709
-0.30217874
-0.54902434
-0.04476586
-0.51417232
3.06039524
-0.12480056
0.18855920
0.40455425
-0.17020583
-0.31080931
-0.76249099
0.17773706
-2.64563322
0.00666954
-0.31520754
0.35639095
0.29100668
0.01342511
-0.03842014
-0.44146821
2.55407572
0.82403481
0.52181906
-1.19869423
1.14647293
1.31579494
1.88424480
0.65699708
-0.47767642
1.90046048
-0.12635589
-0.35320708
0.30567157
-0.02357812
2.04473066
0.33053857
0.53779507
-1.89721227
-0.27627462
-0.25137123
0.72141051
-0.21935767
-0.71389765
0.36239445
-0.88460374
0.02422753
-0.07420480
1.97310412
-0.45851082
-1.28447914
-0.33392125
-3.37254095
-1.54859090
-0.39964616
-0.35617301
0.45483086
-0.31012911
0.95404094
0.19373447
-1.08473134
-0.13964260
-0.37214905
0.42905399
-0.95013821
0.57917142
0.28842345
-0.29825461
0.56293285
0.10279438
0.05418012
0.79440737
-0.00215557
0.28442919
0.50617665
-0.08987247
-1.16693854
-0.48672515
-0.07567753
0.08721925
0.19764173
-1.51853514
-0.36367011
-0.37964377
0.68492413
0.26491642
-0.32167947
0.24535865
-0.18725899
-1.34600627
0.17091231
-0.29708749
0.75392234
-0.03084198
-0.20461157
0.11013740
1.16951203
1.22395563
-1.64592659
-3.79187274
1.36651123
0.88365215
0.31700021
-1.27460337
0.26406354
0.86192608
-0.00735013
1.66213417
-0.78104949
0.01885991
-0.38056004
-0.33628750
-1.97084284
0.78969574
1.18283415
-0.18866001
-1.06295729
-1.36559606
-1.07586288
-0.15784921
1.57128263
0.40883151
0.63766360
-0.30726290
-1.22671449
-0.10582493
1.27299380
-0.87458128
0.11040476
-0.11164410
-0.27892140
0.19392094
0.48843658
-1.55156577
0.35319129
0.56138372
-0.28700864
-0.24729839
0.18799596
0.92038208
2.15324640
-0.24212784
0.10748088
0.32321918
1.55877113
0.03368664
0.11632897
-0.10196957
0.55940628
-0.33713818
1.61437356
0.18886277
0.27866930
-0.21568358
1.47734725
0.19977295
-0.45362973
-0.25059572
-2.95784354
-0.21779393
-1.73422456
-0.09343126
0.60761529
-0.10425017
-0.41087312
0.77363658
0.36822742
-2.34876466
-1.35308635
0.21350330
-0.58876407
-0.55099612
-0.51737189
0.55610639
1.01227117
-1.95131564
0.15004660
0.40860772
-0.60632432
0.82057190
0.14373529
0.20327067
0.11440230
0.36867213
-0.12714313
0.27653146
-0.48895609
-0.32681394
-1.64497828
0.11358069
0.30645847
1.12333548
-1.36932540
0.46711016
-0.68856049
0.80895472
-0.12086487
0.22156551
-0.63819480
0.59835559
0.95995021
-0.05359332
-0.84059465
0.10846315
-1.57787013
1.06253159
-0.20656145
-0.52600539
-0.19959646
0.52381504
0.93497479
0.31263477
-1.76553428
0.52989513
-0.45421129
0.83859086
0.09761271
-0.51206684
0.02496416
-0.29214823
-0.63132107
0.03563213
0.64989710
-0.99030691
-0.09063274
-0.30110818
-2.07634830
2.32216501
-0.20634946
-0.23774296
0.24502969
-1.79555607
0.51868188
0.22735927
0.39947373
1.35169423
-0.32340956
-0.26361841
-0.12459840
0.38466477
1.79605746
0.08971779
-0.19897892
0.64386111
-0.21138096
-0.26849163
-0.37660566
-1.10623133
-0.39575318
-0.00803560
-0.83049101
-0.46837071
-0.45333552
1.13377810
0.39250585
-0.34410745
0.02234399
0.12470466
-0.79621106
0.48698202
-1.28514504
0.37490427
0.07504445
-0.56706798
-0.75580108
-0.16894190
0.03776230
-0.60547185
1.52335012
-0.84748411
0.10981429
0.26458004
-0.62484533
-0.39000255
0.27962965
0.40831447
-0.55440855
0.99568880
0.97172511
0.86103272
-0.93679547
-0.37662718
0.18330806
-0.72914916
0.32131961
0.60182393
0.73095649
-1.31054008
-0.33722413
0.05864742
1.74691045
-1.37648940
0.34012020
-0.14243829
0.92599201
0.26566663
-0.90392172
-0.08927871
1.21935081
-0.05273509
-0.09034222
1.08439946
0.31588799
1.58638930
0.15853821
0.22405386
0.27494439
0.61725789
-0.85271585
3.79485083
-0.41214287
0.87713355
0.61706257
1.06170213
0.25235444
-2.87262344
0.38766646
-2.25571871
-0.23713396
-0.20543748
1.17033958
-0.30274010
0.02782175
0.43063104
-0.34343153
-0.14433953
-0.71873373
-0.18517509
1.78819823
0.20508195
-1.06144977
1.47980940
1.54752338
-1.05228186
0.65571028
-2.71740913
0.40819255
0.33724517
-0.81466472
0.86685699
-0.04929851
0.54563618
-0.41723448
-2.60956693
0.78673130
-1.12578249
-0.52485168
-2.19696355
0.20322205
0.11449899
-0.69482470
-0.08854620
0.29306060
0.11820948
0.30513647
-0.55155993
-1.42564464
-0.56716639
-0.42801496
0.52658546
-0.87460190
0.83080465
