384
-0.00439332
0.04452738
0.33074513
-0.73699713
-0.21859111
-0.92260242
0.95033038
0.19503623
0.23544592
-1.58783627
-0.22998194
0.03481534
0.04211507
-0.73801887
-2.33636951
1.29880536
-0.98468184
0.35823780
0.76121926
-0.08437058
-1.29599738
0.56287867
0.69206274
-1.21620822
-3.23048282
-1.97332644
-0.21176690
1.85831833
1.08032417
-0.58431780
0.34264252
-0.01871723
-0.04157607
2.66325307
-0.15308458
-1.72867095
0.02479695
0.31234089
-4.25052452
0.60852140
-0.07200453
1.80441165
0.09914525
1.64260876
-0.97986835
1.96324670
-0.50871032
-0.60310113
1.25394452
-0.77725846
0.55576718
-0.28984541
2.68736243
0.47900301
-0.24379496
0.03414951
0.17567785
0.70863390
2.63699126
0.46119055
0.05305275
-0.11689706
0.15190744
0.43076605
-0.35567680
-1.05833566
0.20095447
-0.61149621
-0.05226460
-0.00635096
0.90020013
-0.55805123
-2.37733293
-1.24316287
-0.60248554
0.37556666
1.50043523
-0.81610775
-0.08313859
0.08309999
1.29612303
-0.32237619
0.52565497
0.22216031
-0.47702137
-0.03297985
0.77417564
0.47182876
0.09196221
0.06563380
-0.00764282
-0.09290838
0.26027784
-0.53868383
0.21741308
-0.31333661
0.44953120
0.26707995
-0.13006949
1.41659582
0.00680983
-0.49891460
2.05757332
-2.11484790
0.67234159
0.14737035
0.72878391
0.40154013
0.00408816
0.39609984
0.65472662
-1.17483974
0.04472724
0.08065990
0.00620575
-0.21044964
0.12388766
-0.12876099
2.39484715
0.19232377
-1.04178107
-1.47842622
0.33621761
-0.95332044
-0.54933667
0.19685107
-2.90754938
0.47810107
-0.21341836
0.46758008
0.26619089
-0.04817906
-0.17883971
0.97668290
-2.74150610
-0.32290107
1.11944032
0.07848424
-0.37398630
0.31551090
0.10403023
-0.39509660
3.77802753
-0.27476612
-1.40154982
0.43007982
-0.45234945
-0.44739258
0.59235579
-0.57788265
0.31792289
-0.00474128
-0.27542281
0.11533205
-0.05349347
-0.68232441
-0.71731675
0.12935612
-0.69323123
-0.54663688
-0.13200049
2.79862213
0.59930158
1.30021596
-0.72086561
-0.12017831
1.36222792
0.57729858
-0.44111186
-0.79287356
0.90037131
-0.59736073
0.27676451
-0.28648782
1.05881381
1.25689030
0.72455829
-1.54534662
-1.02539647
0.03481508
0.05880570
-0.03746099
-2.29441833
-0.20620613
-0.66458893
-0.98786867
-0.98169196
-0.32072738
0.80975515
-1.37759542
0.01857218
-0.64106220
-0.02407964
0.87289453
0.99807799
-1.82422554
0.91046470
-1.57229388
0.14474472
0.28616250
0.23386067
-0.18420860
-0.01448505
-0.81139809
0.12346297
-0.23687160
0.06241252
0.07968987
0.41900188
-0.34496307
0.43785322
0.02013426
-0.03470252
0.43231410
0.33009288
0.45749652
0.77060115
0.10134340
0.16665667
1.07960272
-0.61874676
3.34379721
0.22312318
0.25393724
-0.28803617
-0.46836388
-1.94080865
2.88785911
-0.57765657
-1.83764672
-1.05709422
0.40647262
2.23690510
0.12229924
0.00582886
-0.55612671
1.02998102
1.33849049
0.02410459
0.20044583
-1.09038258
-0.67463648
0.51413667
-0.33257246
-0.51952493
-0.78782439
0.26657033
0.14998512
-0.28709394
1.69516897
0.25965264
0.11997355
-1.05629051
-1.58222556
-0.17295033
-0.25691289
0.55715054
-0.35295677
-0.22657490
0.25829020
0.16616789
0.48043624
0.27905250
0.56051791
1.74186277
0.32037717
-0.39036271
0.65016079
-0.03032237
-0.57925951
-0.67858148
-0.04542753
0.51864815
-0.37657970
-0.22795832
-0.02110798
-0.18777674
0.27492607
0.61670792
0.27735606
-0.05271978
0.61734343
-0.22371270
-0.13158248
-0.10114758
-0.36811879
-0.11532527
0.00374971
-0.20676182
-0.59109849
0.94560444
0.14015886
0.70636308
-0.40145379
-0.06273463
-0.20970701
-1.41871035
1.05346406
-0.32222652
-1.52938175
1.47119427
0.41584158
0.42938721
-0.16195273
-0.70429456
-0.43106273
-0.04092832
2.32531309
0.26535228
-0.27405787
1.05658889
-0.11989059
0.58927661
1.40749598
-0.30541673
-1.48385954
0.78034127
0.38705835
-1.12393081
0.13513744
-1.23022175
0.03119225
0.05283966
0.96769744
0.19669752
0.46179253
1.06021726
-0.55018955
0.28076982
0.21970403
-0.84456825
3.03514266
-0.29377511
0.80061632
0.35647357
1.58931983
0.24713081
-3.30992460
-0.26569569
-0.89089239
0.25914663
-1.05820084
1.48058736
-0.27125797
0.59747136
0.26232576
-0.39210361
0.33811775
-0.34099382
-0.06725024
1.14330769
0.29347065
1.09024692
1.16516793
1.29158330
-1.16146350
-0.18849589
-2.61091924
0.25376433
0.05625146
-0.04303274
1.70037627
0.19200644
-0.31972009
0.17796946
-1.01069069
0.28406429
-0.02049828
-0.91908294
-5.62877226
0.01257336
-0.01687034
1.16895831
-0.08128154
0.70164973
-0.16570222
0.04984584
0.05400209
-0.62484145
0.20765640
0.62122595
0.05848961
-0.11391686
0.34284610
