384
1.55119753
-0.06012851
1.63649106
-1.31131756
-0.37237701
-0.73464876
0.22992951
-1.01745200
-0.23520690
-1.74775052
0.00848793
0.33340049
-0.14965504
-1.83369422
-3.60588694
1.00297260
-1.66815126
-0.02994148
1.72991109
-0.07443582
-0.45003083
0.00503986
-0.01780748
-0.21999037
0.96964091
0.27510583
-0.01338500
2.69697905
-0.93350965
-0.25877988
0.00211751
-0.08163576
0.31276542
1.40672565
0.13649926
-2.04098439
0.07126780
-0.27356076
-1.88920319
0.36579323
-0.22108188
0.23202845
0.14867267
2.13418365
-0.04116771
-0.37337726
-0.30247518
0.08340733
0.37700927
1.30543375
-0.57028973
-0.43792838
2.72032261
3.12055540
0.33651209
0.32228762
0.09237118
-0.29701269
1.03032970
0.99818248
0.44512093
0.28555575
-0.02520259
0.77520043
-0.15981096
-1.07386220
0.20410194
0.25418454
-0.35214201
0.18966073
1.32458448
-0.18613677
-0.90162987
-0.44711661
0.17202711
1.51409149
1.47120368
-0.17581776
-0.97705156
-0.16643205
1.74399066
0.24471331
0.07609637
0.06102260
-1.45896196
0.11893520
-0.58792579
0.42635339
0.19261119
0.36913437
0.33375981
0.24385887
-0.26889974
1.33626819
-0.11287692
-0.32090238
0.49315873
0.10272481
-0.84898818
-0.00047810
0.50184923
0.86247289
-0.39746523
-0.37009749
-3.06870914
0.39364305
-0.48126411
0.38486850
-0.52018559
-0.13965747
0.03752232
-1.29757595
-0.22848210
0.47752571
-0.08063257
0.45763806
0.48152137
-0.09440374
2.36439562
0.61252105
-1.13641739
-2.52005148
0.60350245
0.00499018
0.98978144
-0.17675278
0.29379004
0.35531431
-0.13505296
0.81245357
0.34485760
0.41618437
-0.07824901
-0.34114367
-2.48146367
0.83367586
2.45065451
0.35598302
-0.58121502
-0.82930118
0.59085178
0.73851025
-0.66738451
-0.29608917
1.10427320
0.60306609
0.74061024
1.32472312
0.43176946
-0.55349410
0.72639143
0.14524308
-0.01643223
0.25902259
0.07985280
-1.35150242
0.31848270
1.18896365
-0.53108311
-0.74906588
0.03062285
-1.81367290
1.31627262
-0.47030786
0.09771644
-0.00901096
1.32906806
1.59969902
2.39729118
-0.62701291
1.01634550
0.29300511
-0.94491112
-0.48414069
-0.26236606
0.62622041
-0.17560560
1.95150232
0.63940883
-0.03251265
-3.21049976
-0.07681929
-0.68121958
-0.14747706
0.24771762
-0.42926741
-0.48570037
-0.09736483
2.00547624
-1.43480122
0.16501346
0.07851680
-0.11296400
0.82249796
0.30021694
2.65754080
0.58331108
-1.44167864
0.10781740
-1.48290014
0.20820054
0.44166505
0.05094434
-1.34513283
-0.11132993
-0.19677861
0.12379994
-0.14137094
-2.63117218
0.40399712
1.04541147
-0.28959164
-0.50661081
0.15982395
-0.39181855
-0.64589471
0.08494136
-0.04488354
0.07324977
1.54039228
-0.36202753
-0.46712148
0.21831913
-0.19508290
0.03104205
-0.03992540
-0.38595170
2.87476206
1.06109858
-1.31711137
-0.58127761
0.23271275
1.68664563
0.44058758
-0.58557457
-0.91112924
-0.54656392
1.26645029
0.09837306
0.01450597
1.37987041
-0.18500862
0.09823880
-4.82174015
1.22869015
-0.00016633
0.25673741
-0.12506947
-1.32286143
1.95731640
0.90587652
0.27203014
0.16864973
-1.91372955
-0.34880927
-0.49692833
0.70232511
-0.18384857
-0.35677251
0.26281965
0.14531231
0.56153142
2.07388163
0.56742263
0.33933803
0.00442776
-0.61209071
0.24119119
-0.09429969
-0.69798541
0.69961715
0.13963795
0.56028515
-0.52881485
-0.27318257
-0.03909067
0.46118540
-0.09515791
0.94241905
0.23180577
-0.16287565
0.36117801
0.66106045
0.63139182
0.33080107
0.08174093
-0.67527181
0.10975938
0.03391126
-2.22907114
0.26426733
0.02010410
-0.03273004
-0.50898641
0.04336289
0.48279643
-2.10953522
0.09417441
0.00405928
-0.17142874
0.95059592
0.10288537
-0.10541500
0.11252159
0.62212658
-0.69678569
0.16508564
0.55268812
0.08014578
-0.52805328
0.81211996
-0.25408834
0.45524639
-0.69417775
0.35203332
1.05658972
-0.46339202
-0.54933411
2.14296007
0.19865407
2.52166915
-0.06720380
-0.07027061
0.06986010
0.25145653
-0.64228481
1.04720509
-0.22791128
-0.01042295
0.58552182
-0.66291189
3.69285607
0.09824660
-1.07337415
0.28659964
-0.40277517
0.06089235
-3.11291003
0.14399531
1.78864765
0.11947356
0.35174423
1.77001786
0.05383343
-0.08428502
0.94200504
-0.06764933
-0.02748427
0.02039470
-0.15266588
1.33026671
0.00794438
1.58256269
0.68284249
0.46682328
-0.52060306
-0.21487115
-2.05426598
0.60234177
0.11680875
-0.16110849
-1.05389452
0.21529558
0.97136176
-0.08407276
-1.73188770
-0.63123530
-0.23779187
-0.23481248
-6.28197718
0.06192995
0.12420364
-0.31781802
0.16644189
1.18326628
0.21676612
0.25773665
-0.01001566
0.45744225
-0.29555380
-0.85021126
-0.20382464
0.09361849
0.05772255
