384
-0.48228163
0.19063181
1.72086382
-1.88408375
-0.51590657
1.38369346
0.08395237
-2.58419418
-1.31243443
-1.24396038
-0.59088284
0.09214215
0.46076810
-1.12689328
-3.74875450
-0.82333267
0.30777198
0.29945639
0.44857681
-1.16277242
-0.10220325
0.58511883
-0.54723847
0.91898048
-0.40722322
0.99318862
0.14855793
2.26924753
1.61444092
-0.44646013
0.09338266
-0.09833591
-0.45302188
-0.34920865
0.44759831
-1.35426342
-0.15650253
-0.48960567
-0.78082550
-0.02560842
0.42699558
0.44405401
0.10351032
2.47335315
0.92501718
-1.00662518
-0.90622401
0.36854035
-1.29105866
2.31103563
-1.25168848
-0.16124448
2.54832888
2.15606403
0.14823127
0.84336156
0.30140591
0.18753999
1.66439712
0.93976581
-0.53015798
0.00668038
-0.77912122
1.75471294
0.10900649
-1.43034959
0.25040776
-0.11963712
-1.84786940
0.15513989
0.05976933
-0.07845549
-0.83472764
-0.35009688
-0.20211133
3.63895631
2.32990599
-0.53897524
-0.01767434
-0.34690455
1.60323071
0.35340196
-2.18901443
-0.76960993
-0.92837703
-0.49511802
-0.69117397
-0.12289998
0.34991759
-0.92301995
-0.33935824
0.78470492
-0.70770532
1.11724639
0.25006256
-1.30605507
0.57678342
0.56901258
0.58390152
-2.69253302
-0.41724056
0.80315584
1.60208678
0.68794405
-3.33396816
0.18689166
-1.16280401
-0.09271948
-0.99724185
-0.41881040
0.27555776
-1.71362424
-0.57547367
0.25865075
1.04470110
-0.13847402
-0.51655149
-0.94066799
1.03559339
0.30882469
-2.19603014
-2.44238162
1.69170690
-0.44008237
2.12573504
-0.43078065
-0.97929204
-0.65215516
-0.16652586
0.30776548
1.04803813
1.07403064
-0.51607561
-0.09460118
-1.96002603
0.45056230
2.16984129
0.01139368
-1.34115219
-0.94445503
0.73590159
0.66799396
-0.20003510
0.69077617
0.30610254
0.19527292
0.38235173
-0.67529458
2.47394538
-0.56578076
0.12355459
0.24523839
-0.96619415
-0.33228984
0.69971275
0.56757420
0.60398287
-1.10331047
-0.29002082
-0.47156042
-0.03994913
-3.09338641
1.46404195
-0.14090091
-1.48003209
-0.17277551
2.95908499
1.34086037
-0.08217041
-0.62192369
0.79008043
-0.12223683
-0.14979784
1.16661894
-0.79836982
-0.12058055
1.02539062
0.52425861
0.84483659
-0.50432032
-1.57702303
-1.30582690
-1.14184737
1.16633117
0.27706730
-0.16728103
-0.61382478
-0.81517041
2.14724994
-1.83365917
-1.34694147
0.26339030
0.34783155
-0.20291506
-0.32107413
0.60491383
0.60170919
-0.89301479
1.60757399
-1.43045676
-0.44202697
1.66076636
0.50687492
-1.76648271
0.33162776
-0.43549347
-0.26418865
0.38378310
-2.30963612
1.29183745
-0.06257031
0.27446800
-0.28674096
0.68431544
-2.29405427
-2.25285721
-0.96071911
-0.22398147
-1.07512212
0.34689909
-0.52037549
-4.04586935
1.90766728
0.25320986
-1.65008783
0.58535254
0.41382468
1.67781210
-0.91342300
-0.04065093
1.56464744
0.52639478
1.63162017
0.26692480
0.38293338
1.93385541
-0.39403436
0.87629366
-0.94749725
-0.41795284
1.06549692
-0.35222548
0.91014636
-1.56392682
1.48641443
-0.34124738
-0.31731287
-0.72055173
-1.20603168
4.06701708
0.69790602
1.10159254
-1.30765247
-2.27649689
-0.30625510
0.40702602
1.88036394
-0.90025830
0.21300803
-0.69469368
0.56550300
0.02849618
1.34983480
0.22261247
-1.19243312
0.36641324
-1.75529790
1.41312325
-0.42823899
-1.25558162
0.34065336
0.40640026
1.86458349
-1.06332183
-0.23685323
0.85442871
-0.19889933
-1.59951282
1.02548814
0.06441791
-2.23754048
1.34490883
-0.34488153
0.16064763
0.59610099
-0.51749611
-0.86633652
0.09408657
-0.14012733
-2.28936243
-0.29006696
-0.40804729
-0.73464334
0.64173251
1.27841425
-1.01677406
-0.76897639
-0.90008748
-0.89095402
-1.68587089
1.83964348
0.65245020
0.02643205
0.29060069
-0.08563180
0.56743473
-0.30647492
0.84112561
1.76551545
0.60777515
1.52286208
1.02045858
5.05728436
-0.58983332
1.64404845
-0.65983933
-0.74790549
-0.94095385
2.71679878
-0.17509100
1.34312654
0.60612375
0.57857311
0.09339714
0.63102633
1.03022718
0.86774510
-1.22097731
0.42111206
0.36765066
-1.11461031
3.83611798
-0.05319086
0.51572311
0.29961056
0.52024531
0.76151061
-1.84016955
0.54905707
0.45113450
-0.25345472
0.70646125
-0.20315671
-0.33108559
0.02602649
0.65936732
-1.14934528
-0.31393605
0.41393533
0.37082392
1.29599130
-0.38319430
0.62275982
1.41863799
0.73123950
-0.92259443
-0.13640520
-0.87410849
-0.14548123
0.40982568
0.09622491
-2.23804855
0.39820516
1.93620658
-0.88000989
-1.39231670
0.04356630
-0.78633475
-0.04595513
-4.06528521
-0.41092473
0.20179486
-0.99976033
-0.28280306
1.54231060
1.22796345
1.21324456
0.54962164
-0.48981547
-0.11172628
-2.64066124
0.54659075
-0.57825136
0.95328909
