384
-1.23741531
-0.01037193
0.89159489
-1.03322303
0.39508265
-1.21732926
0.85778582
-0.55911541
0.46385726
-1.27129483
-0.50216734
-0.16426015
0.29131767
-0.59910989
-2.39526320
1.03335357
-1.26856136
0.67290777
-0.30468309
-0.04840827
-0.73702973
0.99172437
0.79463315
-0.80287671
-3.00974798
-1.63163280
-0.87063849
1.79586244
1.68078911
-0.12525392
-0.81306171
0.00084331
0.42147034
2.69815159
0.07871757
-1.57761228
-0.26775938
0.19181600
-4.87880039
0.23229235
0.07408733
1.96068287
0.15506667
1.38110292
0.78670025
1.42838478
0.08490497
0.02710903
1.57978678
-0.41558826
0.44904184
-0.32144272
2.10527039
-0.00134826
0.03316785
-1.02364159
0.69045526
0.62411660
2.82054996
0.44926095
0.66054219
-0.60526395
-0.36299181
0.53414923
0.04114763
-1.77202392
-0.10890904
-0.79758132
0.37959987
0.05644880
0.67823815
-0.73507321
-2.14029860
-0.83274722
-0.12805390
2.40340805
2.03623796
-0.54397285
0.96404630
0.14589737
1.72806311
-0.02583134
-0.95125920
0.58894753
-0.66236973
-0.59083718
0.82720149
0.24663386
-0.27118018
0.23800257
-0.06029785
-0.43348432
-0.21980363
-0.77506775
-0.11061718
-0.50540841
0.50074422
0.74451411
0.37294909
0.67748713
0.23686817
-0.16333689
2.75965953
-2.67729068
-0.86165845
0.19747329
0.51739538
0.54634851
-0.01104654
-0.15932161
0.73102695
-0.35558280
-0.16026972
0.38648897
-0.66700810
0.21822913
0.31165457
0.25715530
2.29646826
-0.16376504
-1.49106181
-1.13212466
0.52848566
-0.39887369
0.06401616
0.80447060
-2.93335056
0.24789613
0.06523661
0.18778971
0.60065007
0.10353874
-0.40395805
1.28548908
-2.15718508
-0.48210642
1.31879091
-0.04183508
-0.51982903
0.31535208
0.37327865
-0.67063588
3.47970486
-0.56662560
-1.44579005
0.78603649
-0.03383282
-0.16425805
1.00156260
-0.22256076
0.28305587
-0.36170116
0.19163945
-0.13192108
-0.35450241
0.04999375
-0.42397964
-0.34183869
-0.24182737
-0.72745627
-0.24167989
0.46294570
0.05638514
0.49284065
-0.51479477
-0.32821277
0.54278564
0.67001349
-0.87488681
-0.58647442
1.23094225
-0.38060588
0.73220474
-0.32660210
0.55040836
0.80390501
0.90107828
-1.62096703
-0.74524462
0.21595740
0.32344127
0.00154896
-1.85583663
-0.22368327
-0.67984569
-1.56870353
-0.29884669
-0.51309180
1.00202894
-1.45195949
-0.22844341
-0.04948330
0.33481330
1.02118480
0.91276306
-1.23174381
0.80109501
-1.16899347
-0.07644741
-0.06726235
0.18593559
-0.40480199
-0.16739734
-1.15922248
0.29117343
-0.26006633
-0.46243268
0.06816939
0.48198140
-0.29125482
0.42602658
0.10399088
0.34829080
0.15103334
-0.35227096
0.07602435
0.52818972
0.15054312
-0.21914855
0.90000486
-1.01758695
1.46745837
0.33209062
-0.04353961
0.44539636
-1.33672190
-1.47265923
2.84384274
-0.78502500
-2.47994661
0.61276603
-0.35347259
2.86884642
0.17541289
0.49849239
-1.13390803
2.10910749
0.90224522
-0.34539863
-0.01303142
-0.50548589
-1.22642231
1.14690971
-1.04185641
0.80183256
-0.68891960
0.54125243
0.34961575
-0.69399327
1.96967936
1.35163140
0.54827261
-2.05144358
-2.30779386
-0.40130377
-0.19744904
1.47112668
-1.36054063
-0.10147020
0.74158716
0.62719935
1.11900604
0.00596011
0.49869964
1.64505124
0.48092973
-0.47844335
0.80860162
0.09697836
-0.54201221
-0.85267103
-0.10660218
0.31981319
-0.28870952
0.09175773
-0.70979989
0.27801779
0.10722421
0.70619869
0.46728018
0.10997158
0.44913334
-0.43941262
-0.50297236
-0.56922883
-0.20093048
0.52198005
0.22256716
-0.05644302
-1.25828052
0.55805314
0.36441052
1.03360367
-0.44032550
0.42811733
-0.45584828
-1.43218899
0.25862706
-0.64506596
-2.40555143
0.85709631
0.61852282
1.33988953
0.13692302
-0.50422812
-0.22463328
-0.12199521
2.13613534
1.20433331
-0.54291582
1.98505056
-0.27808934
0.37578624
2.38909435
-0.03381105
-2.23636484
0.44804344
-0.04969659
-0.40741616
-0.20427062
-1.90107155
0.18502633
0.13040343
0.51214224
-0.05497111
0.56320572
1.00405216
-1.21602690
-0.48237348
0.42300501
-0.78511220
3.14709616
-0.71541625
1.99390781
0.16204321
1.76213276
-0.21082671
-2.84946752
0.15993395
-0.91353893
0.86047721
-0.30084208
1.13247907
-0.25353467
0.58156210
0.63392115
-0.42876047
-0.52435917
0.10246301
0.24267444
1.28138006
0.34900516
1.74427450
1.22928953
1.45494151
-2.08177519
0.17276044
-1.49162507
0.50732625
0.02115811
-0.28162920
-0.17488481
0.10239238
0.09182191
1.10000050
-1.02174973
0.02334189
0.38134706
-0.85527861
-4.78098392
0.07718197
-0.19767219
1.00697589
0.23617437
0.55626690
-0.48544505
-0.22216083
0.23481059
-0.21138763
0.77937806
-1.09333444
-0.74249595
-0.16769409
1.15939617
