384
-1.50700808
0.17019281
1.53489327
-2.58432889
-0.70374799
0.75864428
0.83213949
-3.29682636
-1.18554103
-1.49768972
-0.43436283
-0.46364191
-0.27468744
-1.17945945
-2.87390137
0.27034473
0.19031173
0.83965498
0.61024010
0.16706665
0.08138323
0.80328417
-0.07823783
0.82249069
0.07696795
0.98045266
-0.07313851
1.81711352
1.18550408
-0.02103227
-2.24398613
0.24434590
-0.50825405
0.78847384
0.32275701
-2.20356894
-0.13636614
0.15196048
-2.18181014
-0.48922491
0.85287309
-0.10492119
-0.09567279
2.61429024
1.51318371
-0.52005076
-0.06842172
-0.12407643
-0.69866383
1.94008648
-0.11396918
-0.07443395
1.53931940
2.53568816
0.18795252
-0.32041305
1.06426966
0.40643322
0.84765649
0.97388017
0.81612718
-0.68018341
-1.22480011
0.63760442
0.09037897
-1.22516274
-0.07668063
-0.42220002
-0.87783015
0.76512527
0.97877800
-0.56202698
-1.23602509
-0.17684960
1.04806304
2.87928963
3.63375902
-0.02777639
0.03214094
0.24695829
1.53691769
0.29057455
-1.97700632
-0.44993308
-0.39708251
0.41071796
-0.30622905
-0.01342309
0.54461199
-0.55682862
0.14025420
0.00061937
-0.52958119
0.62434429
-0.18059433
-0.53897065
1.09461498
0.75230825
0.30768853
-1.78144598
0.30324125
-0.26174831
2.51313925
1.76255250
-3.80540562
-0.53078365
-1.79443192
1.06927466
-0.57178277
0.95388687
0.25527138
-1.49101400
-0.54266292
0.15060246
-0.63817906
-0.75326699
0.05222042
0.37118724
1.90851343
-0.12808090
-1.81241369
-2.59271884
1.71336830
-0.04211184
1.03788745
0.49222216
-1.06782293
-0.28977549
0.59988457
0.08148414
1.13862586
-0.06712209
-0.98216152
0.50243318
-1.63769352
-0.19444466
2.33707833
0.50092512
-0.40590483
-1.25810516
0.44394016
-0.59360230
-0.80884945
-0.06263181
0.20334844
0.65988433
-0.30019385
0.56265843
1.39928353
-0.08204183
0.48123047
-0.37890667
0.20777389
-0.58609098
-0.04002482
0.26377681
-0.10424846
-1.35573792
-0.46168858
-0.62835181
-0.46113148
-2.68504310
0.96803641
-0.10124560
-0.43829745
-0.19947256
0.84687060
1.62257242
0.71292925
-0.19915581
1.66519690
0.32459524
0.52993405
0.78775138
-0.03491139
0.15958381
0.09013531
0.11476985
0.90992999
0.04166981
-0.55416214
1.14936984
-0.86257637
-0.04152855
1.41282105
-0.49171036
-0.34186617
-0.86805904
1.83839488
-1.85957932
-0.37980527
1.65436828
-0.19158530
0.82994878
-0.03372872
-0.10401323
0.49941820
-1.09855437
0.22388816
-0.63800293
-0.20830716
0.75147837
-0.13873276
-2.31715012
0.28552562
-0.25461400
-1.08539343
0.23252475
-2.06723785
-0.96182626
0.18904097
0.03826828
-0.49316972
-0.63293523
-2.28069425
-1.45351684
-1.43802381
0.57543886
-0.57728267
-0.17944777
-0.68315053
-3.76153660
1.01585495
0.01067195
0.02647903
-1.27495027
0.55772310
1.39200747
0.07862505
-0.96773160
0.84559590
-0.24987423
1.70983660
0.18115506
0.22738785
-0.39936107
-1.42778778
0.10285988
-0.78441387
-1.17534924
0.69380933
-0.49552685
0.01723075
-0.52337468
1.45655727
1.15918446
0.22688627
-0.40089485
-1.91949975
4.22101784
0.72063684
1.55666339
-1.22361112
-2.74406481
-0.50673848
-0.47611344
1.93980253
-1.17361832
-0.26029834
0.17485797
0.95824236
1.82626855
1.94788313
0.47725824
-0.88862360
-0.75940645
-1.21017563
-0.28126583
0.21003513
-1.37603045
0.71584141
0.29003209
-0.01590931
-1.21657562
0.46173385
0.30220935
0.96774733
0.07085443
0.98621953
0.32733369
-1.15051186
0.83868468
0.25157729
-0.92721605
0.36588255
0.25745934
-0.40527576
0.66742373
0.27929503
-1.86737442
-0.66034305
0.70001131
-0.18916997
0.29809240
1.94994986
0.19866677
-1.30864155
0.39777648
0.27157694
-1.82329512
0.93293929
0.37146905
1.08239508
1.03781414
0.36282742
0.28367719
0.43717557
1.21758902
1.09199953
0.96632743
2.37258482
0.36237401
2.13511634
1.07618523
-0.41408920
-0.16572934
0.66361356
-0.53780174
2.99436522
-0.33656079
0.72441161
-0.22181627
0.38420904
-0.50563794
-0.01978945
0.76884627
0.78225732
-1.14945328
-0.89655650
0.21875855
-0.99064678
3.63530850
-0.94871306
0.26013666
0.75807232
0.44422710
-0.76108134
-2.09073830
0.28570271
0.02967235
0.84415144
-0.31076863
0.32870030
0.02259458
-0.04260840
0.86600608
0.27461907
-0.97281629
-0.05822989
0.23713061
0.78773439
0.72773701
0.50726187
1.28288710
-0.05534345
-2.14528632
0.65159583
-0.97640944
-0.61833346
0.42311957
-1.45627129
-2.77777600
0.11486498
0.53103036
1.36587656
-0.76389664
-0.16431856
-0.78181732
0.49921638
-2.96003151
0.59393197
0.47095197
0.10398225
0.66540849
0.95022726
-0.64739352
0.38377979
-0.30408067
0.23194918
0.06963867
-1.66289806
-0.67868829
-1.09419465
0.82795340
