384
-0.99614626
-0.83401036
1.28030527
-1.06728351
-0.68611550
-0.08153135
0.74177349
-2.59573460
0.04779977
-0.92657930
0.40537840
1.06020665
0.84658283
-1.03564835
-2.49719882
-0.63163960
-0.09301248
0.85579193
1.41409576
1.35567057
-0.68099457
-1.01705575
-1.29567122
-1.45332646
1.30483174
1.68059456
1.43189299
2.37065649
1.00554287
-1.13775718
1.23860836
-0.27151340
-0.05418435
1.10494399
0.76013708
-3.03057551
0.10304342
-0.29084435
-1.54685688
-0.34082311
-0.39799300
-0.61141944
0.27988157
3.60484481
1.63608491
-0.52701402
-0.33345807
-0.33530274
-1.53742695
1.99048352
-0.55829686
0.01730075
3.27401972
2.32650328
0.61575592
1.07925785
-0.26418149
-0.45923656
-0.61716521
1.33028769
0.13237065
-1.60199404
0.17541021
2.20125008
-0.61245036
-2.32901335
-0.11519517
1.64592743
-1.21115148
-0.05390155
0.48926404
-0.66455954
-2.60635376
0.17662179
1.67642570
1.60197854
3.47066450
-0.62823856
-0.57087147
-0.33150318
2.28846502
0.19759715
-0.44065496
-0.53979963
-1.64366162
0.01127382
-0.54920089
1.68569279
-0.40452000
0.67184508
0.17596608
0.27184147
0.99679708
-1.51879919
0.52786785
-0.43474296
1.00867641
1.25270414
0.89221120
-0.17181623
0.78809285
-0.11557603
1.90954375
1.66511369
-3.21986222
0.40561563
-0.91077852
1.21634328
-0.16289297
0.20098221
1.36106145
-1.01231647
-0.88298392
0.22330248
-0.98879713
0.11151786
-0.13383743
0.38452852
1.71710908
-0.08854228
-1.24913704
-3.40295768
0.04294913
0.19866344
1.50154030
0.33184141
-1.63633811
-1.22740340
-0.66335338
0.09888721
1.06334901
1.23863006
-0.43476847
-0.88687909
-0.63516778
0.78063142
1.55352330
0.69058830
0.55170220
0.07018729
0.53242695
-0.06408590
-1.25115263
0.96411133
0.58244169
1.74698019
0.66921270
0.54419506
-0.48231384
-0.63750613
0.57426381
2.02215981
-1.06137145
0.36318192
-0.01722524
-0.49938384
0.75270337
-0.00065769
-0.72239423
-0.54205739
-0.28769547
-2.13639855
0.80649233
-0.40397599
0.28388429
0.00397986
1.30658388
1.74661517
0.97134030
-2.68029952
0.33341458
-1.83929420
-0.08541381
-1.14134324
0.47799838
1.61463392
-1.11261582
1.35831594
1.13597381
-0.39605403
-0.69145525
0.47082561
-0.46605182
0.83039445
0.88174188
1.13219309
0.48762155
0.03869693
2.48156738
-0.80161387
1.85217822
-0.91812503
-0.50806129
0.39659983
-0.31607774
1.46900487
0.80738020
-0.40643072
0.76027483
-1.77607059
-0.43288326
0.90798134
0.34208798
-2.04253006
-0.22883573
0.06857720
-1.31063640
0.42943993
-3.12941170
-0.19777106
0.12393937
-0.22973582
0.20140663
-0.13988560
-1.61509442
-0.63528991
0.20870849
0.73071480
0.19551271
1.70480394
0.81184936
-3.47551394
-1.10598695
-0.26669499
-0.18946300
0.33457226
0.22105104
-0.15368333
0.56823432
-1.76829374
0.01193345
-0.93352401
1.98246479
0.87928200
-1.43603492
0.98620230
-1.56712699
0.46912247
-1.65367007
-0.13085791
1.26657188
-0.47388932
-0.60446930
-1.60551500
1.31189680
0.25837424
0.64356351
-0.33893791
-0.15920062
2.90642214
-0.10085112
-0.41840497
-0.71799803
-2.27993703
-0.30152631
-0.31604344
1.45852542
-1.33334601
-0.27335030
-1.28732800
0.05513149
-1.02943897
0.53119016
0.82699025
-1.41280675
-0.34696791
-1.06763887
-0.72335333
-0.72363192
-2.03328681
0.60933143
1.24608231
-0.08053666
-0.95710057
-0.30033126
-0.62253445
0.80628109
0.42476517
0.45317915
0.49237007
-1.52612472
0.01918197
1.06115866
1.69499588
-0.22322705
0.31306970
-1.48623526
-0.17866611
0.24153221
-1.57052147
-0.20874310
1.25687456
-0.16465262
-0.83893633
0.70919794
0.03798263
-0.56116551
0.19704926
0.11299826
-0.51024240
1.49590504
0.84420949
-0.63064665
1.23832011
0.75962090
-0.06554189
-0.82258147
0.31554198
1.31546080
1.05818987
0.85851961
-0.15992501
-3.38995314
0.54409671
0.02271749
0.57412255
-0.48270640
-0.67623055
2.65239549
0.19709928
3.03603220
-0.37304401
0.19317609
-0.81838173
0.20841400
-0.18427068
0.29831749
-0.72922385
-0.09980118
0.95698363
-0.22240956
3.63005662
-0.05116892
-0.56954408
-0.50788844
-0.01500374
-0.34132460
-2.44843221
0.26126790
0.79844260
-0.18071683
-0.37038368
0.93583512
-0.22692804
-0.98856443
1.05464315
-1.69233119
1.03097248
1.03199959
0.14817570
0.85018176
-1.14906490
1.27757621
1.59626579
0.13267356
-1.34673071
-2.34237957
-0.81997758
-0.92364168
0.20479462
1.03272319
-2.36211443
0.16584711
0.92529374
0.80714339
-0.02976805
-0.76031601
0.05087052
0.43510571
-0.30552986
-0.08196329
-0.67767406
-0.36842442
-0.61072075
1.11643624
-0.47485173
-0.34332913
-0.35851347
0.38716584
-0.92542005
-0.65568691
-0.00177373
0.20180285
-0.24665333
