384
0.69122869
-0.05404037
-0.02441889
-1.53222013
-1.56636333
-1.31422102
0.96361023
-1.28812265
0.03314766
-3.71645403
0.71342182
-0.28409761
0.81798351
-1.09202063
-1.88203061
1.39571536
1.67166221
0.70669603
1.63943315
-0.76363611
-2.52495217
0.29777896
0.51696360
-0.32786202
-0.42537466
-0.23129901
-0.01770326
3.13389635
-0.45067993
-0.85666585
-0.36753818
-0.19187254
0.09537678
1.16448748
0.39021650
-2.04598069
-0.00468919
-0.37686160
-1.21722293
0.86321467
-0.25136837
0.84796858
-0.07872094
3.35648108
-2.44077086
-0.01384133
0.00684035
0.64737904
1.39952004
2.84424019
0.38237596
-0.24117686
2.17237592
-0.41209030
-0.78161740
0.35050434
-0.12777680
1.01395571
0.20619935
0.40127873
-1.92573190
1.07840514
1.04391301
-0.14031991
0.26283991
-1.37842095
-0.22232950
0.48515162
0.34682250
-0.82254916
0.05534425
0.52676779
-1.93949139
-1.28283703
-2.04885697
-3.10115767
0.92022544
-0.39754373
0.40210432
0.35973480
1.77583420
1.09109366
2.95444942
0.26500598
-0.59214228
-0.44073957
-0.81948715
2.06611466
0.54787022
-1.59755707
0.13225518
0.05389032
0.79203939
-0.76857376
-0.19332770
1.03846622
1.01691270
-0.18463820
-1.42936420
-0.15938044
0.66911876
0.06837968
-0.44965518
-0.68287194
-0.52846897
1.17984390
1.51188469
-0.32877907
-0.06167024
0.07306032
0.23472738
-1.45656431
0.40458825
-0.03456739
0.75317770
0.04081258
0.13672253
0.55627072
1.70513713
1.06847429
-1.68908525
-3.83231711
-0.08028299
1.75100720
-0.45485920
-0.81797171
0.20819151
0.61518967
-0.98370093
1.95044160
-0.32296276
-0.20138788
-1.42391872
-0.94363219
-1.50062788
0.55721855
0.49093193
0.34450415
0.02369967
-0.29075009
-0.37576616
-0.17996767
2.34591460
-0.43386883
1.00772595
1.40270841
-0.61431932
0.30056727
-0.49545625
0.20265698
0.77891737
0.22788478
0.15242392
-0.48146996
1.47505546
-1.41848528
-0.78532374
0.88873750
-0.47659075
-0.08396056
0.02901602
1.07854247
1.92215669
-0.66431421
1.11617184
-0.65884316
1.28319478
0.01283997
1.13088417
-0.85219264
0.03506476
-1.01692748
2.27317572
0.57861352
1.37523735
0.11516904
2.48083925
0.92675960
-0.29379332
-0.75172693
-2.02605653
-0.63941950
-2.38534784
-0.24377269
0.21708022
0.45368707
-0.42630875
1.32604957
0.44153440
-1.65287185
-0.27424505
-1.20551085
0.17359114
-0.36442882
-0.45476857
1.11494553
-0.23942411
-1.75086570
-0.49309090
0.36175087
-0.73546523
0.02244219
0.29542279
0.38925630
-0.50207472
0.38055801
0.47424626
-0.07152584
0.59469229
0.32445633
-0.83445752
0.08010031
0.79359996
0.04870403
-0.30887806
0.31836605
0.99051374
0.28534618
0.96669757
1.26915753
1.50084662
1.67821455
-0.54273105
-0.73746926
-0.74291646
0.43275872
-2.42239904
0.08480594
1.43874073
0.86914659
0.18759644
0.09601651
1.70185733
0.24448010
-2.11220288
-0.79875046
-0.11722305
0.77366418
-0.06885509
0.09850933
0.21353129
-0.73311573
-0.09908441
-2.44504762
1.61672628
-0.94756979
0.94063663
0.32664376
-0.34459731
0.53983301
0.48191598
-0.58990496
0.16453016
-1.95983529
-0.33158684
-0.00670135
0.22475928
0.74033988
-0.24347076
-0.15476757
-1.48283076
-0.10822636
1.38029373
0.04183669
0.65303028
1.29691339
0.35677531
-0.11480899
0.04179017
-1.96122217
-1.14159226
0.04309285
-1.10651696
-1.18819737
-0.90548730
0.42658761
1.07428479
0.03148347
0.55672121
-0.40443313
-0.88288188
-0.56334400
-0.53316009
1.14312935
-0.76324117
-1.27646279
-0.90799809
-0.29309738
0.53076047
-0.05578125
2.04679012
-0.97443283
0.60026497
-0.36059475
0.21142986
-0.30208531
0.87232721
0.44606903
-0.38163453
1.28728878
2.37450624
0.09511036
-0.59911752
-0.04841170
-0.28963023
-0.42246979
-0.51800841
1.20389867
1.09490764
-1.46054852
-1.44380891
0.16335113
-2.58484411
-0.96976656
0.89238024
-0.16900019
0.66399717
0.87525451
-1.43586910
-0.28369972
0.34919593
0.84109694
0.83534288
0.58541256
0.64139253
-0.64500046
0.50832641
0.26730341
0.70132804
0.60299492
-1.01891649
3.71371794
-0.77163142
1.74312520
0.01279455
0.33986002
0.86799556
-3.21701002
-0.40113863
-1.39776027
-1.29055977
-0.96826875
1.08847654
-0.20256118
-0.29979825
-0.32882333
-0.00047362
-0.75765717
-0.28128484
-0.12015846
1.53725815
-0.24506119
0.01056819
1.12126315
2.15500546
-1.53133285
-0.81637740
-2.37127852
0.66554642
-0.48695138
-0.13365132
0.61412185
-0.81104875
0.15943849
-0.10166691
-1.54726863
1.12355983
0.08600762
-0.86746538
-0.22878003
0.04905216
0.22756302
-0.41880816
0.68334347
0.17084238
-0.51297545
1.16567945
0.28823799
-0.82887536
-0.62218022
-0.01002198
-0.47723317
-0.83472902
-1.10250187
