384
-0.98147881
0.36567384
0.15483481
-2.10145092
-0.52415144
-0.97641861
0.41455469
-1.50862491
-0.37667757
-1.51243579
0.39278257
-0.19672656
0.21253337
-0.20264578
1.05588698
0.52757227
1.14160371
0.12654746
1.77085829
-0.50266314
-1.77298546
0.11005223
1.04199147
-2.40677738
-1.86860442
-0.75209987
-0.53472567
2.92450738
-1.26082313
-0.14993049
1.18416166
-0.03798040
-0.00341533
1.86565685
0.14088650
-3.01594162
-0.10095057
-0.25092471
-3.35739422
0.16777065
-0.32902482
0.20557560
-0.37506595
1.21588647
0.51200199
0.76154000
-1.70841849
1.60609031
0.99760884
0.49419999
1.50137055
-0.50969297
1.31993151
-1.84669328
-0.31668985
1.01197839
-0.70904213
0.62451971
-0.21173775
0.53071833
-1.54693151
-0.33633512
-0.08113664
0.21924300
-0.23439172
-1.09512651
0.47552001
-0.51175487
0.34979051
-0.46440944
0.76473826
-0.55298692
-1.51495469
-0.48510250
-0.41908917
0.77287549
0.86502481
-0.19544911
0.92113924
-0.68598527
1.00603878
0.78021652
0.16519254
-0.07666494
-0.61773854
0.22607033
-0.93199158
-0.03478684
-0.03758856
0.11999185
0.27736333
0.33743644
0.06703173
-0.49225345
-0.12220138
-0.05171400
0.27348492
-0.38899070
0.66902703
0.44282794
-0.49644908
-0.23653264
2.30111814
-2.07398272
-1.87282860
0.21692091
-0.27397335
0.62151635
-0.02917171
1.12395883
-0.50018203
-0.54133081
0.32495084
-0.29714078
0.41787189
0.18924984
0.00557502
-0.15741932
1.17075872
1.56821716
-1.46558380
-3.59102440
0.94036019
2.73814964
0.21878415
-0.39992732
-2.04652786
0.70457971
0.46302238
1.54433823
-0.18391432
0.66051102
-0.01887067
1.48240328
-1.18357372
0.53564930
0.81781071
-0.18745352
-0.11981389
-1.39229429
0.48652756
-0.40400183
0.76428354
-0.20411658
0.05065110
-0.60124242
-0.34651300
-0.26574820
0.68875968
-1.28960347
0.88587940
-0.34531808
0.08426071
0.32819128
0.27106914
-0.74221760
0.33003592
0.77240992
-1.30890512
0.32053867
0.08115165
-1.17828703
3.00399637
1.05782866
0.20913196
0.58568335
2.64400244
-0.98976094
-0.67050374
-0.07056081
0.64932704
-1.46024752
0.96590686
-0.11186038
0.79381078
-0.16495490
1.41821504
0.99589378
-1.55454612
-0.18835409
-0.91672397
-0.44352782
-1.81777406
-0.28283575
-0.82801056
0.34513339
0.10734308
0.12478048
0.15871525
-1.49357760
-0.08668634
-1.02076375
-0.71218514
0.12765872
-0.48624554
0.63909709
2.07500911
-1.09300005
0.34544307
-0.62061143
-1.02199686
0.25688416
0.15644467
0.08484721
0.18723950
0.69782925
-0.09688792
-0.72342741
-1.18993092
-0.28147751
-1.13572586
0.48747176
-0.35886785
-0.56924677
-0.29285687
-0.33293223
-0.39018032
-0.05971138
0.53415179
1.08341920
0.68652850
1.04575181
-0.15751472
0.27215600
-2.01478601
0.38308179
-1.46939397
0.07644591
-0.20400131
-1.58889771
0.25532526
-0.25137687
2.05500054
0.39125574
-0.30470005
0.59494388
1.23249650
0.14922179
0.01306003
-0.02497883
0.69000757
-0.46855396
0.47589758
-0.85649168
-0.82710272
-0.81323123
0.32314005
-0.42299256
-1.63702726
2.11357474
0.77140707
-1.16343236
-1.59624839
-2.38236046
0.86014616
0.51308548
1.11117756
1.34069538
0.60207367
-0.19505075
-0.47059786
0.12095380
1.06835127
0.12836456
0.85556966
0.83390617
0.02307135
0.40279910
-0.65206003
-1.05199492
-0.53945875
0.21368083
-0.67376977
-0.44219655
-0.90400922
0.51947773
-0.13799888
-0.34427434
0.55232906
-0.39772820
-0.36620015
0.86514127
-1.16226530
0.93464637
-0.18169107
0.09770187
0.18023421
-0.51773149
-0.56319600
-1.87513590
1.28531027
-0.35881186
-0.00830927
-0.67819154
-1.40347505
-0.52365071
0.40081048
1.07099223
-0.23208185
-0.10428607
1.27466333
0.63790810
0.12072399
-0.50267351
-0.29816633
0.02909556
0.99262398
1.00785649
1.62068224
-0.85262465
-0.06933209
0.16564739
-0.67219317
-0.15609170
-0.04608193
0.46388477
0.97329307
0.27585283
-1.31718504
-0.00717385
0.35901135
0.11772987
0.13826029
0.02178881
0.48046774
1.20660627
-0.11715647
-0.24382794
0.63143432
0.89320821
-0.51946962
3.02394342
0.20699841
0.44637850
0.76346833
2.26884317
-0.29813045
-2.96244335
-0.10214323
-1.94018126
-1.12023437
0.15999570
3.00817871
-0.30599242
0.50338125
0.67378217
-0.79231477
-0.12008682
-1.02636445
-0.24947459
2.33859539
-0.08926690
-0.15381417
1.86759365
0.70385945
-1.74598658
0.58921540
-2.25673199
1.11031890
-0.30905932
0.14961863
-0.22252497
0.35881564
0.70318723
-1.16115248
-0.71575075
0.80480546
-1.13939321
-0.22305237
-0.68833232
-0.38974571
-0.02657253
0.86969513
-0.46181679
0.29700869
0.47051507
-0.15318745
0.52007097
-1.94556177
0.06981321
0.38054657
0.67123926
-0.21034227
1.42419434
