384
1.55992842
-0.13931656
1.34188116
-0.80324256
-0.65650213
-0.97991717
0.79498881
0.53282565
-0.23425794
-1.31238031
-0.09876114
0.29641628
-0.27361447
-2.29071236
-3.75201797
1.20772505
-1.41355097
-0.18068862
1.51523125
-0.25007874
-0.50552595
0.00371587
-0.03425950
0.40085974
0.82291389
1.20628214
-0.39187342
3.30996895
0.26280910
-0.13938785
-0.13775736
0.03024299
0.54164171
-0.75565696
0.11982034
-1.62749231
-0.22547050
-0.28470689
0.24081683
0.52578413
-0.40128541
-0.12710947
0.01726319
2.15365887
-0.26303115
-0.66141748
-1.33835185
1.02574039
1.83525753
1.00490189
-0.55913591
-0.58251822
3.32959437
1.93399882
0.17681044
0.15273954
-0.07048367
0.23353979
1.31771052
0.88211954
0.10997126
0.20696290
-0.25957641
0.53248209
-0.12051786
-0.80153179
0.16616495
0.23070814
-0.38755792
-0.02076381
1.26199377
-0.07064719
-1.06865573
-0.85026050
-2.02579975
-0.02775830
-0.17635977
-0.57948589
-1.57862306
-0.16668227
0.83830738
-0.14985862
0.34672323
0.16721538
-1.55935156
0.15104316
-0.51339805
0.97714698
0.27762395
0.22484474
0.23937537
0.02740237
-0.27755383
1.48488224
-0.01001111
0.13962021
0.34914240
0.14534852
-1.16690505
-0.15539560
0.56727898
0.88348722
-0.44866300
-1.56351662
-1.02100468
0.26463747
0.13284239
0.23151383
-0.50254309
-0.93711209
-0.21345732
-1.21048546
-0.30037212
0.40965620
0.11887024
0.24965194
0.68327665
-0.11537558
2.48181629
1.04520202
-1.06588888
-2.76516819
0.29193723
0.25744110
0.30800936
-0.25260514
0.38961452
0.59743488
-0.18953288
1.15613711
-0.36244127
0.37551203
0.07081611
-0.41189569
-2.66382265
0.78694260
1.88533640
0.33220598
-0.41233692
-0.87045634
-0.09365523
1.08885622
0.80472964
0.02738404
1.27697337
0.44595659
0.41921440
1.22312677
0.50384408
-0.56489593
0.33233741
0.20312902
-0.07435119
-0.14705938
0.11489740
-1.77792561
0.12292145
1.53327322
-0.38686401
-1.05787063
0.19038345
1.26346219
1.27986825
-0.76302248
-0.71125185
0.02953326
1.00680006
1.83552909
2.31351018
-0.30864307
0.92366087
0.58110386
-0.84234720
-0.33361864
-0.65379596
0.01055890
-0.21023589
1.25330114
0.90137267
-0.10574265
-3.70298195
-0.40394309
-1.16937649
-0.03269682
0.85748422
0.10826294
-0.35564759
-0.17849085
1.96607971
-1.59211564
-0.11235503
0.04375914
-0.06662497
0.64800310
0.31415346
1.85254371
1.01931643
-1.88021111
0.03327079
-1.11320400
0.47669274
0.67828310
-0.13282512
-0.56575787
0.12179445
-0.27393138
-0.05456311
0.03171204
-1.46871984
0.58407313
0.79295802
-0.33287585
-0.24061744
0.81876814
-0.69019490
-0.41353884
-0.06086588
0.47718135
-0.07406247
1.10644686
-1.21507359
-0.39903295
0.12802571
-0.09530601
0.01959598
-0.00114823
-1.15243888
3.09241009
0.56131190
-0.81685317
-1.25030971
0.81258142
1.24109566
0.50372720
-1.47199988
-0.93835610
0.18189129
1.38255084
0.22683071
-0.10647257
0.96869987
-0.40416661
-0.13160864
-3.49492431
0.97774351
0.09029421
0.04174825
-0.08323848
-1.95708930
2.24767065
0.66555810
0.20757534
0.65162170
-0.41373026
-0.08091450
-0.32796556
0.89909720
0.21070305
-0.01416927
0.12726480
-0.01454542
0.54590082
2.30970335
0.48164198
0.27077737
0.19199297
-0.44911394
0.20987187
-0.14646105
-0.33756188
0.97435480
-0.01316915
-0.29406658
-0.61233175
-0.45963141
0.25712675
0.54499215
-0.11252931
1.14355218
0.17128885
-0.27442929
0.59151614
0.59679449
1.26172471
0.30909246
-0.38716298
-0.52827299
0.03798001
0.05815826
-1.80026948
0.79817307
-0.25435629
-0.30362836
-0.09108984
0.39845338
0.26318473
-2.13704467
-0.11278653
0.00675316
0.28310907
0.77963543
0.46194738
-0.39492875
-0.05162533
0.54318470
-0.74352610
-0.01209986
0.76684272
-0.05198509
-1.22896481
0.47075063
-0.13209510
0.23309886
-1.37087893
0.40470016
0.18874070
0.49377227
-0.24397838
-0.06191958
0.01539252
2.76980495
-0.08498282
0.19097756
0.85516715
0.29207829
-0.40679458
0.84635985
0.10459405
-0.00188620
0.66463900
-0.97398508
3.97707534
0.18766525
-1.80095398
0.12433064
0.14323047
0.27179587
-2.64968085
0.10515620
1.57754028
0.01310876
0.26740217
1.65042269
-0.13155207
-0.56822205
0.83268052
0.06510191
-0.04144955
0.05544987
-0.27829289
1.58089709
-0.13575935
0.34627217
0.58452374
1.39129066
-0.20370656
0.20583358
-2.72394991
0.57594454
0.37483758
-0.19498613
-0.00919199
0.20519206
0.43400458
-0.12958580
-2.83397532
-0.50221324
-0.20066389
-0.49490929
-6.30777740
0.10197062
0.05359399
-1.31964493
0.58434653
1.27964449
0.41881937
0.63339287
-0.21626240
0.75900394
-0.59545213
-0.75781912
-0.00944106
0.02212082
0.10706323
