384
0.54014719
0.50460738
0.54993761
-0.29937327
-0.61269069
-0.55735445
0.90966332
-0.87213337
-1.09108162
-1.92778277
-0.74015540
0.62640107
0.33680099
-1.25006175
-3.76497078
-0.57607120
-0.16480279
0.76581436
-0.64912796
-1.26935315
-0.97554320
1.54501820
-0.50134033
1.45526028
-1.21289778
-0.50548148
-1.25114036
3.07248282
1.84961462
-0.69617939
-1.13651550
0.11527976
0.59283602
-1.41190982
0.34969515
-0.91831321
0.21897697
-0.27239466
-2.08199906
0.00577267
0.61390579
2.63860607
-1.11753166
2.72340274
0.09256344
0.13535678
0.21161252
1.80543196
0.53039235
1.55913353
0.22278515
0.29316133
1.56422615
2.65146589
-0.49816644
-0.52228427
0.53887415
1.51907635
2.34555650
0.82742649
-0.40890309
-0.17624345
0.25683954
0.73121595
0.41554883
-1.12818801
-0.15078469
-0.53647900
-1.32802832
0.00700883
0.34063697
-0.99194658
-1.11146402
-1.25714386
-2.22185373
2.07900095
-0.09291768
-0.56342942
0.68931198
0.89238083
2.56035066
-0.82253695
-0.75313723
-0.02693266
-1.52612758
-0.11095470
-0.71727026
0.04039908
1.03247440
-1.05621576
1.13567364
0.22966945
-1.17031097
0.86223930
-0.69711846
-0.54558456
0.33280623
-0.07828742
-0.38364035
-0.80998826
-0.59494466
0.22193637
0.28134346
-2.79705429
-0.63577867
-0.14097273
0.20337611
-0.08848831
-1.52695549
0.13526052
0.66954446
-1.61576796
-0.05147330
0.95544511
0.58228827
-0.38556147
0.31473103
-1.36426115
1.28921580
-0.58724457
-1.91770697
-1.33210897
-0.03576820
-2.21905899
2.35691905
-1.16538811
-0.91701251
-0.83018076
-0.85871267
0.22295234
0.59130394
0.10954630
0.30262336
-1.22720647
-1.39396477
0.65542853
1.09250998
0.65534717
-0.16712537
-0.03459834
-0.13529170
-1.01096094
4.93130970
0.54023522
-0.68782836
0.55337763
0.23976019
-0.70250654
2.79694510
0.62161088
-0.10335422
-0.75094843
0.29260528
-0.27842867
0.41360223
0.04005392
0.20047243
-0.83344257
0.10701746
-0.49497145
-0.38835180
0.50787967
-0.31208295
-0.75360435
-0.40945625
-1.22547698
1.11181355
1.62902308
0.07535535
-0.96850479
0.42023736
-0.10030644
1.56240320
0.71841109
-1.22410822
0.45532361
1.56100953
-2.88238001
0.26920277
-0.45250237
-2.34470177
-1.39190865
-2.08869624
-0.53500891
0.50016701
-1.32459831
-0.58713865
0.04039177
1.76818907
-1.79453433
-0.93030834
0.61942416
-0.96818519
-0.47710827
-0.43809640
-0.27786049
0.93202132
-1.92830753
0.77308041
-1.07713437
0.01186538
0.20752043
1.06658542
-0.59101415
1.30761838
0.32774100
-0.12535584
1.04486370
1.10647917
0.40030527
-0.68370330
0.67496967
1.51101875
0.84937429
-1.42694509
-1.02767491
-0.57684016
1.03412223
-1.06056142
-0.46145931
-2.25903535
0.51133800
1.03589439
0.63726437
-1.04440176
1.23447180
-1.56199336
1.35247302
-1.12725639
0.03598216
0.85499436
0.76202863
1.88102460
-1.33222103
-0.61809766
0.26824901
2.25976920
0.72777587
-0.39842686
-1.40889466
0.19094187
-0.53274655
0.39327538
-0.97307575
1.26085448
-1.87892628
-0.47482949
0.14911158
-1.74659991
2.00225878
-0.34586418
1.56150162
-0.93331432
-1.24952579
1.18419421
-0.11197706
1.62762380
-0.87824470
0.04748968
0.51232976
0.63913029
0.34149793
0.34386444
0.63795608
-0.41731077
0.25141051
-0.13045588
1.20370495
-0.45187420
-0.84701514
-1.90047741
0.25818402
0.50286549
-1.39937413
-0.19863304
-0.28713736
-0.08509743
-0.77362651
0.59094429
0.09708694
-1.58025050
1.46098709
0.04268381
0.36541611
0.71834588
-0.97266585
-1.63576221
0.80231977
-0.95662755
-0.79927719
0.98968226
-0.44761378
-0.29934260
1.92620957
2.40598893
-0.94195050
-0.08648077
-1.14992166
-0.56521171
-0.35052398
0.38827801
1.21826315
-0.43243814
0.75853533
-0.52134192
0.23396817
-0.69290411
1.67880225
0.25451243
-0.97165006
0.08706576
0.34352839
2.08856010
0.42279834
1.19065475
-2.52945304
0.47288021
-0.55001891
0.68979543
-0.21417186
-0.90284705
1.02184427
0.69214106
1.84530735
0.69548196
0.44097129
0.69050014
-0.00235847
0.06202364
0.37082624
-1.59571815
4.02577496
1.09766281
2.39552116
-0.00674391
0.45370340
-0.21281321
-1.57596493
0.25973153
-1.24634707
-0.04117654
0.69867373
-1.43142283
-0.64688367
0.15324426
0.65930116
-0.69734633
-0.77604795
0.84639627
0.07470549
1.13741231
1.17082596
0.37395561
1.13498020
2.91981888
-0.74962461
-0.45466161
-1.82360363
0.84776872
-0.02212206
0.55162841
0.71917647
0.02114940
1.10085332
0.32420081
-3.30253029
0.02716180
-0.56561673
-1.84868121
-2.18872976
-0.04005879
-0.60962433
-0.59996045
0.86586285
1.17310739
-0.15471014
0.83938700
-1.29502177
-0.23838699
0.75484830
-3.39215970
0.39665788
-2.49294615
0.69366831
