384
-1.36101687
-0.25936252
1.67125416
-0.62049645
-0.32934171
-0.60198367
0.20334446
-0.46126565
0.61542678
-2.74838781
-0.05062437
0.01719245
-0.09973347
-1.97401977
-1.29885435
1.50059903
-1.24630392
-0.03163773
0.70029294
-0.25568318
-0.35958791
0.64174992
-0.10324112
-0.27894300
-0.35849190
2.02710009
-0.88740015
3.41356897
-0.24124292
-0.42006934
-0.06961477
0.22795148
0.28800029
-1.00764441
-0.29847690
-1.66741359
-0.01162428
0.00597006
-2.16505599
0.25334761
-0.19746341
-1.67615485
0.09868012
1.49734950
-0.17082499
-0.61308467
-1.33145809
1.71147907
1.92549562
1.34633374
-0.38963425
-0.63234526
1.01182008
1.05579782
0.11305422
0.31571484
0.17444490
0.53493768
0.71922106
0.76491797
-1.18554258
0.19674537
-0.33854234
0.81725621
0.11073732
-0.29717666
-0.13024405
0.23429240
-0.08660909
-0.01726945
1.49185157
-0.04834037
-1.38681257
-0.63959086
-1.65266371
-0.44062406
-0.45337451
-1.90071583
-1.91618049
-0.05757699
1.22483730
-0.06989669
0.22166717
0.09353223
-1.70163703
0.27800384
-0.55247551
0.60329461
0.26214740
0.31564915
-0.05677028
0.07981770
-0.29151028
-0.30919027
-0.11699802
0.26712659
0.24107172
0.04162152
-0.08787355
-0.06677165
0.14790213
1.13246584
1.96077967
-1.67173398
-2.32344723
-0.04289504
1.27768421
0.38377994
-0.37822920
-0.44309390
0.99392259
-1.40550935
-0.28334120
0.44152430
-0.03189146
0.52830017
0.69528973
-0.26773369
2.70571566
1.85174727
-1.53021765
-2.36595249
0.24373963
0.89595759
0.01199955
0.58189929
0.38923907
0.94250119
-0.04385356
1.20897198
0.16800880
0.93883801
0.27327451
0.84096789
-1.69354582
1.20047140
2.32060623
0.23176382
-0.57762122
-1.22984791
0.41821152
0.54726976
0.95973158
-0.65965557
0.07939407
-0.32599366
0.74243551
1.00247979
0.27909204
-0.76672351
0.01450846
0.12583379
0.02858396
0.18225759
0.28690112
-1.31652784
0.27049419
0.69627976
-1.54167366
-1.11207581
-0.10612196
1.04928041
0.66850579
-0.65331894
0.75853550
-0.02358375
1.66377258
1.90389419
1.97469664
0.18101943
0.01264042
0.50641632
-0.64976197
-0.19473551
0.46204677
0.27348045
1.26593482
0.74617797
-0.98732626
-0.07531729
-3.74493599
0.18041654
-1.42882967
-0.53770226
1.33957541
-0.17490593
-0.34593236
-0.31195775
1.72534406
-0.71369958
-0.04008396
0.05541163
-0.40322581
0.97190821
0.36044192
1.04049027
0.59950697
-2.13119173
0.07656331
-1.61570632
0.86802047
0.64662343
-0.05043461
0.64113426
0.06452347
0.22378325
-0.07407434
-0.02451435
1.01097846
0.46375138
1.02261186
-0.24438825
-0.40456891
-0.19988988
0.08582860
-0.63239062
0.44846445
-0.04733018
0.34280258
1.34700632
-0.90075088
-0.70879745
-0.04624496
-0.26991108
0.20735769
0.09168862
-1.55754757
3.00893068
-0.12110486
-0.83392948
-1.02735019
0.39171720
0.51301026
0.49510506
-1.88579404
-0.69041479
1.25520265
1.24716353
0.38277000
-0.01862518
1.36460900
-0.29946122
-0.10218005
-0.54173815
0.78331345
0.18965685
0.29426101
0.13901812
-1.98726583
1.70015311
0.86383486
0.17170352
0.79039532
-2.26300859
0.58100402
0.37479657
2.03847742
1.73569667
0.28386369
0.63628674
-0.07723217
0.42796364
2.16501212
0.63502699
-0.15959728
0.29329464
0.63744557
0.16608879
0.11293313
0.07573384
0.18985663
0.07640704
-0.31458515
0.06886071
-0.26348639
0.08258984
0.63340187
0.03756060
0.50440705
0.26007178
0.49044436
0.43951127
-0.58115864
1.47557163
0.28450304
-0.27422678
-0.09925078
0.24536696
-0.06110236
-2.86138010
-0.22306105
0.01259597
-0.09227423
-0.69417143
0.14412825
0.12985489
-1.85790777
0.22854090
-0.21896707
-0.64994097
0.62203127
0.50718170
0.64084166
-0.65139580
1.08431804
-0.47689489
0.47923297
1.06181026
1.46667814
-1.99059534
0.56546021
0.20469190
0.52299273
-0.06454584
0.06064450
0.40124923
1.04557586
-0.04046336
-1.63794923
0.14212970
-0.82258743
-0.19336267
-0.36638537
-0.26456988
0.25131130
-0.20837775
0.56039679
-0.30401573
0.25758383
0.91438282
-1.46212494
3.49072814
0.93412495
-2.38850307
0.26708749
0.69094998
0.16532640
-1.77149820
0.44021752
2.09376073
0.03736377
0.16862588
2.30662251
-0.03788089
0.20604225
1.44903457
0.13536538
0.37597060
-0.05613809
-0.29894102
1.38600540
0.09765684
0.99469161
0.61523163
0.05096227
-1.05010664
-0.02701757
-2.15093803
0.17289819
0.27193949
-0.05535791
-0.56090122
0.29622260
-0.19906414
-0.42247677
-2.96340704
-0.63285089
-1.03314734
-0.79517400
-6.45508051
0.11116011
-0.10059395
-0.28026757
0.18724313
0.93575478
0.02545535
0.11453786
-0.19843347
0.00343066
-0.44076073
-0.62304509
0.06170781
-0.20390715
0.59746403
