======================================================================================================================================================
C CODE OUTPUT vs GOLDEN REFERENCE - DETAILED COMPARISON
======================================================================================================================================================

Vec   | C Mean       | Golden Mean  | Mean Err%  | C Var        | Golden Var   | Var Err%   | C Std        | Golden Std   | Std Err%  
------------------------------------------------------------------------------------------------------------------------------------------------------
0     |     0.032098 |     0.006329 |   407.1832 |     0.752967 |     1.485401 |    49.3088 |     0.867737 |     1.218770 |    28.8023
1     |    -0.014964 |    -0.014929 |     0.2370 |     0.882649 |     0.998401 |    11.5938 |     0.939494 |     0.999200 |     5.9754
2     |     0.002045 |     0.001279 |    59.8943 |     0.859231 |     0.960573 |    10.5502 |     0.926947 |     0.980088 |     5.4221
3     |     0.002081 |     0.002404 |    13.4205 |     0.857584 |     0.954328 |    10.1374 |     0.926058 |     0.976897 |     5.2042
4     |     0.002458 |     0.003352 |    26.6658 |     0.879125 |     0.968946 |     9.2700 |     0.937617 |     0.984350 |     4.7476
5     |    -0.005078 |    -0.005513 |     7.8868 |     0.880806 |     0.970481 |     9.2403 |     0.938513 |     0.985130 |     4.7321
6     |    -0.012649 |    -0.012834 |     1.4397 |     0.877327 |     0.984999 |    10.9312 |     0.936657 |     0.992471 |     5.6238
7     |    -0.018534 |    -0.018545 |     0.0594 |     0.889454 |     0.975688 |     8.8383 |     0.943109 |     0.987769 |     4.5213
8     |    -0.022176 |    -0.021985 |     0.8688 |     0.864622 |     0.965797 |    10.4758 |     0.929851 |     0.982750 |     5.3827
9     |    -0.023791 |    -0.022999 |     3.4421 |     0.828028 |     0.920675 |    10.0629 |     0.909961 |     0.959518 |     5.1648
10    |    -0.018749 |    -0.019052 |     1.5914 |     0.819515 |     0.907718 |     9.7171 |     0.905270 |     0.952743 |     4.9827
11    |    -0.012739 |    -0.012437 |     2.4296 |     0.866827 |     0.966653 |    10.3270 |     0.931035 |     0.983185 |     5.3042
12    |    -0.013367 |    -0.012944 |     3.2678 |     0.805407 |     0.896947 |    10.2057 |     0.897445 |     0.947073 |     5.2401
13    |    -0.010747 |    -0.010783 |     0.3340 |     0.833786 |     0.916759 |     9.0506 |     0.913119 |     0.957475 |     4.6326
14    |    -0.017529 |    -0.017817 |     1.6182 |     0.849037 |     0.953561 |    10.9615 |     0.921432 |     0.976505 |     5.6398
15    |    -0.028689 |    -0.029549 |     2.9089 |     0.860548 |     0.947495 |     9.1765 |     0.927658 |     0.973394 |     4.6986
16    |    -0.001525 |    -0.002161 |    29.4315 |     0.836717 |     0.932841 |    10.3045 |     0.914722 |     0.965837 |     5.2923
17    |    -0.000646 |    -0.000375 |    72.3264 |     0.833998 |     0.909730 |     8.3247 |     0.913235 |     0.953798 |     4.2528
18    |    -0.011555 |    -0.012216 |     5.4135 |     0.830753 |     0.915465 |     9.2534 |     0.911457 |     0.956799 |     4.7389
19    |    -0.017153 |    -0.016671 |     2.8934 |     0.840237 |     0.935925 |    10.2239 |     0.916644 |     0.967432 |     5.2498
20    |    -0.017350 |    -0.017090 |     1.5235 |     1.034237 |     1.168344 |    11.4784 |     1.016974 |     1.080900 |     5.9141
21    |    -0.028815 |    -0.029174 |     1.2294 |     1.145060 |     1.290258 |    11.2534 |     1.070075 |     1.135895 |     5.7946
22    |    -0.037391 |    -0.037266 |     0.3343 |     0.843644 |     0.932739 |     9.5520 |     0.918501 |     0.965784 |     4.8958
23    |    -0.035023 |    -0.034025 |     2.9334 |     0.892469 |     1.003378 |    11.0536 |     0.944706 |     1.001688 |     5.6886
24    |    -0.025801 |    -0.026660 |     3.2214 |     0.891466 |     0.994208 |    10.3341 |     0.944175 |     0.997100 |     5.3079
25    |    -0.018355 |    -0.018347 |     0.0461 |     0.891808 |     0.982369 |     9.2186 |     0.944356 |     0.991145 |     4.7207
26    |    -0.016794 |    -0.017354 |     3.2283 |     0.886264 |     0.986013 |    10.1164 |     0.941416 |     0.992982 |     5.1930
27    |    -0.017009 |    -0.017001 |     0.0445 |     0.898090 |     0.984919 |     8.8158 |     0.947676 |     0.992431 |     4.5096
28    |    -0.028887 |    -0.028534 |     1.2365 |     0.816445 |     0.915182 |    10.7888 |     0.903573 |     0.956652 |     5.5484
29    |    -0.008325 |    -0.009019 |     7.6940 |     0.969001 |     1.067490 |     9.2262 |     0.984379 |     1.033194 |     4.7247
30    |     0.020041 |     0.019251 |     4.1056 |     1.293560 |     1.446537 |    10.5754 |     1.137348 |     1.202721 |     5.4354
31    |     0.020005 |     0.019515 |     2.5095 |     1.135990 |     1.270390 |    10.5794 |     1.065828 |     1.127116 |     5.4376
32    |     0.020777 |     0.020044 |     3.6544 |     1.485422 |     1.639066 |     9.3739 |     1.218779 |     1.280260 |     4.8022
33    |    -0.038791 |    -0.038259 |     1.3912 |     1.058396 |     1.182867 |    10.5229 |     1.028784 |     1.087597 |     5.4076
34    |    -0.011034 |    -0.012062 |     8.5224 |     1.057793 |     1.186481 |    10.8462 |     1.028490 |     1.089257 |     5.5788
35    |    -0.027433 |    -0.027211 |     0.8154 |     0.920380 |     1.029353 |    10.5865 |     0.959365 |     1.014570 |     5.4412
36    |    -0.005078 |    -0.004697 |     8.1141 |     1.037857 |     1.155427 |    10.1755 |     1.018753 |     1.074908 |     5.2242
37    |    -0.002171 |    -0.003264 |    33.4778 |     1.031076 |     1.146275 |    10.0498 |     1.015419 |     1.070642 |     5.1580
38    |    -0.021818 |    -0.020949 |     4.1503 |     0.884717 |     0.981854 |     9.8932 |     0.940594 |     0.990885 |     5.0754
39    |    -0.012900 |    -0.011753 |     9.7568 |     0.877653 |     0.971285 |     9.6400 |     0.936831 |     0.985538 |     4.9422
40    |    -0.000215 |    -0.000419 |    48.6837 |     0.986927 |     1.082114 |     8.7964 |     0.993442 |     1.040247 |     4.4994
41    |    -0.025550 |    -0.025712 |     0.6287 |     0.947348 |     1.049716 |     9.7520 |     0.973318 |     1.024557 |     5.0010
42    |     0.006818 |     0.005226 |    30.4601 |     1.083812 |     1.236200 |    12.3272 |     1.041063 |     1.111845 |     6.3662
43    |     0.004163 |     0.004520 |     7.9082 |     1.003300 |     1.140306 |    12.0149 |     1.001649 |     1.067851 |     6.1996
44    |     0.014085 |     0.013738 |     2.5269 |     1.591772 |     1.773672 |    10.2556 |     1.261654 |     1.331793 |     5.2665
45    |     0.002261 |     0.003594 |    37.0955 |     1.406671 |     1.564470 |    10.0864 |     1.186032 |     1.250788 |     5.1772
46    |    -0.011124 |    -0.010937 |     1.7064 |     1.072247 |     1.182573 |     9.3293 |     1.035494 |     1.087462 |     4.7788
47    |    -0.033570 |    -0.032878 |     2.1040 |     0.953574 |     1.066918 |    10.6235 |     0.976511 |     1.032917 |     5.4608
48    |    -0.026249 |    -0.025822 |     1.6541 |     1.069522 |     1.201192 |    10.9616 |     1.034177 |     1.095989 |     5.6399
49    |    -0.010945 |    -0.011665 |     6.1728 |     1.031173 |     1.145568 |     9.9859 |     1.015467 |     1.070312 |     5.1242
50    |    -0.013295 |    -0.013209 |     0.6539 |     1.309022 |     1.469539 |    10.9229 |     1.144125 |     1.212245 |     5.6194
51    |    -0.035167 |    -0.035613 |     1.2512 |     0.932270 |     1.027918 |     9.3051 |     0.965541 |     1.013863 |     4.7661
52    |    -0.006782 |    -0.006593 |     2.8622 |     0.995924 |     1.104691 |     9.8460 |     0.997960 |     1.051043 |     5.0505
53    |    -0.033534 |    -0.033055 |     1.4501 |     0.999432 |     1.126534 |    11.2825 |     0.999716 |     1.061383 |     5.8100
54    |    -0.017458 |    -0.017487 |     0.1633 |     0.903061 |     1.007882 |    10.4001 |     0.950295 |     1.003933 |     5.3428
55    |    -0.018947 |    -0.018192 |     4.1491 |     1.066458 |     1.171988 |     9.0044 |     1.032694 |     1.082584 |     4.6084
56    |     0.006046 |     0.005469 |    10.5566 |     1.265153 |     1.418492 |    10.8100 |     1.124790 |     1.191005 |     5.5596
57    |     0.045806 |     0.046065 |     0.5619 |     0.934670 |     1.063280 |    12.0956 |     0.966783 |     1.031155 |     6.2427
58    |     0.033731 |     0.034201 |     1.3752 |     1.055038 |     1.173816 |    10.1189 |     1.027151 |     1.083428 |     5.1943
59    |     0.000108 |     0.000838 |    87.1112 |     0.868403 |     0.994293 |    12.6612 |     0.931881 |     0.997142 |     6.5448
60    |    -0.016238 |    -0.015436 |     5.1970 |     0.921304 |     1.032237 |    10.7468 |     0.959846 |     1.015991 |     5.5261
61    |    -0.002996 |    -0.001742 |    71.9813 |     1.008680 |     1.140695 |    11.5732 |     1.004331 |     1.068033 |     5.9645
62    |    -0.025424 |    -0.024124 |     5.3890 |     1.035419 |     1.139233 |     9.1126 |     1.017555 |     1.067349 |     4.6652
63    |    -0.003965 |    -0.003903 |     1.5872 |     0.959852 |     1.074130 |    10.6391 |     0.979720 |     1.036402 |     5.4692
64    |    -0.002476 |    -0.003462 |    28.4813 |     1.280537 |     1.437712 |    10.9323 |     1.131608 |     1.199046 |     5.6243
65    |    -0.033229 |    -0.034642 |     4.0798 |     0.892647 |     0.988158 |     9.6656 |     0.944800 |     0.994062 |     4.9556
66    |    -0.010299 |    -0.009636 |     6.8766 |     0.918210 |     1.038905 |    11.6175 |     0.958233 |     1.019267 |     5.9880
67    |    -0.034234 |    -0.034797 |     1.6171 |     0.929639 |     1.031241 |     9.8524 |     0.964178 |     1.015500 |     5.0539
68    |    -0.009204 |    -0.009019 |     2.0521 |     1.055899 |     1.176895 |    10.2809 |     1.027570 |     1.084848 |     5.2798
69    |     0.015951 |     0.016009 |     0.3632 |     0.897399 |     1.007096 |    10.8924 |     0.947312 |     1.003542 |     5.6031
70    |     0.041805 |     0.042581 |     1.8218 |     0.951213 |     1.059472 |    10.2182 |     0.975302 |     1.029307 |     5.2467
71    |     0.048623 |     0.049196 |     1.1649 |     0.948975 |     1.062664 |    10.6985 |     0.974153 |     1.030856 |     5.5006
72    |     0.013331 |     0.014091 |     5.3914 |     1.123111 |     1.247308 |     9.9572 |     1.059769 |     1.116830 |     5.1092
73    |    -0.020885 |    -0.021235 |     1.6494 |     0.855848 |     0.969537 |    11.7261 |     0.925121 |     0.984651 |     6.0458
74    |    -0.012972 |    -0.012569 |     3.2051 |     0.933156 |     1.035102 |     9.8489 |     0.966000 |     1.017400 |     5.0521
75    |    -0.004683 |    -0.004168 |    12.3649 |     1.060994 |     1.172591 |     9.5171 |     1.030046 |     1.082862 |     4.8775
76    |    -0.010012 |    -0.009703 |     3.1898 |     1.126842 |     1.257765 |    10.4092 |     1.061528 |     1.121501 |     5.3476
77    |    -0.023109 |    -0.022624 |     2.1416 |     1.174011 |     1.315186 |    10.7342 |     1.083518 |     1.146815 |     5.5194
78    |    -0.012595 |    -0.012503 |     0.7358 |     1.203659 |     1.351918 |    10.9666 |     1.097114 |     1.162720 |     5.6425
79    |    -0.024437 |    -0.024477 |     0.1625 |     0.868146 |     0.983813 |    11.7570 |     0.931744 |     0.991874 |     6.0622
80    |    -0.017494 |    -0.017597 |     0.5843 |     0.890022 |     1.008036 |    11.7073 |     0.943410 |     1.004010 |     6.0358
81    |    -0.022230 |    -0.022999 |     3.3451 |     0.913457 |     1.014607 |     9.9693 |     0.955750 |     1.007277 |     5.1155
82    |     0.021692 |     0.021963 |     1.2336 |     0.969352 |     1.091929 |    11.2257 |     0.984557 |     1.044954 |     5.7799
83    |     0.027828 |     0.028270 |     1.5620 |     0.897811 |     1.039090 |    13.5964 |     0.947529 |     1.019358 |     7.0465
84    |     0.046901 |     0.046704 |     0.4211 |     0.954157 |     1.055575 |     9.6079 |     0.976810 |     1.027412 |     4.9252
85    |     0.036046 |     0.036671 |     1.7045 |     1.004866 |     1.116960 |    10.0356 |     1.002430 |     1.056863 |     5.1505
86    |    -0.010783 |    -0.011467 |     5.9617 |     0.978375 |     1.093200 |    10.5035 |     0.989128 |     1.045562 |     5.3975
87    |    -0.000987 |    -0.000882 |    11.8984 |     1.074259 |     1.195825 |    10.1659 |     1.036464 |     1.093538 |     5.2192
88    |    -0.008182 |    -0.008313 |     1.5790 |     0.945301 |     1.053963 |    10.3098 |     0.972266 |     1.026627 |     5.2951
89    |     0.033067 |     0.033893 |     2.4360 |     1.007097 |     1.133944 |    11.1864 |     1.003542 |     1.064868 |     5.7590
90    |     0.032870 |     0.032283 |     1.8187 |     1.086644 |     1.222968 |    11.1470 |     1.042422 |     1.105879 |     5.7382
91    |     0.002871 |     0.001985 |    44.6639 |     1.200376 |     1.361613 |    11.8416 |     1.095617 |     1.166882 |     6.1073
92    |     0.005670 |     0.006880 |    17.5866 |     1.277283 |     1.456748 |    12.3195 |     1.130170 |     1.206958 |     6.3621
93    |    -0.028994 |    -0.028666 |     1.1425 |     0.977162 |     1.091842 |    10.5033 |     0.988515 |     1.044912 |     5.3973
94    |    -0.007141 |    -0.007850 |     9.0343 |     0.969985 |     1.064189 |     8.8522 |     0.984878 |     1.031595 |     4.5287
95    |    -0.027326 |    -0.026263 |     4.0479 |     1.073845 |     1.194589 |    10.1076 |     1.036265 |     1.092973 |     5.1884
96    |     0.021082 |     0.021412 |     1.5396 |     0.947906 |     1.063910 |    10.9035 |     0.973605 |     1.031460 |     5.6090
97    |     0.032260 |     0.032437 |     0.5464 |     0.951606 |     1.058929 |    10.1351 |     0.975503 |     1.029043 |     5.2029
98    |     0.047349 |     0.046572 |     1.6684 |     0.946288 |     1.067467 |    11.3520 |     0.972774 |     1.033183 |     5.8469
99    |     0.034359 |     0.033319 |     3.1205 |     1.168863 |     1.295422 |     9.7697 |     1.081140 |     1.138166 |     5.0103
100   |    -0.012254 |    -0.012988 |     5.6522 |     1.142583 |     1.262691 |     9.5120 |     1.068917 |     1.123695 |     4.8748
101   |    -0.011052 |    -0.010563 |     4.6343 |     0.968725 |     1.070104 |     9.4738 |     0.984238 |     1.034459 |     4.8548
102   |     0.012219 |     0.012018 |     1.6736 |     1.150695 |     1.272466 |     9.5697 |     1.072705 |     1.128036 |     4.9051
103   |     0.041877 |     0.041985 |     0.2581 |     1.017885 |     1.135611 |    10.3667 |     1.008903 |     1.065650 |     5.3251
104   |     0.040334 |     0.040795 |     1.1291 |     0.998289 |     1.130800 |    11.7184 |     0.999144 |     1.063391 |     6.0417
105   |     0.041231 |     0.039560 |     4.2246 |     1.025273 |     1.153285 |    11.0998 |     1.012558 |     1.073911 |     5.7130
106   |     0.016220 |     0.017046 |     4.8431 |     1.057012 |     1.187437 |    10.9838 |     1.028111 |     1.089696 |     5.6516
107   |    -0.025908 |    -0.026373 |     1.7638 |     0.971594 |     1.088305 |    10.7241 |     0.985694 |     1.043219 |     5.5142
108   |    -0.000682 |     0.000331 |   306.1856 |     0.937770 |     1.050141 |    10.7006 |     0.968385 |     1.024764 |     5.5017
109   |    -0.017924 |    -0.019626 |     8.6699 |     1.003882 |     1.134905 |    11.5449 |     1.001939 |     1.065319 |     5.9494
110   |     0.012595 |     0.012701 |     0.8381 |     1.391525 |     1.568154 |    11.2635 |     1.179629 |     1.252259 |     5.8000
111   |     0.032529 |     0.032614 |     0.2595 |     0.954205 |     1.054570 |     9.5172 |     0.976834 |     1.026923 |     4.8776
112   |     0.051081 |     0.051534 |     0.8781 |     0.959349 |     1.076165 |    10.8549 |     0.979464 |     1.037384 |     5.5833
113   |     0.020741 |     0.019603 |     5.8028 |     1.072922 |     1.177792 |     8.9040 |     1.035819 |     1.085261 |     4.5558
114   |     0.005741 |     0.005513 |     4.1398 |     1.256817 |     1.397702 |    10.0797 |     1.121079 |     1.182244 |     5.1737
115   |    -0.012613 |    -0.013341 |     5.4564 |     0.887659 |     0.979336 |     9.3611 |     0.942156 |     0.989614 |     4.7956
116   |     0.012829 |     0.013473 |     4.7818 |     1.090654 |     1.219847 |    10.5909 |     1.044344 |     1.104467 |     5.4436
117   |     0.005060 |     0.005094 |     0.6637 |     1.252337 |     1.409098 |    11.1249 |     1.119079 |     1.187054 |     5.7264
118   |     0.044568 |     0.044764 |     0.4374 |     1.027091 |     1.153209 |    10.9363 |     1.013455 |     1.073876 |     5.6264
119   |     0.032421 |     0.031224 |     3.8322 |     0.988927 |     1.126501 |    12.2125 |     0.994448 |     1.061367 |     6.3050
120   |     0.027756 |     0.028843 |     3.7683 |     1.120380 |     1.255694 |    10.7760 |     1.058480 |     1.120577 |     5.5415
121   |    -0.028600 |    -0.028777 |     0.6142 |     0.980680 |     1.106634 |    11.3817 |     0.990293 |     1.051967 |     5.8627
122   |    -0.016489 |    -0.015811 |     4.2903 |     1.005569 |     1.130834 |    11.0772 |     1.002781 |     1.063407 |     5.7011
123   |    -0.012882 |    -0.013628 |     5.4712 |     1.132694 |     1.265437 |    10.4899 |     1.064281 |     1.124917 |     5.3902
124   |    -0.014372 |    -0.014091 |     1.9965 |     1.070928 |     1.215848 |    11.9193 |     1.034857 |     1.102655 |     6.1486
125   |     0.007643 |     0.008732 |    12.4739 |     1.211497 |     1.328663 |     8.8183 |     1.100680 |     1.152676 |     4.5109
126   |     0.050794 |     0.050321 |     0.9406 |     0.978461 |     1.085044 |     9.8229 |     0.989172 |     1.041655 |     5.0384
127   |     0.027667 |     0.027939 |     0.9728 |     1.118093 |     1.247098 |    10.3444 |     1.057399 |     1.116736 |     5.3134
128   |     0.017870 |     0.019361 |     7.7006 |     1.232810 |     1.375120 |    10.3489 |     1.110320 |     1.172655 |     5.3157
129   |    -0.022105 |    -0.022845 |     3.2392 |     0.987670 |     1.109214 |    10.9577 |     0.993816 |     1.053192 |     5.6377
130   |     0.015161 |     0.016031 |     5.4280 |     1.182512 |     1.310608 |     9.7738 |     1.087434 |     1.144818 |     5.0125
131   |     0.041697 |     0.041831 |     0.3204 |     1.541157 |     1.714466 |    10.1086 |     1.241434 |     1.309376 |     5.1889
132   |     0.042612 |     0.042206 |     0.9622 |     1.013543 |     1.117235 |     9.2811 |     1.006749 |     1.056993 |     4.7535
133   |     0.032960 |     0.032702 |     0.7894 |     0.986717 |     1.096659 |    10.0252 |     0.993336 |     1.047215 |     5.1450
134   |     0.034610 |     0.034709 |     0.2838 |     1.012422 |     1.125086 |    10.0138 |     1.006192 |     1.060701 |     5.1389
135   |    -0.015000 |    -0.016538 |     9.3018 |     0.924523 |     1.034598 |    10.6394 |     0.961521 |     1.017152 |     5.4693
136   |    -0.023702 |    -0.023551 |     0.6428 |     0.914094 |     1.036844 |    11.8388 |     0.956082 |     1.018255 |     6.1059
137   |     0.032170 |     0.032503 |     1.0257 |     0.973241 |     1.082987 |    10.1337 |     0.986530 |     1.040667 |     5.2021
138   |    -0.003032 |    -0.003065 |     1.0802 |     1.164870 |     1.290461 |     9.7322 |     1.079292 |     1.135984 |     4.9906
139   |     0.023612 |     0.024962 |     5.4078 |     1.015341 |     1.149571 |    11.6766 |     1.007641 |     1.072181 |     6.0195
140   |     0.053898 |     0.054378 |     0.8829 |     0.957232 |     1.065919 |    10.1965 |     0.978382 |     1.032434 |     5.2354
141   |     0.039257 |     0.039229 |     0.0714 |     1.098599 |     1.227023 |    10.4663 |     1.048141 |     1.107711 |     5.3778
142   |     0.020436 |     0.020552 |     0.5628 |     1.116012 |     1.238756 |     9.9087 |     1.056415 |     1.112994 |     5.0835
143   |     0.038970 |     0.039097 |     0.3240 |     1.249185 |     1.384110 |     9.7482 |     1.117669 |     1.176482 |     4.9991
144   |     0.045214 |     0.044654 |     1.2551 |     1.172390 |     1.296554 |     9.5765 |     1.082770 |     1.138663 |     4.9087
145   |     0.055046 |     0.055128 |     0.1485 |     1.001316 |     1.104236 |     9.3205 |     1.000658 |     1.050827 |     4.7742
146   |     0.045591 |     0.045139 |     1.0020 |     0.979830 |     1.075519 |     8.8970 |     0.989864 |     1.037072 |     4.5521
147   |     0.039042 |     0.039846 |     2.0188 |     0.964144 |     1.063738 |     9.3626 |     0.981909 |     1.031377 |     4.7963
148   |     0.044604 |     0.044543 |     0.1362 |     0.992255 |     1.108862 |    10.5159 |     0.996120 |     1.053025 |     5.4040
149   |     0.042164 |     0.042757 |     1.3873 |     1.093069 |     1.246941 |    12.3400 |     1.045500 |     1.116665 |     6.3730
150   |     0.053414 |     0.053452 |     0.0710 |     1.105127 |     1.232647 |    10.3452 |     1.051250 |     1.110246 |     5.3138
151   |     0.052822 |     0.052901 |     0.1487 |     1.009198 |     1.094190 |     7.7675 |     1.004589 |     1.046035 |     3.9622
152   |     0.023361 |     0.023198 |     0.7035 |     1.252476 |     1.402024 |    10.6666 |     1.119141 |     1.184071 |     5.4836
153   |     0.049090 |     0.049284 |     0.3942 |     1.237724 |     1.374545 |     9.9539 |     1.112530 |     1.172410 |     5.1074
154   |     0.064394 |     0.063640 |     1.1854 |     0.950452 |     1.065791 |    10.8219 |     0.974911 |     1.032372 |     5.5659
155   |     0.045788 |     0.045381 |     0.8963 |     1.030422 |     1.146977 |    10.1619 |     1.015097 |     1.070970 |     5.2170
156   |     0.026160 |     0.027101 |     3.4717 |     1.077391 |     1.187958 |     9.3073 |     1.037974 |     1.089935 |     4.7674
157   |     0.053808 |     0.054775 |     1.7655 |     0.960795 |     1.056543 |     9.0624 |     0.980202 |     1.027883 |     4.6388
158   |     0.056823 |     0.057862 |     1.7960 |     0.972108 |     1.063872 |     8.6255 |     0.985955 |     1.031442 |     4.4100
159   |     0.053503 |     0.053452 |     0.0955 |     0.962132 |     1.056963 |     8.9720 |     0.980883 |     1.028087 |     4.5914
160   |     0.043761 |     0.043110 |     1.5102 |     0.964116 |     1.065525 |     9.5173 |     0.981894 |     1.032243 |     4.8776
161   |     0.042254 |     0.042471 |     0.5098 |     0.947710 |     1.043574 |     9.1861 |     0.973504 |     1.021555 |     4.7037
162   |     0.043707 |     0.043772 |     0.1474 |     0.934666 |     1.040246 |    10.1496 |     0.966781 |     1.019925 |     5.2106
163   |     0.048192 |     0.048490 |     0.6155 |     0.953837 |     1.051802 |     9.3140 |     0.976646 |     1.025574 |     4.7708
164   |     0.053342 |     0.052768 |     1.0871 |     0.955195 |     1.056189 |     9.5621 |     0.977341 |     1.027710 |     4.9011
165   |     0.055997 |     0.056517 |     0.9202 |     0.986890 |     1.066267 |     7.4444 |     0.993424 |     1.032602 |     3.7941
166   |     0.046954 |     0.046329 |     1.3480 |     0.985369 |     1.085502 |     9.2246 |     0.992657 |     1.041874 |     4.7239
167   |     0.034754 |     0.034863 |     0.3122 |     0.959989 |     1.086210 |    11.6203 |     0.979790 |     1.042214 |     5.9896
168   |     0.056751 |     0.056120 |     1.1241 |     0.965033 |     1.069678 |     9.7828 |     0.982361 |     1.034252 |     5.0173
169   |     0.036153 |     0.036208 |     0.1518 |     1.125147 |     1.262323 |    10.8669 |     1.060729 |     1.123531 |     5.5897
170   |     0.026788 |     0.026969 |     0.6694 |     1.049754 |     1.181279 |    11.1341 |     1.024575 |     1.086866 |     5.7313
171   |     0.049359 |     0.048887 |     0.9647 |     0.925659 |     1.023035 |     9.5184 |     0.962112 |     1.011452 |     4.8781
172   |     0.051404 |     0.051401 |     0.0054 |     0.944662 |     1.030118 |     8.2957 |     0.971937 |     1.014947 |     4.2377
173   |     0.048462 |     0.048116 |     0.7200 |     0.934673 |     1.022096 |     8.5533 |     0.966785 |     1.010988 |     4.3722
174   |     0.040280 |     0.040442 |     0.4001 |     0.934125 |     1.031335 |     9.4256 |     0.966501 |     1.015547 |     4.8295
175   |     0.034180 |     0.034267 |     0.2553 |     0.928272 |     1.024559 |     9.3979 |     0.963469 |     1.012205 |     4.8148
176   |     0.032439 |     0.032349 |     0.2781 |     0.924252 |     1.020913 |     9.4681 |     0.961380 |     1.010402 |     4.8518
177   |     0.038199 |     0.038876 |     1.7418 |     0.924043 |     1.013570 |     8.8329 |     0.961272 |     1.006762 |     4.5185
178   |     0.043671 |     0.043970 |     0.6799 |     0.911955 |     1.013515 |    10.0206 |     0.954963 |     1.006735 |     5.1426
179   |     0.048031 |     0.047256 |     1.6408 |     0.952705 |     1.037166 |     8.1434 |     0.976066 |     1.018413 |     4.1582
180   |     0.046775 |     0.047322 |     1.1554 |     0.947126 |     1.039372 |     8.8752 |     0.973204 |     1.019496 |     4.5407
181   |     0.048210 |     0.047983 |     0.4725 |     0.913651 |     1.040093 |    12.1568 |     0.955851 |     1.019849 |     6.2753
182   |     0.052822 |     0.053099 |     0.5219 |     0.989952 |     1.099204 |     9.9392 |     0.994963 |     1.048429 |     5.0997
183   |     0.056302 |     0.055878 |     0.7595 |     1.078685 |     1.201491 |    10.2211 |     1.038597 |     1.096125 |     5.2483
184   |     0.041285 |     0.041236 |     0.1197 |     1.191150 |     1.327008 |    10.2379 |     1.091398 |     1.151958 |     5.2572
185   |     0.053719 |     0.053386 |     0.6241 |     0.931240 |     1.036599 |    10.1639 |     0.965008 |     1.018135 |     5.2181
186   |     0.051745 |     0.051997 |     0.4839 |     0.966464 |     1.051983 |     8.1293 |     0.983089 |     1.025662 |     4.1508
187   |     0.045519 |     0.045558 |     0.0849 |     0.928580 |     1.040362 |    10.7446 |     0.963629 |     1.019982 |     5.5249
188   |     0.037517 |     0.037575 |     0.1548 |     0.955762 |     1.044108 |     8.4614 |     0.977631 |     1.021816 |     4.3242
189   |     0.030053 |     0.030607 |     1.8100 |     0.952439 |     1.052560 |     9.5122 |     0.975930 |     1.025944 |     4.8749
190   |     0.038324 |     0.037311 |     2.7163 |     0.943683 |     1.053927 |    10.4603 |     0.971434 |     1.026610 |     5.3746
191   |     0.037194 |     0.037707 |     1.3617 |     0.935392 |     1.046707 |    10.6348 |     0.967157 |     1.023087 |     5.4668
192   |     0.042451 |     0.042404 |     0.1100 |     0.951649 |     1.042016 |     8.6724 |     0.975525 |     1.020792 |     4.4345
193   |     0.045788 |     0.046043 |     0.5534 |     0.966877 |     1.062411 |     8.9922 |     0.983299 |     1.030733 |     4.6020
194   |     0.042397 |     0.042360 |     0.0868 |     0.956994 |     1.036740 |     7.6920 |     0.978261 |     1.018204 |     3.9229
195   |     0.041518 |     0.042007 |     1.1651 |     0.931134 |     1.038838 |    10.3678 |     0.964953 |     1.019234 |     5.3257
196   |     0.041536 |     0.041368 |     0.4063 |     1.062075 |     1.189046 |    10.6784 |     1.030570 |     1.090434 |     5.4899

======================================================================================================================================================
SUMMARY STATISTICS
======================================================================================================================================================

Mean Error %:     Avg=8.855539%  Max=407.183172%  Min=0.005428%
Variance Error %: Avg=10.406653%  Max=49.308845%  Min=7.444364%
Std Error %:      Avg=5.362529%  Max=28.802257%  Min=3.794100%

======================================================================================================================================================
CONCLUSION
======================================================================================================================================================

⚠️  MARGINAL: C code has noticeable differences from Golden reference.
