======================================================================================================================================================
PER-VECTOR STATISTICS: Asymmetric + Clip±7.0
======================================================================================================================================================
Method: asymmetric
Clipping: True (threshold: ±7.0)
Global S: 0.0490938448
Global ZP: 143
======================================================================================================================================================

Vec   | Mean_Orig    | Var_Orig     | Std_Orig     | Mean_Recon   | Var_Recon    | Std_Recon    | Mean_Err%  | Var_Err%   | Std_Err%  
------------------------------------------------------------------------------------------------------------------------------------------------------
0     |   0.00562331 |   1.48577631 |   1.21892428 |   0.03164252 |   0.84113651 |   0.91713495 | 462.702945 |  43.387406 |  24.758661
1     |  -0.01495490 |   1.00225985 |   1.00112927 |  -0.01492632 |   1.00210694 |   1.00105292 |   0.191138 |   0.015256 |   0.007627
2     |   0.00140604 |   0.96363902 |   0.98165119 |   0.00163007 |   0.96480963 |   0.98224723 |  15.933437 |   0.121478 |   0.060719
3     |   0.00281130 |   0.95178390 |   0.97559410 |   0.00265286 |   0.95097952 |   0.97518179 |   5.635904 |   0.084513 |   0.042263
4     |   0.00275506 |   0.96818012 |   0.98396146 |   0.00255697 |   0.96738346 |   0.98355654 |   7.189905 |   0.082284 |   0.041153
5     |  -0.00568834 |   0.96935707 |   0.98455936 |  -0.00520983 |   0.96872919 |   0.98424041 |   8.412137 |   0.064773 |   0.032395
6     |  -0.01260948 |   0.98402500 |   0.99198031 |  -0.01256112 |   0.98676845 |   0.99336220 |   0.383495 |   0.278799 |   0.139305
7     |  -0.01856028 |   0.97640437 |   0.98813176 |  -0.01866589 |   0.97688404 |   0.98837444 |   0.568979 |   0.049126 |   0.024560
8     |  -0.02180897 |   0.96717209 |   0.98344910 |  -0.02176622 |   0.96789420 |   0.98381614 |   0.196057 |   0.074662 |   0.037322
9     |  -0.02324424 |   0.92006177 |   0.95919847 |  -0.02310863 |   0.92059173 |   0.95947472 |   0.583435 |   0.057601 |   0.028799
10    |  -0.01903322 |   0.90725547 |   0.95249957 |  -0.01936906 |   0.90959514 |   0.95372697 |   1.764455 |   0.257884 |   0.128861
11    |  -0.01254401 |   0.96792197 |   0.98383027 |  -0.01288074 |   0.96460714 |   0.98214416 |   2.684428 |   0.342469 |   0.171383
12    |  -0.01360102 |   0.89627761 |   0.94671941 |  -0.01409530 |   0.89747228 |   0.94735013 |   3.634198 |   0.133293 |   0.066622
13    |  -0.01053792 |   0.91814929 |   0.95820105 |  -0.01019592 |   0.91716640 |   0.95768805 |   3.245432 |   0.107052 |   0.053538
14    |  -0.01779236 |   0.95073217 |   0.97505498 |  -0.01853804 |   0.94612572 |   0.97268994 |   4.191020 |   0.484516 |   0.242554
15    |  -0.02880515 |   0.94669151 |   0.97298074 |  -0.02905358 |   0.94712969 |   0.97320588 |   0.862465 |   0.046285 |   0.023140
16    |  -0.00154819 |   0.93080020 |   0.96477985 |  -0.00041551 |   0.93146858 |   0.96512620 |  73.161667 |   0.071807 |   0.035899
17    |  -0.00051431 |   0.90721458 |   0.95247811 |  -0.00054336 |   0.90628055 |   0.95198769 |   5.647797 |   0.102955 |   0.051489
18    |  -0.01163589 |   0.91466206 |   0.95637965 |  -0.01141048 |   0.91365587 |   0.95585348 |   1.937129 |   0.110007 |   0.055017
19    |  -0.01671521 |   0.93606764 |   0.96750587 |  -0.01623677 |   0.93595374 |   0.96744702 |   2.862335 |   0.012168 |   0.006082
20    |  -0.01678046 |   1.16700077 |   1.08027816 |  -0.01642854 |   1.16496330 |   1.07933466 |   2.097186 |   0.174590 |   0.087339
21    |  -0.02849663 |   1.29031193 |   1.13591897 |  -0.02892574 |   1.28794896 |   1.13487839 |   1.505809 |   0.183132 |   0.091607
22    |  -0.03725299 |   0.93280441 |   0.96581799 |  -0.03835457 |   0.92808293 |   0.96337061 |   2.957018 |   0.506159 |   0.253399
23    |  -0.03520295 |   1.00400174 |   1.00199890 |  -0.03435930 |   1.00372101 |   1.00185878 |   2.396536 |   0.027961 |   0.013985
24    |  -0.02593443 |   0.99419075 |   0.99709117 |  -0.02697604 |   0.99301842 |   0.99650310 |   4.016326 |   0.117918 |   0.058979
25    |  -0.01822011 |   0.98353499 |   0.99173331 |  -0.01860196 |   0.98417588 |   0.99205639 |   2.095767 |   0.065162 |   0.032577
26    |  -0.01701163 |   0.98561591 |   0.99278188 |  -0.01623677 |   0.98577015 |   0.99285958 |   4.554923 |   0.015649 |   0.007827
27    |  -0.01732478 |   0.98472959 |   0.99233544 |  -0.01725955 |   0.98192915 |   0.99092338 |   0.376512 |   0.284387 |   0.142296
28    |  -0.02782285 |   0.91554832 |   0.95684290 |  -0.02809472 |   0.91812629 |   0.95818907 |   0.977138 |   0.281576 |   0.140688
29    |  -0.00904718 |   1.06771159 |   1.03330135 |  -0.00862978 |   1.06587661 |   1.03241301 |   4.613586 |   0.171861 |   0.085972
30    |   0.01924171 |   1.44457817 |   1.20190609 |   0.01821842 |   1.43613494 |   1.19838847 |   5.318112 |   0.584478 |   0.292669
31    |   0.01964948 |   1.27230084 |   1.12796319 |   0.01821842 |   1.26779243 |   1.12596289 |   7.282926 |   0.354351 |   0.177337
32    |   0.02066037 |   1.64044702 |   1.28079939 |   0.01949690 |   1.63220621 |   1.27757826 |   5.631365 |   0.502351 |   0.251494
33    |  -0.03786861 |   1.18430984 |   1.08826005 |  -0.03877007 |   1.18574400 |   1.08891873 |   2.380501 |   0.121096 |   0.060525
34    |  -0.01147596 |   1.18678224 |   1.08939540 |  -0.01166618 |   1.18634214 |   1.08919334 |   1.657534 |   0.037084 |   0.018548
35    |  -0.02785145 |   1.02979898 |   1.01479018 |  -0.02796687 |   1.02925084 |   1.01452000 |   0.414427 |   0.053229 |   0.026624
36    |  -0.00460052 |   1.15324295 |   1.07389152 |  -0.00460255 |   1.15111718 |   1.07290129 |   0.044106 |   0.184330 |   0.092210
37    |  -0.00245756 |   1.14672625 |   1.07085299 |  -0.00223735 |   1.14784443 |   1.07137502 |   8.960674 |   0.097510 |   0.048748
38    |  -0.02174056 |   0.98177528 |   0.99084574 |  -0.02093520 |   0.98237758 |   0.99114963 |   3.704415 |   0.061348 |   0.030669
39    |  -0.01247728 |   0.97119141 |   0.98549044 |  -0.01291270 |   0.97105040 |   0.98541890 |   3.489707 |   0.014519 |   0.007260
40    |  -0.00011335 |   1.08287489 |   1.04061270 |   0.00067120 |   1.08199474 |   1.04018976 | 692.168600 |   0.081279 |   0.040643
41    |  -0.02529470 |   1.05055916 |   1.02496791 |  -0.02566560 |   1.05218569 |   1.02576103 |   1.466317 |   0.154825 |   0.077380
42    |   0.00627796 |   1.23828232 |   1.11278129 |   0.00568926 |   1.23890354 |   1.11306044 |   9.377183 |   0.050167 |   0.025086
43    |   0.00498932 |   1.14290333 |   1.06906652 |   0.00511394 |   1.14277613 |   1.06900708 |   2.497808 |   0.011129 |   0.005561
44    |   0.01394528 |   1.77059519 |   1.33063710 |   0.01217757 |   1.76170298 |   1.32729160 |  12.676020 |   0.502216 |   0.251421
45    |   0.00261342 |   1.56660903 |   1.25164258 |   0.00239716 |   1.56347745 |   1.25039092 |   8.275060 |   0.199895 |   0.100002
46    |  -0.01093883 |   1.18346250 |   1.08787060 |  -0.00987630 |   1.18517873 |   1.08865914 |   9.713346 |   0.145018 |   0.072485
47    |  -0.03333684 |   1.06780064 |   1.03334439 |  -0.03272923 |   1.06849676 |   1.03368117 |   1.822651 |   0.065192 |   0.032591
48    |  -0.02644012 |   1.19791496 |   1.09449303 |  -0.02678427 |   1.19729444 |   1.09420950 |   1.301617 |   0.051800 |   0.025905
49    |  -0.01196776 |   1.14445817 |   1.06979346 |  -0.01204973 |   1.14528266 |   1.07017880 |   0.684864 |   0.072041 |   0.036019
50    |  -0.01331281 |   1.47190821 |   1.21322227 |  -0.01342410 |   1.47374996 |   1.21398104 |   0.835955 |   0.125127 |   0.062542
51    |  -0.03569885 |   1.02689111 |   1.01335633 |  -0.03605329 |   1.02629508 |   1.01306223 |   0.992868 |   0.058042 |   0.029022
52    |  -0.00659392 |   1.10370147 |   1.05057192 |  -0.00588103 |   1.10391725 |   1.05067466 |  10.811249 |   0.019551 |   0.009780
53    |  -0.03306210 |   1.12765658 |   1.06191170 |  -0.03240961 |   1.12709138 |   1.06164560 |   1.973545 |   0.050121 |   0.025059
54    |  -0.01776175 |   1.00757802 |   1.00378191 |  -0.01793076 |   1.00339221 |   1.00169467 |   0.951526 |   0.415432 |   0.207938
55    |  -0.01885505 |   1.17119777 |   1.08221889 |  -0.01933709 |   1.17002608 |   1.08167744 |   2.556596 |   0.100043 |   0.050031
56    |   0.00534417 |   1.41546214 |   1.18973196 |   0.00556141 |   1.41603233 |   1.18997157 |   4.064982 |   0.040284 |   0.020140
57    |   0.04569058 |   1.06341803 |   1.03122163 |   0.04564193 |   1.06206888 |   1.03056726 |   0.106463 |   0.126870 |   0.063456
58    |   0.03432075 |   1.17482030 |   1.08389127 |   0.03394379 |   1.17382148 |   1.08343042 |   1.098328 |   0.085019 |   0.042518
59    |   0.00078006 |   0.99385953 |   0.99692506 |   0.00028766 |   0.99362483 |   0.99680732 |  63.123224 |   0.023615 |   0.011810
60    |  -0.01622614 |   1.03151953 |   1.01563752 |  -0.01658835 |   1.03312990 |   1.01642998 |   2.232233 |   0.156116 |   0.078026
61    |  -0.00262344 |   1.14289045 |   1.06906056 |  -0.00236520 |   1.14107690 |   1.06821201 |   9.843759 |   0.158681 |   0.079374
62    |  -0.02435203 |   1.14083350 |   1.06809807 |  -0.02486654 |   1.13760125 |   1.06658392 |   2.112821 |   0.283323 |   0.141762
63    |  -0.00346135 |   1.07461965 |   1.03663862 |  -0.00393134 |   1.07359816 |   1.03614582 |  13.578164 |   0.095056 |   0.047538
64    |  -0.00266434 |   1.44033861 |   1.20014107 |  -0.00370761 |   1.44055406 |   1.20023084 |  39.156914 |   0.014958 |   0.007479
65    |  -0.03415513 |   0.98717141 |   0.99356502 |  -0.03403968 |   0.98709895 |   0.99352854 |   0.338036 |   0.007340 |   0.003672
66    |  -0.00975745 |   1.03649080 |   1.01808190 |  -0.00978041 |   1.03594597 |   1.01781431 |   0.235306 |   0.052565 |   0.026284
67    |  -0.03421613 |   1.03288031 |   1.01630723 |  -0.03403968 |   1.03254843 |   1.01614390 |   0.515705 |   0.032131 |   0.016071
68    |  -0.00863614 |   1.17839944 |   1.08554113 |  -0.00875763 |   1.17826200 |   1.08547777 |   1.406713 |   0.011664 |   0.005836
69    |   0.01578745 |   1.00706160 |   1.00352454 |   0.01674816 |   1.00858669 |   1.00428417 |   6.085264 |   0.151439 |   0.075696
70    |   0.04244687 |   1.05902016 |   1.02908707 |   0.04257357 |   1.05765487 |   1.02842349 |   0.298487 |   0.128920 |   0.064482
71    |   0.04930789 |   1.06123483 |   1.03016257 |   0.04861441 |   1.06304284 |   1.03103969 |   1.406415 |   0.170368 |   0.085143
72    |   0.01322924 |   1.24717677 |   1.11677074 |   0.01291270 |   1.24390811 |   1.11530629 |   2.392670 |   0.262084 |   0.131133
73    |  -0.02070406 |   0.96997398 |   0.98487258 |  -0.02029596 |   0.97004614 |   0.98490920 |   1.971124 |   0.007439 |   0.003719
74    |  -0.01249283 |   1.03367615 |   1.01669860 |  -0.01227346 |   1.03133027 |   1.01554432 |   1.755979 |   0.226945 |   0.113532
75    |  -0.00415589 |   1.17290580 |   1.08300781 |  -0.00562534 |   1.16777574 |   1.08063673 |  35.358267 |   0.437381 |   0.218935
76    |  -0.01006972 |   1.25865960 |   1.12189996 |  -0.01128263 |   1.25222675 |   1.11902938 |  12.045165 |   0.511087 |   0.255868
77    |  -0.02246415 |   1.31089735 |   1.14494431 |  -0.02272508 |   1.31033532 |   1.14469879 |   1.161539 |   0.042874 |   0.021444
78    |  -0.01234119 |   1.35186040 |   1.16269529 |  -0.01284878 |   1.35050958 |   1.16211427 |   4.112940 |   0.099924 |   0.049972
79    |  -0.02425008 |   0.98266268 |   0.99129343 |  -0.02422730 |   0.98358268 |   0.99175737 |   0.093914 |   0.093623 |   0.046801
80    |  -0.01760788 |   1.00597930 |   1.00298524 |  -0.01706778 |   1.00528303 |   1.00263803 |   3.067390 |   0.069213 |   0.034617
81    |  -0.02280172 |   1.01536858 |   1.00765502 |  -0.02294882 |   1.01487759 |   1.00741133 |   0.645101 |   0.048356 |   0.024184
82    |   0.02167981 |   1.09116137 |   1.04458666 |   0.02154248 |   1.08931682 |   1.04370341 |   0.633445 |   0.169045 |   0.084554
83    |   0.02821614 |   1.03995776 |   1.01978314 |   0.02838238 |   1.03364339 |   1.01668254 |   0.589162 |   0.607176 |   0.304045
84    |   0.04653655 |   1.05661070 |   1.02791572 |   0.04660080 |   1.05691445 |   1.02806344 |   0.138059 |   0.028747 |   0.014372
85    |   0.03653402 |   1.11663008 |   1.05670714 |   0.03656469 |   1.11693487 |   1.05685140 |   0.083953 |   0.027296 |   0.013651
86    |  -0.01097145 |   1.09352362 |   1.04571676 |  -0.01125067 |   1.09169028 |   1.04483984 |   2.545036 |   0.167654 |   0.083859
87    |  -0.00029555 |   1.19430852 |   1.09284425 |  -0.00025570 |   1.19479973 |   1.09306895 |  13.484573 |   0.041130 |   0.020561
88    |  -0.00769126 |   1.05367994 |   1.02648914 |  -0.00751110 |   1.05301866 |   1.02616698 |   2.342401 |   0.062759 |   0.031385
89    |   0.03350867 |   1.13367140 |   1.06474006 |   0.03272923 |   1.12970359 |   1.06287515 |   2.326084 |   0.349997 |   0.175152
90    |   0.03272818 |   1.22334218 |   1.10604799 |   0.03167448 |   1.21837521 |   1.10380035 |   3.219564 |   0.406016 |   0.203214
91    |   0.00216921 |   1.36261654 |   1.16731167 |   0.00217343 |   1.35951678 |   1.16598318 |   0.194481 |   0.227486 |   0.113807
92    |   0.00610695 |   1.45532501 |   1.20636857 |   0.00469843 |   1.45062160 |   1.20441753 |  23.064100 |   0.323186 |   0.161728
93    |  -0.02906603 |   1.09070361 |   1.04436755 |  -0.02937321 |   1.08956499 |   1.04382230 |   1.056826 |   0.104393 |   0.052209
94    |  -0.00801912 |   1.06573319 |   1.03234351 |  -0.00802250 |   1.06532066 |   1.03214372 |   0.042115 |   0.038709 |   0.019353
95    |  -0.02700715 |   1.19690716 |   1.09403253 |  -0.02681623 |   1.19706089 |   1.09410278 |   0.706893 |   0.012843 |   0.006421
96    |   0.02146196 |   1.06321251 |   1.03112197 |   0.02119090 |   1.06312439 |   1.03107923 |   1.262997 |   0.008289 |   0.004145
97    |   0.03200800 |   1.05932522 |   1.02923524 |   0.03106720 |   1.05837433 |   1.02877321 |   2.939257 |   0.089764 |   0.044891
98    |   0.04692053 |   1.06895113 |   1.03390098 |   0.04644099 |   1.06762499 |   1.03325940 |   1.022025 |   0.124059 |   0.062054
99    |   0.03407305 |   1.29652452 |   1.13865030 |   0.03400772 |   1.29601660 |   1.13842725 |   0.191763 |   0.039176 |   0.019589
100   |  -0.01257250 |   1.26232874 |   1.12353408 |  -0.01262504 |   1.25992269 |   1.12246278 |   0.417905 |   0.190604 |   0.095351
101   |  -0.01070483 |   1.07035410 |   1.03457916 |  -0.01070732 |   1.06939879 |   1.03411740 |   0.023190 |   0.089252 |   0.044633
102   |   0.01226388 |   1.27167404 |   1.12768531 |   0.01345606 |   1.27247065 |   1.12803841 |   9.721077 |   0.062643 |   0.031312
103   |   0.04181258 |   1.13539290 |   1.06554818 |   0.04167863 |   1.13385182 |   1.06482478 |   0.320361 |   0.135732 |   0.067890
104   |   0.03980260 |   1.13011408 |   1.06306827 |   0.03988875 |   1.13021617 |   1.06311626 |   0.216451 |   0.009034 |   0.004514
105   |   0.04068194 |   1.15349829 |   1.07401037 |   0.04004856 |   1.15232245 |   1.07346283 |   1.556916 |   0.101937 |   0.050981
106   |   0.01646458 |   1.18691933 |   1.08945823 |   0.01585322 |   1.18659213 |   1.08930810 |   3.713156 |   0.027567 |   0.013780
107   |  -0.02601418 |   1.08778191 |   1.04296780 |  -0.02604914 |   1.08910901 |   1.04360386 |   0.134382 |   0.122001 |   0.060986
108   |  -0.00057049 |   1.04997122 |   1.02468109 |  -0.00121456 |   1.05021188 |   1.02479846 | 112.899396 |   0.022920 |   0.011454
109   |  -0.01878656 |   1.13478863 |   1.06526458 |  -0.01908140 |   1.13353682 |   1.06467686 |   1.569388 |   0.110313 |   0.055171
110   |   0.01289888 |   1.56699216 |   1.25179553 |   0.01134656 |   1.55493991 |   1.24697230 |  12.034521 |   0.769133 |   0.385305
111   |   0.03291997 |   1.05849218 |   1.02883053 |   0.03317670 |   1.05913635 |   1.02914351 |   0.779862 |   0.060857 |   0.030421
112   |   0.05093082 |   1.07471204 |   1.03668320 |   0.05005271 |   1.07609782 |   1.03735135 |   1.724119 |   0.128945 |   0.064451
113   |   0.02019913 |   1.17558575 |   1.08424437 |   0.02007222 |   1.17655338 |   1.08469045 |   0.628295 |   0.082311 |   0.041142
114   |   0.00563509 |   1.39723480 |   1.18204689 |   0.00530572 |   1.39529652 |   1.18122670 |   5.845011 |   0.138723 |   0.069387
115   |  -0.01281994 |   0.97826177 |   0.98907119 |  -0.01262504 |   0.97850138 |   0.98919228 |   1.520238 |   0.024493 |   0.012243
116   |   0.01268717 |   1.22069740 |   1.10485172 |   0.01214561 |   1.22250459 |   1.10566930 |   4.268557 |   0.148046 |   0.073999
117   |   0.00510366 |   1.40884435 |   1.18694746 |   0.00434685 |   1.40438798 |   1.18506877 |  14.828836 |   0.316314 |   0.158280
118   |   0.04460692 |   1.15489483 |   1.07466030 |   0.04445933 |   1.15814704 |   1.07617240 |   0.330866 |   0.281602 |   0.140705
119   |   0.03191973 |   1.12703359 |   1.06161833 |   0.03196214 |   1.12590959 |   1.06108887 |   0.132863 |   0.099731 |   0.049873
120   |   0.02840833 |   1.25501919 |   1.12027633 |   0.02828649 |   1.25578041 |   1.12061609 |   0.428872 |   0.060655 |   0.030328
121   |  -0.02798251 |   1.10878229 |   1.05298734 |  -0.02764725 |   1.10786626 |   1.05255226 |   1.198089 |   0.082616 |   0.041318
122   |  -0.01610216 |   1.12775171 |   1.06195652 |  -0.01530986 |   1.12678818 |   1.06150279 |   4.920460 |   0.085438 |   0.042726
123   |  -0.01313676 |   1.26327860 |   1.12395668 |  -0.01380764 |   1.26407360 |   1.12431028 |   5.106888 |   0.062931 |   0.031460
124   |  -0.01371638 |   1.21748412 |   1.10339665 |  -0.01537379 |   1.21333159 |   1.10151332 |  12.083425 |   0.341075 |   0.170685
125   |   0.00748755 |   1.32822049 |   1.15248454 |   0.00747914 |   1.32686816 |   1.15189764 |   0.112344 |   0.101815 |   0.050925
126   |   0.05015165 |   1.08456409 |   1.04142404 |   0.04944543 |   1.08609917 |   1.04216082 |   1.408165 |   0.141539 |   0.070747
127   |   0.02774095 |   1.25042927 |   1.11822593 |   0.02793491 |   1.24974446 |   1.11791970 |   0.699194 |   0.054766 |   0.027385
128   |   0.01807824 |   1.37388861 |   1.17212999 |   0.01770702 |   1.37544861 |   1.17279521 |   2.053390 |   0.113546 |   0.056753
129   |  -0.02262037 |   1.10848618 |   1.05284667 |  -0.02304470 |   1.10741857 |   1.05233957 |   1.875898 |   0.096312 |   0.048165
130   |   0.01612675 |   1.31045055 |   1.14474916 |   0.01626873 |   1.31140460 |   1.14516575 |   0.880368 |   0.072803 |   0.036391
131   |   0.04145792 |   1.71528637 |   1.30968940 |   0.04097546 |   1.71671444 |   1.31023450 |   1.163742 |   0.083255 |   0.041620
132   |   0.04211314 |   1.11726880 |   1.05700934 |   0.04203021 |   1.11626719 |   1.05653547 |   0.196908 |   0.089648 |   0.044831
133   |   0.03285622 |   1.09817421 |   1.04793811 |   0.03279315 |   1.09903283 |   1.04834767 |   0.191952 |   0.078186 |   0.039082
134   |   0.03565666 |   1.12268531 |   1.05956841 |   0.03330455 |   1.11818574 |   1.05744302 |   6.596549 |   0.400787 |   0.200590
135   |  -0.01546809 |   1.03571045 |   1.01769865 |  -0.01585322 |   1.03490295 |   1.01730180 |   2.489866 |   0.077966 |   0.038994
136   |  -0.02400539 |   1.03608978 |   1.01788497 |  -0.02381179 |   1.03391607 |   1.01681664 |   0.806467 |   0.209799 |   0.104956
137   |   0.03236256 |   1.08186948 |   1.04012954 |   0.03263334 |   1.08614374 |   1.04218220 |   0.836713 |   0.395081 |   0.197347
138   |  -0.00267999 |   1.29203820 |   1.13667858 |  -0.00258893 |   1.29158851 |   1.13648076 |   3.397608 |   0.034805 |   0.017403
139   |   0.02375443 |   1.15187514 |   1.07325447 |   0.02445104 |   1.15314333 |   1.07384511 |   2.932519 |   0.110098 |   0.055033
140   |   0.05382111 |   1.06378782 |   1.03140092 |   0.05340873 |   1.06323472 |   1.03113274 |   0.766190 |   0.051994 |   0.026002
141   |   0.03941981 |   1.22738469 |   1.10787392 |   0.03870615 |   1.22633800 |   1.10740146 |   1.810413 |   0.085277 |   0.042645
142   |   0.01996067 |   1.24054897 |   1.11379933 |   0.01911336 |   1.23600268 |   1.11175657 |   4.244902 |   0.366474 |   0.183405
143   |   0.03915957 |   1.38305223 |   1.17603242 |   0.03915362 |   1.38023936 |   1.17483588 |   0.015195 |   0.203382 |   0.101744
144   |   0.04516365 |   1.29493809 |   1.13795352 |   0.04538624 |   1.29274302 |   1.13698858 |   0.492853 |   0.169511 |   0.084796
145   |   0.05496335 |   1.10431516 |   1.05086398 |   0.05379228 |   1.10609244 |   1.05170929 |   2.130633 |   0.160939 |   0.080440
146   |   0.04576626 |   1.07658374 |   1.03758550 |   0.04458718 |   1.07750832 |   1.03803098 |   2.576310 |   0.085880 |   0.042935
147   |   0.03902418 |   1.06469941 |   1.03184271 |   0.03892988 |   1.06341953 |   1.03122235 |   0.241628 |   0.120211 |   0.060122
148   |   0.04482558 |   1.10667932 |   1.05198824 |   0.04413971 |   1.10335652 |   1.05040779 |   1.530079 |   0.300250 |   0.150235
149   |   0.04257230 |   1.24461353 |   1.11562252 |   0.04119920 |   1.23794504 |   1.11262978 |   3.225355 |   0.535788 |   0.268257
150   |   0.05310999 |   1.23092043 |   1.10946858 |   0.05238595 |   1.22850556 |   1.10837970 |   1.363291 |   0.196185 |   0.098144
151   |   0.05298463 |   1.09382999 |   1.04586327 |   0.05312107 |   1.09402647 |   1.04595720 |   0.257526 |   0.017963 |   0.008981
152   |   0.02337261 |   1.40179169 |   1.18397284 |   0.02240546 |   1.40293082 |   1.18445381 |   4.137986 |   0.081263 |   0.040624
153   |   0.04900019 |   1.37276638 |   1.17165112 |   0.04934954 |   1.37349624 |   1.17196256 |   0.712955 |   0.053167 |   0.026581
154   |   0.06381477 |   1.06557047 |   1.03226471 |   0.06411605 |   1.06702703 |   1.03297000 |   0.472110 |   0.136692 |   0.068325
155   |   0.04573268 |   1.14750206 |   1.07121527 |   0.04468307 |   1.14169384 |   1.06850074 |   2.295101 |   0.506162 |   0.253406
156   |   0.02665041 |   1.18847382 |   1.09017146 |   0.02755136 |   1.18954042 |   1.09066054 |   3.380650 |   0.089745 |   0.044863
157   |   0.05417440 |   1.05489433 |   1.02708054 |   0.05417582 |   1.05599297 |   1.02761519 |   0.002622 |   0.104147 |   0.052055
158   |   0.05764575 |   1.06181228 |   1.03044271 |   0.05765970 |   1.06340553 |   1.03121556 |   0.024197 |   0.150050 |   0.075001
159   |   0.05368769 |   1.05740678 |   1.02830291 |   0.05388817 |   1.05793959 |   1.02856190 |   0.373408 |   0.050388 |   0.025187
160   |   0.04323395 |   1.06688845 |   1.03290296 |   0.04270142 |   1.06745348 |   1.03317640 |   1.231746 |   0.052960 |   0.026474
161   |   0.04293409 |   1.04184949 |   1.02071023 |   0.04324477 |   1.03901429 |   1.01932050 |   0.723638 |   0.272132 |   0.136153
162   |   0.04368632 |   1.04070699 |   1.02015042 |   0.04340458 |   1.04102268 |   1.02030519 |   0.644904 |   0.030334 |   0.015171
163   |   0.04786523 |   1.05050743 |   1.02494264 |   0.04746378 |   1.04917781 |   1.02429381 |   0.838711 |   0.126569 |   0.063304
164   |   0.05305237 |   1.05549228 |   1.02737153 |   0.05344070 |   1.05483207 |   1.02705018 |   0.731975 |   0.062551 |   0.031279
165   |   0.05617986 |   1.06765020 |   1.03327155 |   0.05596570 |   1.06668569 |   1.03280477 |   0.381200 |   0.090339 |   0.045175
166   |   0.04654754 |   1.08602214 |   1.04212391 |   0.04586567 |   1.08399955 |   1.04115299 |   1.464899 |   0.186238 |   0.093167
167   |   0.03477136 |   1.08714044 |   1.04266024 |   0.03480677 |   1.08467830 |   1.04147890 |   0.101843 |   0.226479 |   0.113300
168   |   0.05684899 |   1.07132590 |   1.03504872 |   0.05740400 |   1.07061614 |   1.03470582 |   0.976287 |   0.066251 |   0.033129
169   |   0.03602196 |   1.26241410 |   1.12357199 |   0.03582956 |   1.25770699 |   1.12147536 |   0.534123 |   0.372866 |   0.186604
170   |   0.02667459 |   1.18143976 |   1.08694053 |   0.02649661 |   1.18209888 |   1.08724371 |   0.667227 |   0.055789 |   0.027893
171   |   0.04930928 |   1.02353334 |   1.01169825 |   0.04880619 |   1.02171487 |   1.01079912 |   1.020290 |   0.177667 |   0.088873
172   |   0.05123125 |   1.02977741 |   1.01477945 |   0.05123531 |   1.02851182 |   1.01415572 |   0.007928 |   0.122899 |   0.061465
173   |   0.04821738 |   1.02240705 |   1.01114142 |   0.04803909 |   1.02207866 |   1.01097906 |   0.369759 |   0.032120 |   0.016057
174   |   0.04051240 |   1.03074849 |   1.01525784 |   0.03985679 |   1.03031405 |   1.01504387 |   1.618306 |   0.042147 |   0.021075
175   |   0.03386719 |   1.02574158 |   1.01278901 |   0.03324062 |   1.02520564 |   1.01252439 |   1.850072 |   0.052249 |   0.026128
176   |   0.03246237 |   1.01873386 |   1.00932348 |   0.03260138 |   1.01965059 |   1.00977750 |   0.428224 |   0.089987 |   0.044982
177   |   0.03908742 |   1.01416981 |   1.00705993 |   0.03934539 |   1.01468665 |   1.00731656 |   0.659993 |   0.050962 |   0.025483
178   |   0.04358903 |   1.01433277 |   1.00714087 |   0.04334066 |   1.01215047 |   1.00605689 |   0.569790 |   0.215146 |   0.107629
179   |   0.04788677 |   1.03719425 |   1.01842737 |   0.04768751 |   1.03889235 |   1.01926069 |   0.416105 |   0.163721 |   0.081824
180   |   0.04716273 |   1.03811896 |   1.01888120 |   0.04733593 |   1.03868608 |   1.01915949 |   0.367233 |   0.054629 |   0.027314
181   |   0.04761815 |   1.04098797 |   1.02028823 |   0.04851853 |   1.03830557 |   1.01897280 |   1.890824 |   0.257678 |   0.128927
182   |   0.05253236 |   1.09914494 |   1.04840112 |   0.05181063 |   1.10085756 |   1.04921759 |   1.373890 |   0.155814 |   0.077878
183   |   0.05590779 |   1.20061719 |   1.09572685 |   0.05657299 |   1.20187719 |   1.09630160 |   1.189815 |   0.104946 |   0.052454
184   |   0.04144907 |   1.32314169 |   1.15027893 |   0.04091154 |   1.32428925 |   1.15077767 |   1.296851 |   0.086729 |   0.043359
185   |   0.05420377 |   1.03652573 |   1.01809907 |   0.05430367 |   1.03613649 |   1.01790790 |   0.184316 |   0.037552 |   0.018777
186   |   0.05186640 |   1.05026627 |   1.02482498 |   0.05145904 |   1.04869903 |   1.02406007 |   0.785398 |   0.149223 |   0.074638
187   |   0.04537049 |   1.04057121 |   1.02008390 |   0.04564193 |   1.03951714 |   1.01956713 |   0.598284 |   0.101298 |   0.050660
188   |   0.03751133 |   1.04669440 |   1.02308083 |   0.03736374 |   1.04766751 |   1.02355631 |   0.393465 |   0.092970 |   0.046475
189   |   0.03037896 |   1.05468512 |   1.02697861 |   0.03004441 |   1.05357641 |   1.02643870 |   1.101261 |   0.105122 |   0.052573
190   |   0.03777029 |   1.05611575 |   1.02767491 |   0.03774729 |   1.05683232 |   1.02802350 |   0.060896 |   0.067850 |   0.033920
191   |   0.03740834 |   1.04674160 |   1.02310395 |   0.03835457 |   1.04334678 |   1.02144348 |   2.529451 |   0.324323 |   0.162298
192   |   0.04240255 |   1.04309070 |   1.02131808 |   0.04238180 |   1.04354808 |   1.02154201 |   0.048956 |   0.043849 |   0.021926
193   |   0.04576524 |   1.06091714 |   1.03000832 |   0.04586567 |   1.05946441 |   1.02930288 |   0.219444 |   0.136931 |   0.068489
194   |   0.04213415 |   1.03621483 |   1.01794636 |   0.04241376 |   1.03462361 |   1.01716450 |   0.663602 |   0.153561 |   0.076808
195   |   0.04187862 |   1.03787470 |   1.01876140 |   0.04234983 |   1.03912227 |   1.01937347 |   1.125184 |   0.120205 |   0.060080
196   |   0.04140329 |   1.18974292 |   1.09075332 |   0.04199825 |   1.18971956 |   1.09074266 |   1.436979 |   0.001964 |   0.000977

======================================================================================================================================================
SUMMARY STATISTICS (across all vectors)
======================================================================================================================================================
Mean Error %:     Avg=10.005172%  Max=692.168600%  Min=0.002622%
Variance Error %: Avg=0.363222%  Max=43.387406%  Min=0.001964%
Std Error %:      Avg=0.197204%  Max=24.758661%  Min=0.000977%
