======================================================================================================================================================
PER-VECTOR STATISTICS: Symmetric_Corrected + Clip±7.0
======================================================================================================================================================
Method: symmetric_corrected
Clipping: True (threshold: ±7.0)
Global S: 0.0551181102
Global ZP: 141
======================================================================================================================================================

Vec   | Mean_Orig    | Var_Orig     | Std_Orig     | Mean_Recon   | Var_Recon    | Std_Recon    | Mean_Err%  | Var_Err%   | Std_Err%  
------------------------------------------------------------------------------------------------------------------------------------------------------
0     |   0.00562331 |   1.48577631 |   1.21892428 |   0.03209840 |   0.84278095 |   0.91803102 | 470.810051 |  43.276727 |  24.685148
1     |  -0.01495490 |   1.00225985 |   1.00112927 |  -0.01496371 |   1.00214453 |   1.00107169 |   0.058861 |   0.011506 |   0.005751
2     |   0.00140604 |   0.96363902 |   0.98165119 |   0.00204540 |   0.96469576 |   0.98218927 |  45.472421 |   0.109661 |   0.054814
3     |   0.00281130 |   0.95178390 |   0.97559410 |   0.00208128 |   0.95060972 |   0.97499217 |  25.967237 |   0.123365 |   0.061700
4     |   0.00275506 |   0.96818012 |   0.98396146 |   0.00245807 |   0.96884359 |   0.98429853 |  10.779824 |   0.068528 |   0.034256
5     |  -0.00568834 |   0.96935707 |   0.98455936 |  -0.00507761 |   0.96808462 |   0.98391291 |  10.736474 |   0.131268 |   0.065658
6     |  -0.01260948 |   0.98402500 |   0.99198031 |  -0.01264918 |   0.98233346 |   0.99112737 |   0.314831 |   0.171900 |   0.085984
7     |  -0.01856028 |   0.97640437 |   0.98813176 |  -0.01853418 |   0.97690365 |   0.98838436 |   0.140636 |   0.051135 |   0.025564
8     |  -0.02180897 |   0.96717209 |   0.98344910 |  -0.02217643 |   0.96646242 |   0.98308821 |   1.684869 |   0.073375 |   0.036697
9     |  -0.02324424 |   0.92006177 |   0.95919847 |  -0.02379122 |   0.92071179 |   0.95953728 |   2.353160 |   0.070650 |   0.035322
10    |  -0.01903322 |   0.90725547 |   0.95249957 |  -0.01874949 |   0.90788631 |   0.95283068 |   1.490741 |   0.069532 |   0.034763
11    |  -0.01254401 |   0.96792197 |   0.98383027 |  -0.01273889 |   0.96858339 |   0.98416634 |   1.553563 |   0.068334 |   0.034159
12    |  -0.01360102 |   0.89627761 |   0.94671941 |  -0.01336686 |   0.89842152 |   0.94785100 |   1.721606 |   0.239202 |   0.119528
13    |  -0.01053792 |   0.91814929 |   0.95820105 |  -0.01074731 |   0.91666624 |   0.95742689 |   1.987019 |   0.161526 |   0.080793
14    |  -0.01779236 |   0.95073217 |   0.97505498 |  -0.01752943 |   0.94917852 |   0.97425794 |   1.477791 |   0.163416 |   0.081744
15    |  -0.02880515 |   0.94669151 |   0.97298074 |  -0.02926355 |   0.94395426 |   0.97157309 |   1.591397 |   0.289139 |   0.144674
16    |  -0.00154819 |   0.93080020 |   0.96477985 |  -0.00152508 |   0.93175090 |   0.96527245 |   1.492706 |   0.102138 |   0.051058
17    |  -0.00051431 |   0.90721458 |   0.95247811 |  -0.00064592 |   0.90876392 |   0.95329110 |  25.588914 |   0.170779 |   0.085355
18    |  -0.01163589 |   0.91466206 |   0.95637965 |  -0.01155471 |   0.91543568 |   0.95678403 |   0.697648 |   0.084580 |   0.042282
19    |  -0.01671521 |   0.93606764 |   0.96750587 |  -0.01715264 |   0.93586162 |   0.96739941 |   2.616953 |   0.022009 |   0.011004
20    |  -0.01678046 |   1.16700077 |   1.08027816 |  -0.01735000 |   1.16466466 |   1.07919630 |   3.394113 |   0.200181 |   0.100146
21    |  -0.02849663 |   1.29031193 |   1.13591897 |  -0.02888677 |   1.28711053 |   1.13450894 |   1.369072 |   0.248111 |   0.124132
22    |  -0.03725299 |   0.93280441 |   0.96581799 |  -0.03739132 |   0.93415645 |   0.96651769 |   0.371335 |   0.144944 |   0.072447
23    |  -0.03520295 |   1.00400174 |   1.00199890 |  -0.03502297 |   1.00266529 |   1.00133176 |   0.511276 |   0.133112 |   0.066581
24    |  -0.02593443 |   0.99419075 |   0.99709117 |  -0.02580073 |   0.99498791 |   0.99749080 |   0.515545 |   0.080181 |   0.040080
25    |  -0.01822011 |   0.98353499 |   0.99173331 |  -0.01835476 |   0.98427931 |   0.99210852 |   0.739006 |   0.075678 |   0.037833
26    |  -0.01701163 |   0.98561591 |   0.99278188 |  -0.01679380 |   0.98546292 |   0.99270485 |   1.280500 |   0.015522 |   0.007758
27    |  -0.01732478 |   0.98472959 |   0.99233544 |  -0.01715264 |   0.98459630 |   0.99226826 |   0.993627 |   0.013535 |   0.006770
28    |  -0.02782285 |   0.91554832 |   0.95684290 |  -0.02917384 |   0.91270214 |   0.95535446 |   4.855690 |   0.310873 |   0.155558
29    |  -0.00904718 |   1.06771159 |   1.03330135 |  -0.00854044 |   1.06604666 |   1.03249536 |   5.601088 |   0.155934 |   0.078002
30    |   0.01924171 |   1.44457817 |   1.20190609 |   0.01961071 |   1.44382746 |   1.20159372 |   1.917672 |   0.051967 |   0.025989
31    |   0.01964948 |   1.27230084 |   1.12796319 |   0.02000543 |   1.27330324 |   1.12840739 |   1.811540 |   0.078786 |   0.039381
32    |   0.02066037 |   1.64044702 |   1.28079939 |   0.01891097 |   1.62816939 |   1.27599741 |   8.467415 |   0.748432 |   0.374920
33    |  -0.03786861 |   1.18430984 |   1.08826005 |  -0.03879081 |   1.18400742 |   1.08812105 |   2.435246 |   0.025535 |   0.012773
34    |  -0.01147596 |   1.18678224 |   1.08939540 |  -0.01139323 |   1.18607522 |   1.08907080 |   0.720928 |   0.059575 |   0.029796
35    |  -0.02785145 |   1.02979898 |   1.01479018 |  -0.02743346 |   1.02999097 |   1.01488471 |   1.500773 |   0.018643 |   0.009315
36    |  -0.00460052 |   1.15324295 |   1.07389152 |  -0.00507761 |   1.15329075 |   1.07391375 |  10.370429 |   0.004145 |   0.002070
37    |  -0.00245756 |   1.14672625 |   1.07085299 |  -0.00217099 |   1.14683084 |   1.07090188 |  11.660763 |   0.009120 |   0.004565
38    |  -0.02174056 |   0.98177528 |   0.99084574 |  -0.02181759 |   0.98205491 |   0.99098684 |   0.354287 |   0.028482 |   0.014240
39    |  -0.01247728 |   0.97119141 |   0.98549044 |  -0.01290036 |   0.97283773 |   0.98632537 |   3.390815 |   0.169515 |   0.084722
40    |  -0.00011335 |   1.08287489 |   1.04061270 |  -0.00021531 |   1.08081413 |   1.03962211 |  89.952321 |   0.190305 |   0.095193
41    |  -0.02529470 |   1.05055916 |   1.02496791 |  -0.02554954 |   1.05054183 |   1.02495943 |   1.007499 |   0.001650 |   0.000828
42    |   0.00627796 |   1.23828232 |   1.11278129 |   0.00610031 |   1.23281967 |   1.11032413 |   2.829653 |   0.441148 |   0.220812
43    |   0.00498932 |   1.14290333 |   1.06906652 |   0.00416257 |   1.14664998 |   1.07081744 |  16.570458 |   0.327819 |   0.163779
44    |   0.01394528 |   1.77059519 |   1.33063710 |   0.01408454 |   1.77108291 |   1.33082039 |   0.998629 |   0.027545 |   0.013775
45    |   0.00261342 |   1.56660903 |   1.25164258 |   0.00179421 |   1.56412192 |   1.25064860 |  31.346379 |   0.158757 |   0.079414
46    |  -0.01093883 |   1.18346250 |   1.08787060 |  -0.01112410 |   1.18355146 |   1.08791151 |   1.693699 |   0.007517 |   0.003761
47    |  -0.03333684 |   1.06780064 |   1.03334439 |  -0.03356966 |   1.06732026 |   1.03311193 |   0.698363 |   0.044988 |   0.022496
48    |  -0.02644012 |   1.19791496 |   1.09449303 |  -0.02664401 |   1.19750820 |   1.09430718 |   0.771121 |   0.033956 |   0.016981
49    |  -0.01196776 |   1.14445817 |   1.06979346 |  -0.01094468 |   1.14610300 |   1.07056200 |   8.548686 |   0.143721 |   0.071840
50    |  -0.01331281 |   1.47190821 |   1.21322227 |  -0.01383335 |   1.47000196 |   1.21243637 |   3.910104 |   0.129509 |   0.064777
51    |  -0.03569885 |   1.02689111 |   1.01335633 |  -0.03552534 |   1.02549698 |   1.01266825 |   0.486025 |   0.135763 |   0.067901
52    |  -0.00659392 |   1.10370147 |   1.05057192 |  -0.00678211 |   1.10378908 |   1.05061367 |   2.854036 |   0.007938 |   0.003974
53    |  -0.03306210 |   1.12765658 |   1.06191170 |  -0.03353377 |   1.12749833 |   1.06183724 |   1.426612 |   0.014034 |   0.007012
54    |  -0.01776175 |   1.00757802 |   1.00378191 |  -0.01745766 |   1.00663762 |   1.00331332 |   1.712080 |   0.093332 |   0.046683
55    |  -0.01885505 |   1.17119777 |   1.08221889 |  -0.01894685 |   1.17048084 |   1.08188763 |   0.486893 |   0.061213 |   0.030609
56    |   0.00534417 |   1.41546214 |   1.18973196 |   0.00604649 |   1.41524520 |   1.18964079 |  13.141659 |   0.015326 |   0.007663
57    |   0.04569058 |   1.06341803 |   1.03122163 |   0.04580616 |   1.06335251 |   1.03118985 |   0.252976 |   0.006162 |   0.003082
58    |   0.03432075 |   1.17482030 |   1.08389127 |   0.03373114 |   1.17318210 |   1.08313531 |   1.717942 |   0.139443 |   0.069745
59    |   0.00078006 |   0.99385953 |   0.99692506 |   0.00010765 |   0.99391503 |   0.99695287 |  86.199368 |   0.005584 |   0.002790
60    |  -0.01622614 |   1.03151953 |   1.01563752 |  -0.01623759 |   1.02937626 |   1.01458181 |   0.070564 |   0.207778 |   0.103945
61    |  -0.00262344 |   1.14289045 |   1.06906056 |  -0.00299633 |   1.14321251 |   1.06921116 |  14.213601 |   0.028179 |   0.014087
62    |  -0.02435203 |   1.14083350 |   1.06809807 |  -0.02632105 |   1.13715285 |   1.06637369 |   8.085658 |   0.322628 |   0.161444
63    |  -0.00346135 |   1.07461965 |   1.03663862 |  -0.00396520 |   1.07365699 |   1.03617421 |  14.556380 |   0.089582 |   0.044800
64    |  -0.00266434 |   1.44033861 |   1.20014107 |  -0.00290662 |   1.43904173 |   1.19960065 |   9.093554 |   0.090040 |   0.045030
65    |  -0.03415513 |   0.98717141 |   0.99356502 |  -0.03322876 |   0.98684316 |   0.99339980 |   2.712264 |   0.033251 |   0.016629
66    |  -0.00975745 |   1.03649080 |   1.01808190 |  -0.01029876 |   1.03876197 |   1.01919673 |   5.547625 |   0.219121 |   0.109502
67    |  -0.03421613 |   1.03288031 |   1.01630723 |  -0.03423351 |   1.03359054 |   1.01665655 |   0.050800 |   0.068762 |   0.034371
68    |  -0.00863614 |   1.17839944 |   1.08554113 |  -0.00920429 |   1.17832503 |   1.08550681 |   6.578790 |   0.006315 |   0.003162
69    |   0.01578745 |   1.00706160 |   1.00352454 |   0.01595052 |   1.00574700 |   1.00286938 |   1.032899 |   0.130538 |   0.065286
70    |   0.04244687 |   1.05902016 |   1.02908707 |   0.04166154 |   1.05948029 |   1.02931059 |   1.850148 |   0.043448 |   0.021720
71    |   0.04930789 |   1.06123483 |   1.03016257 |   0.04862307 |   1.06218744 |   1.03062478 |   1.388853 |   0.089764 |   0.044868
72    |   0.01322924 |   1.24717677 |   1.11677074 |   0.01333098 |   1.24855416 |   1.11738720 |   0.769048 |   0.110441 |   0.055200
73    |  -0.02070406 |   0.96997398 |   0.98487258 |  -0.02088460 |   0.96887072 |   0.98431231 |   0.871982 |   0.113741 |   0.056887
74    |  -0.01249283 |   1.03367615 |   1.01669860 |  -0.01297213 |   1.03417996 |   1.01694639 |   3.836605 |   0.048740 |   0.024372
75    |  -0.00415589 |   1.17290580 |   1.08300781 |  -0.00468289 |   1.17359149 |   1.08332428 |  12.680795 |   0.058460 |   0.029221
76    |  -0.01006972 |   1.25865960 |   1.12189996 |  -0.01058583 |   1.25332900 |   1.11952177 |   5.125411 |   0.423514 |   0.211979
77    |  -0.02246415 |   1.31089735 |   1.14494431 |  -0.02310942 |   1.31089070 |   1.14494135 |   2.872423 |   0.000507 |   0.000258
78    |  -0.01234119 |   1.35186040 |   1.16269529 |  -0.01295419 |   1.34993465 |   1.16186688 |   4.967084 |   0.142452 |   0.071249
79    |  -0.02425008 |   0.98266268 |   0.99129343 |  -0.02443713 |   0.98114013 |   0.99052518 |   0.771361 |   0.154941 |   0.077500
80    |  -0.01760788 |   1.00597930 |   1.00298524 |  -0.01749354 |   1.00766535 |   1.00382536 |   0.649389 |   0.167603 |   0.083762
81    |  -0.02280172 |   1.01536858 |   1.00765502 |  -0.02266086 |   1.01116933 |   1.00556916 |   0.617751 |   0.413569 |   0.207002
82    |   0.02167981 |   1.09116137 |   1.04458666 |   0.02169199 |   1.09377793 |   1.04583839 |   0.056179 |   0.239796 |   0.119830
83    |   0.02821614 |   1.03995776 |   1.01978314 |   0.02782819 |   1.03963154 |   1.01962324 |   1.374936 |   0.031369 |   0.015680
84    |   0.04653655 |   1.05661070 |   1.02791572 |   0.04690063 |   1.05527714 |   1.02726683 |   0.782356 |   0.126211 |   0.063126
85    |   0.03653402 |   1.11663008 |   1.05670714 |   0.03604567 |   1.11718599 |   1.05697019 |   1.336699 |   0.049785 |   0.024893
86    |  -0.01097145 |   1.09352362 |   1.04571676 |  -0.01107027 |   1.09297233 |   1.04545317 |   0.900755 |   0.050414 |   0.025207
87    |  -0.00029555 |   1.19430852 |   1.09284425 |  -0.00116624 |   1.19505957 |   1.09318780 | 294.597386 |   0.062886 |   0.031437
88    |  -0.00769126 |   1.05367994 |   1.02648914 |  -0.00818159 |   1.05446037 |   1.02686921 |   6.375179 |   0.074067 |   0.037026
89    |   0.03350867 |   1.13367140 |   1.06474006 |   0.03306728 |   1.13514320 |   1.06543099 |   1.317247 |   0.129826 |   0.064892
90    |   0.03272818 |   1.22334218 |   1.10604799 |   0.03286991 |   1.22466206 |   1.10664451 |   0.433054 |   0.107891 |   0.053932
91    |   0.00216921 |   1.36261654 |   1.16731167 |   0.00240424 |   1.36163952 |   1.16689311 |  10.835009 |   0.071702 |   0.035857
92    |   0.00610695 |   1.45532501 |   1.20636857 |   0.00566970 |   1.45554263 |   1.20645871 |   7.159800 |   0.014953 |   0.007473
93    |  -0.02906603 |   1.09070361 |   1.04436755 |  -0.02906619 |   1.09331698 |   1.04561799 |   0.000560 |   0.239604 |   0.119731
94    |  -0.00801912 |   1.06573319 |   1.03234351 |  -0.00749979 |   1.06295365 |   1.03099644 |   6.476079 |   0.260811 |   0.130487
95    |  -0.02700715 |   1.19690716 |   1.09403253 |  -0.02732581 |   1.19887816 |   1.09493295 |   1.179918 |   0.164674 |   0.082303
96    |   0.02146196 |   1.06321251 |   1.03112197 |   0.02108196 |   1.06288796 |   1.03096458 |   1.770585 |   0.030525 |   0.015264
97    |   0.03200800 |   1.05932522 |   1.02923524 |   0.03225988 |   1.06102378 |   1.03006008 |   0.786952 |   0.160343 |   0.080141
98    |   0.04692053 |   1.06895113 |   1.03390098 |   0.04734918 |   1.06857670 |   1.03371984 |   0.913581 |   0.035028 |   0.017520
99    |   0.03407305 |   1.29652452 |   1.13865030 |   0.03435911 |   1.29665785 |   1.13870885 |   0.839530 |   0.010283 |   0.005142
100   |  -0.01257250 |   1.26232874 |   1.12353408 |  -0.01232622 |   1.26354598 |   1.12407561 |   1.958923 |   0.096428 |   0.048199
101   |  -0.01070483 |   1.07035410 |   1.03457916 |  -0.01105233 |   1.07087388 |   1.03483036 |   3.246154 |   0.048561 |   0.024281
102   |   0.01226388 |   1.27167404 |   1.12768531 |   0.01221857 |   1.27292619 |   1.12824031 |   0.369489 |   0.098465 |   0.049216
103   |   0.04181258 |   1.13539290 |   1.06554818 |   0.04187685 |   1.13497633 |   1.06535268 |   0.153699 |   0.036690 |   0.018348
104   |   0.03980260 |   1.13011408 |   1.06306827 |   0.04033383 |   1.12841057 |   1.06226671 |   1.334660 |   0.150738 |   0.075400
105   |   0.04068194 |   1.15349829 |   1.07401037 |   0.04123093 |   1.15290698 |   1.07373506 |   1.349461 |   0.051263 |   0.025634
106   |   0.01646458 |   1.18691933 |   1.08945823 |   0.01621965 |   1.18606049 |   1.08906405 |   1.487581 |   0.072358 |   0.036181
107   |  -0.02601418 |   1.08778191 |   1.04296780 |  -0.02590838 |   1.08652156 |   1.04236345 |   0.406709 |   0.115864 |   0.057945
108   |  -0.00057049 |   1.04997122 |   1.02468109 |  -0.00104064 |   1.04632549 |   1.02290053 |  82.413133 |   0.347222 |   0.173767
109   |  -0.01878656 |   1.13478863 |   1.06526458 |  -0.01803180 |   1.13214168 |   1.06402147 |   4.017547 |   0.233255 |   0.116695
110   |   0.01289888 |   1.56699216 |   1.25179553 |   0.01259535 |   1.56775758 |   1.25210127 |   2.353134 |   0.048846 |   0.024424
111   |   0.03291997 |   1.05849218 |   1.02883053 |   0.03252901 |   1.05689200 |   1.02805253 |   1.187591 |   0.151176 |   0.075620
112   |   0.05093082 |   1.07471204 |   1.03668320 |   0.05108114 |   1.07473039 |   1.03669204 |   0.295151 |   0.001708 |   0.000853
113   |   0.02019913 |   1.17558575 |   1.08424437 |   0.02045399 |   1.17405876 |   1.08353992 |   1.261703 |   0.129891 |   0.064971
114   |   0.00563509 |   1.39723480 |   1.18204689 |   0.00545440 |   1.39792872 |   1.18234036 |   3.206519 |   0.049664 |   0.024827
115   |  -0.01281994 |   0.97826177 |   0.98907119 |  -0.01261329 |   0.97906446 |   0.98947686 |   1.611918 |   0.082053 |   0.041015
116   |   0.01268717 |   1.22069740 |   1.10485172 |   0.01282860 |   1.22175581 |   1.10533063 |   1.114707 |   0.086705 |   0.043346
117   |   0.00510366 |   1.40884435 |   1.18694746 |   0.00477260 |   1.40748732 |   1.18637571 |   6.486871 |   0.096323 |   0.048171
118   |   0.04460692 |   1.15489483 |   1.07466030 |   0.04456816 |   1.15626437 |   1.07529734 |   0.086903 |   0.118586 |   0.059278
119   |   0.03191973 |   1.12703359 |   1.06161833 |   0.03242136 |   1.12537280 |   1.06083590 |   1.571547 |   0.147359 |   0.073702
120   |   0.02840833 |   1.25501919 |   1.12027633 |   0.02764877 |   1.25443752 |   1.12001675 |   2.673732 |   0.046347 |   0.023171
121   |  -0.02798251 |   1.10878229 |   1.05298734 |  -0.02859970 |   1.11055875 |   1.05383051 |   2.205633 |   0.160217 |   0.080075
122   |  -0.01610216 |   1.12775171 |   1.06195652 |  -0.01699116 |   1.12142841 |   1.05897517 |   5.520980 |   0.560699 |   0.280742
123   |  -0.01313676 |   1.26327860 |   1.12395668 |  -0.01385130 |   1.25508516 |   1.12030583 |   5.439177 |   0.648586 |   0.324821
124   |  -0.01371638 |   1.21748412 |   1.10339665 |  -0.01458692 |   1.21616710 |   1.10279967 |   6.346730 |   0.108175 |   0.054105
125   |   0.00748755 |   1.32822049 |   1.15248454 |   0.00735626 |   1.32630700 |   1.15165403 |   1.753497 |   0.144064 |   0.072062
126   |   0.05015165 |   1.08456409 |   1.04142404 |   0.05079407 |   1.08348204 |   1.04090443 |   1.280954 |   0.099768 |   0.049893
127   |   0.02774095 |   1.25042927 |   1.11822593 |   0.02766671 |   1.25052369 |   1.11826817 |   0.267613 |   0.007551 |   0.003777
128   |   0.01807824 |   1.37388861 |   1.17212999 |   0.01736795 |   1.37125723 |   1.17100693 |   3.929007 |   0.191528 |   0.095814
129   |  -0.02262037 |   1.10848618 |   1.05284667 |  -0.02210466 |   1.10866050 |   1.05292949 |   2.279840 |   0.015727 |   0.007866
130   |   0.01612675 |   1.31045055 |   1.14474916 |   0.01469457 |   1.30791480 |   1.14364103 |   8.880767 |   0.193503 |   0.096802
131   |   0.04145792 |   1.71528637 |   1.30968940 |   0.04097974 |   1.71043586 |   1.30783633 |   1.153420 |   0.282782 |   0.141490
132   |   0.04211314 |   1.11726880 |   1.05700934 |   0.04261247 |   1.11588127 |   1.05635282 |   1.185698 |   0.124189 |   0.062111
133   |   0.03285622 |   1.09817421 |   1.04793811 |   0.03295963 |   1.09867693 |   1.04817791 |   0.314713 |   0.045777 |   0.022883
134   |   0.03565666 |   1.12268531 |   1.05956841 |   0.03461030 |   1.12570571 |   1.06099279 |   2.934541 |   0.269033 |   0.134431
135   |  -0.01546809 |   1.03571045 |   1.01769865 |  -0.01499959 |   1.03482526 |   1.01726362 |   3.028792 |   0.085467 |   0.042746
136   |  -0.02400539 |   1.03608978 |   1.01788497 |  -0.02370151 |   1.03466860 |   1.01718661 |   1.265898 |   0.137167 |   0.068609
137   |   0.03236256 |   1.08186948 |   1.04012954 |   0.03217017 |   1.08134387 |   1.03987685 |   0.594479 |   0.048584 |   0.024294
138   |  -0.00267999 |   1.29203820 |   1.13667858 |  -0.00303221 |   1.29349075 |   1.13731735 |  13.142779 |   0.112423 |   0.056196
139   |   0.02375443 |   1.15187514 |   1.07325447 |   0.02361179 |   1.15137982 |   1.07302368 |   0.600470 |   0.043001 |   0.021503
140   |   0.05382111 |   1.06378782 |   1.03140092 |   0.05389805 |   1.06284276 |   1.03094266 |   0.142960 |   0.088839 |   0.044431
141   |   0.03941981 |   1.22738469 |   1.10787392 |   0.03925730 |   1.22814226 |   1.10821580 |   0.412258 |   0.061723 |   0.030859
142   |   0.01996067 |   1.24054897 |   1.11379933 |   0.02043604 |   1.23911666 |   1.11315617 |   2.381555 |   0.115458 |   0.057745
143   |   0.03915957 |   1.38305223 |   1.17603242 |   0.03857550 |   1.38269307 |   1.17587970 |   1.491512 |   0.025969 |   0.012987
144   |   0.04516365 |   1.29493809 |   1.13795352 |   0.04496289 |   1.29272322 |   1.13697987 |   0.444519 |   0.171040 |   0.085561
145   |   0.05496335 |   1.10431516 |   1.05086398 |   0.05504634 |   1.10463067 |   1.05101412 |   0.151001 |   0.028571 |   0.014287
146   |   0.04576626 |   1.07658374 |   1.03758550 |   0.04559086 |   1.07497832 |   1.03681161 |   0.383264 |   0.149122 |   0.074585
147   |   0.03902418 |   1.06469941 |   1.03184271 |   0.03904199 |   1.06425810 |   1.03162886 |   0.045656 |   0.041450 |   0.020725
148   |   0.04482558 |   1.10667932 |   1.05198824 |   0.04460404 |   1.10694945 |   1.05211665 |   0.494219 |   0.024409 |   0.012206
149   |   0.04257230 |   1.24461353 |   1.11562252 |   0.04216392 |   1.24460820 |   1.11562010 |   0.959275 |   0.000428 |   0.000217
150   |   0.05310999 |   1.23092043 |   1.10946858 |   0.05341361 |   1.22781845 |   1.10806970 |   0.571687 |   0.252005 |   0.126086
151   |   0.05298463 |   1.09382999 |   1.04586327 |   0.05282152 |   1.09358494 |   1.04574612 |   0.307830 |   0.022403 |   0.011202
152   |   0.02337261 |   1.40179169 |   1.18397284 |   0.02321707 |   1.40117492 |   1.18371235 |   0.665506 |   0.043999 |   0.022001
153   |   0.04900019 |   1.37276638 |   1.17165112 |   0.04894603 |   1.37471108 |   1.17248074 |   0.110535 |   0.141663 |   0.070807
154   |   0.06381477 |   1.06557047 |   1.03226471 |   0.06439417 |   1.06471543 |   1.03185049 |   0.907937 |   0.080243 |   0.040127
155   |   0.04573268 |   1.14750206 |   1.07121527 |   0.04578822 |   1.14765721 |   1.07128764 |   0.121447 |   0.013520 |   0.006756
156   |   0.02665041 |   1.18847382 |   1.09017146 |   0.02615957 |   1.19039454 |   1.09105203 |   1.841753 |   0.161612 |   0.080774
157   |   0.05417440 |   1.05489433 |   1.02708054 |   0.05380834 |   1.05526347 |   1.02726017 |   0.675720 |   0.034993 |   0.017490
158   |   0.05764575 |   1.06181228 |   1.03044271 |   0.05682261 |   1.06410879 |   1.03155649 |   1.427929 |   0.216282 |   0.108087
159   |   0.05368769 |   1.05740678 |   1.02830291 |   0.05350332 |   1.05550128 |   1.02737592 |   0.343412 |   0.180206 |   0.090148
160   |   0.04323395 |   1.06688845 |   1.03290296 |   0.04376077 |   1.06535732 |   1.03216148 |   1.218523 |   0.143514 |   0.071786
161   |   0.04293409 |   1.04184949 |   1.02071023 |   0.04225363 |   1.04022562 |   1.01991452 |   1.584887 |   0.155864 |   0.077957
162   |   0.04368632 |   1.04070699 |   1.02015042 |   0.04370694 |   1.04168039 |   1.02062745 |   0.047200 |   0.093533 |   0.046760
163   |   0.04786523 |   1.05050743 |   1.02494264 |   0.04819246 |   1.05104527 |   1.02520499 |   0.683660 |   0.051199 |   0.025597
164   |   0.05305237 |   1.05549228 |   1.02737153 |   0.05334184 |   1.05411387 |   1.02670048 |   0.545644 |   0.130594 |   0.065317
165   |   0.05617986 |   1.06765020 |   1.03327155 |   0.05599727 |   1.06716722 |   1.03303786 |   0.325009 |   0.045237 |   0.022617
166   |   0.04654754 |   1.08602214 |   1.04212391 |   0.04695446 |   1.08584660 |   1.04203963 |   0.874191 |   0.016164 |   0.008087
167   |   0.03477136 |   1.08714044 |   1.04266024 |   0.03475383 |   1.08896030 |   1.04353261 |   0.050393 |   0.167399 |   0.083668
168   |   0.05684899 |   1.07132590 |   1.03504872 |   0.05675084 |   1.06938252 |   1.03410953 |   0.172652 |   0.181399 |   0.090739
169   |   0.03602196 |   1.26241410 |   1.12357199 |   0.03615332 |   1.26066763 |   1.12279456 |   0.364663 |   0.138343 |   0.069193
170   |   0.02667459 |   1.18143976 |   1.08694053 |   0.02678755 |   1.18257257 |   1.08746152 |   0.423445 |   0.095884 |   0.047932
171   |   0.04930928 |   1.02353334 |   1.01169825 |   0.04935870 |   1.02541416 |   1.01262735 |   0.100214 |   0.183757 |   0.091837
172   |   0.05123125 |   1.02977741 |   1.01477945 |   0.05140410 |   1.02808190 |   1.01394374 |   0.337393 |   0.164648 |   0.082354
173   |   0.04821738 |   1.02240705 |   1.01114142 |   0.04846159 |   1.02048406 |   1.01019011 |   0.506480 |   0.188085 |   0.094083
174   |   0.04051240 |   1.03074849 |   1.01525784 |   0.04028000 |   1.03194845 |   1.01584864 |   0.573658 |   0.116417 |   0.058192
175   |   0.03386719 |   1.02574158 |   1.01278901 |   0.03417969 |   1.02617635 |   1.01300363 |   0.922710 |   0.042386 |   0.021191
176   |   0.03246237 |   1.01873386 |   1.00932348 |   0.03243930 |   1.01813346 |   1.00902600 |   0.071052 |   0.058936 |   0.029473
177   |   0.03908742 |   1.01416981 |   1.00705993 |   0.03819872 |   1.01475896 |   1.00735245 |   2.273627 |   0.058092 |   0.029047
178   |   0.04358903 |   1.01433277 |   1.00714087 |   0.04367105 |   1.01401166 |   1.00698146 |   0.188187 |   0.031657 |   0.015828
179   |   0.04788677 |   1.03719425 |   1.01842737 |   0.04792333 |   1.03709367 |   1.01837796 |   0.076348 |   0.009698 |   0.004852
180   |   0.04716273 |   1.03811896 |   1.01888120 |   0.04663150 |   1.03805344 |   1.01884908 |   1.126377 |   0.006311 |   0.003153
181   |   0.04761815 |   1.04098797 |   1.02028823 |   0.04821040 |   1.04121910 |   1.02040144 |   1.243756 |   0.022203 |   0.011096
182   |   0.05253236 |   1.09914494 |   1.04840112 |   0.05282152 |   1.09900925 |   1.04833642 |   0.550439 |   0.012345 |   0.006171
183   |   0.05590779 |   1.20061719 |   1.09572685 |   0.05630229 |   1.20035070 |   1.09560517 |   0.705631 |   0.022197 |   0.011104
184   |   0.04144907 |   1.32314169 |   1.15027893 |   0.04114122 |   1.32237481 |   1.14994557 |   0.742719 |   0.057960 |   0.028981
185   |   0.05420377 |   1.03652573 |   1.01809907 |   0.05371863 |   1.03477090 |   1.01723689 |   0.895031 |   0.169299 |   0.084685
186   |   0.05186640 |   1.05026627 |   1.02482498 |   0.05174500 |   1.04898285 |   1.02419864 |   0.234071 |   0.122199 |   0.061117
187   |   0.04537049 |   1.04057121 |   1.02008390 |   0.04551909 |   1.04082805 |   1.02020981 |   0.327528 |   0.024683 |   0.012343
188   |   0.03751133 |   1.04669440 |   1.02308083 |   0.03751692 |   1.04559462 |   1.02254321 |   0.014884 |   0.105071 |   0.052548
189   |   0.03037896 |   1.05468512 |   1.02697861 |   0.03005301 |   1.05421168 |   1.02674811 |   1.072966 |   0.044889 |   0.022445
190   |   0.03777029 |   1.05611575 |   1.02767491 |   0.03832431 |   1.05570594 |   1.02747552 |   1.466827 |   0.038803 |   0.019403
191   |   0.03740834 |   1.04674160 |   1.02310395 |   0.03719396 |   1.04727126 |   1.02336272 |   0.573085 |   0.050600 |   0.025293
192   |   0.04240255 |   1.04309070 |   1.02131808 |   0.04245099 |   1.04011186 |   1.01985875 |   0.114234 |   0.285578 |   0.142887
193   |   0.04576524 |   1.06091714 |   1.03000832 |   0.04578822 |   1.06042332 |   1.02976858 |   0.050217 |   0.046547 |   0.023276
194   |   0.04213415 |   1.03621483 |   1.01794636 |   0.04221775 |   1.03490176 |   1.01730121 |   0.198392 |   0.126718 |   0.063378
195   |   0.04187862 |   1.03787470 |   1.01876140 |   0.04151800 |   1.03596152 |   1.01782195 |   0.861104 |   0.184336 |   0.092215
196   |   0.04140329 |   1.18974292 |   1.09075332 |   0.04153595 |   1.18772102 |   1.08982614 |   0.320390 |   0.169944 |   0.085003

======================================================================================================================================================
SUMMARY STATISTICS (across all vectors)
======================================================================================================================================================
Mean Error %:     Avg=8.067567%  Max=470.810051%  Min=0.000560%
Variance Error %: Avg=0.333728%  Max=43.276727%  Min=0.000428%
Std Error %:      Avg=0.182348%  Max=24.685148%  Min=0.000217%
