======================================================================================================================================================
PER-VECTOR STATISTICS: Symmetric_Fixed_ZP128 + NoClip
======================================================================================================================================================
Method: symmetric_fixed
Clipping: False (threshold: ±N/A)
Global S: 0.1354822174
Global ZP: 128
======================================================================================================================================================

Vec   | Mean_Orig    | Var_Orig     | Std_Orig     | Mean_Recon   | Var_Recon    | Std_Recon    | Mean_Err%  | Var_Err%   | Std_Err%  
------------------------------------------------------------------------------------------------------------------------------------------------------
0     |   0.00562331 |   1.48577631 |   1.21892428 |   0.00632868 |   1.48540119 |   1.21877036 |  12.543690 |   0.025247 |   0.012628
1     |  -0.01495490 |   1.00225985 |   1.00112927 |  -0.01492862 |   0.99840136 |   0.99920036 |   0.175728 |   0.384979 |   0.192673
2     |   0.00140604 |   0.96363902 |   0.98165119 |   0.00127897 |   0.96057312 |   0.98008832 |   9.037625 |   0.318158 |   0.159207
3     |   0.00281130 |   0.95178390 |   0.97559410 |   0.00240357 |   0.95432820 |   0.97689723 |  14.503084 |   0.267320 |   0.133573
4     |   0.00275506 |   0.96818012 |   0.98396146 |   0.00335177 |   0.96894581 |   0.98435045 |  21.658954 |   0.079085 |   0.039533
5     |  -0.00568834 |   0.96935707 |   0.98455936 |  -0.00551279 |   0.97048092 |   0.98512990 |   3.086207 |   0.115937 |   0.057949
6     |  -0.01260948 |   0.98402500 |   0.99198031 |  -0.01283376 |   0.98499898 |   0.99247115 |   1.778722 |   0.098979 |   0.049480
7     |  -0.01856028 |   0.97640437 |   0.98813176 |  -0.01854501 |   0.97568780 |   0.98776910 |   0.082295 |   0.073388 |   0.036701
8     |  -0.02180897 |   0.96717209 |   0.98344910 |  -0.02198499 |   0.96579706 |   0.98274974 |   0.807073 |   0.142170 |   0.071113
9     |  -0.02324424 |   0.92006177 |   0.95919847 |  -0.02299934 |   0.92067471 |   0.95951796 |   1.053594 |   0.066620 |   0.033307
10    |  -0.01903322 |   0.90725547 |   0.95249957 |  -0.01905219 |   0.90771850 |   0.95274262 |   0.099633 |   0.051036 |   0.025517
11    |  -0.01254401 |   0.96792197 |   0.98383027 |  -0.01243684 |   0.96665284 |   0.98318505 |   0.854295 |   0.131120 |   0.065583
12    |  -0.01360102 |   0.89627761 |   0.94671941 |  -0.01294402 |   0.89694687 |   0.94707279 |   4.830484 |   0.074672 |   0.037327
13    |  -0.01053792 |   0.91814929 |   0.95820105 |  -0.01078301 |   0.91675847 |   0.95747505 |   2.325745 |   0.151481 |   0.075767
14    |  -0.01779236 |   0.95073217 |   0.97505498 |  -0.01781732 |   0.95356148 |   0.97650473 |   0.140307 |   0.297593 |   0.148684
15    |  -0.02880515 |   0.94669151 |   0.97298074 |  -0.02954853 |   0.94749531 |   0.97339371 |   2.580722 |   0.084906 |   0.042444
16    |  -0.00154819 |   0.93080020 |   0.96477985 |  -0.00216101 |   0.93284126 |   0.96583708 |  39.583319 |   0.219280 |   0.109582
17    |  -0.00051431 |   0.90721458 |   0.95247811 |  -0.00037487 |   0.90972990 |   0.95379762 |  27.112055 |   0.277258 |   0.138535
18    |  -0.01163589 |   0.91466206 |   0.95637965 |  -0.01221633 |   0.91546457 |   0.95679913 |   4.988423 |   0.087738 |   0.043861
19    |  -0.01671521 |   0.93606764 |   0.96750587 |  -0.01667066 |   0.93592526 |   0.96743230 |   0.266514 |   0.015210 |   0.007604
20    |  -0.01678046 |   1.16700077 |   1.08027816 |  -0.01708964 |   1.16834397 |   1.08089961 |   1.842492 |   0.115099 |   0.057527
21    |  -0.02849663 |   1.29031193 |   1.13591897 |  -0.02917366 |   1.29025754 |   1.13589504 |   2.375827 |   0.004216 |   0.002107
22    |  -0.03725299 |   0.93280441 |   0.96581799 |  -0.03726643 |   0.93273880 |   0.96578403 |   0.036082 |   0.007034 |   0.003516
23    |  -0.03520295 |   1.00400174 |   1.00199890 |  -0.03402491 |   1.00337812 |   1.00168764 |   3.346418 |   0.062113 |   0.031064
24    |  -0.02593443 |   0.99419075 |   0.99709117 |  -0.02665983 |   0.99420819 |   0.99709989 |   2.797043 |   0.001754 |   0.000874
25    |  -0.01822011 |   0.98353499 |   0.99173331 |  -0.01834655 |   0.98236910 |   0.99114535 |   0.693940 |   0.118541 |   0.059287
26    |  -0.01701163 |   0.98561591 |   0.99278188 |  -0.01735425 |   0.98601291 |   0.99298183 |   2.014008 |   0.040279 |   0.020140
27    |  -0.01732478 |   0.98472959 |   0.99233544 |  -0.01700143 |   0.98491889 |   0.99243080 |   1.866425 |   0.019224 |   0.009610
28    |  -0.02782285 |   0.91554832 |   0.95684290 |  -0.02853418 |   0.91518202 |   0.95665146 |   2.556624 |   0.040010 |   0.020007
29    |  -0.00904718 |   1.06771159 |   1.03330135 |  -0.00901892 |   1.06749003 |   1.03319409 |   0.312358 |   0.020752 |   0.010381
30    |   0.01924171 |   1.44457817 |   1.20190609 |   0.01925065 |   1.44653740 |   1.20272083 |   0.046421 |   0.135626 |   0.067788
31    |   0.01964948 |   1.27230084 |   1.12796319 |   0.01951526 |   1.27039013 |   1.12711585 |   0.683046 |   0.150177 |   0.075121
32    |   0.02066037 |   1.64044702 |   1.28079939 |   0.02004449 |   1.63906570 |   1.28026001 |   2.980958 |   0.084204 |   0.042113
33    |  -0.03786861 |   1.18430984 |   1.08826005 |  -0.03825873 |   1.18286733 |   1.08759704 |   1.030194 |   0.121802 |   0.060924
34    |  -0.01147596 |   1.18678224 |   1.08939540 |  -0.01206197 |   1.18648074 |   1.08925697 |   5.106432 |   0.025405 |   0.012708
35    |  -0.02785145 |   1.02979898 |   1.01479018 |  -0.02721111 |   1.02935282 |   1.01457026 |   2.299119 |   0.043325 |   0.021671
36    |  -0.00460052 |   1.15324295 |   1.07389152 |  -0.00469689 |   1.15542698 |   1.07490789 |   2.094860 |   0.189382 |   0.094644
37    |  -0.00245756 |   1.14672625 |   1.07085299 |  -0.00326357 |   1.14627468 |   1.07064218 |  32.796909 |   0.039379 |   0.019687
38    |  -0.02174056 |   0.98177528 |   0.99084574 |  -0.02094859 |   0.98185382 |   0.99088537 |   3.642851 |   0.008000 |   0.004000
39    |  -0.01247728 |   0.97119141 |   0.98549044 |  -0.01175326 |   0.97128530 |   0.98553808 |   5.802742 |   0.009668 |   0.004834
40    |  -0.00011335 |   1.08287489 |   1.04061270 |  -0.00041897 |   1.08211378 |   1.04024698 | 269.636577 |   0.070287 |   0.035145
41    |  -0.02529470 |   1.05055916 |   1.02496791 |  -0.02571163 |   1.04971607 |   1.02455652 |   1.648309 |   0.080252 |   0.040137
42    |   0.00627796 |   1.23828232 |   1.11278129 |   0.00522612 |   1.23620026 |   1.11184543 |  16.754424 |   0.168141 |   0.084101
43    |   0.00498932 |   1.14290333 |   1.06906652 |   0.00452048 |   1.14030644 |   1.06785132 |   9.396762 |   0.227219 |   0.113670
44    |   0.01394528 |   1.77059519 |   1.33063710 |   0.01373786 |   1.77367238 |   1.33179292 |   1.487384 |   0.173794 |   0.086862
45    |   0.00261342 |   1.56660903 |   1.25164258 |   0.00359434 |   1.56447035 |   1.25078789 |  37.533671 |   0.136516 |   0.068286
46    |  -0.01093883 |   1.18346250 |   1.08787060 |  -0.01093737 |   1.18257333 |   1.08746187 |   0.013351 |   0.075133 |   0.037571
47    |  -0.03333684 |   1.06780064 |   1.03334439 |  -0.03287825 |   1.06691760 |   1.03291704 |   1.375629 |   0.082697 |   0.041356
48    |  -0.02644012 |   1.19791496 |   1.09449303 |  -0.02582189 |   1.20119217 |   1.09598913 |   2.338248 |   0.273577 |   0.136693
49    |  -0.01196776 |   1.14445817 |   1.06979346 |  -0.01166505 |   1.14556836 |   1.07031227 |   2.529371 |   0.097006 |   0.048496
50    |  -0.01331281 |   1.47190821 |   1.21322227 |  -0.01320863 |   1.46953888 |   1.21224539 |   0.782517 |   0.160970 |   0.080519
51    |  -0.03569885 |   1.02689111 |   1.01335633 |  -0.03561259 |   1.02791848 |   1.01386315 |   0.241619 |   0.100046 |   0.050014
52    |  -0.00659392 |   1.10370147 |   1.05057192 |  -0.00659329 |   1.10469137 |   1.05104299 |   0.009508 |   0.089689 |   0.044840
53    |  -0.03306210 |   1.12765658 |   1.06191170 |  -0.03305466 |   1.12653349 |   1.06138282 |   0.022509 |   0.099595 |   0.049805
54    |  -0.01776175 |   1.00757802 |   1.00378191 |  -0.01748656 |   1.00788155 |   1.00393304 |   1.549376 |   0.030126 |   0.015056
55    |  -0.01885505 |   1.17119777 |   1.08221889 |  -0.01819219 |   1.17198796 |   1.08258393 |   3.515527 |   0.067468 |   0.033731
56    |   0.00534417 |   1.41546214 |   1.18973196 |   0.00546868 |   1.41849180 |   1.19100453 |   2.329842 |   0.214041 |   0.106963
57    |   0.04569058 |   1.06341803 |   1.03122163 |   0.04606484 |   1.06328044 |   1.03115491 |   0.819115 |   0.012938 |   0.006470
58    |   0.03432075 |   1.17482030 |   1.08389127 |   0.03420132 |   1.17381556 |   1.08342769 |   0.347965 |   0.085523 |   0.042770
59    |   0.00078006 |   0.99385953 |   0.99692506 |   0.00083794 |   0.99429290 |   0.99714237 |   7.421025 |   0.043605 |   0.021798
60    |  -0.01622614 |   1.03151953 |   1.01563752 |  -0.01543580 |   1.03223682 |   1.01599056 |   4.870812 |   0.069537 |   0.034761
61    |  -0.00262344 |   1.14289045 |   1.06906056 |  -0.00174204 |   1.14069504 |   1.06803326 |  33.597195 |   0.192093 |   0.096094
62    |  -0.02435203 |   1.14083350 |   1.06809807 |  -0.02412395 |   1.13923310 |   1.06734863 |   0.936593 |   0.140283 |   0.070165
63    |  -0.00346135 |   1.07461965 |   1.03663862 |  -0.00390305 |   1.07413021 |   1.03640253 |  12.760828 |   0.045546 |   0.022774
64    |  -0.00266434 |   1.44033861 |   1.20014107 |  -0.00346203 |   1.43771156 |   1.19904610 |  29.939655 |   0.182391 |   0.091237
65    |  -0.03415513 |   0.98717141 |   0.99356502 |  -0.03464234 |   0.98815829 |   0.99406151 |   1.426463 |   0.099970 |   0.049970
66    |  -0.00975745 |   1.03649080 |   1.01808190 |  -0.00963635 |   1.03890495 |   1.01926687 |   1.241158 |   0.232916 |   0.116392
67    |  -0.03421613 |   1.03288031 |   1.01630723 |  -0.03479670 |   1.03124112 |   1.01550043 |   1.696774 |   0.158701 |   0.079386
68    |  -0.00863614 |   1.17839944 |   1.08554113 |  -0.00901892 |   1.17689440 |   1.08484764 |   4.432268 |   0.127719 |   0.063884
69    |   0.01578745 |   1.00706160 |   1.00352454 |   0.01600913 |   1.00709584 |   1.00354165 |   1.404132 |   0.003400 |   0.001705
70    |   0.04244687 |   1.05902016 |   1.02908707 |   0.04258076 |   1.05947247 |   1.02930679 |   0.315418 |   0.042710 |   0.021351
71    |   0.04930789 |   1.06123483 |   1.03016257 |   0.04919610 |   1.06266399 |   1.03085595 |   0.226715 |   0.134669 |   0.067307
72    |   0.01322924 |   1.24717677 |   1.11677074 |   0.01409068 |   1.24730848 |   1.11682965 |   6.511667 |   0.010561 |   0.005275
73    |  -0.02070406 |   0.96997398 |   0.98487258 |  -0.02123525 |   0.96953700 |   0.98465070 |   2.565628 |   0.045051 |   0.022529
74    |  -0.01249283 |   1.03367615 |   1.01669860 |  -0.01256915 |   1.03510223 |   1.01739974 |   0.610897 |   0.137962 |   0.068962
75    |  -0.00415589 |   1.17290580 |   1.08300781 |  -0.00416767 |   1.17259059 |   1.08286222 |   0.283430 |   0.026874 |   0.013443
76    |  -0.01006972 |   1.25865960 |   1.12189996 |  -0.00970250 |   1.25776526 |   1.12150134 |   3.646754 |   0.071055 |   0.035531
77    |  -0.02246415 |   1.31089735 |   1.14494431 |  -0.02262447 |   1.31518552 |   1.14681538 |   0.713676 |   0.327117 |   0.163420
78    |  -0.01234119 |   1.35186040 |   1.16269529 |  -0.01250300 |   1.35191825 |   1.16272019 |   1.311087 |   0.004279 |   0.002142
79    |  -0.02425008 |   0.98266268 |   0.99129343 |  -0.02447677 |   0.98381321 |   0.99187359 |   0.934812 |   0.117083 |   0.058525
80    |  -0.01760788 |   1.00597930 |   1.00298524 |  -0.01759681 |   1.00803584 |   1.00400988 |   0.062887 |   0.204432 |   0.102159
81    |  -0.02280172 |   1.01536858 |   1.00765502 |  -0.02299934 |   1.01460663 |   1.00727684 |   0.866688 |   0.075042 |   0.037531
82    |   0.02167981 |   1.09116137 |   1.04458666 |   0.02196294 |   1.09192869 |   1.04495392 |   1.305945 |   0.070321 |   0.035158
83    |   0.02821614 |   1.03995776 |   1.01978314 |   0.02826956 |   1.03909023 |   1.01935776 |   0.189338 |   0.083419 |   0.041713
84    |   0.04653655 |   1.05661070 |   1.02791572 |   0.04670432 |   1.05557508 |   1.02741183 |   0.360511 |   0.098014 |   0.049020
85    |   0.03653402 |   1.11663008 |   1.05670714 |   0.03667105 |   1.11696022 |   1.05686339 |   0.375087 |   0.029566 |   0.014786
86    |  -0.01097145 |   1.09352362 |   1.04571676 |  -0.01146659 |   1.09319974 |   1.04556193 |   4.513064 |   0.029618 |   0.014807
87    |  -0.00029555 |   1.19430852 |   1.09284425 |  -0.00088205 |   1.19582539 |   1.09353802 | 198.441229 |   0.127008 |   0.063483
88    |  -0.00769126 |   1.05367994 |   1.02648914 |  -0.00831328 |   1.05396274 |   1.02662687 |   8.087330 |   0.026839 |   0.013418
89    |   0.03350867 |   1.13367140 |   1.06474006 |   0.03389261 |   1.13394400 |   1.06486806 |   1.145781 |   0.024045 |   0.012022
90    |   0.03272818 |   1.22334218 |   1.10604799 |   0.03228287 |   1.22296842 |   1.10587902 |   1.360637 |   0.030553 |   0.015276
91    |   0.00216921 |   1.36261654 |   1.16731167 |   0.00198460 |   1.36161339 |   1.16688191 |   8.510205 |   0.073619 |   0.036816
92    |   0.00610695 |   1.45532501 |   1.20636857 |   0.00687996 |   1.45674772 |   1.20695804 |  12.657876 |   0.097759 |   0.048864
93    |  -0.02906603 |   1.09070361 |   1.04436755 |  -0.02866648 |   1.09184174 |   1.04491231 |   1.374606 |   0.104349 |   0.052162
94    |  -0.00801912 |   1.06573319 |   1.03234351 |  -0.00785021 |   1.06418891 |   1.03159532 |   2.106377 |   0.144904 |   0.072475
95    |  -0.02700715 |   1.19690716 |   1.09403253 |  -0.02626291 |   1.19458915 |   1.09297262 |   2.755698 |   0.193667 |   0.096881
96    |   0.02146196 |   1.06321251 |   1.03112197 |   0.02141166 |   1.06390952 |   1.03145990 |   0.234381 |   0.065557 |   0.032773
97    |   0.03200800 |   1.05932522 |   1.02923524 |   0.03243723 |   1.05892935 |   1.02904293 |   1.341022 |   0.037370 |   0.018685
98    |   0.04692053 |   1.06895113 |   1.03390098 |   0.04657201 |   1.06746662 |   1.03318276 |   0.742776 |   0.138876 |   0.069467
99    |   0.03407305 |   1.29652452 |   1.13865030 |   0.03331928 |   1.29542160 |   1.13816589 |   2.212244 |   0.085068 |   0.042542
100   |  -0.01257250 |   1.26232874 |   1.12353408 |  -0.01298812 |   1.26269054 |   1.12369504 |   3.305778 |   0.028661 |   0.014326
101   |  -0.01070483 |   1.07035410 |   1.03457916 |  -0.01056250 |   1.07010452 |   1.03445856 |   1.329651 |   0.023318 |   0.011656
102   |   0.01226388 |   1.27167404 |   1.12768531 |   0.01201787 |   1.27246613 |   1.12803640 |   2.005945 |   0.062287 |   0.031134
103   |   0.04181258 |   1.13539290 |   1.06554818 |   0.04198537 |   1.13561073 |   1.06565038 |   0.413260 |   0.019185 |   0.009591
104   |   0.03980260 |   1.13011408 |   1.06306827 |   0.04079461 |   1.13080003 |   1.06339082 |   2.492342 |   0.060698 |   0.030341
105   |   0.04068194 |   1.15349829 |   1.07401037 |   0.03955975 |   1.15328488 |   1.07391102 |   2.758458 |   0.018502 |   0.009251
106   |   0.01646458 |   1.18691933 |   1.08945823 |   0.01704553 |   1.18743734 |   1.08969598 |   3.528525 |   0.043643 |   0.021823
107   |  -0.02601418 |   1.08778191 |   1.04296780 |  -0.02637317 |   1.08830524 |   1.04321869 |   1.379945 |   0.048110 |   0.024056
108   |  -0.00057049 |   1.04997122 |   1.02468109 |   0.00033077 |   1.05014122 |   1.02476398 | 157.979885 |   0.016190 |   0.008089
109   |  -0.01878656 |   1.13478863 |   1.06526458 |  -0.01962552 |   1.13490528 |   1.06531933 |   4.465713 |   0.010279 |   0.005140
110   |   0.01289888 |   1.56699216 |   1.25179553 |   0.01270146 |   1.56815402 |   1.25225957 |   1.530516 |   0.074146 |   0.037070
111   |   0.03291997 |   1.05849218 |   1.02883053 |   0.03261364 |   1.05457026 |   1.02692272 |   0.930530 |   0.370520 |   0.185435
112   |   0.05093082 |   1.07471204 |   1.03668320 |   0.05153352 |   1.07616524 |   1.03738384 |   1.183375 |   0.135217 |   0.067585
113   |   0.02019913 |   1.17558575 |   1.08424437 |   0.01960347 |   1.17779244 |   1.08526146 |   2.948977 |   0.187710 |   0.093806
114   |   0.00563509 |   1.39723480 |   1.18204689 |   0.00551279 |   1.39770179 |   1.18224439 |   2.170347 |   0.033423 |   0.016708
115   |  -0.01281994 |   0.97826177 |   0.98907119 |  -0.01334094 |   0.97933571 |   0.98961392 |   4.064003 |   0.109781 |   0.054873
116   |   0.01268717 |   1.22069740 |   1.10485172 |   0.01347325 |   1.21984687 |   1.10446678 |   6.195834 |   0.069676 |   0.034841
117   |   0.00510366 |   1.40884435 |   1.18694746 |   0.00509381 |   1.40909790 |   1.18705430 |   0.193020 |   0.017997 |   0.009000
118   |   0.04460692 |   1.15489483 |   1.07466030 |   0.04476382 |   1.15320904 |   1.07387571 |   0.351727 |   0.145969 |   0.073008
119   |   0.03191973 |   1.12703359 |   1.06161833 |   0.03122442 |   1.12650083 |   1.06136743 |   2.178313 |   0.047271 |   0.023633
120   |   0.02840833 |   1.25501919 |   1.12027633 |   0.02884289 |   1.25569355 |   1.12057733 |   1.529713 |   0.053734 |   0.026868
121   |  -0.02798251 |   1.10878229 |   1.05298734 |  -0.02877674 |   1.10663436 |   1.05196690 |   2.838329 |   0.193720 |   0.096909
122   |  -0.01610216 |   1.12775171 |   1.06195652 |  -0.01581067 |   1.13083345 |   1.06340653 |   1.810291 |   0.273264 |   0.136541
123   |  -0.01313676 |   1.26327860 |   1.12395668 |  -0.01362761 |   1.26543755 |   1.12491669 |   3.736398 |   0.170901 |   0.085413
124   |  -0.01371638 |   1.21748412 |   1.10339665 |  -0.01409068 |   1.21584821 |   1.10265507 |   2.728852 |   0.134368 |   0.067209
125   |   0.00748755 |   1.32822049 |   1.15248454 |   0.00873225 |   1.32866248 |   1.15267623 |  16.623591 |   0.033277 |   0.016633
126   |   0.05015165 |   1.08456409 |   1.04142404 |   0.05032071 |   1.08504431 |   1.04165460 |   0.337098 |   0.044277 |   0.022139
127   |   0.02774095 |   1.25042927 |   1.11822593 |   0.02793880 |   1.24709840 |   1.11673560 |   0.713210 |   0.266379 |   0.133277
128   |   0.01807824 |   1.37388861 |   1.17212999 |   0.01936090 |   1.37511960 |   1.17265494 |   7.095056 |   0.089599 |   0.044786
129   |  -0.02262037 |   1.10848618 |   1.05284667 |  -0.02284498 |   1.10921390 |   1.05319224 |   0.992983 |   0.065650 |   0.032823
130   |   0.01612675 |   1.31045055 |   1.14474916 |   0.01603118 |   1.31060823 |   1.14481799 |   0.592639 |   0.012032 |   0.006012
131   |   0.04145792 |   1.71528637 |   1.30968940 |   0.04183102 |   1.71446599 |   1.30937619 |   0.899928 |   0.047828 |   0.023915
132   |   0.04211314 |   1.11726880 |   1.05700934 |   0.04220589 |   1.11723449 |   1.05699314 |   0.220239 |   0.003071 |   0.001533
133   |   0.03285622 |   1.09817421 |   1.04793811 |   0.03270184 |   1.09665891 |   1.04721483 |   0.469861 |   0.137984 |   0.069019
134   |   0.03565666 |   1.12268531 |   1.05956841 |   0.03470850 |   1.12508581 |   1.06070062 |   2.659137 |   0.213817 |   0.106856
135   |  -0.01546809 |   1.03571045 |   1.01769865 |  -0.01653836 |   1.03459832 |   1.01715206 |   6.919217 |   0.107379 |   0.053708
136   |  -0.02400539 |   1.03608978 |   1.01788497 |  -0.02355062 |   1.03684391 |   1.01825533 |   1.894446 |   0.072787 |   0.036385
137   |   0.03236256 |   1.08186948 |   1.04012954 |   0.03250338 |   1.08298725 |   1.04066673 |   0.435138 |   0.103318 |   0.051646
138   |  -0.00267999 |   1.29203820 |   1.13667858 |  -0.00306511 |   1.29046066 |   1.13598445 |  14.370210 |   0.122097 |   0.061067
139   |   0.02375443 |   1.15187514 |   1.07325447 |   0.02496189 |   1.14957142 |   1.07218069 |   5.083094 |   0.199997 |   0.100049
140   |   0.05382111 |   1.06378782 |   1.03140092 |   0.05437812 |   1.06591901 |   1.03243354 |   1.034931 |   0.200340 |   0.100118
141   |   0.03941981 |   1.22738469 |   1.10787392 |   0.03922898 |   1.22702339 |   1.10771088 |   0.484095 |   0.029436 |   0.014716
142   |   0.01996067 |   1.24054897 |   1.11379933 |   0.02055166 |   1.23875596 |   1.11299414 |   2.960796 |   0.144534 |   0.072292
143   |   0.03915957 |   1.38305223 |   1.17603242 |   0.03909668 |   1.38411026 |   1.17648216 |   0.160612 |   0.076500 |   0.038241
144   |   0.04516365 |   1.29493809 |   1.13795352 |   0.04465356 |   1.29655442 |   1.13866343 |   1.129412 |   0.124819 |   0.062385
145   |   0.05496335 |   1.10431516 |   1.05086398 |   0.05512786 |   1.10423647 |   1.05082657 |   0.299306 |   0.007125 |   0.003560
146   |   0.04576626 |   1.07658374 |   1.03758550 |   0.04513869 |   1.07551896 |   1.03707230 |   1.371264 |   0.098904 |   0.049460
147   |   0.03902418 |   1.06469941 |   1.03184271 |   0.03984641 |   1.06373775 |   1.03137663 |   2.106991 |   0.090323 |   0.045170
148   |   0.04482558 |   1.10667932 |   1.05198824 |   0.04454331 |   1.10886156 |   1.05302496 |   0.629714 |   0.197188 |   0.098548
149   |   0.04257230 |   1.24461353 |   1.11562252 |   0.04275716 |   1.24694108 |   1.11666516 |   0.434226 |   0.187010 |   0.093458
150   |   0.05310999 |   1.23092043 |   1.10946858 |   0.05345197 |   1.23264654 |   1.11024616 |   0.643909 |   0.140229 |   0.070086
151   |   0.05298463 |   1.09382999 |   1.04586327 |   0.05290069 |   1.09418967 |   1.04603522 |   0.158414 |   0.032883 |   0.016440
152   |   0.02337261 |   1.40179169 |   1.18397284 |   0.02319780 |   1.40202414 |   1.18407100 |   0.747940 |   0.016582 |   0.008291
153   |   0.04900019 |   1.37276638 |   1.17165112 |   0.04928430 |   1.37454452 |   1.17240971 |   0.579815 |   0.129530 |   0.064745
154   |   0.06381477 |   1.06557047 |   1.03226471 |   0.06363960 |   1.06579096 |   1.03237152 |   0.274510 |   0.020692 |   0.010348
155   |   0.04573268 |   1.14750206 |   1.07121527 |   0.04538125 |   1.14697664 |   1.07096996 |   0.768444 |   0.045788 |   0.022901
156   |   0.02665041 |   1.18847382 |   1.09017146 |   0.02710085 |   1.18795841 |   1.08993505 |   1.690208 |   0.043368 |   0.021685
157   |   0.05417440 |   1.05489433 |   1.02708054 |   0.05477504 |   1.05654336 |   1.02788295 |   1.108702 |   0.156322 |   0.078126
158   |   0.05764575 |   1.06181228 |   1.03044271 |   0.05786220 |   1.06387211 |   1.03144176 |   0.375479 |   0.193992 |   0.096953
159   |   0.05368769 |   1.05740678 |   1.02830291 |   0.05345197 |   1.05696290 |   1.02808701 |   0.439064 |   0.041978 |   0.020996
160   |   0.04323395 |   1.06688845 |   1.03290296 |   0.04310998 |   1.06552543 |   1.03224291 |   0.286735 |   0.127757 |   0.063902
161   |   0.04293409 |   1.04184949 |   1.02071023 |   0.04247050 |   1.04357377 |   1.02155458 |   1.079763 |   0.165501 |   0.082722
162   |   0.04368632 |   1.04070699 |   1.02015042 |   0.04377152 |   1.04024641 |   1.01992471 |   0.195022 |   0.044256 |   0.022126
163   |   0.04786523 |   1.05050743 |   1.02494264 |   0.04849046 |   1.05180152 |   1.02557375 |   1.306240 |   0.123187 |   0.061575
164   |   0.05305237 |   1.05549228 |   1.02737153 |   0.05276838 |   1.05618873 |   1.02771043 |   0.535287 |   0.065983 |   0.032988
165   |   0.05617986 |   1.06765020 |   1.03327155 |   0.05651708 |   1.06626680 |   1.03260196 |   0.600242 |   0.129574 |   0.064803
166   |   0.04654754 |   1.08602214 |   1.04212391 |   0.04632945 |   1.08550195 |   1.04187425 |   0.468539 |   0.047899 |   0.023957
167   |   0.03477136 |   1.08714044 |   1.04266024 |   0.03486286 |   1.08621038 |   1.04221417 |   0.263145 |   0.085552 |   0.042782
168   |   0.05684899 |   1.07132590 |   1.03504872 |   0.05612016 |   1.06967772 |   1.03425225 |   1.282054 |   0.153845 |   0.076950
169   |   0.03602196 |   1.26241410 |   1.12357199 |   0.03620798 |   1.26232255 |   1.12353128 |   0.516397 |   0.007252 |   0.003623
170   |   0.02667459 |   1.18143976 |   1.08694053 |   0.02696855 |   1.18127871 |   1.08686646 |   1.102000 |   0.013632 |   0.006814
171   |   0.04930928 |   1.02353334 |   1.01169825 |   0.04888738 |   1.02303545 |   1.01145215 |   0.855623 |   0.048645 |   0.024325
172   |   0.05123125 |   1.02977741 |   1.01477945 |   0.05140121 |   1.03011775 |   1.01494716 |   0.331762 |   0.033050 |   0.016527
173   |   0.04821738 |   1.02240705 |   1.01114142 |   0.04811559 |   1.02209586 |   1.01098757 |   0.211107 |   0.030437 |   0.015216
174   |   0.04051240 |   1.03074849 |   1.01525784 |   0.04044179 |   1.03133473 |   1.01554652 |   0.174285 |   0.056875 |   0.028434
175   |   0.03386719 |   1.02574158 |   1.01278901 |   0.03426747 |   1.02455870 |   1.01220487 |   1.181921 |   0.115320 |   0.057677
176   |   0.03246237 |   1.01873386 |   1.00932348 |   0.03234903 |   1.02091268 |   1.01040223 |   0.349155 |   0.213875 |   0.106879
177   |   0.03908742 |   1.01416981 |   1.00705993 |   0.03887616 |   1.01357047 |   1.00676237 |   0.540468 |   0.059097 |   0.029548
178   |   0.04358903 |   1.01433277 |   1.00714087 |   0.04396998 |   1.01351500 |   1.00673482 |   0.873962 |   0.080622 |   0.040318
179   |   0.04788677 |   1.03719425 |   1.01842737 |   0.04725560 |   1.03716579 |   1.01841337 |   1.318052 |   0.002744 |   0.001375
180   |   0.04716273 |   1.03811896 |   1.01888120 |   0.04732175 |   1.03937237 |   1.01949614 |   0.337175 |   0.120739 |   0.060354
181   |   0.04761815 |   1.04098797 |   1.02028823 |   0.04798329 |   1.04009280 |   1.01984940 |   0.766797 |   0.085992 |   0.043010
182   |   0.05253236 |   1.09914494 |   1.04840112 |   0.05309915 |   1.09920394 |   1.04842927 |   1.078928 |   0.005369 |   0.002686
183   |   0.05590779 |   1.20061719 |   1.09572685 |   0.05587759 |   1.20149096 |   1.09612543 |   0.054003 |   0.072776 |   0.036376
184   |   0.04144907 |   1.32314169 |   1.15027893 |   0.04123564 |   1.32700773 |   1.15195822 |   0.514931 |   0.292186 |   0.145990
185   |   0.05420377 |   1.03652573 |   1.01809907 |   0.05338582 |   1.03659888 |   1.01813500 |   1.509032 |   0.007058 |   0.003529
186   |   0.05186640 |   1.05026627 |   1.02482498 |   0.05199659 |   1.05198303 |   1.02566224 |   0.251015 |   0.163460 |   0.081698
187   |   0.04537049 |   1.04057121 |   1.02008390 |   0.04555766 |   1.04036227 |   1.01998151 |   0.412538 |   0.020079 |   0.010038
188   |   0.03751133 |   1.04669440 |   1.02308083 |   0.03757515 |   1.04410827 |   1.02181616 |   0.170115 |   0.247075 |   0.123613
189   |   0.03037896 |   1.05468512 |   1.02697861 |   0.03060699 |   1.05256010 |   1.02594352 |   0.750596 |   0.201483 |   0.100790
190   |   0.03777029 |   1.05611575 |   1.02767491 |   0.03731053 |   1.05392721 |   1.02660957 |   1.217236 |   0.207225 |   0.103665
191   |   0.03740834 |   1.04674160 |   1.02310395 |   0.03770745 |   1.04670718 |   1.02308708 |   0.799587 |   0.003289 |   0.001649
192   |   0.04240255 |   1.04309070 |   1.02131808 |   0.04240435 |   1.04201634 |   1.02079202 |   0.004226 |   0.102998 |   0.051508
193   |   0.04576524 |   1.06091714 |   1.03000832 |   0.04604278 |   1.06241142 |   1.03073344 |   0.606454 |   0.140848 |   0.070400
194   |   0.04213415 |   1.03621483 |   1.01794636 |   0.04236024 |   1.03674035 |   1.01820447 |   0.536594 |   0.050716 |   0.025356
195   |   0.04187862 |   1.03787470 |   1.01876140 |   0.04200743 |   1.03883824 |   1.01923414 |   0.307565 |   0.092838 |   0.046404
196   |   0.04140329 |   1.18974292 |   1.09075332 |   0.04136794 |   1.18904651 |   1.09043409 |   0.085382 |   0.058535 |   0.029267

======================================================================================================================================================
SUMMARY STATISTICS (across all vectors)
======================================================================================================================================================
Mean Error %:     Avg=6.361842%  Max=269.636577%  Min=0.004226%
Variance Error %: Avg=0.100102%  Max=0.384979%  Min=0.001754%
Std Error %:      Avg=0.050050%  Max=0.192673%  Min=0.000874%
