# Quantized Beta (8-bit per-channel)
# Scale: 0.0051986395, ZP: 151
384
0.0051986395
151
152
160
130
216
213
189
121
198
148
228
159
150
152
190
246
112
171
122
109
151
170
120
149
167
169
163
178
0
122
161
151
161
142
108
149
228
152
159
154
117
170
139
149
41
140
138
174
141
144
113
128
161
68
83
139
131
152
113
131
85
162
159
172
82
141
203
137
180
178
148
84
203
212
211
182
87
87
159
157
161
95
144
155
156
226
125
158
101
122
138
137
127
150
143
148
166
100
127
144
143
139
151
80
191
204
124
157
109
186
152
114
188
184
121
170
145
125
152
46
122
193
255
138
115
157
168
191
106
183
93
155
121
180
149
196
158
84
131
197
155
132
150
77
183
145
130
141
150
84
215
100
135
151
138
160
165
178
141
181
139
173
131
79
135
160
153
100
105
123
199
113
153
149
195
148
132
135
158
158
157
201
164
240
182
140
160
147
172
151
181
171
179
163
166
169
149
113
212
133
173
142
131
156
198
162
154
167
139
190
163
147
156
141
149
171
166
130
138
143
88
158
143
132
166
179
179
221
242
157
204
162
162
86
106
170
180
155
120
152
168
145
185
148
196
125
156
146
140
205
57
98
140
185
231
152
158
51
147
159
131
166
92
113
106
138
114
163
125
173
203
164
152
149
216
205
135
136
149
101
138
150
108
153
148
157
173
179
145
173
203
134
155
126
176
144
173
165
134
185
157
75
108
148
151
158
151
139
95
99
174
130
183
123
129
144
155
140
157
134
130
121
155
163
128
121
170
147
165
146
127
214
220
159
153
120
112
148
238
143
163
131
151
115
164
133
111
180
144
168
187
88
130
126
118
130
241
173
223
138
144
160
141
129
151
144
203
141
187
164
173
127
150
142
156
86
135
132
167
156
166
155
140
166
136
