Output:
-128.000000
-128.000000
127.000000
127.000000
41.000000
-128.000000
-128.000000
127.000000
127.000000
-128.000000
127.000000
127.000000
-128.000000
-128.000000
-128.000000
127.000000
-128.000000
-128.000000
127.000000
-128.000000
127.000000
127.000000
-128.000000
-75.000000
127.000000
127.000000
-128.000000
127.000000
-128.000000
-128.000000
-128.000000
127.000000
127.000000
-128.000000
-128.000000
-128.000000
-27.000000
-128.000000
-128.000000
-128.000000
-128.000000
-128.000000
127.000000
-128.000000
127.000000
-128.000000
-128.000000
127.000000
127.000000
-128.000000
-128.000000
-128.000000
48.000000
127.000000
127.000000
127.000000
127.000000
127.000000
127.000000
127.000000
127.000000
127.000000
-128.000000
127.000000
-128.000000
127.000000
-128.000000
127.000000
-128.000000
-128.000000
127.000000
127.000000
127.000000
127.000000
-128.000000
127.000000
-128.000000
-128.000000
-128.000000
-128.000000
127.000000
-79.000000
127.000000
119.000000
-128.000000
127.000000
-128.000000
127.000000
127.000000
127.000000
-128.000000
127.000000
-128.000000
127.000000
-128.000000
127.000000
127.000000
-128.000000
-128.000000
-128.000000
127.000000
127.000000
21.000000
-128.000000
-128.000000
-128.000000
88.000000
-128.000000
-128.000000
-128.000000
-128.000000
-128.000000
-128.000000
127.000000
127.000000
127.000000
127.000000
-128.000000
127.000000
127.000000
-128.000000
127.000000
-128.000000
-128.000000
127.000000
-128.000000
127.000000
127.000000
-128.000000
127.000000
127.000000
127.000000
127.000000
127.000000
-128.000000
127.000000
127.000000
127.000000
-128.000000
-128.000000
127.000000
127.000000
-128.000000
-128.000000
127.000000
-128.000000
127.000000
127.000000
-128.000000
-128.000000
-128.000000
-128.000000
127.000000
127.000000
127.000000
-128.000000
127.000000
127.000000
-128.000000
-128.000000
-128.000000
-128.000000
-128.000000
-128.000000
127.000000
-128.000000
-128.000000
127.000000
127.000000
127.000000
127.000000
127.000000
-128.000000
103.000000
-108.000000
127.000000
-128.000000
127.000000
-128.000000
-128.000000
-128.000000
-128.000000
-128.000000
-128.000000
127.000000
-128.000000
-128.000000
-128.000000
0.000000
-128.000000
127.000000
127.000000
-128.000000
127.000000
127.000000
127.000000
127.000000
-128.000000
-128.000000
-128.000000
127.000000
127.000000
-128.000000
127.000000
-128.000000
127.000000
127.000000
-128.000000
-128.000000
127.000000
127.000000
-128.000000
-128.000000
-128.000000
127.000000
-128.000000
127.000000
-128.000000
127.000000
127.000000
-128.000000
-128.000000
-128.000000
-128.000000
127.000000
127.000000
127.000000
127.000000
-128.000000
-128.000000
-128.000000
127.000000
-128.000000
127.000000
-128.000000
-128.000000
127.000000
127.000000
127.000000
127.000000
127.000000
127.000000
127.000000
-128.000000
127.000000
-128.000000
127.000000
-128.000000
-128.000000
127.000000
127.000000
127.000000
127.000000
-128.000000
127.000000
127.000000
127.000000
127.000000
127.000000
127.000000
-128.000000
127.000000
127.000000
127.000000
-128.000000
-128.000000
127.000000
-128.000000
-128.000000
127.000000
127.000000
127.000000
127.000000
127.000000
127.000000
-128.000000
127.000000
127.000000
-128.000000
-128.000000
127.000000
127.000000
-128.000000
127.000000
127.000000
-128.000000
-45.000000
127.000000
127.000000
-128.000000
-128.000000
127.000000
-128.000000
-128.000000
127.000000
127.000000
-128.000000
-128.000000
127.000000
-128.000000
-128.000000
127.000000
-128.000000
-128.000000
127.000000
-128.000000
127.000000
127.000000
-128.000000
-128.000000
-33.000000
127.000000
127.000000
-128.000000
127.000000
127.000000
-128.000000
-128.000000
127.000000
127.000000
127.000000
-128.000000
-128.000000
-128.000000
127.000000
-128.000000
127.000000
127.000000
127.000000
127.000000
-128.000000
127.000000
127.000000
-128.000000
-128.000000
-128.000000
127.000000
-128.000000
127.000000
127.000000
-128.000000
127.000000
127.000000
127.000000
-128.000000
127.000000
127.000000
127.000000
127.000000
-128.000000
127.000000
67.000000
127.000000
127.000000
-128.000000
127.000000
127.000000
-128.000000
127.000000
127.000000
110.000000
-128.000000
127.000000
127.000000
-128.000000
-128.000000
-128.000000
-128.000000
-128.000000
-128.000000
127.000000
-128.000000
-128.000000
127.000000
127.000000
127.000000
127.000000
-128.000000
-96.000000
-128.000000
-128.000000
127.000000
-128.000000
127.000000
