Output:
127.000000
-128.000000
127.000000
127.000000
127.000000
-128.000000
-128.000000
-128.000000
127.000000
127.000000
-128.000000
127.000000
-128.000000
-128.000000
-128.000000
-128.000000
-128.000000
-128.000000
-128.000000
127.000000
-128.000000
-128.000000
-128.000000
-128.000000
127.000000
-128.000000
127.000000
127.000000
-128.000000
-128.000000
127.000000
127.000000
127.000000
-128.000000
34.000000
-102.000000
-128.000000
-128.000000
-128.000000
-128.000000
-128.000000
127.000000
127.000000
127.000000
127.000000
127.000000
127.000000
127.000000
-128.000000
127.000000
127.000000
-128.000000
-128.000000
127.000000
127.000000
-128.000000
-128.000000
-128.000000
127.000000
127.000000
127.000000
127.000000
127.000000
127.000000
-128.000000
-128.000000
-128.000000
-128.000000
-128.000000
-128.000000
127.000000
127.000000
127.000000
127.000000
127.000000
127.000000
127.000000
127.000000
127.000000
127.000000
127.000000
-128.000000
-128.000000
127.000000
-128.000000
127.000000
127.000000
127.000000
52.000000
127.000000
127.000000
-128.000000
127.000000
-128.000000
-128.000000
127.000000
127.000000
-128.000000
23.000000
-128.000000
127.000000
127.000000
-128.000000
-128.000000
-128.000000
127.000000
-128.000000
-128.000000
-128.000000
-128.000000
-128.000000
127.000000
127.000000
-128.000000
-128.000000
127.000000
127.000000
-128.000000
127.000000
-128.000000
-128.000000
127.000000
-128.000000
-128.000000
127.000000
-128.000000
-128.000000
-128.000000
-128.000000
-51.000000
127.000000
-128.000000
127.000000
127.000000
127.000000
127.000000
127.000000
-128.000000
-128.000000
127.000000
127.000000
-128.000000
127.000000
127.000000
-128.000000
127.000000
-128.000000
127.000000
127.000000
-128.000000
-128.000000
127.000000
-128.000000
-128.000000
-128.000000
127.000000
-128.000000
-128.000000
127.000000
-128.000000
127.000000
-128.000000
-128.000000
-128.000000
127.000000
127.000000
127.000000
127.000000
-128.000000
-128.000000
-128.000000
5.000000
127.000000
-128.000000
20.000000
127.000000
127.000000
-128.000000
127.000000
127.000000
-128.000000
-128.000000
-128.000000
-128.000000
-128.000000
127.000000
-128.000000
-128.000000
0.000000
-128.000000
127.000000
-128.000000
127.000000
127.000000
127.000000
127.000000
-128.000000
-128.000000
127.000000
127.000000
-128.000000
127.000000
-128.000000
-128.000000
-128.000000
-128.000000
-128.000000
127.000000
127.000000
-128.000000
-128.000000
-128.000000
127.000000
-128.000000
-128.000000
127.000000
-128.000000
127.000000
127.000000
127.000000
127.000000
127.000000
-128.000000
127.000000
127.000000
-128.000000
127.000000
127.000000
-128.000000
-128.000000
127.000000
-128.000000
127.000000
127.000000
-128.000000
127.000000
127.000000
127.000000
-128.000000
127.000000
-128.000000
-128.000000
-128.000000
-128.000000
127.000000
-128.000000
-128.000000
127.000000
127.000000
-128.000000
127.000000
-128.000000
-128.000000
-128.000000
-128.000000
-128.000000
127.000000
-128.000000
-128.000000
127.000000
-128.000000
-128.000000
-128.000000
127.000000
127.000000
127.000000
-128.000000
127.000000
-104.000000
-128.000000
-128.000000
-128.000000
127.000000
127.000000
-128.000000
-128.000000
-128.000000
127.000000
-128.000000
127.000000
127.000000
-128.000000
127.000000
-128.000000
-128.000000
127.000000
-128.000000
127.000000
-128.000000
-128.000000
-128.000000
127.000000
127.000000
-128.000000
-128.000000
-128.000000
127.000000
-128.000000
127.000000
-128.000000
127.000000
127.000000
-128.000000
127.000000
-128.000000
-128.000000
-128.000000
127.000000
127.000000
127.000000
127.000000
-128.000000
-128.000000
127.000000
-128.000000
-128.000000
-128.000000
127.000000
127.000000
127.000000
-128.000000
127.000000
-128.000000
-128.000000
127.000000
94.000000
127.000000
-128.000000
-128.000000
127.000000
4.000000
127.000000
127.000000
127.000000
-128.000000
-128.000000
127.000000
-128.000000
-128.000000
-128.000000
127.000000
127.000000
-128.000000
-128.000000
127.000000
127.000000
-128.000000
-3.000000
127.000000
127.000000
-128.000000
86.000000
127.000000
127.000000
127.000000
127.000000
-128.000000
127.000000
127.000000
-128.000000
127.000000
-128.000000
127.000000
127.000000
-128.000000
-128.000000
-128.000000
127.000000
-128.000000
-128.000000
-128.000000
-128.000000
-128.000000
127.000000
-128.000000
127.000000
-128.000000
-128.000000
19.000000
127.000000
-128.000000
127.000000
127.000000
-98.000000
