Output:
127.000000
-128.000000
127.000000
-128.000000
127.000000
127.000000
127.000000
-128.000000
-128.000000
127.000000
-128.000000
127.000000
-128.000000
-128.000000
-128.000000
127.000000
-128.000000
-128.000000
127.000000
95.000000
127.000000
-128.000000
-128.000000
-128.000000
127.000000
127.000000
127.000000
127.000000
-128.000000
-128.000000
-128.000000
-128.000000
127.000000
127.000000
-128.000000
-128.000000
-128.000000
-128.000000
-128.000000
-128.000000
-128.000000
-128.000000
127.000000
127.000000
-128.000000
127.000000
127.000000
-128.000000
-128.000000
-97.000000
-128.000000
-128.000000
127.000000
127.000000
127.000000
127.000000
127.000000
-128.000000
127.000000
127.000000
127.000000
127.000000
127.000000
127.000000
-128.000000
127.000000
127.000000
127.000000
-128.000000
127.000000
127.000000
127.000000
-128.000000
127.000000
127.000000
-128.000000
127.000000
-128.000000
-128.000000
-128.000000
127.000000
127.000000
127.000000
-128.000000
-128.000000
-128.000000
-128.000000
-128.000000
127.000000
127.000000
127.000000
127.000000
-128.000000
127.000000
-128.000000
-128.000000
82.000000
127.000000
-128.000000
127.000000
127.000000
127.000000
-36.000000
127.000000
-128.000000
127.000000
-128.000000
127.000000
-128.000000
127.000000
-128.000000
-128.000000
-128.000000
127.000000
127.000000
-128.000000
127.000000
-128.000000
127.000000
-128.000000
127.000000
-128.000000
127.000000
-128.000000
127.000000
127.000000
-128.000000
51.000000
127.000000
-11.000000
127.000000
-128.000000
-128.000000
127.000000
-128.000000
-128.000000
127.000000
127.000000
-128.000000
-128.000000
127.000000
127.000000
-128.000000
-128.000000
127.000000
127.000000
127.000000
127.000000
-128.000000
-128.000000
127.000000
127.000000
-128.000000
127.000000
-128.000000
-128.000000
-128.000000
127.000000
-128.000000
-128.000000
-128.000000
127.000000
127.000000
127.000000
-127.000000
-128.000000
127.000000
127.000000
127.000000
-128.000000
127.000000
127.000000
-128.000000
-128.000000
-53.000000
127.000000
-128.000000
127.000000
127.000000
-128.000000
-128.000000
127.000000
127.000000
127.000000
127.000000
-128.000000
-128.000000
-128.000000
0.000000
-128.000000
127.000000
127.000000
127.000000
127.000000
127.000000
127.000000
-128.000000
-128.000000
-128.000000
-128.000000
127.000000
127.000000
-128.000000
-128.000000
-128.000000
-128.000000
-128.000000
-128.000000
-128.000000
127.000000
127.000000
-128.000000
-128.000000
-128.000000
127.000000
-128.000000
127.000000
-128.000000
127.000000
127.000000
-128.000000
127.000000
-128.000000
127.000000
127.000000
-128.000000
127.000000
127.000000
127.000000
-128.000000
-128.000000
127.000000
-128.000000
127.000000
127.000000
-128.000000
-128.000000
127.000000
-128.000000
127.000000
127.000000
-128.000000
28.000000
-128.000000
-128.000000
127.000000
127.000000
-128.000000
-128.000000
127.000000
127.000000
127.000000
127.000000
-128.000000
-128.000000
-128.000000
-128.000000
-128.000000
-128.000000
127.000000
127.000000
127.000000
127.000000
127.000000
127.000000
-128.000000
-128.000000
127.000000
127.000000
127.000000
127.000000
127.000000
127.000000
-128.000000
127.000000
-128.000000
-128.000000
127.000000
127.000000
127.000000
127.000000
127.000000
127.000000
127.000000
127.000000
127.000000
127.000000
-128.000000
127.000000
-128.000000
-128.000000
127.000000
-128.000000
-128.000000
-128.000000
127.000000
-128.000000
127.000000
127.000000
-128.000000
127.000000
-128.000000
-19.000000
127.000000
127.000000
-128.000000
127.000000
127.000000
-128.000000
127.000000
127.000000
-128.000000
-128.000000
-128.000000
127.000000
127.000000
-128.000000
-128.000000
127.000000
127.000000
127.000000
-128.000000
-128.000000
-128.000000
-128.000000
-128.000000
127.000000
-128.000000
-128.000000
-128.000000
-128.000000
127.000000
127.000000
-128.000000
127.000000
-128.000000
127.000000
-128.000000
-128.000000
127.000000
127.000000
-128.000000
127.000000
127.000000
41.000000
127.000000
127.000000
78.000000
-128.000000
-128.000000
-128.000000
127.000000
127.000000
127.000000
-128.000000
127.000000
-128.000000
-128.000000
127.000000
-128.000000
-128.000000
-128.000000
127.000000
127.000000
-46.000000
127.000000
-128.000000
-128.000000
127.000000
-128.000000
127.000000
127.000000
127.000000
127.000000
127.000000
-128.000000
127.000000
127.000000
127.000000
-128.000000
127.000000
-128.000000
127.000000
-128.000000
