Output:
-128.000000
127.000000
-128.000000
-128.000000
-128.000000
127.000000
-128.000000
-128.000000
-128.000000
127.000000
-128.000000
-128.000000
127.000000
-128.000000
127.000000
127.000000
127.000000
127.000000
127.000000
127.000000
-128.000000
127.000000
127.000000
-128.000000
-128.000000
-128.000000
-128.000000
127.000000
-128.000000
127.000000
127.000000
127.000000
-128.000000
-128.000000
-128.000000
-128.000000
127.000000
127.000000
-128.000000
-128.000000
127.000000
127.000000
127.000000
37.000000
-128.000000
127.000000
-128.000000
127.000000
-128.000000
-128.000000
127.000000
-128.000000
-128.000000
127.000000
-128.000000
127.000000
-128.000000
127.000000
-128.000000
127.000000
127.000000
-128.000000
127.000000
127.000000
-128.000000
127.000000
-128.000000
-128.000000
127.000000
-128.000000
127.000000
-128.000000
-128.000000
127.000000
127.000000
127.000000
-128.000000
-128.000000
-128.000000
-128.000000
127.000000
127.000000
127.000000
127.000000
-128.000000
127.000000
127.000000
127.000000
127.000000
127.000000
127.000000
127.000000
127.000000
127.000000
-128.000000
-128.000000
127.000000
-128.000000
-128.000000
127.000000
-128.000000
-128.000000
127.000000
-128.000000
-128.000000
-128.000000
-128.000000
127.000000
127.000000
127.000000
-128.000000
-128.000000
127.000000
-128.000000
127.000000
-128.000000
-128.000000
127.000000
127.000000
127.000000
127.000000
-128.000000
127.000000
127.000000
127.000000
-128.000000
-128.000000
127.000000
127.000000
127.000000
-67.000000
-128.000000
-128.000000
127.000000
-128.000000
127.000000
127.000000
127.000000
-128.000000
-128.000000
127.000000
-128.000000
-128.000000
-128.000000
127.000000
-128.000000
127.000000
-128.000000
127.000000
-128.000000
127.000000
127.000000
-128.000000
127.000000
-37.000000
-128.000000
-128.000000
127.000000
-128.000000
-128.000000
-128.000000
127.000000
127.000000
127.000000
127.000000
127.000000
127.000000
127.000000
-13.000000
-128.000000
127.000000
-128.000000
-128.000000
127.000000
127.000000
127.000000
-128.000000
-128.000000
-128.000000
-128.000000
-128.000000
127.000000
-128.000000
-128.000000
127.000000
-128.000000
-128.000000
-128.000000
0.000000
-128.000000
-128.000000
127.000000
-128.000000
127.000000
127.000000
-128.000000
127.000000
-128.000000
-128.000000
-128.000000
-128.000000
-128.000000
127.000000
127.000000
127.000000
127.000000
-128.000000
-128.000000
-128.000000
-128.000000
-128.000000
127.000000
-128.000000
-128.000000
-128.000000
-128.000000
-128.000000
-128.000000
127.000000
-128.000000
-128.000000
127.000000
-128.000000
-128.000000
-128.000000
127.000000
127.000000
127.000000
-128.000000
-128.000000
-128.000000
127.000000
127.000000
-128.000000
127.000000
127.000000
-128.000000
127.000000
127.000000
127.000000
127.000000
127.000000
-128.000000
127.000000
-128.000000
-128.000000
-128.000000
-128.000000
127.000000
127.000000
127.000000
-128.000000
-128.000000
-128.000000
127.000000
127.000000
-12.000000
127.000000
127.000000
-128.000000
-128.000000
127.000000
127.000000
127.000000
-128.000000
127.000000
127.000000
-128.000000
-128.000000
127.000000
-128.000000
-128.000000
127.000000
127.000000
127.000000
-128.000000
127.000000
127.000000
-128.000000
-128.000000
127.000000
127.000000
-128.000000
-128.000000
-128.000000
-128.000000
127.000000
-128.000000
-128.000000
-128.000000
127.000000
127.000000
127.000000
-128.000000
-128.000000
-128.000000
-128.000000
127.000000
-128.000000
-128.000000
127.000000
127.000000
-128.000000
-128.000000
127.000000
-128.000000
127.000000
127.000000
-128.000000
127.000000
127.000000
127.000000
127.000000
127.000000
127.000000
127.000000
-128.000000
127.000000
-128.000000
127.000000
127.000000
-128.000000
-128.000000
127.000000
-128.000000
127.000000
127.000000
127.000000
127.000000
127.000000
127.000000
127.000000
127.000000
-128.000000
127.000000
127.000000
-128.000000
-128.000000
-128.000000
-128.000000
-128.000000
-128.000000
127.000000
-128.000000
127.000000
127.000000
-128.000000
127.000000
-128.000000
127.000000
-128.000000
127.000000
-128.000000
127.000000
-128.000000
127.000000
-128.000000
-128.000000
127.000000
-39.000000
127.000000
127.000000
-128.000000
127.000000
-128.000000
-128.000000
127.000000
-128.000000
127.000000
-128.000000
127.000000
-128.000000
127.000000
-128.000000
-128.000000
-128.000000
-128.000000
127.000000
-128.000000
-128.000000
127.000000
127.000000
-128.000000
127.000000
