Output:
-128.000000
-128.000000
127.000000
127.000000
127.000000
127.000000
-128.000000
127.000000
-128.000000
127.000000
-128.000000
127.000000
127.000000
-128.000000
-128.000000
-128.000000
-128.000000
127.000000
127.000000
-128.000000
41.000000
127.000000
-128.000000
127.000000
-128.000000
127.000000
-128.000000
127.000000
127.000000
-128.000000
-128.000000
127.000000
127.000000
127.000000
127.000000
62.000000
-128.000000
-128.000000
121.000000
127.000000
127.000000
-128.000000
-128.000000
127.000000
-128.000000
-128.000000
-128.000000
-128.000000
127.000000
-128.000000
-128.000000
127.000000
127.000000
-128.000000
127.000000
127.000000
127.000000
-128.000000
127.000000
127.000000
127.000000
127.000000
-128.000000
127.000000
127.000000
-128.000000
127.000000
-128.000000
-128.000000
127.000000
-128.000000
127.000000
-128.000000
127.000000
-128.000000
-128.000000
127.000000
-128.000000
-128.000000
-128.000000
-128.000000
-128.000000
127.000000
-128.000000
127.000000
-128.000000
127.000000
127.000000
127.000000
-128.000000
-128.000000
-128.000000
-128.000000
-128.000000
127.000000
-128.000000
127.000000
-128.000000
-128.000000
-128.000000
-128.000000
-128.000000
127.000000
127.000000
127.000000
127.000000
127.000000
-128.000000
-128.000000
-128.000000
127.000000
-128.000000
127.000000
-128.000000
-128.000000
-128.000000
127.000000
127.000000
127.000000
-128.000000
-128.000000
-128.000000
127.000000
127.000000
127.000000
127.000000
-128.000000
-128.000000
-128.000000
-128.000000
127.000000
127.000000
-128.000000
127.000000
-128.000000
-128.000000
127.000000
-128.000000
-128.000000
-128.000000
127.000000
127.000000
-128.000000
127.000000
-128.000000
-128.000000
127.000000
-128.000000
127.000000
-128.000000
-61.000000
127.000000
-128.000000
127.000000
-128.000000
-128.000000
-128.000000
-128.000000
-128.000000
-128.000000
-128.000000
127.000000
-69.000000
127.000000
-128.000000
-128.000000
127.000000
-128.000000
-128.000000
38.000000
127.000000
127.000000
-128.000000
-128.000000
127.000000
-128.000000
-128.000000
127.000000
-128.000000
127.000000
127.000000
-128.000000
127.000000
127.000000
-128.000000
127.000000
-128.000000
-128.000000
0.000000
127.000000
-128.000000
127.000000
127.000000
127.000000
127.000000
-128.000000
127.000000
127.000000
127.000000
-128.000000
-128.000000
127.000000
127.000000
-128.000000
-128.000000
-128.000000
127.000000
-128.000000
-128.000000
127.000000
127.000000
127.000000
-128.000000
127.000000
127.000000
-128.000000
127.000000
-128.000000
-128.000000
127.000000
-128.000000
-128.000000
-128.000000
-128.000000
127.000000
-128.000000
51.000000
127.000000
-128.000000
-128.000000
-128.000000
127.000000
127.000000
127.000000
127.000000
127.000000
-128.000000
127.000000
-128.000000
127.000000
127.000000
-128.000000
127.000000
127.000000
-128.000000
127.000000
127.000000
127.000000
127.000000
127.000000
127.000000
127.000000
-128.000000
43.000000
-128.000000
127.000000
-128.000000
-128.000000
-128.000000
-128.000000
127.000000
-128.000000
127.000000
127.000000
127.000000
127.000000
-128.000000
127.000000
-128.000000
-128.000000
127.000000
-128.000000
127.000000
-128.000000
127.000000
-128.000000
127.000000
-128.000000
127.000000
127.000000
-128.000000
-128.000000
-128.000000
-128.000000
127.000000
127.000000
127.000000
-128.000000
-128.000000
-128.000000
-128.000000
127.000000
-128.000000
-128.000000
-128.000000
-128.000000
-128.000000
-128.000000
-128.000000
-128.000000
127.000000
-128.000000
127.000000
-128.000000
-128.000000
127.000000
-128.000000
127.000000
127.000000
127.000000
127.000000
127.000000
127.000000
-128.000000
-128.000000
-128.000000
127.000000
-128.000000
-128.000000
-128.000000
127.000000
127.000000
-128.000000
127.000000
-128.000000
127.000000
127.000000
-128.000000
127.000000
127.000000
-128.000000
127.000000
127.000000
-128.000000
127.000000
127.000000
127.000000
-128.000000
127.000000
127.000000
127.000000
-128.000000
127.000000
-128.000000
-128.000000
127.000000
127.000000
127.000000
-128.000000
127.000000
127.000000
-128.000000
127.000000
127.000000
-128.000000
127.000000
-128.000000
-128.000000
-128.000000
127.000000
127.000000
-128.000000
127.000000
127.000000
-56.000000
127.000000
-128.000000
127.000000
127.000000
-128.000000
-128.000000
-128.000000
-128.000000
127.000000
127.000000
127.000000
127.000000
127.000000
127.000000
127.000000
127.000000
-128.000000
127.000000
127.000000
