Output:
-128.000000
-128.000000
127.000000
30.000000
127.000000
127.000000
-128.000000
127.000000
127.000000
127.000000
-128.000000
-128.000000
127.000000
-128.000000
-128.000000
127.000000
-128.000000
-128.000000
127.000000
-128.000000
127.000000
-128.000000
127.000000
-128.000000
-128.000000
127.000000
-128.000000
-128.000000
127.000000
-128.000000
127.000000
127.000000
127.000000
127.000000
-128.000000
127.000000
127.000000
127.000000
127.000000
127.000000
127.000000
94.000000
127.000000
-128.000000
-128.000000
-128.000000
-128.000000
-128.000000
127.000000
-128.000000
-128.000000
-128.000000
127.000000
-128.000000
-128.000000
127.000000
127.000000
-128.000000
127.000000
127.000000
-128.000000
-128.000000
127.000000
127.000000
-128.000000
-39.000000
-128.000000
127.000000
-128.000000
127.000000
-128.000000
-41.000000
-128.000000
127.000000
-128.000000
127.000000
127.000000
-128.000000
-128.000000
127.000000
-128.000000
-128.000000
127.000000
-128.000000
127.000000
-128.000000
127.000000
127.000000
-128.000000
127.000000
-128.000000
127.000000
-128.000000
-128.000000
127.000000
-128.000000
-128.000000
127.000000
127.000000
-128.000000
127.000000
-128.000000
127.000000
127.000000
-128.000000
-128.000000
127.000000
-128.000000
127.000000
-128.000000
127.000000
-128.000000
-128.000000
127.000000
-128.000000
-128.000000
127.000000
-128.000000
127.000000
127.000000
-128.000000
-128.000000
127.000000
127.000000
-128.000000
127.000000
-128.000000
127.000000
124.000000
-128.000000
127.000000
127.000000
-59.000000
127.000000
-128.000000
127.000000
127.000000
127.000000
127.000000
127.000000
127.000000
-128.000000
127.000000
-128.000000
-128.000000
-128.000000
127.000000
-128.000000
-128.000000
-128.000000
-128.000000
-128.000000
-128.000000
-128.000000
127.000000
127.000000
-128.000000
-128.000000
-128.000000
-128.000000
-128.000000
127.000000
127.000000
127.000000
-128.000000
-128.000000
127.000000
127.000000
-128.000000
127.000000
127.000000
-128.000000
-128.000000
127.000000
127.000000
127.000000
127.000000
-128.000000
-128.000000
-128.000000
127.000000
-84.000000
127.000000
-128.000000
127.000000
127.000000
-128.000000
-128.000000
0.000000
-128.000000
-128.000000
-128.000000
127.000000
127.000000
127.000000
-128.000000
127.000000
-128.000000
127.000000
-128.000000
-128.000000
127.000000
-128.000000
127.000000
-128.000000
-128.000000
-128.000000
-128.000000
-128.000000
127.000000
127.000000
127.000000
-128.000000
-128.000000
-128.000000
-128.000000
-128.000000
-128.000000
127.000000
127.000000
-128.000000
-128.000000
-128.000000
127.000000
127.000000
-128.000000
127.000000
127.000000
-128.000000
-128.000000
-128.000000
127.000000
127.000000
127.000000
127.000000
127.000000
-128.000000
127.000000
127.000000
-128.000000
127.000000
-128.000000
127.000000
127.000000
-128.000000
127.000000
127.000000
-128.000000
127.000000
127.000000
127.000000
127.000000
-128.000000
-128.000000
127.000000
127.000000
127.000000
-128.000000
127.000000
127.000000
-128.000000
127.000000
127.000000
127.000000
-128.000000
127.000000
-128.000000
127.000000
127.000000
-128.000000
-128.000000
127.000000
127.000000
-128.000000
-128.000000
-128.000000
-128.000000
-128.000000
127.000000
127.000000
127.000000
127.000000
-128.000000
-128.000000
-128.000000
-128.000000
127.000000
-128.000000
-128.000000
-128.000000
-128.000000
127.000000
127.000000
-128.000000
127.000000
127.000000
-128.000000
127.000000
-128.000000
-128.000000
127.000000
-128.000000
127.000000
-128.000000
-128.000000
-128.000000
-128.000000
127.000000
127.000000
127.000000
127.000000
127.000000
127.000000
-128.000000
-128.000000
-128.000000
127.000000
127.000000
-128.000000
-128.000000
-128.000000
-128.000000
-128.000000
-128.000000
-128.000000
127.000000
127.000000
-128.000000
127.000000
-128.000000
-128.000000
127.000000
127.000000
-128.000000
127.000000
127.000000
127.000000
-128.000000
127.000000
127.000000
-128.000000
127.000000
127.000000
-128.000000
-75.000000
-128.000000
127.000000
127.000000
-128.000000
127.000000
-128.000000
127.000000
127.000000
127.000000
-128.000000
-128.000000
-128.000000
-128.000000
-128.000000
127.000000
127.000000
127.000000
127.000000
-128.000000
-128.000000
127.000000
-128.000000
127.000000
-128.000000
-128.000000
127.000000
-128.000000
-99.000000
-128.000000
127.000000
96.000000
127.000000
127.000000
127.000000
127.000000
127.000000
127.000000
-128.000000
-128.000000
