# Quantized Gamma (8-bit per-channel)
# Scale: 0.0044017432, ZP: 0
384
0.0044017432
0
75
233
57
53
98
57
113
50
113
55
233
224
209
43
58
57
69
224
47
211
34
166
153
74
47
42
147
73
55
122
189
222
207
70
189
49
202
205
6
96
185
43
201
62
130
47
43
56
47
46
135
144
49
74
194
206
242
105
46
162
50
219
145
161
153
56
229
152
191
185
91
194
50
58
72
81
49
71
36
255
66
117
101
149
70
164
92
133
223
196
191
206
179
74
244
158
152
226
55
40
219
160
52
56
53
187
73
197
183
166
74
57
193
165
154
146
151
198
72
75
46
51
90
77
58
55
58
145
160
107
17
180
187
103
51
95
64
212
141
77
86
124
65
140
56
158
110
79
155
150
120
134
215
188
161
42
182
80
73
31
227
81
78
42
58
251
54
50
55
73
65
72
35
123
62
45
54
54
46
255
50
187
89
190
45
121
50
160
0
44
108
173
137
27
46
46
48
63
222
81
66
167
250
55
220
63
185
159
59
187
36
217
78
67
58
56
129
100
204
87
110
65
72
196
154
188
53
157
50
73
45
63
46
207
60
77
63
73
232
210
47
125
98
83
42
44
180
193
67
61
157
182
49
55
129
60
73
46
163
224
218
108
51
128
61
209
44
174
221
57
149
240
120
148
150
163
180
216
56
185
84
150
59
104
225
177
77
237
225
42
50
177
137
138
108
121
38
41
205
47
90
105
77
188
50
75
126
54
57
52
41
207
148
51
214
39
61
194
58
217
64
200
219
39
225
164
44
75
208
63
107
103
144
51
117
41
230
102
163
41
221
61
45
221
59
81
198
130
213
224
52
209
49
128
41
82
83
53
90
215
207
48
227
52
179
49
63
95
71
162
213
218
51
175
108
148
204
192
44
202
56
142
197
72
