ORIGINAL Mean: -0.009757
ORIGINAL Variance: 1.036491
Output:
-0.168446
-0.334676
0.036316
0.025564
0.033952
-0.133219
0.426359
-0.014350
0.055292
-0.477624
0.331944
-0.688912
0.151227
0.117049
-0.082474
0.070761
-0.144467
0.553450
-0.188599
0.069960
-0.136203
0.259360
0.326826
0.033755
-0.253259
-0.204717
0.322803
0.084368
-0.036181
-0.060119
0.009164
0.337410
0.185408
0.596498
0.063280
0.114048
-0.264732
0.296644
-0.125530
-0.036779
-0.292231
0.338180
-0.458594
0.157225
-0.451625
0.123974
0.345471
0.156145
0.339627
0.261648
-0.146891
-0.059713
-0.244775
-0.278062
-0.228575
-0.192873
-0.042029
0.020170
0.115039
0.027167
-0.291357
-0.026523
0.463231
0.220211
-0.081167
-0.091397
-0.157098
0.068579
0.262223
0.168114
0.087221
0.024514
0.124937
-0.004902
-0.050816
-0.831701
0.037748
0.029238
0.224478
-0.197214
0.167698
0.246062
0.288730
-0.232931
0.316295
0.371527
-0.069578
-0.699698
-0.484057
-0.748333
-0.316747
-0.200075
0.576563
-0.409427
-0.822089
0.518971
0.392705
0.397468
-0.033901
-0.066681
-0.653967
-0.032308
-0.280618
-0.158539
0.037356
-0.152599
0.191091
0.365076
0.059274
0.330197
0.329172
-0.007732
0.086736
-0.424315
-0.113326
0.167763
-0.074019
0.213439
0.108548
-0.066437
-0.126835
0.113671
0.282322
-0.067562
0.018310
-0.007379
-0.006669
0.201237
-0.077019
-0.180984
0.065535
-0.007386
0.123465
-0.323613
-0.005532
0.162974
-0.194651
0.004818
0.360994
0.058888
0.120787
-0.142027
0.725775
-0.228271
-0.062201
0.216680
-0.557227
0.100928
0.989075
0.071188
-0.246435
-0.603759
-0.018373
-0.283568
0.321264
0.036287
0.210881
-0.429000
0.013075
-0.143983
-0.009774
-0.301663
0.049983
-0.164594
0.385047
-0.339962
0.098267
-0.091105
-0.236699
-0.000420
-0.061402
-0.310488
0.370069
0.308443
0.069651
0.140370
0.472233
-0.207825
0.000016
0.741677
0.068950
0.364964
-0.569929
0.008278
0.067410
-0.295429
-0.116542
-0.281676
-0.000015
-0.126648
-0.263126
-0.364148
-0.209522
0.141492
0.066919
0.054996
-0.256198
-0.330024
0.076549
0.408548
-0.022160
-0.497090
-0.259145
0.075317
0.431713
-0.005786
-0.017687
0.238931
0.762174
-0.443152
-0.030755
-0.234789
-0.104863
-0.140386
0.028271
0.229308
-0.409850
0.211770
-0.517023
0.141652
-0.193590
0.514970
0.000917
-0.005622
-0.547176
0.285913
-0.070612
1.377504
0.316022
0.245778
0.307566
0.013162
0.092261
-0.124724
-0.225399
0.059548
0.474409
-0.056797
-0.922399
0.220823
-0.099207
-0.518388
0.291205
-0.992809
0.249740
-0.048845
0.065017
0.294067
-0.018007
-0.312171
0.179989
-0.601873
-0.047099
-0.248694
-0.293480
-0.319667
-0.186939
-0.012832
0.341960
-0.015979
-0.326138
0.035769
-0.081741
0.171389
0.212165
-0.596170
0.104588
-0.004714
0.241272
-0.039319
-0.050288
0.156940
-0.406324
-0.165572
0.072432
0.603261
-0.027831
0.615322
-0.137533
-0.189485
-0.212482
0.012968
-0.077368
-0.023881
-0.189053
0.140891
-0.236883
-0.304529
-0.387324
0.131657
0.168182
-0.024767
-0.016145
-0.326383
0.047153
0.391693
0.108721
-0.011955
0.439442
-0.005625
-0.080682
0.113556
0.308582
-0.016572
-0.007989
-0.155994
0.270924
0.090492
0.200485
-0.088231
-0.091984
-0.169243
-0.880458
0.040660
0.023579
-0.247276
0.336575
-0.132047
-0.187804
0.480621
-0.809037
0.325202
0.410435
-0.148284
0.003668
-0.402004
0.085242
-0.417827
0.056850
-0.002442
-0.493546
1.863119
-0.726162
0.596190
-0.224811
-0.098359
0.119475
-0.685254
-0.150912
-0.061563
0.378893
0.125017
-0.100951
-0.436112
0.030113
-0.108515
-0.877436
-0.261977
-0.462289
0.089254
0.046867
-0.314072
0.220594
0.060243
0.309513
-0.283678
-0.039660
0.124339
0.249903
-0.399054
-0.068386
-0.156775
-0.471815
-0.027373
-0.178532
-0.005440
0.014068
0.182289
-0.301819
-0.034792
0.203761
0.758496
-0.008673
0.087496
-0.051789
0.118964
0.612506
-0.116541
0.063498
-0.248276
-0.454722
-0.237849
0.206042
-0.119172
