ORIGINAL Mean: 0.005635
ORIGINAL Variance: 1.397235
Output:
-0.371655
-0.965669
-0.022543
-0.268805
-0.204304
0.149747
-0.457337
-0.083171
-0.482068
0.295286
-0.678829
-0.031512
-0.138462
-0.063572
-0.136191
0.111341
0.132894
0.615453
-0.107885
0.101990
0.103008
-0.114277
-0.278397
0.172892
0.053984
0.134617
0.439831
-0.323892
0.445173
0.971058
-0.389790
-0.329809
0.056795
-0.382101
0.303674
0.131159
0.165266
0.544548
-0.010982
0.418623
0.092976
-0.211477
0.540982
0.014112
0.235901
-0.070717
-0.007094
-0.274003
-0.248227
-0.128888
0.139935
-0.237082
-0.003662
0.453973
-0.186976
-0.318953
-0.421565
0.135110
-0.078637
0.098870
0.279417
1.048675
-0.605576
-0.331268
2.174137
-0.038718
0.864724
-0.863960
-0.059743
-0.720505
-0.313763
0.236534
0.067365
0.136869
0.319558
0.487201
0.302341
0.209254
-0.178472
-0.138253
0.113921
0.307982
-0.190242
0.320795
0.015235
-0.373645
-0.116988
-0.687486
0.041153
-0.273890
0.786817
0.010545
-0.962753
0.433341
0.503676
-0.506020
0.292622
0.219478
0.064056
-0.155592
0.068769
0.669202
0.328151
0.379220
0.034636
0.088368
-0.344708
0.060527
-0.290315
0.599174
0.048827
0.016937
-0.585556
-0.548598
-0.534104
0.296860
-0.021317
-0.303106
-0.163653
0.002747
0.018127
-0.072975
-0.095312
-0.325298
0.064307
0.154565
-0.129618
0.280721
1.114833
-0.038654
0.039806
-0.499935
-0.353894
0.306933
-0.048157
-0.257812
-0.193583
1.653219
0.465942
0.033261
0.129602
-0.474995
-0.359556
-0.167103
0.081927
-0.431424
-0.290236
0.195049
-0.017325
0.505822
-0.637380
-0.318585
-0.821350
-0.322274
-0.832729
0.099207
-0.668475
-0.109949
0.200914
-0.144215
-0.540680
0.030411
-0.085378
-0.108482
-0.126771
-0.692267
-0.142817
0.130297
-0.289613
-0.275788
0.375062
0.584881
-0.195350
-0.099833
-0.021690
0.007947
-0.269278
-0.177229
-0.016352
-0.051583
0.267076
0.024866
0.660625
0.536152
0.153240
0.698913
0.056788
-0.597059
-0.000223
0.073844
-0.318006
0.121911
-0.263926
0.111549
0.081852
-0.201010
-0.058375
0.150159
0.290935
0.045852
0.018214
-0.795515
-0.028711
-0.321518
0.344319
-0.051330
0.517390
-0.643955
-0.287816
0.557842
-0.073701
0.123658
0.082612
-0.160079
-0.066236
-0.383318
-0.057535
0.402868
-1.821385
0.009200
-0.484125
-0.720981
-0.150689
0.035255
0.776324
-0.746275
0.013596
0.372687
-0.303506
0.067274
-0.132661
0.269577
-0.089322
0.550257
0.269881
-0.090941
-0.429614
0.110497
-0.794878
-0.562289
0.014430
-0.877798
0.656952
0.881448
-0.203731
0.039893
-0.938533
0.422160
0.026425
0.656190
0.365996
-0.592681
-0.118711
0.278094
-0.523071
0.039027
0.062626
-0.254997
-1.399796
-0.431930
0.489486
0.271562
-0.074766
0.075161
-0.061491
0.166540
-0.109346
-0.283663
0.403343
-0.261671
-0.119086
0.959799
-0.469239
0.275798
0.353485
0.348085
-0.580602
0.105634
0.259459
0.025991
0.336101
0.724311
0.118564
-0.114515
-0.379219
-0.181949
-0.219837
0.788412
-0.354002
0.026980
-0.030241
1.018077
-0.363502
0.153180
0.753297
-0.569401
-0.099214
0.076899
0.075971
-0.274642
-0.286091
-0.154158
-0.015866
-0.662725
-0.050892
0.309309
0.410840
-0.064467
-0.197096
0.189673
0.392286
0.183486
-0.391983
0.241097
-0.788332
0.034231
0.071384
-0.688570
0.264548
-1.482783
0.105402
0.179243
0.551591
-0.046265
-0.585705
-0.207066
-0.044197
-0.059847
-0.521756
0.019057
0.556635
1.754372
0.765762
-0.199121
-0.521775
0.088786
-1.044787
-0.302800
-1.179712
0.020714
0.321782
-0.246823
-0.152195
-0.060643
-0.122973
-0.027527
0.785704
0.612592
1.283604
-0.461344
-0.443443
0.644296
-0.298391
0.007405
-0.197376
0.170400
0.471779
-0.038438
-0.187323
-1.012969
0.020615
-0.322445
0.696306
0.031905
0.235438
0.200349
0.001181
-0.615706
0.435068
0.242211
0.507529
0.012379
0.087809
0.437697
0.600081
-0.085017
-0.376966
1.035087
0.137642
0.261935
0.112098
0.535210
-0.551155
-0.176826
