ORIGINAL Mean: -0.010971
ORIGINAL Variance: 1.093524
Output:
-0.224340
0.840006
0.006133
-0.112311
-0.231914
-0.038046
0.437677
-0.220034
-0.207733
0.145403
0.217300
-0.305545
-1.039981
-0.115222
-0.040281
0.149710
-0.041949
-0.646358
-0.178151
-0.016373
0.090240
0.057080
-0.196362
-0.195959
-0.178081
-0.094090
0.046507
-0.292438
0.398178
0.028023
-0.536959
-0.093665
-0.610640
-0.333104
-0.178780
0.110625
0.364542
-0.304006
-0.091832
-0.239480
0.491813
0.102434
-0.235851
0.008260
0.584251
0.228882
0.063199
-0.305309
-0.387958
-0.202610
-0.458658
0.228351
-0.125169
0.960330
-0.099620
-0.022392
-2.171514
0.234622
0.333384
-0.337963
0.323552
0.712736
-0.049860
0.056575
-0.150552
-0.055785
0.245107
0.001081
0.769735
0.185617
-0.029115
0.459326
-0.192192
-0.016466
0.411879
0.769587
0.219742
-0.077101
-0.059548
0.283856
-0.027424
0.469613
-0.515472
0.171266
0.100636
-0.421943
0.222796
0.254544
1.321610
-1.205878
-0.309349
1.071417
0.230519
0.414871
-0.204602
0.434986
-0.047277
-0.506367
0.151029
-0.205034
-0.484439
-1.051887
0.422874
0.257129
0.093622
0.782333
-0.270078
0.647800
0.190591
0.534080
-0.111084
-0.035188
-0.939085
0.003480
-0.017779
-0.378884
0.003974
0.128752
0.074916
0.098023
-0.047700
0.232673
-0.490743
-0.916553
-0.217222
-0.182541
-0.317499
0.190436
0.023121
-0.233346
0.081949
-0.365344
0.331179
0.080073
0.024651
-0.355173
-0.080236
0.347411
0.456531
0.111549
0.413680
-0.354238
0.256119
-0.851638
-0.022294
1.017652
-0.173460
-0.515315
0.000690
0.148295
0.031804
0.469704
0.057856
0.224995
0.053440
0.003576
-0.676502
0.027260
0.287722
-0.127179
0.363032
0.421425
0.066433
0.151983
-0.044950
0.398133
-0.223280
0.026390
-0.144594
-0.296804
-0.034549
0.006590
-0.012356
0.349705
0.056964
0.003940
-0.094860
-0.666083
0.107291
0.014456
0.271781
-0.553696
-0.552621
0.642803
0.064346
0.372457
0.158475
-0.770927
-0.000019
0.030159
-0.302999
-0.369900
0.099669
0.124287
0.200123
-0.439919
-0.003756
0.066842
0.433476
0.363444
0.160690
-0.001069
-1.379642
-0.232059
-0.113124
0.024360
0.994389
0.084262
0.237518
0.983117
-0.105390
0.567209
0.187338
0.018155
-0.131304
-0.276649
0.676528
0.135567
0.654512
-0.031480
0.272825
-0.204685
0.099566
-0.093471
-0.241428
-0.065286
-0.009759
0.589243
-0.268066
-0.089712
-0.075840
-0.228451
0.038052
-0.054391
0.296271
0.026483
-0.039845
-0.101364
-0.063011
0.011769
-0.196383
0.210389
0.352067
1.048966
-0.161036
-0.152993
-0.417382
-0.229101
0.221870
0.190251
-0.415361
0.830491
-0.204692
0.213420
-0.687701
0.071598
0.177749
-0.176686
0.580936
-0.173071
0.633937
0.165643
-0.078653
-0.047133
-0.120236
-0.050812
-0.032633
-0.250145
-0.080817
0.028326
0.352129
0.669456
0.663266
-0.220149
-0.389614
-0.170507
-0.007374
-0.139720
0.088827
0.329748
-0.255226
0.042177
0.041200
-0.313961
0.834440
-0.762216
-0.172545
-0.543243
-0.868440
-0.041148
-0.123569
-0.351895
0.371649
-0.105760
0.007777
0.133208
0.023356
0.120378
0.706502
-0.300328
0.203193
0.032259
-0.170745
0.257677
-0.085147
0.241188
-0.014464
0.192863
-0.189941
0.377924
0.148088
-0.374973
0.651125
0.326280
0.134894
-0.139407
-0.339513
0.504476
0.402051
-0.778886
0.069711
0.318146
-0.460014
-0.015467
-0.639382
-0.445035
0.006705
-0.054436
-0.113232
-0.155997
0.061266
1.919681
0.250113
0.193833
-0.276628
-0.035067
0.623920
-0.323218
-0.486735
-0.157836
-1.429929
-0.118781
-0.403193
-0.081327
-0.102481
-0.045170
-0.849255
0.150308
0.331078
0.443474
-0.278550
0.031234
-0.294000
-0.093432
-0.023495
0.290092
-0.314743
0.082385
-0.395527
-0.076112
-0.184360
-0.069993
-0.197469
0.033528
0.200288
0.036073
0.053002
-0.127102
0.172637
-0.105187
0.406624
-0.096717
0.055702
-0.075737
-0.384427
0.424439
0.263556
0.503363
0.067851
-0.542865
-0.157028
0.441633
0.340961
-0.359735
