ORIGINAL Mean: 0.037511
ORIGINAL Variance: 1.046695
Output:
-0.076103
-0.269634
0.227997
0.303124
0.062026
-0.028090
-0.132934
0.141391
0.032001
-0.002054
0.061850
0.172687
-0.214277
-0.228229
0.017892
0.172649
-0.271136
-0.239251
-0.007150
-0.247939
0.033815
0.262891
-0.123534
0.010212
0.175767
0.255888
-0.299274
0.220496
-0.291109
-0.170762
-0.051583
0.225130
0.044258
-0.714858
-0.412238
-0.020955
-0.005036
-0.111222
-0.014473
-0.181491
-0.130486
-0.159023
0.039088
-0.390513
0.016787
-0.133468
-0.113518
0.303565
0.020093
-0.058257
-0.366262
-0.361982
-0.082322
0.516209
0.100369
0.204830
0.081061
0.072554
0.148213
0.203218
0.142282
0.305606
-0.066484
0.279947
-0.184650
0.234925
-0.271215
0.308306
-0.071726
-0.220556
0.281828
0.227663
0.109898
0.150058
-0.412386
1.008753
-0.400166
-0.220846
-0.216145
-0.096701
0.058360
-0.014628
0.099005
0.011283
-0.241955
0.170178
-0.262939
0.017213
0.145703
0.177687
-0.059336
0.064116
-0.267514
0.392064
-0.230728
0.054584
-0.020067
-0.213670
-0.110180
-0.031983
0.215088
0.732394
-0.067898
-0.431289
-0.454460
-0.079633
0.010994
-0.098370
-0.248000
-0.491482
-0.072302
-0.099468
-0.112126
0.167786
0.093323
0.275636
0.154563
-0.155603
0.193111
0.248815
-0.063241
0.129699
-0.112302
-0.274957
0.206519
-0.024551
0.264965
0.203985
0.005569
0.216161
0.034178
0.478214
0.196424
0.329561
-0.261733
0.344827
0.380470
0.137170
-0.202939
-0.383798
-0.009471
0.238905
-0.286922
-0.105194
0.019162
-0.089588
0.439607
0.271629
-0.263082
-0.126540
-0.313553
-0.039552
0.039855
0.024945
0.153611
-0.175158
0.389242
0.382555
-0.009675
-0.187033
-0.082175
-0.201456
-0.218397
-0.222069
0.146085
-0.032303
-0.144257
0.063235
0.366460
0.166864
-0.006096
0.178809
-0.237377
0.050309
-0.012582
0.002132
-0.196242
0.257588
-0.074165
-0.114688
-0.771894
-0.029565
-0.179927
-0.029712
0.057696
-0.060636
-0.057521
-0.047014
-0.000134
-0.018669
0.050069
0.279284
-0.252210
0.158044
0.133494
0.397824
0.053079
-0.212868
-0.074582
-0.477490
0.151511
0.323172
-0.101320
0.156112
-0.006213
0.074804
0.098712
-0.096487
-0.211881
0.453763
0.136875
-0.213287
-0.129792
-0.010985
0.133970
-0.049561
0.024376
-0.046248
0.144325
0.296735
-0.240953
-0.237099
-0.186134
-0.347785
0.230534
0.291558
0.178139
2.458403
-0.136302
-0.095761
-0.232744
0.113387
-0.133595
0.152019
-0.179298
-0.047198
0.384973
0.100095
0.381846
0.053347
0.257457
0.288754
0.059533
-0.411426
-0.010538
-0.005573
0.177492
-0.101523
-0.195825
-0.066382
0.313668
0.163553
0.180749
0.041859
0.139331
0.081226
0.021933
0.183208
0.229947
0.309786
-0.006647
-0.026495
0.181076
0.029126
-0.242582
-0.066471
0.090367
-0.164939
-0.000363
0.387708
0.220994
0.064647
0.097927
0.210471
0.113951
-0.245097
0.383325
0.004557
-0.116137
-0.029099
0.129307
0.016861
-0.047069
0.537051
0.379102
-0.042117
0.024249
0.209955
0.035844
-0.377973
-0.194238
0.076090
-0.199196
-0.450286
0.063281
0.280040
-0.295540
-0.108848
0.056818
-0.183095
-0.143078
-0.033707
-0.108410
-0.300246
0.235020
-0.099174
0.139334
-0.024163
-0.139011
-0.234036
-0.021894
0.108792
0.111219
-0.079119
0.094009
0.101342
-0.054325
-0.055556
0.090453
0.125143
0.031002
-0.166332
-0.206083
-0.091036
0.023857
-0.199375
0.068085
0.079054
0.088139
0.066682
-0.131483
1.932699
0.550029
-0.415657
-0.082264
-0.164761
0.044801
-0.385880
0.317856
0.387281
-0.245800
0.227797
0.111728
0.039801
-0.094067
0.314965
0.341527
0.234908
0.102805
-0.101747
-0.027679
-0.021505
0.081186
0.017985
-0.074530
0.298267
0.062452
-0.196786
0.059110
0.248309
0.012795
-0.063360
0.076821
0.262184
-0.150541
-0.465072
-0.227975
-0.267213
-0.136584
-4.289989
0.019607
-0.247889
-0.212920
0.113889
0.104049
0.017369
0.059846
-0.052052
-0.003693
-0.479107
-0.238785
0.019859
0.001677
0.028443
