ORIGINAL Mean: 0.047887
ORIGINAL Variance: 1.037194
Output:
-0.008361
-0.087053
0.315798
0.162855
0.290878
0.022741
-0.044077
0.191839
0.497411
-0.163541
-0.115226
0.069971
-0.050333
-0.006476
-0.055465
0.131105
-0.709231
-0.182998
0.019943
-0.208333
0.048418
0.296838
0.033221
-0.248642
-0.186129
0.083019
-0.098198
0.031323
-0.333836
-0.423330
0.052025
-0.074690
0.084624
0.612112
-0.163798
0.021167
-0.026170
-0.047816
-0.114795
-0.128900
-0.007569
-0.228287
0.006356
-0.199662
0.166021
-0.113336
-0.131708
0.041702
0.344612
-0.114984
-0.357361
-0.258730
0.033140
-0.367313
0.092430
0.319545
0.070563
-0.231661
0.119938
0.102256
-0.090470
0.336099
-0.021993
0.122575
-0.155687
-0.032342
-0.009439
0.537459
-0.058505
0.188026
0.431966
0.126400
-0.064755
0.022235
0.289573
-0.347252
-0.159632
-0.495853
-0.066928
-0.245468
0.166824
0.035910
-0.121952
0.155039
0.058664
-0.178054
-0.158504
-0.019196
-0.008851
0.333131
-0.159092
-0.030288
-0.319279
-0.163695
0.048261
-0.215640
-0.080099
0.179507
-0.047581
0.085426
0.154228
0.518849
0.118503
-0.198689
-0.243537
0.202055
0.320678
0.292319
-0.192885
0.091285
0.100268
0.012088
-0.030188
0.103100
0.214523
0.357467
0.176089
-0.329872
0.347560
0.193334
-0.011495
0.027439
0.012447
-0.123315
0.010752
0.292269
-0.021071
-0.007098
0.054917
-0.054482
0.071311
0.312221
0.232804
0.228199
-0.296544
0.274465
0.305114
0.229809
-0.127346
-0.233954
0.201433
0.219633
-0.351816
-0.179550
-0.049517
0.044965
0.175031
0.391647
-0.343566
-0.367077
0.109237
-0.061371
-0.020711
0.229788
-0.140659
-0.143332
0.165530
0.228344
-0.308766
-0.189001
0.041821
-0.302483
-0.044182
0.028539
0.123356
-0.282814
0.084731
-0.079845
0.287606
0.223795
-0.046721
-0.097340
-0.139107
0.000136
0.087269
-0.015495
-0.005728
0.436819
-0.087613
-0.081242
-0.122476
0.028471
0.122219
-0.095819
-0.077109
-0.397300
-0.162153
-0.073935
-0.000079
0.089401
0.173774
0.066344
-0.145785
0.208523
0.164240
0.196101
-0.085167
0.006621
-0.137292
-0.600112
0.055452
0.098596
-0.053636
0.166332
-0.068779
-0.066433
0.156575
-0.416242
0.042007
0.402547
0.223821
-0.340592
-0.329342
0.025724
0.152279
0.041100
0.126781
-0.264353
0.208825
0.161231
-0.155375
0.051852
-0.017170
-0.007736
0.150413
0.037871
0.061400
2.310786
0.237599
-0.342721
-0.026391
0.178869
-0.062963
0.058095
-0.012487
-0.180219
0.271614
0.262363
0.207490
0.355750
0.234030
-0.117922
0.172749
-1.151976
0.023271
0.023528
0.256219
0.119465
-0.169273
-0.124991
0.084407
0.015226
0.091607
-0.262102
0.011609
-0.149218
-0.187851
0.062667
-0.048572
0.248292
0.177908
-0.223749
0.070483
0.078088
0.305815
-0.075266
-0.004752
0.118006
0.357050
0.108768
0.321744
0.111362
0.078739
0.167980
0.053061
-0.350236
0.313075
-0.030802
-0.178560
0.205136
0.056271
-0.042254
0.069061
0.447796
0.531213
0.054635
0.126113
0.256834
0.119130
-0.241717
-0.047572
0.026132
-0.009508
-0.294890
-0.238379
0.146144
-0.312684
-0.037023
0.022726
-0.129924
0.003812
-0.299780
0.298507
-0.321257
0.120049
-0.201554
-0.000189
-0.127704
0.002113
-0.057632
0.085208
-0.097571
0.105754
-0.172221
-0.131851
0.123435
0.059348
-0.272985
-0.313081
-0.051374
-0.153959
-0.081072
-0.138985
-0.176728
-0.106142
-0.247207
0.149671
-0.148931
0.079332
0.068494
-0.240105
1.812292
0.236137
-0.334286
0.024001
-0.055397
0.089532
-1.001981
0.041040
0.455232
-0.045474
-0.086562
0.493710
0.108854
0.008405
0.121387
0.251111
0.153205
-0.210899
-0.246397
0.064872
-0.179580
0.365751
0.302165
-0.125620
0.127225
0.058483
-0.013902
0.109297
-0.106314
-0.292506
-0.283332
0.162298
-0.101711
-0.372530
-0.029116
-0.273070
0.010688
-0.106682
-4.394499
-0.357862
0.001373
0.045477
-0.196097
0.101234
-0.024206
0.051436
-0.015462
0.057706
-0.274402
-0.029785
-0.289975
-0.077980
0.051413
