ORIGINAL Mean: 0.020199
ORIGINAL Variance: 1.175586
Output:
0.042981
-0.287709
0.065361
-0.138304
-0.191617
-0.094403
0.352041
-0.148836
-0.429758
0.319681
0.807946
-0.260484
-0.608242
-0.224994
-0.093115
0.193690
0.161964
-0.995412
0.026702
0.629104
0.124700
-1.212308
-0.089126
-0.170582
0.047603
0.062742
0.162626
-0.254068
0.092679
0.285407
0.871851
-0.327589
0.261817
-0.478822
0.067401
0.027967
0.280934
-0.386483
0.020880
0.156784
-0.477332
0.009058
0.241547
-0.243153
-0.297860
0.011103
-0.063985
-0.322335
-0.296782
-0.208368
-0.176792
-0.038020
0.130247
0.389403
-0.198720
0.777367
-0.582598
-0.100056
0.121676
-0.015218
0.213208
0.673467
-0.078688
-0.733555
-0.508562
-0.051229
0.486904
-0.182738
0.616314
0.237722
0.069865
0.167783
0.102913
0.020299
0.057434
0.683735
0.215631
0.259756
-0.256699
-0.341486
-0.354570
0.306074
0.056371
-0.808914
0.226585
0.513584
0.483323
-0.212538
-0.091965
0.385414
-0.218091
1.268315
0.839096
0.496720
0.385962
-0.215257
-0.482599
-0.369675
0.186571
-0.213180
0.583217
-0.300570
0.376321
0.316725
-0.265762
-0.467642
-0.391122
-0.466052
-0.088278
0.271767
-0.123249
0.131584
-0.298381
0.161039
-0.136194
-0.237895
-0.552156
-0.629848
-0.101194
0.391978
-0.007861
0.052866
-0.032638
0.070272
-0.508616
0.016313
0.135700
0.480457
0.742898
-0.033372
0.036593
-0.088599
0.416114
0.329282
-0.144886
-0.110078
-0.097845
0.731579
0.367853
0.047147
0.336744
0.157267
-0.170621
-0.001529
0.263506
-1.054758
-0.219919
-0.471864
-0.361137
-0.249198
0.126774
0.162771
0.052587
-0.545802
0.320907
0.159753
0.062191
0.184568
-0.109239
-0.265334
-0.105818
0.337924
0.215954
0.096442
-0.094165
0.745513
-0.002622
0.266657
-0.090028
-0.408541
0.139998
0.118188
-0.178629
0.082808
0.074074
-0.055643
-0.204322
-0.332905
0.078517
-0.687467
0.208899
0.303099
-0.177556
0.058237
0.039335
0.872356
0.148483
-1.063699
-0.000239
-0.055249
0.024526
-0.547517
0.279861
0.179418
0.159889
-0.230967
-0.183130
0.004524
-0.804435
0.353400
-0.005770
-0.231687
-0.299924
-0.246694
-0.430391
-0.297159
0.193695
-0.207848
-0.223840
-0.120834
-0.022363
-0.257339
-0.181188
-0.080742
-0.201901
-0.371771
-0.176124
-0.196474
0.284979
0.160748
0.188963
-0.670219
0.002337
0.019640
-0.696477
0.548433
0.162639
0.846357
-0.123244
0.320059
-0.248512
-0.070097
0.023924
0.133315
-0.052442
0.107372
-0.186080
0.244662
0.286215
-0.680142
-0.031890
0.556598
0.304428
0.879053
-0.306840
0.214335
-0.486860
-0.927504
0.222980
0.389266
0.168200
-0.121565
-0.371572
0.262598
-0.146854
-0.064446
0.127309
-0.034121
0.121378
-0.148897
-0.437594
0.474779
0.243568
-0.156135
-0.357971
0.034619
-0.229553
-0.229158
-0.447315
0.055085
0.139303
0.682579
-0.034099
-0.467405
-0.552022
-0.096847
-1.159919
0.018822
0.195638
0.002570
0.174446
0.449302
0.006388
-0.316587
0.312297
-0.159560
0.079835
-0.740415
-0.032081
-0.158494
-0.269078
0.293808
-0.377484
-0.222885
-0.517316
0.387042
-0.091417
0.177062
0.489988
-0.294505
0.391641
-0.007632
0.005180
-0.449180
-0.101176
0.155858
0.812060
-0.041354
0.062288
0.414769
0.337674
0.288349
0.604073
-0.043280
0.149627
0.011226
-0.050294
-0.004270
0.240712
0.127128
0.468875
0.137201
-0.640353
-0.274287
-0.083698
-0.611743
-0.070635
0.092473
0.771361
-0.046020
0.033374
1.712515
0.709335
-0.307448
-0.143711
0.076302
0.533586
0.148104
-0.964517
-0.003910
-0.940392
0.246489
-0.311341
-0.172123
0.048447
0.137561
0.178762
0.185260
0.140669
-0.921148
-0.257705
-0.432148
-0.288945
-0.169590
-0.254347
0.239970
-0.170497
-0.255069
-0.657283
0.066707
0.747151
-0.113044
0.005624
-0.147416
-0.291904
0.147398
-0.107440
-0.117246
0.303868
-1.204686
0.599543
0.954125
-0.160014
-0.299990
0.352336
0.620221
0.498565
0.334897
0.145216
-0.501122
0.216849
0.659624
1.255321
-0.350826
