ORIGINAL Mean: -0.011636
ORIGINAL Variance: 0.914662
Output:
0.287134
0.323324
-0.142958
-0.234095
-0.133645
0.099473
-0.234388
-0.420353
-0.225236
0.066177
0.056672
-0.105543
0.003329
-0.128381
0.275514
-0.041119
0.919471
0.529735
0.355307
0.076402
-0.207814
0.434912
0.408021
-0.278061
0.036369
-0.183847
0.038051
-0.117113
-0.548416
-0.050796
0.394003
-0.472259
-0.243506
0.490347
0.165618
-0.359365
0.104140
-0.127653
-0.057664
-0.111699
-0.198372
0.035559
-0.141396
0.189042
0.182972
0.220908
0.122772
-0.100610
-0.283058
0.179927
0.314820
0.071316
-0.083948
0.292261
-0.520134
0.403354
-0.196362
0.208578
-0.039381
-0.111345
-0.073745
-0.112369
0.101000
0.096061
-0.081780
-0.121292
0.217220
-0.398028
-0.285636
-0.216504
0.231257
-0.198705
-0.006728
0.424461
0.235903
0.190616
0.222394
0.064975
0.209479
-0.405013
0.331468
0.117140
-0.180374
0.288941
0.135781
-0.010952
-0.333191
-0.034566
0.131848
-0.095792
0.276457
0.411656
0.230471
0.289162
-0.453669
0.128503
0.147204
-0.082855
-0.186490
-0.022388
0.033502
-0.215669
-0.128059
0.275830
-0.398393
-0.080692
-0.288759
0.042043
0.261444
0.352475
-0.402086
-0.157638
0.523272
-0.377546
0.634375
0.218825
-0.193300
0.065754
-0.104181
-0.146490
-0.095900
-0.239800
0.397137
0.096806
0.291019
-0.186819
0.075938
-0.136029
0.233981
0.276447
0.028137
-0.030594
-0.232357
0.101739
-0.162383
0.064158
0.219637
0.175145
-0.237530
-0.384856
-0.016573
-0.315349
-0.564309
-0.128024
0.007008
0.108544
-0.491329
-0.101860
0.309266
-0.172148
0.151204
0.044828
-0.235377
0.336389
0.075040
-0.130108
0.447905
0.451199
0.143000
0.009762
0.271755
-1.118910
0.355723
0.010126
0.202668
0.085271
0.224487
-0.295558
-0.067336
0.048700
0.029977
-0.039198
0.166584
0.112216
0.212343
0.110469
0.124101
0.299095
-0.094720
0.029741
-0.222385
-0.207609
-0.022758
0.169271
-0.088852
-0.362275
-0.102970
0.403683
0.000064
-0.268213
-0.313439
-0.022810
-0.451263
0.033238
0.140908
0.314961
0.136060
0.083339
-0.206110
0.036157
-0.274581
-0.011984
0.183614
0.016218
0.122988
0.176829
0.141527
-0.264630
-0.510004
-0.141610
-0.227390
0.218647
-0.117505
-0.139885
-0.086568
0.011216
-0.100886
0.015582
0.125757
-0.036594
0.267182
0.223362
-0.010514
-0.009427
-0.590536
-0.108052
0.251136
1.397399
0.009814
-0.197403
0.020567
0.010955
-0.020508
-0.181706
-0.064002
0.132788
-0.443761
0.098077
0.195796
-0.034495
0.005375
0.356565
-0.225003
-0.226384
-0.067252
-0.236176
-0.041689
-0.183219
0.047734
0.130681
0.510174
-0.473665
0.117923
-0.332619
-0.116031
0.105625
-0.368752
0.005378
-0.216783
-0.434347
0.078072
-0.078820
0.199740
-0.013205
-0.086404
-0.262254
-0.008154
0.160199
-0.084324
-0.087499
-0.018736
-0.303202
0.239273
-0.046687
-0.053447
0.504231
0.250830
-0.534778
-0.229378
-0.289766
-0.065568
0.048627
-0.246611
0.003003
-0.115678
0.278940
0.008681
-0.229968
-0.289294
0.004957
0.108977
-0.082408
0.088015
-0.232079
-0.276899
-0.063402
0.091734
0.050886
-0.307459
0.004354
0.225153
-0.010167
-0.262894
-0.111367
0.100934
-0.070147
0.421231
-0.116132
-0.189337
0.004685
-0.106322
0.046681
0.425545
0.089774
0.124392
0.251055
-0.303563
0.068458
0.521607
-0.070689
0.318271
-0.007643
0.407038
-0.109856
0.087161
1.086976
0.089846
0.048675
0.169572
0.046236
0.131392
1.961117
-0.206456
0.354199
0.363780
-0.024539
-0.234513
-1.275519
-0.259692
-0.318683
-0.205550
-0.292182
0.040856
-0.143834
0.120561
0.103436
-0.340215
-0.242584
-0.441871
0.099110
-0.041260
0.111377
-0.066805
0.789185
-0.062877
0.138113
0.161904
-0.104593
0.351010
-0.243072
-0.073989
-0.090030
-0.117893
0.350990
-0.527058
0.113215
0.151359
-0.204831
0.073678
-1.849916
-0.246971
-0.021460
0.175548
-0.140429
-0.141845
-0.168113
-0.193190
0.140740
-0.328188
-0.114138
0.152033
0.057350
-0.134268
0.179963
