ORIGINAL Mean: 0.041449
ORIGINAL Variance: 1.323142
Output:
-0.234168
-1.222318
0.159547
-0.026614
0.110157
0.206848
-0.350603
-0.025801
0.239039
0.180532
-0.337191
0.220725
0.214767
-0.140388
0.142302
0.052152
-0.187019
0.440525
-0.086307
0.053775
0.062073
0.963978
0.032263
0.079530
0.076305
0.135297
-0.500221
0.000884
-0.083582
-0.007122
-1.957698
0.389642
0.837564
-0.410827
-0.072049
-0.036415
0.014185
0.097530
-0.050701
-0.585458
-0.264260
-0.303564
0.274257
-0.293380
-1.034240
-0.007365
0.113740
0.121016
-0.230726
-0.363377
0.484489
-0.614582
-0.183432
0.685246
0.161039
-1.047415
0.451584
-0.358267
-0.050249
0.225309
0.336440
-0.684702
-0.110130
0.342212
0.569658
0.173564
-0.131711
0.384941
0.130183
-0.512179
-0.363503
0.341927
0.058874
0.111860
0.336819
0.498616
-0.065806
-0.035486
-0.227722
-0.151513
0.088275
-0.314658
0.664494
0.708274
-0.298076
-0.489338
-0.289622
-0.043656
-0.489131
0.126828
-0.467715
-0.383908
-0.618041
0.046777
-0.983540
-0.094689
-0.145768
0.769897
-0.033345
0.055181
0.158022
0.210015
0.229659
-0.232486
-0.193798
-0.148142
-0.141828
-0.218510
-0.501765
-0.036678
0.247171
-0.103988
0.078914
0.250869
-0.443032
0.147241
0.494520
0.244521
0.095095
-0.313679
0.167265
0.087542
-0.108501
-0.137134
0.376224
0.021765
-0.140707
0.031264
-0.621420
-0.113961
0.037979
0.177742
0.237665
0.529924
-0.121878
0.099864
0.245126
0.867581
-0.082052
-0.057636
0.178344
-0.131146
-0.409267
-0.668858
-0.093097
0.432065
0.522819
-0.068415
-0.209413
0.569014
-0.107793
-0.187796
0.280995
-0.097204
-0.709330
-0.086504
-0.255219
0.063217
-0.176681
-0.091367
-1.211751
0.451962
-0.566592
-0.040224
0.158470
-0.745996
-0.152547
0.201960
0.210085
0.167025
0.006160
0.522720
-0.309524
0.508336
-0.069170
-0.023756
-0.099096
0.095084
-0.188021
0.314448
-0.225572
0.432219
-0.346368
0.219238
0.299284
-1.043960
-0.022465
-0.436317
-0.000160
0.191677
-0.082232
0.680748
-0.104224
0.140069
0.210025
0.019007
0.019827
-0.108541
0.282792
-0.439007
0.045612
0.079291
-0.433039
-0.072495
0.484574
0.193651
-0.822382
-0.354885
-0.179497
0.210156
0.117154
-0.052412
-0.394656
-0.510956
0.215374
-0.190319
-0.345989
-0.091943
0.550502
-0.295602
-0.792258
0.138107
-0.444842
-0.759015
0.740003
-0.400666
0.074879
1.342115
-0.266701
-0.024993
-0.439285
0.340434
-0.210930
-0.090271
0.178207
-0.287137
-0.271909
0.092804
-0.249835
0.120216
0.149467
-0.436756
0.101396
0.536709
-0.260327
0.117153
0.247031
0.225862
-0.010775
0.090810
0.992734
0.175023
0.066665
0.162973
0.299151
0.163425
0.007049
0.035067
0.396125
0.591130
0.206561
0.284050
0.084031
0.221758
-0.166158
-0.017554
0.155333
0.001115
0.264804
0.415601
0.138816
-1.009309
-0.042526
0.191306
0.744984
-0.865795
1.278268
0.535087
0.146957
-0.796662
0.546241
0.019410
0.156868
0.298078
-0.243563
0.420196
0.109998
1.652286
-0.291002
-0.056955
-0.125378
0.909076
0.407230
-0.548378
1.092023
0.348829
-0.234882
-0.015664
-0.159832
-0.309507
-0.418525
-0.094792
0.078654
0.126844
0.342166
0.117122
0.154737
0.132598
-0.594965
-0.112951
-0.075790
0.939872
-0.762579
0.399624
0.641041
0.195590
-0.004232
-0.099878
-0.028091
-0.178490
-0.112118
-0.211895
0.811832
0.082784
-0.628507
-0.151476
0.013642
-0.352295
-1.024723
-0.012338
0.154240
1.604585
0.339362
-0.520690
0.251754
0.039967
-1.383635
-0.273101
0.189922
0.303353
0.583321
-0.480860
0.143793
0.063039
0.079059
0.460264
0.234051
-0.206746
0.524302
0.776474
-0.376483
0.691588
0.015614
-0.005104
-0.253640
0.255024
0.163457
-0.267657
-0.013007
-0.024833
0.013370
0.003360
0.255937
0.140000
0.199498
-0.086044
-0.152821
-0.228200
0.141421
-2.132445
-0.348196
-0.984506
0.272955
0.009383
0.030626
-1.076245
0.512094
-0.283614
-0.066853
0.579779
0.307031
-0.065620
-0.637202
-0.075590
