ORIGINAL Mean: -0.007691
ORIGINAL Variance: 1.053680
Output:
-0.327254
-0.719536
0.109186
-0.071757
-0.104123
-0.023019
0.114816
-0.469579
-0.199568
-0.003064
-0.223773
0.533505
0.061703
0.051220
-0.132739
0.081475
-0.045689
0.360394
-0.290179
0.552884
0.065172
-0.351894
0.015103
0.094625
0.028323
-0.027393
0.770736
-0.267052
0.021325
0.327517
0.185707
0.555939
-0.184597
0.109984
0.596722
-0.033082
-0.180749
-0.070940
-0.122906
-0.467775
-0.137599
0.283499
0.624377
0.135982
0.195247
0.010126
0.308036
-0.158111
-0.278006
0.147751
-0.004310
0.127356
-0.269771
0.843513
-0.240388
-0.680243
-0.215250
-0.367936
0.264919
0.060871
0.186878
-0.066696
-0.003525
0.043148
0.496031
-0.016729
0.396761
-0.165486
-0.011410
0.186790
-0.045845
-0.364692
0.067413
0.120677
0.542508
0.885317
0.298331
0.079065
0.101944
0.088795
0.427987
0.035565
-0.192338
0.198237
0.061388
-0.672193
-0.080435
0.105017
-0.246395
0.422820
-0.655902
-0.006227
0.253542
0.169194
0.510033
-0.641742
0.260172
0.578121
0.082389
-0.147213
-0.002653
0.420505
0.139554
0.394993
-0.403725
-0.242612
-0.423421
0.125702
0.198973
-0.379311
0.045938
-0.026801
-0.005442
0.315258
-0.022145
-0.197614
-0.441628
-0.023423
0.153577
-0.370953
-0.200963
0.201853
-0.403978
-0.568298
0.127856
0.128896
-0.101560
-0.333169
-0.663488
-0.436331
0.118377
-0.010185
0.011520
-0.187871
0.050032
0.205763
0.134574
-0.198459
0.275469
0.311371
0.300524
-0.024428
0.174335
-0.159978
-0.108563
0.530945
-0.047384
0.248684
0.371726
0.293068
-0.035145
-0.283373
0.005225
-0.261234
-0.214952
0.105361
-0.436323
-0.436074
0.099713
-0.121423
-0.144765
-0.810395
-0.092826
-0.203679
0.265937
0.046112
-0.121491
0.136550
-0.190887
-0.153527
0.082396
-0.206658
0.145592
-0.055821
0.075664
0.159278
0.012951
-0.475152
0.178226
-0.185296
0.188456
0.007029
-0.445964
0.097841
0.097739
-0.208103
-0.056569
0.041131
-0.000095
-0.140433
0.096776
-0.034809
0.066145
0.182082
0.126025
-0.075667
0.010503
-0.117152
0.492613
0.097800
-0.088990
-0.890490
0.448999
-0.157381
0.790719
-0.136300
0.178233
0.169303
0.195807
-0.352155
-0.020352
-0.555522
0.089026
-0.329018
-0.177705
-0.164495
-0.362773
0.173274
-0.009387
-0.263181
0.041504
-0.483786
-0.009091
0.062948
0.041172
-0.360222
0.239072
1.554294
0.016458
0.073893
0.241106
-0.377238
0.208802
-0.176417
-0.082083
-0.378091
0.180731
-0.135540
-0.396328
0.044551
0.007542
0.076471
-0.259071
0.118496
0.181485
-0.058929
0.041357
-0.428828
0.109708
0.130404
0.249234
0.068892
-0.183763
-0.269617
-0.641737
-0.126455
0.155252
-0.309520
-0.452404
0.484141
-0.466419
0.301022
-0.058905
0.273164
0.094058
0.121908
0.006137
0.425576
-0.256998
0.002914
-0.650805
-0.300488
0.475560
-0.145253
-0.033208
-0.212961
-0.072363
-0.119616
-0.152396
-0.255686
-0.062935
0.540557
0.006200
-0.419773
0.036455
0.013611
-0.088257
-0.360340
-0.013309
-0.057591
-0.113028
0.194139
-0.156140
0.523357
0.673803
0.203120
-0.019011
-0.012940
-0.011954
-0.245802
0.117608
-0.069763
-0.038901
0.037482
-0.070356
0.164613
0.014419
0.067867
-0.047248
0.190706
0.157208
0.002557
-0.000910
0.351847
0.767882
-0.180206
-0.020851
0.016849
0.699007
0.012652
-0.259728
0.049789
-0.007776
-0.176220
0.013693
0.046822
0.065927
-0.075720
-0.683299
-0.105059
0.168302
1.874278
-0.226052
0.566682
-0.294232
-0.180972
-0.101031
-0.387432
-0.593446
-0.099628
0.137576
0.022443
-0.450033
0.037025
0.007736
0.013998
-0.146478
0.412168
0.860889
0.233541
-0.290702
0.129611
0.066824
0.177940
0.085271
-0.239367
0.137670
0.237727
0.076162
-0.296197
-0.142667
-0.349628
0.671118
0.143215
-0.475418
0.042505
-0.117909
-0.213348
-0.096709
-0.608969
0.073105
-0.178935
0.135333
0.126856
-0.042343
0.045819
-0.648149
0.474456
0.110052
0.849510
-0.609581
-0.070161
-0.565671
-0.246991
