ORIGINAL Mean: -0.000570
ORIGINAL Variance: 1.049971
Output:
-0.667627
-0.092923
0.236855
0.062833
0.043580
0.062745
0.045258
-0.161347
0.037023
-0.135648
-0.535128
-0.321757
0.166788
0.115899
-0.053774
0.053263
0.008822
-0.706336
-0.347916
-0.051021
0.121241
-0.435668
0.173607
0.258569
-0.152214
0.232384
-0.309320
0.007048
0.433212
0.050906
-0.712701
-0.868171
-0.509175
0.075327
0.614381
0.286267
-0.354701
-0.393174
-0.072942
0.037711
-0.187489
0.006693
0.214712
0.032140
0.068684
-0.293686
0.045002
0.232387
0.195530
0.240362
0.023725
0.379087
-0.109501
-0.632973
0.464366
-0.370915
0.664437
0.039526
0.084594
-0.058118
-0.196925
-0.280876
-0.282774
0.115027
0.926815
-0.209610
0.010757
-0.818194
-0.243705
0.509327
-0.112543
0.454541
0.036068
0.063577
-0.035337
-0.156597
0.159946
-0.217225
0.092321
0.126340
0.006215
-0.009382
-0.243685
-0.008369
-0.040153
0.050775
0.167861
-0.119037
-0.662073
-0.392758
-0.594777
-0.024544
0.269684
-0.296273
-0.248268
-0.367737
-0.031579
-0.551071
0.106919
-0.333393
-0.295065
0.586893
0.263002
0.229342
-0.254556
0.039522
0.282252
-0.252933
-0.714807
-0.483208
0.235787
0.058814
-0.102968
0.369491
0.264001
-0.479029
0.241371
-0.345170
0.118531
0.180144
-0.219550
-0.044007
0.244463
0.264942
-0.025222
0.282969
-0.055737
-0.217976
-0.100758
-0.376384
0.114076
-0.047403
-0.049788
0.089492
0.144407
0.169609
-0.137860
0.246803
-0.079104
0.119093
0.329038
-0.190237
0.142306
-0.264469
0.015003
0.189557
-0.311030
0.162571
0.790676
0.013815
-0.364829
-0.192479
-0.102966
-0.111446
0.046402
0.203073
-0.442902
-0.467641
-0.083748
-0.203939
-0.608600
-0.631107
0.247891
-0.195303
0.052983
-0.585237
0.055573
0.000212
-0.310026
-0.053278
0.073235
0.045783
0.199103
-0.045552
0.073946
-0.022603
0.376783
-0.118628
0.057989
-0.163297
0.329135
-0.131725
0.333584
0.069365
0.080741
0.502432
-0.034271
-0.190871
-0.000085
-0.068859
-0.124190
0.000503
-0.375019
0.175071
0.070682
-0.185457
-0.132676
-0.112401
-0.169618
-0.049168
-0.098867
-0.520958
-0.163715
0.061231
0.003829
-0.224175
0.720148
0.211901
0.568831
0.395111
-0.008677
-0.023034
0.096144
-0.079014
-0.214381
-0.246531
0.167485
0.135243
-0.859609
0.299685
-0.470128
-1.007198
0.160415
-0.105799
0.017980
-0.166854
0.011576
1.068009
-0.002947
0.243117
0.480540
-0.199541
0.120566
0.136254
-0.084230
-0.180422
0.402115
-0.086138
-0.061083
-0.482816
0.084869
-0.385799
0.413545
0.076319
0.350375
0.115361
-0.412083
0.398395
-0.144792
0.230200
0.301231
0.473619
-0.220467
-0.337274
-0.707721
-0.079002
0.223447
-0.187331
0.526738
0.345772
-0.293416
-0.176015
0.049136
0.140925
0.063605
-0.329524
-0.072568
0.049505
0.218689
-0.220832
-0.267616
0.274402
-0.209521
-0.098065
0.014767
0.457308
-0.525150
0.270150
-0.046940
0.789463
-0.224386
-0.508553
-0.162628
-0.460781
-0.276320
0.070873
-0.040703
-0.003890
0.844495
-0.099539
-0.067089
0.084022
-0.152263
-0.018783
0.119411
-0.142972
0.075153
-0.126501
-0.587883
-0.158253
-0.086250
-0.016851
0.421425
-0.736885
-0.131518
0.207119
-0.078617
0.041425
0.533772
0.040872
0.323167
0.044857
0.660870
0.007520
-0.289536
-0.326477
0.172558
0.459457
-0.168793
-0.288947
-0.564918
0.492505
0.296027
-0.265720
-0.392813
-0.074890
0.072496
-0.096151
0.023472
0.039252
-0.012190
1.971573
-0.213842
0.328999
-0.380881
-0.033461
0.068714
-0.198763
0.228391
0.063713
-0.523785
0.136249
-0.198341
-0.153279
0.068799
-0.102784
0.478895
-0.388292
-0.504951
-0.038187
0.036181
0.370686
0.100458
0.159533
0.153051
-0.291825
-0.051782
0.285667
0.350981
-0.175779
-0.296362
-0.550968
-0.465036
-0.139227
-0.375608
0.075253
-0.000096
0.381994
-0.200717
0.036431
0.205866
0.357090
-0.113667
0.246091
0.466071
0.955516
0.334339
0.480651
0.182500
0.749146
-0.718099
-0.493935
-0.082656
0.074104
