ORIGINAL Mean: 0.006107
ORIGINAL Variance: 1.455325
Output:
-0.499933
0.109735
0.027519
0.250790
-0.104774
0.001294
0.883462
0.047935
-0.155290
0.020796
0.132802
-1.192397
-0.304111
-0.123226
-0.065712
0.236634
0.146040
-0.211281
-0.377339
0.904364
0.075067
-0.681376
0.650631
0.059523
0.064206
0.180008
-0.067943
-0.070139
0.115460
-0.184309
0.527942
-0.768680
-0.714401
-0.660206
-0.215853
0.214563
-0.397091
-0.538712
-0.036405
-0.035438
0.055519
0.108527
-0.066926
-0.135551
0.673949
-0.089811
0.021089
0.221821
0.231086
0.126329
-0.204863
0.065736
-0.080970
0.064389
0.935336
0.202249
-0.632223
0.159961
0.336720
0.089635
0.009906
0.488790
-0.314377
-0.526009
-0.269867
-0.105187
-0.306742
-0.415961
0.846919
-0.019761
0.086866
-0.016559
-0.067437
0.029348
-0.461285
-0.070073
-0.257659
-0.415335
-0.009329
0.288135
-0.093015
0.218567
-0.470878
0.067988
0.162548
0.662826
0.442837
0.779927
0.025749
0.270790
0.711369
0.546871
0.726835
0.059570
0.517306
1.107502
-0.085876
-0.719415
0.100587
-0.362578
1.456107
-0.181530
-0.139470
0.113370
0.093234
-0.161185
0.264722
0.371570
0.224004
-0.730183
-0.237365
-0.036930
-0.144043
-0.193558
-0.258909
0.025663
-0.243999
-0.485906
-0.026755
0.652002
-0.182616
0.187694
0.095726
-0.384464
-0.427736
0.197210
0.028918
0.371812
1.208185
0.203859
0.005819
-0.457077
0.107224
-0.083339
0.008553
-0.043006
-0.376086
-0.557758
0.999550
-0.306096
-0.288725
0.122071
0.601291
0.022732
-0.032579
-0.010944
-0.672507
0.143213
-0.414272
0.344060
-0.039405
0.711911
0.705594
-0.724138
0.479369
-0.073636
0.884178
-0.173306
0.361092
-0.196102
-0.733086
0.354901
0.034539
-0.304942
-0.077009
0.633314
-0.166992
0.057673
-0.115133
-0.104693
0.005145
-0.228271
0.159669
0.042339
0.225739
-0.012333
-0.107782
-0.521613
0.186935
-0.063150
0.075383
0.477014
-0.288318
-0.448344
-0.013154
1.353259
-0.046408
-0.117107
-0.000038
-0.281086
0.408060
-0.155955
-0.367576
0.137864
0.132443
-0.220277
-0.206030
-0.276591
-0.363978
0.431538
0.063129
-0.277584
-1.345832
0.230829
-0.790284
-0.113326
0.266566
0.486606
0.700642
-0.130343
-0.088948
0.907886
0.355095
0.359169
-0.162303
-0.198794
0.551064
0.533584
-0.659226
0.098311
0.865655
-0.473288
0.098005
-0.003674
0.359564
-0.728654
0.089754
1.890449
0.026439
-0.016173
0.207025
-0.258391
0.054667
0.950865
-0.682709
0.115475
0.602356
0.207058
0.071725
-0.043917
-0.077345
0.223095
-0.634002
0.432897
0.001011
-0.030695
-0.866128
-0.024436
0.218846
0.035105
-0.833883
0.086979
0.053600
0.148688
-0.810051
-0.027333
0.124244
-0.122023
-0.124194
0.272355
0.141122
-0.437812
0.010350
-0.318580
-0.116875
-0.009301
0.016543
-1.596594
0.707645
-0.097105
0.109725
0.686573
-0.520570
0.142869
-0.655564
0.748926
-0.154673
0.005102
-0.256640
0.470254
-0.235725
-0.303913
-0.155612
0.359977
-0.269697
-1.261802
-0.290313
-0.608979
0.073189
0.065866
0.044117
-0.224161
-0.069184
0.332658
-0.266525
0.220081
0.020122
0.031993
-0.169331
-0.069027
0.316644
0.239614
-0.254864
-0.148218
-0.124918
-0.302051
0.186074
-0.069092
0.232683
0.161947
0.177986
-0.544205
0.029588
-0.134778
-0.095114
-0.323008
0.203755
0.019305
-0.175332
0.256006
-0.286089
0.506705
-0.250149
-0.193754
-0.769864
0.442579
0.072381
0.291633
0.450254
0.054239
-0.242554
1.850619
0.634715
0.383392
-0.561599
-0.202366
0.651870
0.061120
-0.355821
-0.097946
0.357304
0.261383
-0.332439
-0.581596
-0.175687
0.114836
0.315313
0.234641
-0.934706
-0.561198
-0.151757
0.439854
-0.285264
0.440179
0.304609
0.151434
-0.020288
0.086050
-0.239376
0.608708
-0.312256
-0.123528
-0.703763
-0.140098
0.049461
-0.102368
-0.085918
0.225907
-0.334185
-2.430436
1.009430
0.890178
-0.299966
-0.099267
-0.016074
0.392548
0.427884
-0.000025
0.215724
-0.736286
-0.675382
-0.616996
0.690490
-0.203917
