ORIGINAL Mean: 0.039024
ORIGINAL Variance: 1.064699
Output:
0.329823
-0.103944
0.191039
0.142379
0.063607
0.000319
0.170354
0.293448
-0.207837
0.169066
0.060195
0.327890
-0.226051
-0.234974
-0.411849
0.021775
0.038250
-0.108262
0.152482
-0.185302
0.017902
-0.403348
-0.267555
0.244874
0.241416
0.433561
-0.124022
0.194395
0.113621
-0.055357
-0.074521
-0.142918
0.309385
-0.497438
0.145101
0.039345
0.029366
-0.400677
0.054000
-0.092226
-0.107994
-0.112764
0.084631
0.032067
0.045886
-0.266746
-0.151843
0.115237
0.247055
0.060300
-0.507861
-0.045819
0.349630
-0.032694
0.245770
0.007382
-0.120148
-0.153033
0.080911
0.406457
0.082789
0.211898
0.002270
0.046810
-0.256417
-0.019779
0.254368
0.145252
-0.093620
-0.046380
0.169201
0.090017
0.070493
0.185178
-0.542659
-0.248181
-0.308552
-0.160635
-0.218561
-0.142061
-0.037937
-0.056788
-0.068743
-0.076920
-0.106188
-0.306402
-0.065668
0.483485
-0.080798
0.036358
0.051868
-0.035817
-0.203439
0.257603
0.013569
0.053783
-0.076767
-0.081539
-0.329375
-0.173449
0.314528
0.442873
-0.403687
0.004484
-0.046052
0.138697
0.139438
-0.019587
-0.299212
-0.683244
-0.168964
-0.070534
-0.201654
0.260680
-0.052134
0.031711
0.319762
-0.248391
0.135604
0.173975
-0.050269
-0.230138
0.089122
0.014124
0.081570
0.111325
0.223107
-0.123557
0.081236
0.059820
0.014322
0.080170
0.117868
-0.377250
-0.335512
0.397138
0.074468
0.158675
0.114657
-0.110687
-0.131660
0.426112
-0.380570
0.291939
0.280557
0.300426
0.111627
0.324471
0.063491
0.157888
-0.172983
0.006572
-0.037584
-0.198199
0.094898
-0.217520
0.321771
0.406599
-0.008725
-0.248690
0.078020
0.152816
0.101634
-0.284829
-0.126247
0.231884
-0.063333
0.136373
0.264609
0.021926
0.068044
0.126276
-0.115347
-0.064365
-0.154051
-0.094139
-0.144729
0.395438
0.270513
-0.085114
-0.421887
-0.381954
0.172078
0.093791
0.103803
0.237559
-0.039747
-0.027916
-0.000136
-0.220668
0.037132
0.094191
-0.121848
0.157175
0.127485
0.308024
0.028086
-0.164391
0.145497
-0.300852
0.064371
0.279143
-0.160529
0.046764
0.018757
-0.088853
0.314843
0.014931
-0.312151
0.361171
-0.002140
-0.136010
-0.083651
0.270823
-0.235669
0.004060
-0.159617
0.199046
-0.289624
0.096906
-0.705213
-0.631250
-0.015469
-0.253090
0.446696
0.090480
0.179363
2.551305
0.059678
0.026366
-0.103192
0.105024
-0.113856
0.147419
-0.303724
-0.281884
-0.098376
0.302248
0.050127
-0.230983
0.187686
-0.168106
-0.011212
-0.719707
0.131818
0.050899
-0.143234
-0.091064
-0.215685
0.329094
0.270644
0.031914
0.191850
0.263380
-0.074303
-0.025035
-0.189419
-0.097426
-0.041207
-0.037447
0.133627
-0.080528
0.316279
-0.117319
-0.126794
0.017140
-0.130149
-0.104301
-0.195305
0.066329
0.447014
0.302541
-0.016693
-0.154833
-0.149266
-0.225611
0.420548
-0.174829
-0.004843
0.186870
-0.148334
0.049046
0.139641
0.273787
0.176554
-0.291603
-0.129708
-0.071893
0.220035
-0.054370
0.042228
-0.019368
-0.328557
0.104824
-0.002032
0.263675
-0.242962
-0.118642
0.044469
0.057244
-0.124678
0.013318
-0.135135
-0.033418
0.112024
-0.169536
-0.262386
-0.102521
-0.180860
-0.041056
0.064773
-0.062042
0.212518
-0.450873
0.318141
-0.020143
0.031399
-0.193122
-0.096006
-0.158641
0.736223
0.197516
0.077541
0.000651
0.272418
-0.140001
0.110615
0.184938
-0.207695
0.046023
0.097655
2.137133
0.323998
-0.351981
-0.248220
-0.174862
0.042822
-0.619329
0.160817
0.273504
-0.141958
0.067569
0.066936
-0.058988
-0.253516
-0.012738
-0.010013
-0.103201
0.301480
0.162382
-0.018273
-0.158541
-0.082121
0.165680
0.105253
0.279831
0.033051
-0.241730
0.163397
0.155899
-0.036928
-0.233232
-0.086673
0.095778
-0.003269
-0.241249
-0.178538
0.229860
-0.084881
-4.367844
-0.095873
-0.170206
-0.409877
0.235584
0.264572
0.277395
0.320851
-0.131314
0.194796
-0.333333
-0.223814
-0.081679
0.047432
-0.074414
