ORIGINAL Mean: 0.005104
ORIGINAL Variance: 1.408845
Output:
-0.124595
0.207020
0.252770
-0.029801
0.129997
0.488618
-0.122431
-0.233699
-0.572148
0.138464
-0.460839
0.072155
0.354001
0.021217
-0.310091
-0.378822
0.182021
0.097618
-0.142188
-0.909754
0.081894
0.190326
-0.323926
0.331235
0.025271
0.216800
0.229005
-0.177053
0.182316
-0.150436
0.055457
-0.033054
-0.386697
-0.309856
0.293090
0.152200
-0.113786
-0.337791
-0.002948
-0.188972
0.377048
0.009925
0.066486
-0.000913
0.394273
-0.244720
-0.023886
0.019840
-0.261734
0.198246
-0.743737
-0.036682
0.024534
0.238376
0.041613
0.544450
0.272679
-0.124089
0.175017
0.212942
-0.041467
0.038339
-0.305991
0.686967
0.008446
-0.025981
0.135258
0.087698
-1.171533
0.094062
-0.332279
0.207334
0.164893
0.232644
0.106851
0.767060
0.081368
-0.103304
0.027393
-0.280288
0.098921
0.115706
-0.809205
-0.401703
0.144898
-0.439458
-0.201072
-0.318135
0.131860
-0.742434
-0.312313
0.474258
-0.483758
0.265397
0.202472
-0.680617
0.057503
0.357068
0.080584
-0.441330
-0.402370
0.470449
-0.060473
0.350264
-0.379807
-0.007840
-0.283322
-0.292636
-0.493353
-0.250213
-0.117497
-0.168687
-0.247014
-0.008585
0.693762
-0.107228
-0.422684
-0.684965
-0.268062
-0.067137
-0.160636
0.076922
0.495354
-0.316740
0.486292
-0.002395
-0.009377
-0.592730
0.063135
-0.181978
0.087606
0.559690
-0.208110
-0.042017
-0.135180
0.187869
0.157269
-0.109219
-0.470837
-0.248499
0.137592
0.296246
-0.439851
0.522585
0.030287
-0.000620
0.104203
-0.209197
1.075641
0.015976
-0.219037
0.039384
-0.773671
-0.301626
0.454162
0.163244
0.543786
-0.379599
0.074295
-0.118249
0.088304
-1.034434
0.049488
-0.104032
-0.273246
-0.150410
0.324484
0.006814
-0.165069
0.075382
-0.004576
-0.019110
-0.028595
0.754561
-0.200740
-0.116455
0.118891
0.144817
0.180225
-0.454589
-0.040052
-0.835228
0.083848
0.982589
-0.012267
-0.031577
-0.139468
-0.381530
-0.000131
-0.147670
-0.437617
0.316590
0.240688
0.056421
0.035360
0.089636
-0.088282
0.112414
1.230566
-0.319499
-0.153316
0.916209
0.495015
-0.117070
0.321072
-0.086295
-0.107828
0.163068
-0.303660
0.958058
-0.029285
0.245821
-0.133669
0.160980
-0.392141
-0.392791
-0.571801
-0.149008
-0.855966
-0.213889
-0.177978
-1.008890
0.412503
0.256559
-0.804378
0.543113
0.442640
1.432724
-0.137747
0.261095
0.320356
0.177970
-0.061848
-0.034960
0.183826
0.698768
-0.068222
0.072405
-0.814802
-0.238000
0.155075
0.007381
0.312231
-0.244266
0.098122
-0.027020
-0.252920
-0.575323
-0.020014
0.428351
0.122439
0.686238
-0.057692
-0.045584
-0.139435
0.124704
-0.014355
-0.174755
0.173792
-0.681902
0.532781
-0.295576
0.055945
-0.129249
-0.335566
0.090666
-0.224190
0.769153
-0.239895
0.001435
0.248354
0.355056
0.821316
-0.253132
0.139550
0.429930
-0.210417
-1.296966
-0.048537
-0.030735
-0.701810
0.521741
-0.068006
0.046237
0.518531
-0.234643
-0.103613
0.035599
-0.007021
-0.093013
-0.148316
-0.254699
-0.502523
0.449248
0.473037
-0.344545
-0.035600
-0.227538
-0.508842
-0.263627
0.218473
0.027912
-0.007876
0.196314
0.021406
0.162141
-0.207795
-0.120173
0.100853
0.237522
0.123551
0.943826
2.635629
-0.223407
1.261894
-0.078595
-0.228630
-0.645488
0.500936
-0.257939
0.156773
0.464441
0.527657
-0.110623
0.371688
0.717223
0.116454
-0.267303
0.288717
-0.039673
-0.109663
1.833220
0.010077
0.111496
-0.031333
-0.123544
0.628364
-0.236907
0.287785
0.129821
-0.312874
0.159845
-0.225208
-0.206750
-0.086648
-0.011610
-0.691541
-0.184014
0.408952
0.491050
-0.079111
-0.414051
-0.017362
0.489851
0.006447
0.188604
0.071240
0.199750
-0.112975
0.289944
0.105748
-0.449061
0.217008
0.369526
-0.626047
0.021295
-0.044188
-0.095105
0.053890
-2.339082
-0.454235
0.146672
-0.236091
-0.163352
0.276466
0.598128
0.812390
0.471206
-0.058039
-0.006503
-0.526897
0.228893
-0.346649
0.176585
