ORIGINAL Mean: 0.030379
ORIGINAL Variance: 1.054685
Output:
-0.126662
-0.233760
0.214917
0.292439
0.100901
-0.065965
-0.076423
0.254537
-0.031355
0.066097
0.013810
-0.006509
0.002864
-0.250707
0.021451
0.125869
-0.210854
-0.245294
-0.045728
-0.277885
0.047333
0.149039
-0.082241
0.073838
0.154578
0.351684
-0.362423
0.287601
-0.203793
-0.080068
0.088027
0.453988
0.172274
-0.842979
-0.449568
0.005050
-0.106229
-0.128598
0.002603
-0.099567
-0.102107
-0.244049
-0.002458
-0.315759
-0.163645
-0.131779
-0.196811
0.376922
0.160847
-0.057374
-0.393090
-0.347480
-0.013114
0.374895
0.220088
0.088438
-0.083218
0.049893
0.154083
0.206075
0.061271
0.363005
-0.078501
0.377315
-0.071087
0.269558
-0.101034
0.186738
0.025190
-0.235941
0.217894
0.302455
0.100478
0.097578
-0.568700
0.525033
-0.524664
-0.351856
-0.261458
0.032116
-0.034301
-0.162973
0.101794
0.042221
-0.237437
0.086765
-0.193565
0.256085
0.282937
0.078761
-0.053537
-0.113052
-0.218857
0.270491
0.109314
0.301716
-0.106159
-0.259801
-0.095250
-0.082786
0.168899
0.753410
-0.067443
-0.466499
-0.222546
-0.250995
0.125408
0.023566
-0.240783
-0.504106
-0.018344
-0.110081
-0.196271
0.113282
0.043593
0.244438
0.327508
-0.335591
0.243509
0.294167
-0.077153
0.084203
-0.120027
-0.236009
0.111450
-0.015976
0.218481
0.292107
0.011071
0.255473
0.012926
0.396264
0.213005
0.319249
-0.270301
0.324215
0.289403
-0.032618
-0.163669
-0.325634
-0.108404
0.403386
-0.099634
-0.116441
0.033846
-0.047390
0.402149
0.291648
-0.222013
-0.102547
-0.309707
0.059536
-0.029801
-0.091861
0.215153
-0.227226
0.243423
0.288777
-0.058449
-0.211467
0.005877
0.320430
-0.151918
-0.235029
0.038510
-0.083751
-0.098547
0.134128
0.346676
0.229443
-0.081360
0.188852
-0.214590
-0.032224
0.003815
-0.039354
-0.194165
0.168831
-0.066947
-0.166564
-0.754619
-0.023477
-0.301593
-0.169379
0.122090
0.057547
-0.088637
-0.117023
-0.000138
-0.053293
0.066361
0.202410
-0.182245
0.161737
0.172452
0.284226
0.042263
-0.231213
-0.133366
-0.424715
0.168315
0.405642
-0.211144
0.235945
0.078718
0.076512
0.104313
-0.110274
0.026951
0.458001
0.116134
-0.244226
-0.117865
0.109210
0.108163
-0.067278
-0.002664
0.039148
0.246099
0.163677
-0.353560
-0.234384
-0.149345
-0.224199
0.417359
0.252391
0.042863
2.529869
-0.157858
-0.040701
-0.299580
0.145110
-0.193183
-0.038919
-0.345755
-0.098782
0.407771
0.204229
0.510731
-0.076236
0.207321
0.203642
-0.251761
-0.032719
-0.044561
-0.004113
0.139644
-0.243611
-0.262744
-0.008794
0.148966
0.049852
0.262725
0.200062
0.173147
0.181785
0.091190
0.189213
0.214956
0.341509
-0.012527
-0.101057
0.193323
0.016895
-0.196839
0.038237
0.112148
-0.180104
0.137085
0.402388
0.277910
-0.041700
-0.026454
0.250455
0.136812
-0.066193
0.493333
-0.052718
-0.175008
-0.132830
0.200669
0.073581
-0.086713
0.723229
0.212121
-0.245152
0.077298
0.132396
-0.089758
-0.294248
-0.162684
-0.128223
-0.364948
-0.232168
0.130304
0.211887
-0.274808
-0.063609
-0.008998
-0.125033
-0.173114
0.055466
-0.160025
-0.404515
0.215050
-0.132026
0.053280
-0.055244
-0.191821
-0.255763
-0.084573
0.090927
0.324632
-0.125807
0.011513
0.064972
0.120656
0.008103
-0.217535
0.092463
0.002012
-0.206660
-0.172553
-0.034371
0.229577
0.039452
0.038159
0.161531
0.364398
0.030481
-0.214746
1.954268
0.706096
-0.521643
-0.161655
-0.096650
0.228146
-0.259050
0.379086
0.387305
-0.133932
0.127843
0.101415
-0.044852
-0.078359
0.324985
0.253435
0.344927
0.109251
-0.120249
-0.045772
0.181715
-0.022234
0.051334
-0.039109
0.301424
0.153550
-0.255110
0.040107
0.215659
0.043699
0.040450
0.083041
0.128626
-0.377453
-0.495352
-0.244062
-0.364045
-0.150500
-4.383066
0.025589
-0.162893
-0.258966
0.191333
0.029159
0.003993
0.041385
-0.057025
0.034518
-0.685323
-0.196543
0.057373
0.101163
0.098205
