ORIGINAL Mean: 0.063815
ORIGINAL Variance: 1.065571
Output:
0.039648
-0.155950
0.238783
0.062767
0.238360
0.155448
0.039343
0.317312
0.217748
0.008261
-0.265984
-0.051634
0.071347
-0.117913
-0.052043
0.142837
-0.194819
-0.171446
0.314560
-0.256996
0.018342
0.007151
0.058256
-0.118974
-0.252209
0.189557
-0.208373
-0.018730
0.114167
-0.296687
0.105017
0.172624
-0.052560
0.333273
-0.152398
0.171180
0.114849
-0.012305
0.032075
0.066035
0.068249
-0.147759
0.063338
-0.150356
-0.364798
-0.182695
-0.316316
-0.214269
0.169770
-0.397464
-0.236458
-0.433745
0.458651
-0.546611
-0.082187
0.299900
-0.060407
-0.386696
-0.086074
-0.028640
-0.050992
0.060086
0.089212
-0.064743
-0.308441
0.091949
-0.214347
0.414858
-0.023912
0.020895
0.116741
-0.044323
-0.208838
0.144977
-0.188172
-0.563172
0.063058
-0.201430
-0.363691
-0.064067
-0.308144
-0.055401
0.253308
-0.328400
0.107408
-0.352632
0.228330
0.328317
-0.012762
0.222511
-0.305975
0.039314
-0.117276
-0.384156
0.188648
-0.333608
-0.182267
0.133542
-0.051158
0.019893
-0.044112
-0.138521
0.182333
0.448783
0.074166
0.074810
0.363317
0.214204
0.025123
0.020442
0.004872
-0.103255
-0.085918
-0.066233
-0.122488
-0.155391
0.188287
-0.292376
0.246119
0.298865
0.010194
-0.102219
0.291652
0.213452
-0.040786
0.491857
-0.069767
0.217836
0.101992
-0.090262
0.063635
0.092776
0.240955
0.181661
-0.466057
0.164887
0.082528
0.011540
-0.065787
0.034309
0.111048
0.069297
-0.264356
-0.266842
0.005907
-0.340325
0.164534
-0.045968
-0.372399
-0.148036
0.081980
-0.039207
-0.186373
-0.184872
0.210254
-0.064686
-0.274785
0.162706
-0.632815
-0.233544
-0.212460
0.832592
-0.007939
0.131951
-0.145820
-0.089567
0.076410
0.148500
0.064428
0.074086
-0.037887
0.076447
-0.268343
0.139088
0.088919
0.049037
0.078603
0.134963
-0.115925
-0.156955
0.185344
0.060262
0.288919
-0.082958
-0.006223
-0.271879
-0.113290
-0.570503
-0.000113
-0.032496
0.051145
-0.005276
0.120830
0.255546
0.272759
-0.320346
0.158309
-0.111715
-0.112643
-0.395315
-0.120388
-0.013726
-0.172173
0.105563
0.021370
-0.202697
-0.161247
-0.291500
-0.318139
0.253232
0.125108
-0.044013
-0.376909
-0.049783
0.004219
-0.015070
-0.112581
-0.338746
0.048021
0.250827
-0.406062
-0.105815
-0.159408
0.349277
0.049113
-0.083753
0.136507
2.127837
-0.057795
-0.356392
-0.378454
0.292294
-0.053491
0.040129
0.111312
-0.017844
-0.333731
0.098137
0.120952
0.177878
0.132350
-0.283887
0.256068
0.348144
-0.159975
0.349059
0.261341
-0.032085
0.027791
0.037141
-0.042063
0.151867
0.129491
-0.128152
0.274875
0.053012
-0.248828
0.069172
0.171645
0.175705
-0.030322
0.188156
0.232239
0.012404
-0.018575
0.080955
-0.109101
-0.020256
0.248083
-0.032880
-0.007757
0.121829
0.196369
-0.031118
-0.024334
-0.204471
-0.063826
0.107156
0.128476
0.297641
0.049740
0.138684
0.133374
0.176696
0.047117
-0.226960
0.057548
0.014362
-0.015107
-0.078599
-0.004398
0.014010
0.027963
-0.460607
-0.090018
0.123351
-0.413928
0.114771
-0.121407
-0.225343
0.182345
-0.201138
0.199048
-0.086475
0.044738
-0.318833
-0.186928
-0.019924
0.021439
0.027125
0.206380
0.328884
0.161922
-0.294559
-0.434575
0.040579
0.261743
-0.133647
-0.402828
-0.207021
0.247778
-0.175332
-0.305300
-0.210914
-0.016212
-0.080095
-0.006816
0.035083
0.186034
-0.027729
0.011189
1.664462
0.291635
-0.616746
0.342558
0.077990
0.045513
-0.389859
-0.143096
0.240205
0.042728
-0.168476
0.450086
0.119300
0.016897
-0.125726
0.166637
0.172313
-0.108808
-0.163739
-0.060839
-0.094754
0.096818
0.212074
-0.230494
0.039194
0.053600
-0.296455
-0.026218
-0.044082
0.014200
0.174467
0.169849
-0.067440
-0.190683
0.212322
-0.162867
0.230970
0.092396
-4.383125
-0.168595
-0.013553
0.022770
-0.369664
0.176798
-0.122304
0.155356
-0.038529
0.049021
0.119745
0.504832
0.019924
-0.042909
-0.191909
