ORIGINAL Mean: 0.053110
ORIGINAL Variance: 1.230921
Output:
-0.148085
0.071930
0.260881
0.141530
0.700385
0.004702
0.030611
0.070394
0.551553
-0.034429
0.709119
-0.308436
0.075637
0.033314
-0.112534
0.177232
-0.178465
-0.111452
-0.005823
0.126673
0.002623
-0.341405
-0.375150
0.294077
0.094140
0.335560
-0.274006
0.042324
-0.010971
0.237621
-0.739539
0.161420
0.905650
0.404562
0.361046
0.093762
-0.525000
-0.044572
-0.025224
-0.103524
-0.164703
-0.210641
0.022675
0.054368
-0.706991
-0.224562
0.051014
0.106417
0.400389
0.146119
-0.370231
-0.322716
0.111091
-0.740930
-0.220944
-1.136645
0.113085
-0.484075
-0.150841
0.963118
-0.057741
-0.063466
0.001819
-0.342026
0.083806
-0.227275
0.356595
-0.012222
0.517877
0.591369
-0.110261
0.346186
0.003622
0.152639
-0.012217
-0.953241
0.016196
-0.127055
-0.071539
-0.240423
0.142356
0.129691
0.506657
0.393313
-0.037466
-0.483065
-0.023309
0.525827
-0.244092
0.060825
-0.428250
-0.707575
-0.414442
-0.543066
0.064503
0.322748
-0.381146
0.322893
-0.299925
-0.105074
-0.012023
0.105363
-0.163487
0.331315
-0.248701
0.415823
0.295430
-0.206086
-0.645217
-0.045960
0.058721
0.000871
0.108793
0.024397
-0.352504
0.386537
0.675750
0.103824
0.178304
-0.042685
-0.059342
-0.302866
0.122594
0.717548
-0.020692
0.382226
0.142405
0.097606
-0.132138
-0.065168
0.041412
-0.044712
0.222052
-0.323378
-0.131783
0.500855
0.069122
-0.312204
0.069156
0.086763
-0.059086
0.048907
-0.542078
0.229347
0.206851
0.306101
0.406622
0.512819
-0.109701
-0.206428
-0.120636
0.110331
0.774292
-0.991400
-0.480610
-0.089785
-0.079187
0.168763
-0.256076
-0.251147
0.191974
-0.305470
-0.081314
-0.245628
0.153636
-0.483591
0.019742
0.107159
0.130339
-0.172819
0.060161
0.200602
-0.013470
-0.131116
0.037060
-0.200094
0.258947
0.533022
0.071585
0.647530
0.028196
-0.094994
0.382926
-0.339108
0.036190
-0.337127
-0.096546
-0.149390
-0.000099
-0.099831
0.165971
0.484709
0.376633
0.217714
0.157381
0.238053
-0.184426
-0.202831
-0.938447
-0.267454
-0.212990
-0.195816
-0.011189
0.141477
0.947282
-0.136515
0.005283
-0.338269
0.002536
-0.141124
0.092978
-0.789985
-0.162810
-0.080507
-0.062769
-0.042989
0.302376
-0.064825
0.273261
0.176285
-0.201982
-0.621965
-0.215378
-0.197844
0.585860
-0.573046
0.090797
2.053673
0.175801
0.071603
0.088206
0.132749
-0.076558
-0.638402
-0.069850
-0.610431
-0.120870
0.281469
0.173557
0.409547
0.309763
-0.792738
0.273477
-0.967158
0.198434
0.218707
0.662636
0.427837
-0.097350
0.069499
0.928922
0.145172
0.086965
-0.171859
-0.216386
-0.109252
-0.216706
-0.114500
0.116143
0.337050
-0.311284
-0.054857
0.294116
-0.167600
0.147341
0.562273
-0.109672
-0.059102
0.790738
-0.059060
0.118179
-0.164999
-0.351183
-0.290353
0.166662
-0.991236
0.041168
0.686984
-0.124741
0.644314
0.260216
-0.027633
0.075951
0.076363
-0.448249
0.229843
0.045905
0.357584
0.335103
0.003045
0.079471
0.167462
0.075443
-0.067095
0.321766
0.417814
-0.117850
-0.177461
-0.561996
-0.019492
-0.148598
-0.238249
0.480741
0.102302
0.125979
-0.235739
-0.406788
-0.100976
0.078485
-0.095430
0.136398
-0.712565
-1.213010
-0.212967
-0.315813
0.014874
0.175246
-0.081901
-0.403766
0.140844
0.012484
-0.644111
-0.389951
-0.241643
-0.360922
-0.024723
0.105973
-0.107511
-1.116571
0.058158
-0.067232
1.803697
-0.051281
-0.256341
-0.516384
-0.170126
-0.200231
-0.728487
0.262031
0.350586
0.453214
-0.120871
0.280758
-0.020045
-0.103945
-0.092718
-0.236790
-0.303985
0.414191
-0.227749
-0.020085
-0.189728
0.297160
0.428061
-0.011646
-0.260303
0.134122
-0.052242
0.447754
0.295244
-0.517958
-0.517660
0.234224
-0.111268
0.572141
0.165181
-0.124837
0.451340
0.101677
-3.072158
-0.273022
-0.552991
-0.080400
0.642180
0.121862
-0.194356
-0.210505
-0.211298
0.151247
0.522649
-0.136544
-0.599270
-0.263106
-0.078779
