ORIGINAL Mean: 0.049308
ORIGINAL Variance: 1.061235
Output:
0.168040
-0.169367
0.026881
0.015943
-0.057033
-0.190831
0.298418
-0.140573
-0.345931
0.269878
-0.224692
0.014968
0.072131
-0.212229
-0.280198
0.066589
-0.069946
-0.012523
-0.038927
0.214382
-0.020305
-0.157651
0.212131
-0.071308
-0.183227
-0.292257
0.110926
-0.235240
-0.064560
-0.089494
0.183533
0.369489
-0.185760
-0.221058
-0.185461
0.093746
0.198981
0.121097
-0.070807
0.004958
0.145035
0.403982
0.135143
-0.204286
-0.449160
0.243491
0.206768
-0.389732
-0.082799
-0.449651
-0.053492
-0.408828
-0.133074
0.908580
-0.035996
0.143886
0.039876
-0.008930
0.431020
-0.151158
0.238693
-0.055179
0.046937
0.116092
-0.227456
-0.055393
-0.200434
0.031222
0.122583
-0.250191
-0.047656
-0.032947
-0.002240
0.120889
0.178061
0.688471
0.066881
0.028203
-0.121833
0.086609
0.021623
-0.240836
0.212427
-0.074868
0.119341
-0.159218
0.190967
0.086966
0.171795
0.120066
-0.159284
0.210339
0.061858
0.463653
-0.140913
-0.417546
0.078014
0.015033
0.133249
-0.019916
0.202123
-0.336209
0.112617
-0.017898
-0.212729
-0.309862
-0.181675
-0.213535
0.197445
-0.203546
-0.111496
-0.006331
0.016343
-0.094598
0.067528
-0.335779
-0.103941
-0.164454
-0.002038
0.100112
-0.036396
0.420800
-0.116531
-0.504276
0.044857
-0.045894
-0.005161
0.261764
0.168404
0.017819
0.066723
-0.213520
-0.176667
0.249168
-0.254899
0.115368
0.147332
-0.074967
-0.007890
0.030068
0.247963
-0.267030
0.727068
-0.060846
-0.148128
-0.228341
0.132953
-0.431749
-0.088803
0.327250
-0.008697
0.206326
-0.249269
-0.262055
0.163711
0.055711
-0.328620
-0.124190
-0.055094
-0.213539
-0.466136
0.599998
-0.195769
0.041746
0.061026
0.043961
-0.008315
0.322297
-0.171715
-0.349385
0.088514
0.097941
-0.067199
0.160958
0.237834
0.168590
0.024918
-0.818182
-0.070327
0.008565
0.011330
0.204064
-0.506671
0.163800
-0.008616
-0.037562
-0.074684
-0.505544
-0.000130
-0.254544
-0.069607
-0.076256
0.032833
0.206852
0.232979
-0.285829
-0.222378
-0.182756
-0.203414
0.240887
0.081020
-0.081919
-0.142410
-0.117602
0.034939
-0.058445
-0.019606
-0.038735
0.264397
0.000624
0.011134
-0.005106
0.087894
-0.171368
0.007623
-0.369349
-0.074204
-0.168789
0.108802
-0.039149
-0.218659
0.415949
-0.103848
0.153912
-0.105187
-0.050478
0.201677
2.362865
-0.054866
0.005679
-0.291493
0.072407
0.053660
0.065730
0.129107
0.041115
0.297978
0.214319
0.040011
0.203386
-0.088051
0.561065
-0.096685
0.490796
-0.410496
-0.043545
0.018437
-0.349534
0.337088
0.127711
0.097868
0.313871
-0.257388
0.157638
-0.125523
0.028586
0.066168
-0.045887
-0.010091
-0.020806
-0.068372
0.272463
0.121479
0.013301
-0.222906
-0.237939
0.026481
-0.009205
-0.179527
0.257159
-0.455964
-0.216503
0.416308
-0.127283
0.177979
0.035750
-0.243321
0.349834
-0.006907
-0.234710
0.084664
0.166341
0.116501
-0.259263
-0.401963
-0.091652
-0.074386
-0.026615
-0.226434
0.052857
-0.101538
0.359196
-0.011694
-0.404557
0.325441
0.301214
-0.195408
0.108019
0.011166
-0.406518
0.104484
0.058475
-0.021380
0.002585
-0.046727
0.021724
0.398153
0.040867
-0.216903
0.251526
0.199834
0.220399
0.311203
0.343784
-0.195119
-0.068373
-0.208457
0.301368
0.182173
0.240257
-0.018724
0.059825
-0.009282
-0.000872
-0.134567
-0.437549
0.106349
0.021916
0.052365
-0.038519
0.230874
1.697842
0.437189
0.171247
0.186004
0.028584
0.141113
-0.048824
-0.401301
-0.234438
-0.125682
0.122507
-0.386414
-0.147139
0.090048
0.098127
0.039240
0.241769
-0.045886
0.060264
-0.389878
0.176218
-0.159150
0.115504
-0.047554
0.246849
-0.313282
-0.381224
-0.200917
0.134071
0.197588
0.245888
0.090812
0.002485
0.010012
-0.025988
-0.058572
-0.167713
-0.079858
-4.496646
0.296840
-0.051471
-0.015998
-0.318365
0.146408
-0.375438
0.072476
0.177024
-0.026672
0.156094
0.128164
0.629615
0.038715
-0.280852
