ORIGINAL Mean: 0.039420
ORIGINAL Variance: 1.227385
Output:
0.069345
-0.323973
0.101217
-0.063116
0.059699
-0.017485
-0.147778
0.083696
-0.466614
0.244901
0.697224
-0.014364
-0.061693
-0.252166
-0.122884
0.006252
-0.054896
-0.344493
0.220421
0.461191
0.061027
-1.329397
-0.182921
-0.518664
0.220863
0.078061
0.311598
-0.111737
-0.062362
-0.008352
1.024710
-0.178575
0.578877
-0.141885
-0.703631
-0.116505
1.045011
0.011391
0.032991
0.372483
-0.337378
-0.123389
-0.252533
-0.145856
0.323261
0.067941
-0.021350
-0.474682
-0.196494
-0.470932
-0.304132
-0.654813
0.210532
0.416689
0.903047
0.630228
-0.615002
-0.547878
-0.082977
-0.795314
0.227831
0.763123
-0.149198
-0.157340
0.058830
-0.060776
-0.395654
0.478233
0.026735
0.096936
-0.164598
-0.014664
-0.124585
0.231859
0.218762
-0.022032
0.125720
0.218618
-0.293248
-0.268850
-0.430340
-0.030047
-0.262137
0.052006
0.118063
-0.097083
0.153438
0.417594
-0.597924
1.014009
-0.040930
0.917936
0.807436
0.066981
-0.751118
-0.186461
-0.289791
-0.307457
0.201674
-0.028500
0.817041
0.026592
0.126734
0.170410
-0.246548
-0.188001
-0.091915
0.182201
0.403553
0.235305
0.159787
-0.002548
-0.598715
-0.290661
-0.227020
-0.436519
0.098241
0.774303
-0.084661
0.391168
0.104885
0.002994
0.374845
0.159749
-0.068546
-0.004335
0.043699
0.153429
0.770959
0.046664
0.025874
0.231327
0.324470
0.077044
-0.251958
0.061713
-0.094123
0.163453
0.632046
-0.118674
0.180201
0.130657
-0.395323
-0.008648
0.204122
-0.274612
0.353074
-0.303654
-0.576558
0.235170
0.266765
1.205669
-0.223482
0.438691
-0.261150
0.026633
0.169442
0.182202
-0.220798
-0.229169
-1.136569
0.518351
0.051828
-0.106726
-0.026139
0.957871
0.005393
0.262917
0.169922
-0.392142
0.113710
0.141880
-0.258877
-0.232451
0.040484
0.082794
-0.407451
0.002925
0.039076
0.215646
-0.090085
1.513196
-0.063007
-0.319042
0.014248
0.898365
0.118875
-0.036102
-0.000202
-0.024998
0.491649
-0.243265
-0.079531
0.157472
0.189928
0.065641
-0.286923
0.061527
-0.563294
0.208486
-0.033223
-0.022108
-0.134333
-0.360677
-1.159608
-0.005834
-0.227796
-0.173345
-0.399020
0.053302
0.063584
0.612402
-0.115883
-0.040478
-0.199858
-0.212509
0.267599
-0.135806
0.931628
0.495504
0.141171
-0.194378
-0.346489
-0.639041
0.036845
-0.296672
0.139667
1.101527
0.195239
-0.322002
-0.408534
0.038980
-0.038134
0.495416
-0.119170
0.372704
-0.406450
0.190658
0.440236
0.065817
0.058050
0.484245
-0.626336
0.001986
-0.389421
0.297865
0.061693
-0.469465
0.204549
0.233046
-0.335707
-0.134081
-0.059763
0.405441
-0.097051
0.070620
-0.180272
0.072481
0.053667
0.349868
0.010283
0.010741
0.218947
0.444007
-0.369761
-0.902073
-0.064667
-0.698926
-0.343510
0.049110
0.895067
0.373684
0.180719
-0.364248
-0.136419
0.765653
-0.441380
0.131815
0.138290
0.635142
0.072401
-0.675030
0.162917
0.105053
-0.338299
0.026493
-0.034679
-1.158056
0.224581
0.032759
-0.115305
0.109342
0.173366
-1.146803
-0.503434
0.411609
-0.284293
0.195393
0.725329
-0.213562
-0.005682
0.111801
-0.085002
-0.103690
0.153574
-0.141402
0.549682
-0.215385
-0.187219
0.273016
0.170758
-0.114527
-0.298649
-0.059810
-0.668075
0.172448
-0.255754
-0.326818
0.082850
0.485367
0.829055
-0.415759
-0.450532
-0.162395
-0.238006
-0.501264
-0.003702
-0.070630
0.624553
0.054933
0.078281
1.675741
0.051351
-0.546317
0.038591
0.089468
-0.339051
-0.121321
-0.850417
0.111020
-0.866777
0.056068
0.059148
0.058536
-0.132974
0.177067
-0.161651
0.440093
-0.680789
-0.583773
-0.188728
0.198503
-0.198181
-0.025600
-0.304305
0.391673
-0.389162
-0.314766
-0.809382
-0.105190
0.489745
0.011054
-0.213505
-0.080361
0.190361
0.082236
-0.235826
0.059705
0.371673
-2.004360
0.310817
0.247330
-0.161508
-0.517345
0.092937
-0.251471
-0.690749
0.156827
0.158713
-0.482047
0.501704
0.555910
0.567520
-0.295397
