ORIGINAL Mean: 0.033867
ORIGINAL Variance: 1.025742
Output:
0.283661
-0.213259
0.232337
0.215464
0.108086
-0.111573
-0.009656
0.331121
-0.006250
0.034268
0.121599
0.097470
-0.250761
-0.231924
-0.261975
0.075037
-0.479404
-0.290272
-0.049703
-0.335403
0.066780
-0.106826
0.006100
0.081432
0.233935
0.238205
-0.301433
0.284110
-0.205376
0.105506
-0.162065
0.190561
0.345431
-0.668509
-0.266254
0.045249
-0.147133
-0.232416
-0.017768
-0.145693
-0.262855
-0.102445
0.102994
-0.208708
-0.073785
-0.144702
-0.140715
0.274440
0.304328
-0.156163
-0.318122
-0.415734
0.085377
0.490643
0.139910
-0.059849
0.114624
0.076963
0.173546
0.250056
0.042730
0.311746
0.107650
0.077325
-0.073685
0.122358
-0.338239
0.057531
-0.025087
0.023515
0.224463
-0.025141
0.162083
0.072846
-0.459937
-0.049661
-0.469879
-0.179885
-0.235553
-0.124695
-0.126374
-0.166505
-0.019692
0.147008
-0.147257
0.116873
-0.087633
0.054039
0.058851
0.312146
0.173204
-0.251949
-0.310140
0.441901
-0.112012
0.075717
-0.106226
-0.211006
-0.294201
-0.026477
0.195090
0.704038
-0.340335
-0.403679
0.000327
-0.098491
0.160595
0.165569
-0.227600
-0.613078
-0.105188
-0.087885
-0.227431
0.351046
-0.161980
0.193585
0.114680
-0.130451
0.253482
0.299253
0.001127
0.040045
-0.057294
-0.274607
0.083849
-0.051080
0.322154
0.124173
0.121648
0.338691
0.002520
0.217983
0.177469
0.124619
-0.284231
0.338152
0.205874
0.117591
-0.154548
-0.249046
-0.068804
0.377447
0.075943
-0.055341
0.100693
-0.001451
0.340995
0.379754
-0.111103
0.041450
-0.240345
-0.149556
-0.033446
0.017597
0.003043
-0.237089
0.351093
0.359454
-0.123666
-0.217763
0.136722
0.403077
-0.075061
-0.207861
-0.072953
-0.148944
-0.026123
0.174394
0.412137
0.184593
0.066692
0.224648
-0.209539
-0.096551
-0.284195
-0.076919
-0.138159
0.156908
0.095215
-0.112143
-0.625559
0.084485
-0.034973
-0.131252
0.113198
-0.175485
-0.105444
0.107011
-0.000142
-0.072832
0.038261
0.262707
-0.105860
0.152852
0.118243
0.287688
0.067863
-0.292611
-0.124033
-0.345813
0.103342
0.370225
0.050818
0.083759
0.181127
-0.017841
-0.164057
-0.008634
0.023627
0.415852
0.111025
-0.303380
-0.157452
0.149777
-0.031866
0.017371
-0.327707
0.110742
0.125028
0.117239
-0.809024
0.025333
0.005049
-0.066812
0.307836
0.116168
0.043924
2.481069
0.049281
-0.115785
-0.202544
0.145397
-0.069697
0.059927
-0.252732
-0.195829
0.299390
0.138711
0.236614
-0.131892
0.153092
0.067531
-0.185772
-0.775669
0.031760
-0.005216
0.096095
-0.087344
-0.287310
-0.002996
0.209081
-0.060619
0.286510
0.196235
0.081087
-0.017643
-0.216566
0.093198
-0.058684
0.505315
0.126463
-0.034935
0.253380
0.064569
0.019493
-0.024295
0.044442
0.025584
-0.024448
0.267552
0.618508
0.169735
-0.114778
0.122854
0.078816
-0.127001
0.326216
-0.211880
0.014775
0.084976
0.091850
0.147238
0.080006
0.556835
0.399675
0.022704
0.019599
-0.010630
-0.069070
-0.191313
-0.032256
-0.069259
-0.164867
-0.140221
-0.141932
0.355845
-0.353913
-0.098520
-0.088210
0.064440
-0.397271
-0.023856
-0.108153
-0.266482
0.192720
-0.306208
0.098205
-0.052779
-0.314885
-0.286852
-0.035244
0.012511
0.506313
-0.315815
0.124381
0.046128
0.085672
-0.111568
-0.122745
0.066040
0.340523
-0.200907
-0.048219
0.041410
0.204555
-0.199813
0.069703
0.080306
-0.007083
0.035504
-0.185618
2.049261
0.280625
-0.406896
-0.079625
-0.115210
0.145425
-0.612778
-0.026500
0.361780
-0.058166
0.179909
0.104792
0.016492
-0.149538
0.244192
0.228196
0.115612
0.284798
-0.114535
-0.030052
0.032701
0.002015
0.037249
0.105213
0.386529
0.252375
-0.239517
0.115759
0.125649
0.065319
0.029462
0.041526
0.098715
-0.148861
-0.483468
-0.221174
-0.075964
-0.214591
-4.370946
-0.103358
0.040881
-0.232136
0.526645
0.161984
-0.050405
0.113551
-0.177091
0.151088
-0.433255
-0.267283
-0.078947
0.074850
0.022062
