ORIGINAL Mean: 0.047618
ORIGINAL Variance: 1.040988
Output:
0.098788
-0.169738
0.205958
0.275739
0.209140
0.057080
0.062859
0.486655
0.322260
0.033680
-0.281059
-0.263110
-0.087276
-0.077712
-0.095491
0.272774
-0.650542
-0.222629
0.104166
-0.345446
0.064953
0.079734
0.288200
-0.177677
-0.354076
0.067893
-0.132472
0.047206
-0.036969
-0.364523
-0.037530
-0.245650
-0.038211
0.244941
-0.646148
0.102661
-0.085941
-0.169379
-0.073130
-0.390112
0.080844
-0.191986
0.054365
-0.303902
-0.081351
-0.034436
-0.298223
-0.025202
0.293422
-0.418622
-0.083956
-0.138005
0.125014
-0.173039
0.219057
0.441320
0.070724
-0.118908
0.135974
-0.013632
0.069429
0.244736
0.012893
0.293798
-0.518958
0.166374
-0.268131
0.518869
0.010226
-0.075522
0.430647
0.207567
-0.229261
0.098764
0.017037
-0.327756
-0.136794
-0.427257
-0.270427
-0.032436
-0.178467
-0.061341
0.070771
-0.057093
0.009714
-0.099696
0.039495
0.091306
0.030874
0.320997
-0.022111
0.092424
-0.191062
-0.128251
0.048424
-0.158656
-0.044103
-0.223769
-0.119305
0.180404
-0.028569
0.137476
0.254827
-0.310072
0.304512
0.157146
0.328915
0.221337
-0.072544
0.091324
0.047319
-0.014630
0.039184
0.063694
0.013526
0.061723
-0.111522
-0.516892
0.431579
0.237647
0.098995
0.016198
0.055334
-0.388085
-0.085953
0.357105
-0.310682
-0.007347
0.207713
0.008933
0.037455
0.183164
0.155050
0.460880
-0.380103
-0.164067
0.303994
0.128586
-0.126518
-0.160538
0.037974
0.078877
-0.164925
-0.378861
-0.115707
-0.115279
0.070182
0.287725
-0.398731
-0.134322
0.037425
-0.300672
-0.020428
0.274194
-0.197536
-0.217407
0.057538
0.313609
-0.316493
-0.211046
-0.119571
0.762172
-0.174887
0.181960
-0.096062
-0.281993
-0.037461
-0.044587
0.208289
0.137571
0.007003
-0.028760
-0.298284
-0.116019
0.024978
0.037860
-0.256838
0.191438
-0.168880
-0.171673
-0.026427
0.073257
0.133578
0.006750
-0.002497
-0.209739
-0.029812
-0.225390
-0.000024
0.205499
-0.057660
0.107772
0.033551
0.233923
0.185858
-0.179398
0.177229
-0.074991
-0.189696
-0.453643
0.039707
0.018912
-0.260955
0.068617
-0.329905
-0.017571
0.112677
-0.330348
-0.083116
0.446671
0.204171
-0.171755
-0.403158
0.065380
0.255913
0.081350
0.065137
-0.240172
0.160168
0.222387
-0.416669
0.405479
-0.129230
0.202751
0.187308
-0.140262
-0.070191
2.195584
-0.031458
-0.496795
-0.348222
0.133423
-0.035864
0.230266
0.215055
-0.142835
-0.019948
0.278935
0.138488
0.455145
0.109382
-0.221169
0.254459
-0.060457
-0.187402
0.111853
0.170198
0.302895
-0.073407
0.004265
0.214885
-0.201455
0.068668
0.025443
0.103500
0.014745
-0.327444
0.030057
-0.048215
0.460914
0.139108
0.085527
0.045642
0.161634
0.305207
0.049069
-0.066669
0.014042
0.383087
0.250714
0.250418
-0.031307
0.121540
0.150865
0.018095
-0.388326
0.248395
0.277825
0.022828
0.380803
0.175858
0.082207
0.076013
0.347713
0.250041
-0.134417
0.172195
-0.052974
0.226286
-0.160240
0.018018
0.068508
0.112815
-0.408704
-0.560384
0.260904
-0.343904
0.095484
-0.159247
-0.174509
-0.092915
-0.305749
0.179571
-0.119068
0.084143
-0.174269
0.328783
0.082763
-0.236354
0.048296
0.089829
0.173306
-0.176184
-0.129677
-0.386084
0.081095
0.117292
0.074346
-0.443963
-0.167233
-0.016929
-0.104378
-0.216352
0.005248
-0.320172
0.143950
0.045689
-0.094625
0.227802
0.004205
-0.238944
1.711561
0.167247
-0.559494
0.162471
0.064831
-0.019740
-0.926419
0.118412
0.357159
-0.176895
-0.238755
0.566780
0.148523
0.001295
0.034481
0.486219
0.199206
-0.323989
-0.192127
0.014427
0.044071
0.161138
0.271077
-0.169898
0.225750
0.127856
-0.200636
0.066234
-0.221148
0.077509
0.151862
-0.000154
-0.083051
-0.243884
-0.040109
-0.204881
-0.000225
-0.004311
-4.193612
-0.382558
0.053552
0.051436
-0.185073
0.100556
-0.165362
0.124123
-0.117986
0.025994
-0.489435
0.368444
-0.070352
-0.100906
-0.059921
