ORIGINAL Mean: 0.040682
ORIGINAL Variance: 1.153498
Output:
-0.327330
0.084714
0.159405
0.244649
-0.038040
-0.121335
0.258478
0.044812
-0.430423
0.264632
0.321432
0.161405
0.100412
-0.106242
-0.233639
0.044725
0.234256
-0.326483
-0.376800
-0.120049
0.094795
-0.675396
0.052901
0.429965
0.011180
0.351563
0.117374
-0.008774
0.309400
0.126437
-0.456207
0.527179
0.294071
-0.850357
-0.054370
0.129922
-0.087128
-0.315111
0.008730
-0.333597
-0.122110
0.196330
0.056766
-0.104601
0.041056
-0.248643
0.031655
0.171674
0.112970
0.055033
-0.036207
-0.091713
0.065497
0.088411
0.254188
-0.114559
0.047017
0.212853
0.395146
0.083858
0.160003
0.352088
0.234827
0.265619
0.026962
0.010049
-0.148230
-0.112888
-0.020994
0.245490
0.045740
-0.243637
0.124730
0.202835
-0.564097
0.686559
-0.222125
-0.072924
-0.073094
0.079739
-0.078044
-0.004025
-0.065969
-0.031900
0.179916
-0.106032
0.083671
0.423272
0.003079
-0.366775
0.305174
-0.215393
-0.196888
0.195236
0.010687
0.249716
-0.050879
-0.237857
-0.181805
-0.430633
-0.048779
0.333968
-0.071074
0.024695
-0.154573
0.105414
0.093472
-0.362552
-0.044295
-0.713448
-0.078903
0.081127
-0.384379
0.075925
-0.116632
-0.483090
0.019528
0.105991
-0.005453
0.160722
-0.196801
0.055523
0.000877
-0.228552
0.052864
0.128612
0.012053
-0.014648
0.029119
0.129717
0.050424
-0.082751
0.065016
0.160751
-0.192944
0.275543
-0.028886
-0.404048
0.564176
0.084245
-0.121213
0.106240
0.314128
-0.173321
-0.002849
0.417432
-0.032089
0.096879
0.309105
0.239783
-0.461791
-0.316222
-0.134610
-0.927340
0.582680
-0.045881
0.066744
-0.208800
0.005539
-0.284015
0.077961
0.142279
0.108982
-0.267734
-0.048247
-0.005306
-0.193164
0.171782
-0.087887
0.046695
0.159707
-0.122023
0.044018
0.126542
0.014192
-0.043787
-0.044909
-0.304253
0.240345
-0.024648
-0.123947
-0.027408
-0.241680
0.417683
0.213487
0.583730
-0.104973
-0.167908
-0.000067
-0.321287
0.075744
0.407202
0.193257
0.214634
0.089720
-0.102592
0.062365
-0.351835
0.272481
0.238596
0.055934
0.357306
-0.112540
0.004489
0.217518
-0.134850
0.053863
0.387954
0.224139
-0.032546
-0.078234
-0.131052
0.067266
0.214229
-0.308150
-0.037819
-0.697705
0.323086
-0.097150
0.001184
-0.515144
-0.959219
-0.002799
-0.086122
0.015174
-0.269128
0.222074
2.752435
-0.072212
0.216028
0.173076
-0.098142
0.070618
0.330048
-0.315286
-0.230662
0.501746
0.037439
-0.018601
-0.196251
0.049957
0.295872
-0.234560
0.408017
0.173466
0.069409
0.124672
-0.352642
-0.174099
0.378828
-0.036262
-0.034538
-0.193943
0.207120
-0.188176
-0.077162
0.176893
-0.259425
-0.260111
0.438949
-0.128459
0.387406
0.295657
-0.187945
-0.090407
0.054670
-0.132759
0.149377
-0.234499
0.163576
-0.176230
0.248495
0.375992
-0.403927
-0.167206
-0.018594
-0.108295
-0.389585
-0.110983
0.113044
-0.228540
0.037257
-0.031791
-0.198437
-0.287595
-0.236970
-0.141208
-0.339291
-0.014241
-0.099231
-0.121998
0.201381
-0.220866
0.291654
0.290052
0.311437
-0.165652
-0.071062
-0.055821
-0.242885
-0.105462
0.151383
0.007588
-0.182267
-0.101044
-0.069861
-0.056596
0.077810
0.034830
0.153684
0.165312
-0.287778
0.097109
-0.150407
0.048749
-0.348459
0.234374
0.022953
0.022203
-0.207175
0.006849
0.155375
0.347119
-0.008856
0.139705
0.072236
0.075509
0.222644
-0.201986
-0.032692
-0.135161
2.019936
0.165106
0.259392
-0.166518
-0.167028
0.662333
-0.093867
-0.252297
-0.031126
0.082961
0.347150
-0.336419
-0.280530
-0.254202
-0.066556
0.106607
0.235009
0.231499
0.136528
-0.131352
-0.146329
-0.156291
0.324599
0.241786
0.054354
0.026327
-0.027969
-0.070075
0.329312
-0.035070
-0.307867
-0.076514
0.045071
0.115636
-0.353659
-0.073964
-0.020361
-0.111580
-4.485592
0.419802
0.303511
-0.442112
0.790085
0.240129
0.161661
0.256856
0.016971
0.288200
-0.022210
-0.743978
-0.017691
0.314623
-0.083221
