ORIGINAL Mean: 0.013945
ORIGINAL Variance: 1.770595
Output:
0.174684
0.459085
-0.211662
-0.202652
0.246652
-0.398383
0.322055
0.037794
0.482005
0.235064
0.373648
-0.443368
-0.318748
-0.148880
0.236899
0.100624
0.203108
-0.977182
-0.026437
0.526263
0.003851
-0.471166
0.222203
-0.425107
0.074356
-0.211284
-1.576659
-0.364119
0.068954
0.853852
-0.299738
0.232398
0.548376
0.398572
0.168498
-0.061160
-0.051756
0.202397
-0.058766
0.480074
-0.080383
0.127114
-0.433587
-0.166611
0.981502
0.480271
0.351382
-0.297045
-0.027467
-0.391936
-0.348138
-0.491068
-0.079542
0.673223
-0.982133
-1.125832
-0.226215
0.670517
0.084663
0.015356
0.416244
0.381573
0.950817
-0.119287
-0.002465
-0.066504
0.628560
-0.020532
0.601801
0.463903
-0.105113
-0.259905
0.139248
0.324085
0.332341
-0.259883
0.123583
0.046359
-0.056286
-0.914495
0.475254
0.159680
-0.870170
0.554854
-0.033851
-0.014631
0.208959
-0.522186
-0.940458
0.581699
-0.833338
-0.047625
0.344362
0.176071
0.494421
-0.430532
0.045850
0.875342
-0.178903
0.326871
-0.632112
-0.708715
-0.238871
0.009581
0.177323
0.876927
-0.164946
0.311361
0.290295
-0.045890
-0.114203
-0.068851
-0.225147
0.000595
-0.943821
0.030009
0.622601
0.644164
-0.024645
-0.346606
0.064539
0.134883
-0.662235
-0.172276
-0.137329
-0.054151
-0.093797
0.627617
-0.149734
-0.002417
0.023754
-1.057081
-0.354022
-0.088421
0.056135
-0.098467
-0.224304
-0.366324
0.346634
0.434639
0.086290
-0.443105
0.101488
-0.274309
-0.028826
0.567899
0.434999
-0.067158
-0.963733
0.577837
-0.413385
0.609851
1.084004
-0.487617
-1.149838
-0.102802
-1.412679
0.317845
-0.011831
-0.076166
0.043285
0.376931
-0.312144
-0.038290
0.043357
-0.094876
-0.417874
0.105564
0.136549
-0.523925
0.014270
0.158852
-0.024390
-0.491455
0.271557
0.052347
-0.018202
-0.184631
-0.065928
0.496947
0.081990
0.621550
0.015856
-0.526755
-0.177609
-0.390096
-0.017869
0.570149
0.000074
-0.099944
0.584079
-1.156386
-0.206402
0.168225
0.360402
0.064781
-0.004965
0.190251
-1.264339
-0.052556
0.051370
-1.286984
0.687587
-0.194908
0.205710
0.201360
0.885529
-0.112219
0.107229
-0.322078
-0.117823
-0.408012
0.086799
-0.102391
-0.139127
0.087189
0.886144
-0.279233
0.358978
0.214610
-0.870444
0.756283
-0.159910
-0.573774
0.687565
-0.087326
-0.006825
1.238558
-0.152874
-0.625688
-0.161970
-0.236477
-0.118638
-0.411807
0.434365
-0.840112
-0.231972
-0.153787
0.714806
-0.333169
-0.230319
0.101587
0.201886
0.047814
-0.135595
-0.181673
0.143934
0.143246
0.241089
-0.148095
0.074746
0.143728
0.192567
0.221931
-0.197671
0.167702
-0.417769
-0.130313
0.095458
0.231262
0.398049
-0.032917
-0.005955
-0.021173
0.103027
0.149139
0.237788
-0.319766
0.234228
0.157925
0.033870
-0.368538
0.136880
-0.490327
1.063569
-1.636643
-0.119401
1.012580
-0.083438
-0.343395
0.364346
-0.300453
0.019215
-0.163506
-0.657320
0.136442
0.076200
-0.237610
0.706288
0.253658
-0.042975
0.085175
0.071883
-1.160616
-0.198259
0.437837
-0.164861
0.106342
-0.161158
0.042526
-0.718271
0.155567
0.031113
-0.070820
0.252838
0.122094
-0.023980
-0.051884
-0.655523
-0.152640
0.089723
-1.104615
0.657254
0.399739
-0.866473
0.081759
-0.657500
0.715315
0.123044
0.374351
0.167804
0.064993
-0.286416
-0.052215
-1.015827
0.062103
0.127939
0.393075
-0.415246
-0.114347
0.927299
1.520307
-0.504295
0.127420
-0.218790
-0.018623
-0.736812
-0.667677
-0.805067
-0.240766
-0.579382
-0.293423
-0.222483
-0.420614
0.061288
-0.064636
0.556161
0.335889
0.358224
0.278180
-0.293782
0.915597
-0.120402
0.006990
-0.075062
0.156330
-0.146168
-0.118576
0.341307
0.071757
-0.019959
0.158410
0.091519
0.012940
1.327281
0.109129
-0.032535
0.133016
0.242468
-1.665817
0.460426
-1.489033
0.434288
-0.123867
-0.068744
-0.224107
-0.295951
0.283212
0.071124
0.272840
0.344645
-0.180898
0.268886
0.205862
