ORIGINAL Mean: 0.039160
ORIGINAL Variance: 1.383052
Output:
0.065815
-0.831688
0.189647
-0.148354
0.430367
0.042181
-0.322142
-0.167753
0.176231
0.151734
-0.759914
0.957773
-0.866326
-0.128071
0.031616
-0.093954
-0.137532
0.002043
0.092249
0.032640
0.063126
-0.800616
-0.409554
-0.018822
0.213542
0.274113
-0.030978
-0.165680
0.041167
0.534265
-0.220940
0.075192
0.628183
0.315014
-0.000926
-0.106480
0.057370
-0.219341
-0.031891
-0.496872
-0.941946
-0.177579
0.840035
0.137740
-0.582889
0.011199
0.184510
-0.148896
-0.216265
-0.081684
-0.084512
0.092805
0.042666
0.448781
0.307656
-0.727871
0.418942
-0.071711
-0.235987
0.264192
0.269195
-0.373404
1.256819
0.477344
-0.357523
-0.064454
0.084324
0.365485
0.072920
-0.156960
-0.193924
0.172036
0.064974
0.392209
0.592012
-0.308720
0.239377
0.193872
-0.157798
0.828165
0.202831
0.463833
0.317483
0.617957
-0.361397
-0.615650
0.232440
0.117493
0.071611
0.578174
-0.042651
-0.014660
-0.492539
-0.404197
0.752816
0.284706
0.025438
-0.319890
-0.316114
-0.037369
-0.388230
-0.205990
-0.021012
0.499084
-0.171985
1.108548
0.141220
0.545330
0.014073
-0.154017
0.329297
-0.055813
-0.176013
0.803388
-1.095533
-0.232021
0.762373
1.025317
-0.007412
-0.387286
0.125833
-0.178117
-0.125409
0.266288
0.069184
0.198895
-0.276443
-0.152259
-0.536725
-0.747532
0.075729
0.125591
0.324127
-0.481026
0.075064
0.128500
-0.095702
0.410592
0.376751
0.482032
0.243756
-0.229988
-0.759452
-0.750624
0.144522
0.854683
0.295743
0.112850
-0.787222
0.449340
-0.060762
0.064937
0.431616
0.390142
-0.774413
-0.091243
-0.338875
0.457857
-0.206313
-0.196944
-0.525707
-0.046271
-0.343836
-0.143931
0.192182
-0.494415
-0.121190
0.244001
0.253870
-0.167712
0.089177
0.282534
-0.204368
-0.370067
-0.102407
0.063130
-0.126240
0.328887
0.138002
-0.202337
0.054144
0.001168
0.216622
-0.860773
0.171789
-0.421294
0.066479
-0.175731
-0.000058
0.045002
0.302080
-0.987088
0.112108
0.188891
0.099604
0.202683
0.129413
-0.020784
0.482415
-0.484927
-0.091477
-0.716555
0.107046
-0.314304
0.204707
0.073494
0.420081
-0.027308
-0.448870
-0.177789
0.017989
-0.407379
-0.555950
-0.279273
-0.038417
0.001684
0.126179
-0.152206
-0.070035
0.152298
-0.693649
-0.345630
-0.302068
-0.192138
0.807962
0.000111
0.092554
0.806048
0.009703
-0.062659
-0.199836
-0.208859
-0.055609
-0.070229
0.127702
-0.627133
-0.660040
0.102788
0.212100
0.780445
0.043004
-0.473797
0.312901
-0.156259
0.077514
-0.010568
-0.203616
0.927848
0.202153
0.203819
1.372040
-0.373830
0.084564
0.078634
-0.263326
-0.141200
-0.260277
-0.285421
0.053236
0.185097
0.138211
0.082016
0.136480
-0.210884
-0.056538
-0.645133
-0.088746
0.269496
0.069991
0.050216
0.169359
-0.663066
0.429812
-0.506530
0.088345
-1.284476
0.414970
0.424647
0.080242
-0.454686
0.439744
-0.262683
0.348217
-0.526802
-0.108190
0.323702
0.151334
0.738497
-0.500529
-0.023223
-0.046574
0.452013
-0.105874
-0.845258
-0.498562
0.543695
-0.164364
0.098114
-0.034650
-0.018996
-0.537669
-0.064236
0.377673
0.203286
0.234947
-0.202831
-0.121385
-0.031280
-0.363197
0.064977
-0.067606
-0.609403
-0.808891
0.094712
-0.222542
0.183923
-0.389178
-1.187669
0.283039
0.495814
0.547589
0.556326
-0.172497
-0.018440
0.254938
-0.415484
0.062700
-0.217832
-0.486013
-0.037147
0.379221
1.684663
0.304293
-0.392038
-0.586381
-0.102907
-0.628285
-0.719421
-0.400819
0.235073
-0.206040
-0.350193
-0.037961
0.116450
0.069759
0.246435
-0.214730
-0.388926
0.670229
0.199853
-0.277824
0.030070
0.250199
0.242603
-0.314220
0.251899
-0.677050
0.017931
0.367662
-0.478580
0.400186
-0.359650
-0.019977
0.052209
1.212430
0.244173
-0.088076
0.471053
0.376366
-1.347140
-1.100819
0.187832
0.171605
0.806270
-0.410819
-0.210869
0.037713
0.628887
0.196821
0.154295
0.232189
-0.239652
0.742853
-0.112154
