ORIGINAL Mean: 0.040512
ORIGINAL Variance: 1.030749
Output:
0.316682
-0.219352
0.270979
0.151431
0.070495
-0.037398
0.040519
0.163650
-0.049957
-0.032133
0.031082
0.037187
-0.206200
-0.165230
-0.316861
0.127164
-0.561967
-0.470361
-0.017472
-0.214828
0.053492
0.066253
-0.108121
-0.017796
0.266103
0.125006
-0.094258
0.192551
-0.345878
-0.057872
-0.076975
-0.067988
0.264460
-0.502376
-0.169517
0.033124
-0.152588
-0.139599
-0.034830
-0.137108
-0.311534
-0.010702
0.229050
-0.241142
-0.325826
-0.145883
-0.059924
0.151197
0.127150
-0.107690
-0.418296
-0.367067
0.047792
0.681578
0.145408
0.032449
0.020710
-0.127848
0.204495
0.224648
0.130421
0.396317
0.016870
0.014040
-0.114580
0.134390
-0.056683
0.216763
-0.167159
-0.136305
0.112027
0.190063
0.190689
0.023190
-0.229533
0.492394
-0.331653
-0.045657
-0.157546
-0.207775
0.044451
-0.057860
0.267442
0.106913
-0.048206
0.101722
-0.101019
-0.077806
-0.001294
0.258842
-0.038835
-0.023404
-0.186477
0.562185
-0.235548
0.108876
-0.001982
-0.271301
-0.209871
-0.013317
0.319259
0.908085
-0.366979
-0.277775
-0.307377
-0.126342
0.018609
0.064788
-0.155478
-0.576725
-0.133899
-0.082031
-0.093772
0.325413
0.127993
0.293541
0.019524
0.100176
0.197871
0.268940
0.011379
0.101267
-0.059914
-0.322483
0.165430
-0.104694
0.334079
0.050050
0.193718
0.257181
0.016070
0.308679
0.127325
-0.014234
-0.351223
0.368567
0.339620
0.212296
-0.107143
-0.406206
-0.020149
0.306054
-0.114866
-0.125874
0.138735
0.003184
0.350010
0.433159
-0.134686
-0.024738
-0.114944
-0.201379
0.037383
0.247968
0.210035
-0.192602
0.475760
0.394419
-0.029322
-0.177182
0.157235
-0.164395
-0.068693
-0.188841
0.008337
-0.065858
-0.053982
0.112497
0.415771
0.208688
0.164821
0.179164
-0.218504
-0.069968
-0.226514
-0.013803
-0.223680
0.258598
0.104680
-0.103907
-0.624854
0.168490
-0.047038
-0.170161
0.036600
-0.149576
-0.154944
-0.164862
-0.000150
-0.057664
0.074073
0.236793
-0.142062
0.145456
0.105964
0.416782
-0.002988
-0.240331
0.015421
-0.376195
-0.001070
0.184478
-0.090649
0.023522
-0.219874
-0.019568
-0.102482
-0.041837
-0.222829
0.431970
0.146208
-0.347776
-0.280968
0.107635
0.043178
-0.037849
-0.161296
0.107441
0.094418
0.134407
-0.257687
0.023304
-0.092525
-0.072112
0.155366
0.088398
0.195009
2.471660
0.107809
-0.064900
-0.138484
0.204043
0.027987
0.164664
-0.225048
-0.123462
0.281902
0.092507
0.187829
0.012809
0.219361
0.183559
-0.070558
-1.153640
0.050284
-0.011613
0.069066
-0.219638
-0.192408
-0.078420
0.391370
0.064843
0.197593
0.064431
-0.122573
-0.054973
-0.306763
0.075273
0.014836
0.336830
0.198204
-0.038713
0.207874
0.060149
-0.026183
-0.230612
-0.003567
-0.146582
-0.056822
0.232043
0.380853
0.090684
0.025474
0.066057
0.039268
0.141110
0.126573
-0.075596
0.005727
0.101384
-0.041016
0.267257
0.085169
0.377695
0.459420
-0.109043
-0.070066
0.039059
0.139769
-0.211630
-0.033844
-0.084748
-0.144135
-0.209434
0.127446
0.467030
-0.376927
-0.089815
0.138828
-0.010381
-0.185232
-0.183936
-0.192546
-0.125093
0.148905
-0.244719
0.214395
-0.067734
-0.289091
-0.200018
-0.036615
-0.017747
0.075892
-0.286370
0.296960
0.092041
-0.055084
-0.372208
0.160540
0.020506
0.352765
-0.075007
-0.001999
-0.025712
0.264467
-0.301882
0.109913
-0.003002
0.011735
0.025719
-0.212955
1.992832
0.103272
-0.315321
-0.111052
-0.184372
0.152151
-0.735043
-0.070081
0.399031
-0.091100
0.199591
0.113456
0.116057
-0.144062
0.221471
0.257745
-0.027761
0.087444
-0.120252
-0.026034
-0.023526
0.082188
0.109356
0.088642
0.384356
0.190063
-0.189296
0.037365
0.119052
-0.113819
-0.069838
0.061761
0.201844
-0.217980
-0.389797
-0.222588
-0.032444
-0.130566
-4.364707
-0.096805
0.138867
-0.233157
0.185524
0.106061
-0.107981
0.277695
-0.055585
0.117640
-0.461930
-0.321527
-0.066047
0.022065
-0.074798
