ORIGINAL Mean: 0.034073
ORIGINAL Variance: 1.296525
Output:
-0.410325
0.659922
0.133373
-0.017623
-0.119882
-0.016570
0.273848
-0.153874
-0.560274
0.367340
0.485598
-0.116930
-0.111244
-0.161010
-0.080538
0.092791
0.119055
-1.038626
-0.134141
0.778403
0.033300
-0.712539
-0.158716
-0.075824
0.027142
-0.043574
0.435062
-0.314313
-0.010476
-0.107833
0.277716
0.458517
0.170038
-0.544818
-0.781656
-0.039499
-0.238264
-0.180220
-0.014081
0.288353
0.328779
0.104671
-0.177614
-0.248958
-0.293207
0.045033
0.101280
-0.378351
-0.216289
-0.304387
-0.238857
-0.586585
0.028087
0.523977
0.282376
0.724244
-0.438659
-0.603474
0.132818
-0.865879
0.314242
0.176878
-0.154597
-0.536083
0.580359
-0.080266
-1.029133
-0.013001
0.257654
-0.039964
-0.283722
-0.261138
-0.037554
0.061998
0.149993
0.804486
0.124628
0.290982
-0.147770
0.030254
-0.270832
0.171357
0.243080
-0.373168
0.386216
0.517553
0.103018
0.373635
0.296768
0.644945
0.492557
0.289658
0.294324
0.175740
-0.322934
0.294527
-0.561404
-1.020006
0.284121
-0.270991
0.821206
-0.141366
0.371351
0.261316
-0.242681
-0.282484
-0.359292
0.238419
0.761353
0.002931
0.002844
0.010008
0.021845
-0.301170
-0.198637
-0.531428
-0.323140
-0.347085
-0.233656
0.353972
-0.029100
0.270784
0.230185
-0.240747
-0.114255
-0.053236
-0.031184
0.746490
0.792019
0.153725
0.043951
-0.273996
0.233941
0.373542
-0.221517
-0.017597
-0.072566
-0.675379
0.699358
-0.113365
0.092310
0.281907
0.178429
0.238068
-0.032741
-0.005244
-0.065490
-0.453836
-0.236625
0.352492
0.663548
1.044932
-0.098724
-0.512990
0.076246
0.135625
0.191739
-0.496350
0.016031
-0.244031
-0.179879
0.442597
0.066969
-0.034171
-0.004571
0.376077
-0.006490
0.287421
-0.154393
-0.319190
0.293051
-0.020804
-0.116060
0.187851
0.279418
0.069278
-0.357238
-0.560579
-0.003897
-0.272927
0.155181
1.557726
-0.504581
0.012267
0.056171
0.723434
-0.047913
0.022255
-0.000226
-0.170263
0.310644
0.543899
0.131018
0.184516
0.159067
-0.257077
-0.390851
-0.070914
-0.876784
0.450274
-0.032169
-0.092154
-0.284358
-0.337374
-0.512746
-0.215087
-0.353459
-0.141627
-0.006807
-0.082236
0.039088
0.358045
0.120823
-0.116369
-0.196690
-0.389168
-0.028564
-0.110609
0.779361
0.234519
0.551140
-0.547235
-0.276493
0.011978
-0.467083
-0.160899
0.141143
1.422396
0.084856
0.159518
-0.250704
0.236919
0.083030
0.833252
-0.150208
0.483314
0.108207
0.097494
0.161651
-0.018561
0.005969
0.678036
-0.702262
0.932458
-0.440001
0.356591
0.542986
-0.690784
0.137066
0.318228
-0.934325
0.007770
-0.306479
0.395145
-0.530030
0.032638
0.185871
-0.060176
-0.516799
0.509197
-0.575486
0.385534
0.192279
0.209533
-0.379790
-0.511033
-0.120633
-0.791633
-0.056352
0.152891
0.573451
0.151197
-0.026635
-0.357932
-0.106147
0.867646
-0.197834
-0.028769
-0.027795
0.403264
0.072007
-0.308824
-0.009060
0.037172
-0.658868
-0.344591
-0.085828
-0.593204
-0.013299
0.013027
-0.151022
0.564153
0.051081
-0.477912
0.285930
0.239065
-0.179654
0.219393
-0.211920
-0.497865
0.291838
0.188715
-0.138659
0.173628
-0.049093
-0.111929
0.549091
-0.141898
0.006673
0.498070
0.247926
0.051388
-0.827750
0.167632
-0.395575
-0.057738
0.108675
0.452894
0.184796
0.716300
0.176507
-1.048148
0.266668
-0.193911
-0.255058
-0.446655
-0.019590
-0.049106
0.190117
-0.036363
-0.231206
1.576264
0.454249
-0.054189
0.122606
0.086759
0.299146
0.178954
-0.721249
-0.111982
0.242987
0.218372
-0.260305
-0.166581
-0.093029
0.039295
-0.064870
0.360914
-0.383535
-0.439106
-0.414504
0.205552
-0.304917
0.095499
-0.130290
0.141265
-0.152445
-0.227895
-0.768209
0.222305
0.107146
-0.056228
0.036083
-0.121085
-0.060239
0.057183
-0.091364
-0.372128
0.052823
-2.254241
1.144648
0.733674
-0.189995
-0.256394
0.060483
-0.101459
0.393829
0.056299
0.132332
-0.204732
0.085632
0.557341
0.642449
-0.303397
