ORIGINAL Mean: -0.029066
ORIGINAL Variance: 1.090704
Output:
-0.436765
-0.197780
0.077291
0.196432
0.220710
-0.033995
0.172606
-0.101704
-0.042155
0.098174
-0.469101
-0.236752
-0.454693
-0.047335
-0.076719
-0.387992
-0.005017
0.007564
-0.372848
0.807016
0.008711
0.223781
0.544288
0.375703
0.033700
0.155395
0.193878
0.017739
0.132788
-0.809775
0.046213
0.167865
-0.379601
-0.360396
-0.460782
0.226641
-0.405824
-0.145821
-0.073495
0.178283
-0.052430
0.131019
0.643274
0.057148
0.776050
-0.063927
0.150431
0.351199
0.361509
0.232256
-0.276342
0.524249
-0.211588
-0.222149
-0.523698
-0.365062
-0.161599
0.072133
0.171947
0.481341
-0.318987
0.361660
-0.173729
-0.453161
0.358338
-0.213247
0.249684
-0.516940
-0.124752
0.392944
0.167947
-0.257534
0.041579
0.068468
-0.280854
-0.377186
-0.103088
-0.360477
0.023571
0.066683
-0.129159
-0.416636
-0.884279
0.087832
0.032840
0.095615
0.262240
0.389059
-0.211718
-0.579001
0.572406
-0.564745
-0.295050
-0.351277
0.111655
-0.047208
0.653438
-0.384644
0.129948
-0.216141
0.143568
-0.130042
-0.010623
0.080898
-0.064106
-0.006568
-0.018983
-0.468925
-0.050068
-0.454053
-0.122465
-0.024513
-0.455435
0.360220
-0.220394
0.055923
-0.133400
-1.026020
0.164799
0.174209
-0.248728
0.116652
0.270426
0.042632
-0.206350
0.088587
0.097865
0.034112
0.184056
0.061361
0.083300
-0.080073
-0.077885
0.303693
0.175819
0.145493
-0.311679
0.093206
-0.350834
-0.033757
0.271574
0.167674
0.687932
0.803127
-0.166978
-0.146792
0.013534
0.223920
0.067033
0.011719
-0.000443
0.044042
-0.798270
-0.022475
0.140498
0.157130
0.160461
-0.598976
0.064954
-0.215695
-0.172560
0.002992
0.036624
-0.275278
0.093258
0.213776
0.149831
0.105665
-0.204370
0.053910
-0.157328
-0.054664
0.223998
-0.225162
-0.059726
0.044054
0.538078
-0.474119
0.084315
0.670538
0.147607
0.590061
-0.131372
-0.392683
0.062717
0.620497
-0.042643
-0.091746
-0.000081
-0.131355
0.131798
-0.297175
0.046625
0.113893
0.145453
-0.261691
-0.195001
-0.396227
-0.064211
0.209345
0.112496
0.031233
-0.492566
0.211556
0.465705
-0.175506
0.214778
0.549014
0.848162
-0.828456
-0.035899
-0.134784
0.311745
0.054256
-0.316207
-0.063809
-0.256856
0.351844
-0.914342
0.066303
0.025786
-0.560555
0.256847
0.354597
-0.176333
-0.661733
0.055300
1.331028
-0.013747
0.117625
0.409835
-0.378854
0.149742
-0.279051
-0.309499
-0.057413
0.541094
-0.137914
-0.153128
-0.872794
-0.110232
-0.215174
-0.417619
0.302045
0.223941
0.007352
-0.194805
-0.259430
-0.012806
0.153470
0.236131
0.369068
0.030357
-0.291118
-0.021472
-0.021055
0.218193
-0.120476
0.366674
0.130053
0.043629
-0.203192
-0.050738
0.223888
0.033066
0.353937
-0.029436
-0.034366
0.012615
-0.145505
-0.520945
0.730467
-0.135572
-0.209584
0.350320
0.447757
-0.223442
0.002110
-0.306629
0.537739
-0.219943
-0.363481
-0.111323
0.251758
-0.530676
0.216239
-0.072781
0.161460
0.309363
0.020654
-0.148921
0.371977
-0.382416
0.737190
-0.135124
-0.389736
0.155622
-0.144788
0.199844
-0.170946
-0.081280
0.071025
0.164265
0.010039
-0.084393
-0.268199
-0.384597
0.054116
0.498873
-0.060517
0.223761
0.215921
1.179365
0.111903
-0.122211
-0.406835
0.395434
0.237773
-0.227799
0.067865
-0.608990
-0.199254
0.013125
-0.199086
0.658917
-0.185353
0.063266
0.047533
0.458354
0.054781
-0.216150
2.001523
0.093598
0.478321
-0.064673
-0.154138
0.335145
-0.008290
-0.626012
-0.078869
0.538964
0.289895
-0.400069
0.018943
0.031839
-0.029423
-0.628791
-0.230705
0.372349
0.538866
-0.006985
0.762338
-0.068661
-0.113258
0.287953
-0.353628
0.077197
0.318043
0.155115
0.040308
0.023473
-0.289871
-0.312290
-0.154364
-0.139565
-0.232433
-0.092716
0.079360
-0.469276
-0.093122
0.435975
-0.511472
-0.171505
0.629236
-0.188169
0.764088
0.232209
-1.079059
0.055811
-0.153287
-0.788195
-0.139490
-0.010100
0.246950
