ORIGINAL Mean: 0.016465
ORIGINAL Variance: 1.186919
Output:
-0.833145
0.158909
0.154815
0.040368
0.075335
-0.009468
0.501632
-0.002713
-0.212565
0.198432
0.859753
-0.405657
-0.613790
-0.145593
-0.127929
0.040442
0.239156
-0.813387
-0.422741
0.863788
0.086673
-1.112639
0.067020
0.062090
0.122183
0.417752
-0.390591
0.035903
0.351486
0.394381
-0.305290
-0.273029
-0.035635
-0.803482
-0.235095
0.160117
0.338902
-0.038658
-0.006343
0.262995
-0.492397
0.086321
0.153819
-0.077413
-0.179021
-0.209862
0.046560
0.242785
0.268066
0.102484
-0.309748
-0.260140
-0.023583
-0.092403
0.387281
-0.529535
0.070088
-0.122361
0.208288
-0.104311
-0.035865
0.161961
-0.043304
0.004116
0.381368
-0.048852
0.258039
-0.517174
0.659466
0.321517
-0.557230
0.624540
0.038362
0.216513
-0.546833
-0.063689
-0.099976
0.006817
-0.027447
0.530106
-0.323936
0.202104
-0.054865
0.107600
0.143193
0.257004
0.225640
-0.018074
-0.349270
-0.909676
-0.534339
0.162158
0.221124
-0.195793
0.550884
0.877457
0.282647
-0.541207
0.015153
-0.349880
0.754502
0.273592
-0.000125
0.106912
-0.047902
0.036914
0.083478
-0.319290
0.403898
-1.277783
0.025042
-0.083108
-0.057036
0.143681
-0.355172
-0.104595
0.410377
0.376788
-0.134291
0.197295
-0.160627
0.010138
0.390662
0.352313
-0.194327
0.292023
-0.050673
0.334358
0.671180
0.169924
0.021889
-0.286633
-0.269471
0.352191
0.033102
0.070927
-0.183156
0.541866
0.887141
-0.182137
-0.331942
0.116812
0.412712
-0.420257
-0.010214
0.028449
0.039602
0.226260
-0.289638
-0.419119
0.006567
0.178575
0.342350
-0.121772
0.447458
0.104144
-0.015729
-0.207640
0.136510
-0.222107
-0.000323
0.327989
0.074968
-0.409486
-0.169655
0.214986
-0.164912
0.248356
-0.046538
0.137517
0.204294
0.094775
0.101723
-0.092257
-0.000784
-0.070181
0.104493
-0.354450
0.287746
0.185617
0.020239
0.659017
-0.442159
-0.108033
0.149222
1.179421
-0.076383
-0.717632
-0.000097
-0.295370
0.291455
-0.368450
-0.038793
0.158345
0.119616
-0.132481
-0.107633
-0.364177
-0.130837
0.362540
-0.067209
0.274026
-0.683722
0.007131
-0.963741
-0.059959
0.175370
0.830852
0.484157
-0.409037
-0.059860
0.219062
0.020961
0.069106
-0.322534
-0.112049
-0.073277
0.416123
-0.507364
0.237072
-0.447500
-0.968700
-0.166481
0.044752
0.393259
-0.704726
0.034691
2.001045
-0.015475
0.143203
0.241209
-0.082675
0.115768
0.319277
-0.489795
-0.131826
0.473131
0.033607
0.043162
-0.113410
-0.121071
-0.180257
-0.287634
0.562022
0.116928
0.184924
-0.201007
-0.888208
-0.250078
0.372470
0.396204
0.084502
0.000372
0.178852
-0.187136
0.010186
0.239270
-0.145007
0.014473
-0.195181
0.065723
-0.203190
0.202218
-0.111670
-0.308134
-0.289285
-0.101523
-0.711673
0.221825
0.069593
-0.407626
-0.480134
-0.353027
-0.247045
-0.379307
0.413933
-0.210465
0.346797
0.099964
0.540553
-0.179850
-0.001833
-0.149792
0.174941
-0.723983
-0.293519
0.059803
-0.338137
0.172241
0.070347
-0.105477
-0.119592
-0.152639
0.226064
0.006114
0.253306
-0.098595
-0.044267
0.559928
-0.213327
-0.330782
0.261405
0.134244
0.268297
-0.029877
-0.120103
0.109632
0.077860
0.188933
-0.126561
0.202387
-0.215123
-0.419386
-0.031507
-0.515794
-0.308658
0.276991
-0.033613
-0.200266
-0.281148
-0.217222
0.139649
0.121022
-0.146344
0.057282
0.582180
0.085662
-0.057668
0.261023
0.039180
-0.355882
2.029463
-0.047697
0.215177
-0.193977
-0.055263
0.022397
-0.007956
-0.287717
-0.039458
0.274450
0.293805
-0.290207
-0.315542
-0.141320
-0.006721
-0.016512
-0.491624
-0.188175
-0.002851
-0.070760
0.339269
-0.249288
0.628663
0.310134
-0.169894
-0.001297
0.029681
-0.442414
-0.206272
0.170720
-0.283432
-0.042162
-0.082700
0.669708
-0.198828
-0.021671
0.321469
-0.245252
-2.565908
0.183501
1.074430
-0.300796
0.747658
-0.154183
0.007414
1.066363
-0.541623
0.293759
-0.338028
-0.677956
-0.035956
0.813586
0.108084
