ORIGINAL Mean: 0.036534
ORIGINAL Variance: 1.116630
Output:
0.012973
0.464265
0.052847
-0.009416
-0.087444
-0.099348
0.189700
-0.173811
-0.461147
0.326523
-0.205527
-0.282428
-0.626458
-0.229177
-0.244520
0.069383
0.016922
0.060233
-0.030031
0.171803
0.067638
-0.300947
-0.154392
0.055251
-0.184602
-0.193427
0.119508
-0.295255
0.069807
0.129779
-0.222316
0.704355
-0.669366
-0.393944
-0.355371
0.159734
0.459979
0.106513
-0.050518
0.049326
0.217403
0.315302
0.246011
-0.353164
-0.163910
0.118633
0.089579
-0.371853
-0.100751
-0.392936
0.122454
-0.075065
-0.138006
0.744524
0.362820
0.148619
0.135159
-0.008066
0.425253
-0.240179
0.213923
0.222745
-0.293229
0.112659
-0.460665
-0.031506
-0.092916
-0.655282
0.418322
-0.149705
0.282955
0.051760
0.076832
0.155412
0.140310
0.872953
0.059377
0.073109
-0.157885
0.099262
-0.285124
-0.095362
-0.158480
-0.371554
0.129791
0.330802
0.340342
-0.159202
-0.080080
-0.009002
0.182792
-0.012040
0.172204
0.641460
-0.068743
-0.541514
-0.201835
0.179211
0.113004
-0.096384
0.282755
-0.576515
0.295898
0.105465
-0.320405
-0.166677
-0.155676
-0.259722
0.049513
-0.265568
-0.050444
0.054089
0.074751
0.082578
0.235278
-0.722722
-0.209333
-0.070330
0.037692
0.210430
-0.038153
0.343845
0.076055
-0.518732
-0.085957
0.023291
0.016558
0.256965
0.526332
-0.058324
0.078028
-0.357442
-0.255140
0.473147
-0.193232
0.031590
0.123633
-0.186169
-0.236879
0.033870
0.214340
-0.168196
0.462035
-0.079864
-0.078224
-0.498924
-0.206561
-0.371518
-0.104879
0.000339
-0.050063
-0.163632
-0.428749
0.033571
-0.015435
0.087183
-0.223674
-0.081317
-0.012420
-0.269137
-0.439451
0.399885
-0.115239
0.021723
0.017388
0.315628
0.000507
0.310784
-0.237723
-0.155439
0.122017
0.182024
-0.088190
0.014272
0.220575
0.107534
-0.105469
-0.806300
-0.028474
-0.138240
0.077697
0.554303
-0.138640
0.304976
0.059362
0.123393
-0.018536
-0.775026
-0.000129
-0.262207
-0.282901
0.454180
-0.069029
0.220457
0.174261
-0.407772
-0.235675
-0.224558
-0.265187
0.335418
0.070041
0.099099
-0.397091
-0.156043
-0.154912
-0.161548
0.077787
-0.003468
0.191880
-0.052357
0.006087
0.181881
-0.037196
-0.018278
-0.080328
-0.322804
-0.127433
-0.206667
0.115899
-0.011869
-0.408559
-0.141552
0.158047
0.252654
-0.090670
-0.229549
0.299709
2.071342
-0.084593
0.099661
-0.238848
-0.114145
0.040906
0.426094
0.117827
0.030196
0.243945
0.300373
0.264412
-0.245376
-0.084149
0.687043
-0.089469
0.890202
-0.323896
0.085891
-0.221421
-0.221212
0.102332
0.296561
0.096833
0.199179
-0.271826
0.129301
-0.307276
-0.023022
0.239938
-0.053280
-0.112436
0.014692
-0.053041
0.450384
0.216288
-0.037613
-0.236730
-0.237708
-0.080233
-0.063205
0.029486
0.260476
-0.246237
-0.019012
0.480882
-0.107677
0.085513
0.116287
-0.146986
0.401868
-0.003801
0.416448
0.192698
-0.162131
0.022507
-0.619334
-0.340488
0.004149
-0.038096
-0.231540
-0.076940
-0.046274
-0.231061
0.400855
-0.015196
-0.193923
-0.238336
0.136828
-0.204210
0.133745
0.049658
-0.371301
0.065790
0.008870
0.114844
0.282548
-0.085159
0.033868
0.609784
0.041596
-0.169283
0.334948
0.370263
0.230039
1.531349
0.299944
-0.302677
-0.082190
-0.103300
0.461125
0.218576
-0.304584
0.010620
-0.274119
-0.271945
-0.091858
-0.045499
-0.113816
0.080381
0.070519
0.180882
-0.099145
0.177736
1.693381
0.517878
0.111048
0.344181
0.020309
-0.167282
0.133208
-0.364943
-0.191854
-0.087982
0.234774
-0.450755
-0.174408
0.102126
0.085461
0.381653
0.256552
-0.300008
-0.207285
-0.361542
0.407660
-0.178335
0.100381
-0.132509
0.134003
-0.269470
-0.311212
-0.285803
0.067094
-0.080349
0.097425
0.006364
-0.137023
0.532629
-0.015921
-0.062322
-0.219410
-0.055886
-3.963383
0.505868
0.563084
-0.066807
0.021381
0.152342
-0.240853
0.102383
-0.267851
-0.038325
0.141750
0.025963
0.571076
-0.085558
-0.197646
