ORIGINAL Mean: -0.020704
ORIGINAL Variance: 0.969974
Output:
-0.041334
0.008694
-0.019549
-0.124803
-0.225546
-0.036064
0.202036
-0.454088
-0.047910
0.037369
-0.278989
0.527826
-0.464548
-0.090549
-0.198340
-0.008420
-0.183376
0.077687
-0.179415
0.445881
-0.031885
0.220499
-0.012734
-0.028007
-0.111352
-0.216844
0.408353
-0.276759
0.018169
-0.402219
-0.213606
0.316951
0.050577
0.214221
-0.611266
-0.012753
-0.363446
0.011968
-0.150634
-0.368591
0.273536
0.226048
-0.191412
0.246221
0.533370
0.284358
0.292219
-0.269969
-0.227382
0.033620
-0.340681
0.085549
-0.308059
1.026344
-0.093417
-0.185821
-0.210509
-0.032135
0.220988
-0.191171
0.201422
-0.112498
-0.071387
-0.524107
-0.187711
-0.080351
0.133484
-0.151381
-0.030243
-0.021303
0.329916
-0.105634
-0.123723
0.087411
0.703948
0.399592
0.280042
-0.168891
0.021711
0.419291
0.283704
0.031049
-0.469394
0.168370
-0.042628
-0.240443
0.170107
0.128234
0.612843
-0.267781
0.675047
0.328325
-0.011159
0.173348
0.140416
-0.313358
0.441084
0.620915
0.043255
-0.075489
-0.041456
-0.557837
0.099563
0.317181
-0.060373
0.317128
-0.384442
0.163837
-0.025926
0.594270
-0.057601
-0.145164
0.069594
0.040803
0.076268
-0.448064
-0.008807
-0.378045
0.240517
-0.152842
-0.096326
0.279265
-0.235152
-1.043229
-0.079517
-0.109153
-0.239950
-0.364500
-0.314159
-0.079264
0.111026
-0.115568
-0.524694
0.001102
0.051450
-0.223854
0.033243
-0.425155
0.250555
0.177204
0.670620
-0.109873
0.411510
0.024392
-0.197857
0.616081
-0.189783
-0.105611
-0.372276
0.143434
0.203063
-0.201417
0.070880
0.100638
-0.315733
-0.024712
0.177417
-0.082788
0.245088
-0.141321
0.583714
-0.134051
-0.278767
0.019415
0.321189
0.556747
-0.046058
0.038971
-0.155610
-0.264650
-0.053715
-0.194016
0.145520
-0.060769
0.094534
0.200418
0.060239
-0.613648
0.051719
-0.132560
0.188437
-0.238173
-0.368851
0.094601
0.068287
0.323599
0.028855
-0.031267
-0.000033
-0.057609
-0.177042
-0.223827
0.175321
0.121796
0.169443
-0.300995
-0.013485
-0.054471
0.311627
0.352314
0.338242
-0.316787
0.050862
-0.204923
-0.195267
-0.042259
0.625788
0.021847
0.321777
-0.128126
-0.040455
0.436028
0.263357
-0.166223
-0.035803
-0.102274
0.110757
0.090941
-0.071510
-0.201930
0.454841
0.329815
0.150569
0.097844
-0.372754
-0.000676
0.099982
0.951456
-0.111226
-0.162854
0.023486
-0.462233
0.109119
-0.570379
0.134445
-0.034704
-0.056454
-0.067527
-0.185739
0.042032
-0.280431
0.494818
-0.215023
0.364585
-0.005179
-0.253677
-0.011805
0.255994
0.278529
-0.019283
0.028660
0.152124
-0.034288
-0.214447
-0.408230
-0.107661
0.007992
-0.330322
-0.423681
0.135912
-0.087544
0.039199
-0.239592
-0.053862
0.036800
-0.045755
0.043858
0.480970
-0.300586
-0.067899
-0.525309
0.159065
0.710133
0.152811
0.109582
0.493836
-0.061649
-0.084983
-0.186262
0.248264
-0.132732
-0.211435
0.110775
-0.147705
0.285087
0.215902
-0.065126
0.047718
-0.545451
-0.006477
-0.067789
0.277333
0.002800
0.208459
0.162143
0.080259
0.078614
0.109587
0.319743
-0.278059
0.487411
-0.134713
-0.101562
0.247139
-0.124567
-0.083535
-0.052400
0.105926
-0.217598
0.306020
0.043276
-0.246790
0.415018
0.512432
-0.003488
-0.118329
-0.166133
0.051385
0.592325
0.324198
-0.228862
0.369841
0.163555
-0.021676
0.505404
-1.017442
0.074914
-0.096214
-0.493950
-0.147303
-0.108413
1.893489
-0.140022
0.466577
-0.034527
-0.172758
0.446736
-0.618109
-0.967832
-0.164690
0.760419
-0.070755
-0.491486
-0.169610
0.015353
0.117585
0.205557
0.199353
0.342326
0.234762
-0.331145
0.576014
-0.030506
-0.429008
-0.011416
0.009124
-0.266035
0.170335
0.020791
0.182754
0.294815
-0.110621
0.339496
0.063203
0.112367
0.095740
-0.093602
-0.071968
-0.161209
0.047916
0.382921
-0.119757
0.215179
0.184373
-0.143183
0.059851
-0.157135
-0.244131
-0.020596
-0.125202
-0.261862
0.461215
-0.605784
-0.179013
