ORIGINAL Mean: 0.032008
ORIGINAL Variance: 1.059325
Output:
-0.595516
-0.097322
0.119147
0.217817
0.228300
0.102507
0.346928
0.154852
0.034364
0.183098
-0.345133
-0.060915
-0.047871
0.095060
-0.032231
0.138177
-0.178279
0.162587
-0.253313
-0.204272
0.051267
0.108191
0.169516
-0.118228
-0.558624
-0.014355
-0.051138
-0.280777
0.370660
-0.295501
-0.091280
0.242381
-0.000120
0.080747
-0.205036
0.131363
-0.238378
0.039621
-0.084093
-0.167959
0.071527
0.163267
0.150151
-0.243376
-0.746119
0.035342
-0.091047
-0.114400
0.109976
-0.369850
0.131549
-0.041747
0.111937
-0.397106
0.024030
-0.010412
0.143303
-0.124966
0.472827
-0.100943
0.113642
-0.013277
0.160128
0.090536
-0.288396
0.000790
0.059495
-0.226245
0.024112
-0.019160
-0.275969
-0.018876
-0.221189
0.022366
-0.036012
0.407372
0.047936
-0.192493
-0.041931
0.180631
-0.128468
-0.053331
0.339254
-0.020165
0.214446
-0.418026
0.382875
0.206955
0.057309
-0.107355
-0.167763
-0.187456
0.075135
-0.314154
0.323229
-0.164642
-0.000036
0.165036
-0.037262
-0.054671
-0.040073
-0.286939
0.549539
-0.072875
0.257403
-0.009400
0.322598
0.044886
0.146387
-0.054675
0.110878
-0.022453
0.053200
0.189109
-0.084130
-0.325249
-0.048255
-0.103437
0.258241
-0.018577
-0.060468
0.242542
-0.024795
-0.480779
-0.074210
0.384257
-0.569346
-0.067827
-0.084138
-0.239342
0.073910
-0.072957
0.013198
0.548778
-0.299495
-0.089197
0.032428
-0.084245
-0.080728
0.135064
0.093018
-0.155445
0.501351
-0.067205
-0.406955
0.147472
-0.117886
-0.053960
0.069189
0.117841
-0.084373
-0.115757
-0.258909
-0.248313
0.005009
0.093259
-0.551448
-0.146644
-0.213050
-0.203988
-0.129115
0.788868
-0.152947
0.113694
-0.199697
-0.233150
0.008588
-0.007789
-0.362424
0.014974
0.085927
-0.192877
-0.081278
0.126586
0.206362
0.082077
-0.002882
-0.470218
-0.077818
-0.062737
0.439926
-0.156918
-0.258361
0.222781
-0.063305
-0.142546
-0.207826
-0.437782
0.000021
-0.063589
0.103932
-0.287687
0.187941
0.250216
0.236481
-0.600702
0.069697
-0.119253
0.113538
0.141558
0.031738
-0.305971
-0.138805
0.002616
0.129000
-0.124322
0.190180
0.151063
0.303345
-0.140069
0.045625
-0.027473
-0.062942
0.092770
0.052941
-0.040838
0.239538
0.026475
0.003963
0.018709
-0.301569
-0.112449
-0.021629
0.307355
0.015229
-0.235880
0.005751
2.450226
-0.246592
-0.108927
-0.011796
-0.020167
0.188543
-0.089632
0.119472
-0.098778
0.354681
0.211474
-0.311659
0.268381
-0.106975
-0.209383
0.363104
1.007463
-0.139420
0.031681
0.138020
0.085210
0.130243
0.275776
-0.038514
0.284717
-0.259915
-0.019119
-0.282873
0.110550
0.037640
-0.246656
0.001931
0.154207
0.114612
0.114923
-0.110337
0.023021
0.255744
0.171822
-0.180618
0.312218
0.057505
0.087568
-0.322152
-0.000820
0.482180
-0.134198
0.171328
-0.144223
-0.039309
0.200583
-0.002499
0.258465
-0.126418
0.248366
-0.010695
-0.239441
-0.173858
-0.266459
0.113357
0.018799
0.028344
-0.014028
-0.050534
0.257639
0.095618
0.011405
0.039671
-0.044953
-0.197337
0.038250
-0.094441
-0.464665
0.111578
-0.112680
0.237199
0.005423
-0.170309
0.053900
-0.259115
0.317300
0.003117
0.218581
0.310601
0.187038
0.497071
0.191931
-0.393990
-0.353681
0.249401
0.338889
-0.306751
-0.228923
-0.481512
0.133409
0.006830
-0.030214
0.067911
0.251258
0.109692
-0.061457
-0.030258
-0.100938
-0.038138
1.731023
0.073645
0.181241
0.057480
0.069997
0.171814
-0.594932
-0.236269
-0.067524
0.255862
-0.153470
0.026854
-0.157048
-0.016388
-0.076435
-0.062743
0.297396
0.057546
0.103088
-0.145465
0.167322
0.069524
0.426264
0.107035
-0.067227
0.015745
-0.154969
-0.141278
0.010567
0.115453
0.034246
0.094421
-0.048452
0.128907
0.046332
0.020687
0.154066
-0.150515
-4.298014
0.011201
-0.112582
0.120163
0.014275
-0.010571
-0.032229
0.087717
0.225352
0.002759
0.266218
-0.130685
-0.060784
-0.016451
-0.038332
