ORIGINAL Mean: 0.035657
ORIGINAL Variance: 1.122685
Output:
-0.253023
0.597500
0.210244
0.015784
0.139377
0.025903
-0.094180
0.167986
-0.123773
0.125463
-0.070482
0.078498
-0.336752
-0.163773
-0.242322
0.016687
0.268867
-0.619145
0.013081
0.473528
0.059943
-1.114761
0.004337
0.250143
0.140854
0.579884
-0.014250
0.136494
0.228013
-0.009140
-0.113080
0.119232
0.303005
-0.617336
-0.451070
0.049487
0.413217
-0.339205
0.042746
0.147495
0.005888
-0.175054
-0.133758
0.059888
-0.103652
-0.336773
-0.153868
-0.010605
0.294453
0.171069
-0.279491
0.008338
0.229458
-0.379942
0.406735
-0.275299
-0.224223
-0.309292
0.055614
-0.036401
-0.013965
0.410994
-0.324803
-0.274307
-0.073828
-0.011413
0.026043
-0.008973
0.549509
0.252903
-0.009319
0.197335
0.032198
0.235811
-0.523286
-0.584950
-0.208453
-0.268107
-0.232368
-0.002106
-0.179337
0.025625
0.004435
0.004443
0.130742
0.048168
0.149645
0.618264
0.086292
0.159501
0.138950
-0.318635
-0.236669
-0.087576
0.435600
0.363674
-0.097000
-0.105349
-0.258075
-0.311421
0.433385
0.470150
-0.209978
0.296593
-0.073592
0.176925
0.338231
-0.428077
-0.022656
-0.795738
0.008426
-0.023658
-0.167140
-0.068158
-0.257114
-0.068185
0.327277
-0.069406
0.151728
0.261558
-0.153823
-0.315296
0.200003
0.361482
-0.045483
0.331041
0.163600
0.024477
0.269106
0.137819
0.028180
0.282640
-0.082091
-0.248075
-0.191892
0.356529
0.078854
0.106178
0.458638
-0.088677
-0.119750
0.395172
-0.289797
0.097943
0.209345
0.101387
0.184425
0.524892
-0.140495
-0.186685
0.032142
0.144471
0.138364
-0.375200
0.427526
-0.137541
-0.138719
0.084067
-0.120132
-0.300693
0.237972
0.314985
0.215686
-0.321871
-0.087930
0.057196
0.024646
0.195542
0.122175
0.161885
-0.064035
0.033851
-0.027241
-0.139234
0.026469
-0.165649
-0.006047
0.262747
0.285961
0.184211
-0.173988
0.553669
0.006724
0.316176
0.177104
0.897700
-0.105044
-0.369603
-0.000093
-0.276137
0.189018
0.018764
0.338772
0.173928
0.127199
0.080382
-0.048533
-0.201259
-0.149635
0.176797
0.039852
0.424526
-0.309296
0.102957
-0.531406
-0.150027
-0.154449
0.524812
0.017588
0.163019
-0.020623
0.207132
-0.036952
0.233920
-0.265946
0.026135
-0.348503
0.227752
-0.233604
0.057187
-0.621211
-1.044408
-0.074664
-0.106762
0.034302
-0.227856
0.142461
2.499111
0.053922
0.150249
0.015366
0.039202
-0.097912
0.259004
-0.442792
-0.251882
-0.029621
0.357572
0.078781
-0.003843
0.128199
0.099969
-0.381997
0.049911
0.120637
0.195886
-0.385309
-0.032297
-0.384663
0.433591
-0.245871
-0.145244
0.114118
0.155327
-0.114535
-0.015802
-0.012940
-0.084331
-0.036708
-0.292484
0.072890
0.076451
0.420998
0.079930
-0.131343
-0.105157
-0.129513
-0.182596
0.030518
-0.031449
0.251078
0.036908
0.095107
-0.343185
-0.204414
0.228327
0.142233
-0.390223
-0.049558
0.521711
-0.229820
0.283966
0.015961
0.160035
-0.415847
-0.177256
0.029062
-0.230139
0.542057
-0.016197
-0.063939
-0.015841
-0.250689
0.233628
-0.075908
0.109598
-0.203316
-0.112522
0.015597
-0.083385
-0.161337
0.044637
-0.104577
-0.073059
0.044683
-0.241489
-0.226642
-0.057472
0.092600
-0.018148
0.169910
-0.029519
0.069609
-0.423835
-0.166310
-0.131433
0.232656
-0.351326
-0.307980
-0.489440
0.376742
-0.238336
-0.120051
-0.096286
-0.160993
0.037703
0.100235
0.217618
0.181081
0.027909
-0.188146
2.092023
0.153256
-0.235895
-0.110757
-0.170351
0.176186
-0.379560
-0.084223
0.170100
0.292850
0.157480
-0.041263
-0.058880
-0.268663
-0.053697
-0.059628
0.315545
-0.188530
-0.064473
-0.037671
-0.046888
-0.178030
0.275566
0.090783
-0.006071
-0.068304
-0.152698
-0.171412
0.301808
-0.126649
-0.392997
0.410366
-0.095092
0.141967
-0.204816
-0.083800
0.230143
-0.153471
-4.062993
-0.020308
0.562345
-0.423051
0.433137
0.077254
0.253072
0.569458
-0.398350
0.318161
-0.412104
-0.318827
0.229183
0.231639
-0.007656
