ORIGINAL Mean: 0.012899
ORIGINAL Variance: 1.566992
Output:
-0.410623
0.486051
0.193508
-0.042830
0.099146
0.128829
0.526936
0.039435
0.065663
-0.084059
-1.051363
-0.709221
-0.470089
0.225527
-0.058026
0.031650
-0.096491
0.643060
-0.138266
-0.378619
0.165293
0.841183
-0.074342
0.173182
-0.521869
0.137682
0.049887
-0.323257
0.415923
0.198209
-0.738297
0.341413
-1.395884
0.139874
0.235488
0.135554
-0.064291
0.590920
-0.047174
-0.876044
0.070532
0.088829
0.076398
-0.297691
-0.387860
-0.246122
-0.215589
-0.056286
0.110462
-0.111510
0.004260
0.564837
-0.019364
-0.599889
-0.119341
-0.870460
0.814623
0.011954
0.368555
-0.039611
0.183808
-0.890097
0.034803
0.394740
0.208637
0.047045
-0.336979
0.646369
-0.738517
-0.381819
-0.581866
0.252259
0.036768
0.128202
0.093736
0.565875
0.105555
-0.400392
0.139674
-0.146615
-0.127273
0.591501
0.308780
-0.686083
0.418523
-0.348591
-0.003457
-0.254334
0.650818
0.073715
-0.527890
0.007845
0.055458
-0.010348
0.054205
-0.232825
0.802835
0.041311
0.184764
-0.119136
-1.156394
-0.333908
0.460660
0.002573
0.015685
-0.019723
0.183765
0.650957
-0.268655
-0.177158
-0.208923
0.130307
0.049640
1.206889
-0.294230
0.218312
-0.338729
-0.568504
0.231639
-0.022344
-0.048109
0.149407
-0.244656
-0.193216
0.060894
0.441502
-0.450206
-0.522152
0.343494
-0.741745
0.117820
0.003158
-0.004457
-0.153048
-0.161741
-0.372117
0.129294
0.049586
0.190157
-0.021448
0.206118
-0.283322
-0.019942
-1.239391
-0.114909
0.273407
-0.897604
0.250714
0.366185
0.535840
0.123778
-0.790156
0.113208
-0.012099
0.459799
0.214183
-0.522395
-0.124214
-0.269346
-0.073829
-0.465940
-0.097296
-0.103385
0.126125
-0.275047
-0.294949
-0.401329
-0.229213
-0.245717
0.483481
-0.041348
-0.109946
0.121892
0.688358
0.078335
-0.112334
-0.082010
-0.082799
-0.023453
-0.411651
0.362374
-0.793608
0.230973
0.694813
0.031905
-0.253237
0.004616
-0.592634
0.000060
0.017198
-0.192347
0.671252
0.187920
0.205430
0.143155
-0.364500
0.197926
0.346914
1.016287
-0.354434
-0.073002
-0.388744
-0.878612
-0.073314
0.215987
0.048491
-0.013306
0.201005
0.112915
0.325828
0.039965
0.302269
-0.480333
0.027617
0.037406
-0.135543
-0.488779
0.016799
-1.549679
-0.592422
-0.980587
-0.634695
-0.163598
1.611968
-0.026048
-0.465000
0.277973
1.530873
-0.081623
0.133376
0.183049
-0.279268
0.097609
-0.673366
0.258862
-0.378673
0.293812
-0.124752
-0.542707
-0.775098
-0.003249
-0.144637
0.855364
0.391411
0.150300
0.080400
-0.630457
0.081896
0.064687
0.285130
0.524394
0.686979
-0.362932
-0.033880
-0.397079
-0.020734
0.014069
-0.194496
-0.422390
-0.028828
0.999757
0.562314
-0.157660
-0.094532
0.066660
-0.010862
-0.037695
0.666726
0.744948
0.151131
0.003320
-0.833236
0.146624
-0.398613
0.331078
0.067107
0.506342
0.428659
0.218066
-1.238604
-0.798054
1.320553
-0.111086
-0.202791
-0.481973
-0.410158
0.218123
0.851312
-0.126824
-0.026108
-0.068936
0.150059
-0.353898
0.188325
0.380659
0.318493
-0.105376
-0.033350
-0.945082
-0.359492
-0.320552
-0.186008
0.420443
0.144401
-0.117781
0.756738
0.332422
0.280713
-0.030904
0.088376
0.170614
0.797814
-0.037702
0.042424
1.043470
-0.284794
0.032971
-0.455586
-0.122774
-1.422325
-0.270491
0.996614
1.387478
0.005520
-0.207279
0.219418
0.076326
-0.156693
-0.358329
-0.141008
-0.151949
1.573883
-0.216203
0.159712
0.252656
0.106920
-0.113067
-0.421486
-0.253750
0.041906
0.421026
-0.412171
0.000319
-0.337995
0.031219
-0.000530
0.151348
-0.644270
0.613313
0.740252
0.028216
0.212649
0.089263
0.340605
0.083790
-0.245629
0.208166
0.166513
0.017996
0.611467
-1.467617
-0.322473
-0.070876
-0.001138
-0.305230
0.297591
0.100811
0.009539
-0.030350
-1.494848
-1.052956
0.132804
-0.079314
0.104856
-0.323295
-0.347623
1.431317
0.660134
0.022541
-0.007563
-0.208003
-0.037050
-0.673868
0.238031
