ORIGINAL Mean: 0.013229
ORIGINAL Variance: 1.247177
Output:
-0.118980
-0.068936
-0.037863
-0.134450
-0.120473
0.039758
0.438131
-0.141433
-0.169579
0.287635
0.994799
0.215869
-0.266680
-0.108471
-0.024448
-0.057593
-0.061439
-0.453649
-0.272866
0.067426
-0.010076
-0.619842
0.948668
-0.329684
-0.144764
-0.309494
0.420991
-0.393882
-0.111517
0.440332
0.564908
-0.334581
-0.078116
-0.165688
-0.155423
-0.096836
0.333279
0.277973
-0.102428
-0.005977
-0.013297
0.177120
0.327046
0.019479
-0.456536
0.400690
0.233875
-0.416710
-0.298091
-0.171537
-0.054150
0.039104
-0.191704
0.934261
0.399768
1.249027
-1.215516
-0.065719
0.271089
-0.283649
0.080406
0.054844
0.119813
-0.980064
0.372740
0.074283
0.601409
-0.234807
-0.035650
-0.025274
-0.294700
-0.697878
-0.062011
0.074505
0.513412
0.479458
0.148172
0.278534
-0.049293
0.161588
0.021112
-0.043428
0.080039
-0.586752
0.270982
0.463554
0.322453
-0.499492
0.021377
0.196954
0.082577
0.090593
0.664162
0.298449
0.181946
-0.116654
-0.389526
-0.994460
0.080202
-0.107050
-0.049369
-0.356991
0.139579
0.055865
0.193189
-0.635877
-0.376809
-0.078883
0.281757
0.196573
-0.075243
-0.050839
0.013828
-0.129640
0.058507
-0.529256
-1.019650
-0.863374
-0.143447
0.148773
0.070362
0.325621
0.204179
-0.752530
-0.346040
-0.146733
-0.195114
0.133851
1.270021
0.392719
0.016682
-0.525520
-0.581858
0.725599
-0.104840
-0.092988
-0.061919
-0.738235
0.352622
-0.301056
0.307842
0.351817
0.436718
-0.266997
-0.349162
-0.256951
-0.271686
-0.361758
0.384975
0.064453
0.144678
-0.715599
-0.316131
0.188450
0.177469
0.049482
0.899398
-0.341945
0.264578
-0.102319
0.670561
0.504135
0.166972
0.060709
0.030486
1.821040
0.195948
0.123511
-0.191892
-0.103430
0.350166
-0.163735
-0.042401
-0.002833
0.019645
0.159252
-0.017057
-0.661935
0.232511
0.157425
0.157286
1.012817
-0.496698
-0.171468
0.003711
0.694191
-0.099093
-0.625895
-0.000116
-0.038232
0.311792
-0.635264
0.039658
0.121583
0.159170
-0.287920
-0.171737
-0.121214
-0.054763
0.463539
0.259235
-0.023676
-0.025926
-0.368091
-0.744806
-0.115359
-0.467393
-0.363277
0.197745
-0.171382
-0.019335
0.063750
-0.124296
-0.069552
-0.071496
-0.131080
-0.408865
0.091602
0.679390
0.271532
0.151712
0.375533
-0.053666
-0.079856
-0.332191
0.399076
0.054885
1.283317
-0.051851
0.052826
-0.145170
0.018081
0.115271
0.589791
0.005533
0.295068
-0.000921
-0.080707
0.775474
0.053477
-0.340130
0.535369
-0.515071
0.591233
-0.323526
-0.074528
0.236190
-1.211299
0.212025
0.233563
-0.130987
-0.094832
-0.015837
0.090204
0.000883
-0.059931
-0.096031
-0.230482
-0.071343
0.442335
-0.144237
-0.015904
-0.147022
0.270569
0.009826
0.294918
-0.182071
-0.240624
-1.023906
0.155273
0.011531
0.643321
0.517633
0.331949
-0.085187
0.669468
-1.709773
0.070818
0.018229
0.508008
-0.010630
0.271117
-0.094022
-0.259571
-0.324381
0.333782
0.079708
-0.790425
0.198055
0.084987
-0.137179
-0.239143
-0.157746
0.270346
-0.193862
0.618127
-0.072994
0.314016
0.086300
-0.422256
0.156579
0.074415
-0.251345
-0.594534
-0.063030
-0.001778
0.940260
0.092898
-0.250338
0.231821
0.028804
-0.719222
0.039500
0.409612
-0.059299
-0.060283
-0.028967
0.593166
0.270684
0.832728
-0.089781
-0.846797
-0.590125
0.020875
0.544247
-0.657838
0.048024
-0.200992
0.776445
-0.043166
-0.140634
1.653472
0.521264
0.238771
-0.166327
0.016505
1.110900
-0.527385
-1.480732
-0.165452
-0.333017
0.114962
-0.345289
-0.321352
-0.017924
-0.028158
-0.085065
0.055762
-0.456181
-1.004297
-0.377755
-0.258415
-0.293653
-0.110703
0.021265
0.168437
-0.087666
-0.052621
-0.461401
-0.409880
1.069687
0.062567
0.292377
0.015333
0.129194
0.014610
-0.018186
-0.126425
-0.042558
-1.619081
0.908866
0.955903
0.088635
-0.161955
-0.086979
0.168400
0.686048
-0.126905
0.099476
0.003529
-0.054002
0.257782
0.583992
-0.036223
