ORIGINAL Mean: -0.014955
ORIGINAL Variance: 1.002260
Output:
0.384797
0.059906
-0.133681
-0.258780
-0.219127
0.000894
-0.215557
-0.191759
-0.255270
0.441608
-0.251375
-0.124890
0.386477
-0.186004
0.397686
-0.054430
0.501553
0.407620
0.353327
-0.166469
-0.168619
0.470820
0.076241
-0.180253
-0.177911
-0.336802
-0.061816
0.100749
-0.261261
-0.000308
0.310649
0.333897
-0.431915
-0.370677
-0.137115
-0.136575
0.078111
-0.042427
-0.029279
-0.159544
0.198719
0.215081
0.062224
-0.372163
-0.297972
0.151270
-0.113987
0.018029
0.129495
-0.432545
0.428176
-0.302918
-0.228676
0.120638
-0.309103
0.308911
0.050599
0.230209
0.008440
0.174210
0.077338
-0.327682
-0.001811
0.486802
-0.448778
0.004694
-0.167200
-0.039829
0.384405
-0.674585
0.426553
-0.104428
0.128816
0.159925
0.103407
0.504131
-0.143185
-0.072611
-0.027639
-0.087449
0.129077
-0.043811
0.222090
-0.152878
0.063767
-0.063808
-0.024528
0.102415
0.109075
0.062313
0.077968
0.328284
-0.037231
0.526074
-0.119873
-0.234505
0.130954
0.082899
0.053882
0.074400
-0.153707
-0.358892
0.052486
-0.089519
-0.328512
-0.443386
-0.414919
0.081025
0.105634
0.118461
-0.079468
0.003978
0.300021
-0.365278
0.445154
-0.002528
0.058517
0.209515
-0.192651
0.247549
-0.008292
-0.042037
0.027798
0.178155
0.153341
-0.253394
-0.079325
0.387085
0.213794
0.252224
0.054484
-0.109843
-0.155934
0.360765
-0.334782
0.155848
0.164288
-0.219745
-0.641110
-0.105772
0.116054
-0.578544
0.047758
-0.044817
0.202022
-0.455785
0.142708
-0.479201
0.056552
0.088319
-0.083579
0.350206
-0.325836
0.138742
0.076091
-0.054538
-0.290754
0.226183
-0.217240
-0.201479
-0.144122
0.357403
0.106317
0.193425
0.287321
0.146288
0.268707
0.238151
-0.056750
-0.029359
0.162153
0.068529
-0.037506
0.297704
0.173162
0.014681
-0.068121
-0.289458
-0.248873
-0.445239
-0.127347
-0.056544
-0.379330
-0.186052
-0.048808
-0.283800
-0.095576
-0.207237
0.000073
-0.253946
-0.620703
0.259315
-0.326948
0.071438
0.133868
-0.147848
0.087049
-0.286237
-0.143991
-0.038013
-0.331076
0.067291
-0.001195
0.133606
0.149839
0.113448
-0.015194
-0.214697
-0.257136
0.029059
-0.182695
0.239618
0.000308
-0.278459
-0.112505
-0.243831
-0.240029
-0.240245
0.220045
-0.469216
-0.315046
0.478869
-0.013328
0.211542
-0.424382
0.338100
0.154232
1.815059
-0.134505
0.071057
-0.316230
0.175457
-0.079058
-0.130722
0.146844
0.190700
0.118255
0.324976
0.204782
0.075550
0.107915
0.592394
0.048154
0.784074
-0.605762
-0.096761
-0.169495
-0.186538
-0.013476
0.324457
0.229448
-0.010496
-0.285726
0.112622
0.265394
0.132292
-0.073312
0.275493
0.232133
-0.362108
-0.341244
0.241021
0.201273
-0.028881
-0.232379
0.199929
0.185411
-0.463512
-0.192526
0.197251
-0.555649
-0.446009
0.055267
0.008615
0.325968
0.105023
0.543955
0.028583
-0.127306
-0.344263
0.232879
0.165575
-0.106016
-0.097575
-0.160384
-0.133339
0.095598
-0.189007
-0.472359
0.017468
0.076457
0.064492
-0.036056
-0.464569
-0.001564
-0.141384
-0.094645
0.230424
-0.468896
0.000545
0.144339
0.020008
-0.157799
-0.331783
0.065384
-0.029365
0.477565
-0.084046
-0.372414
0.061268
0.039763
0.405471
0.976251
0.149313
0.133302
0.241252
-0.091936
0.234544
-0.188194
0.048950
0.282498
-0.100211
-0.161535
0.061233
-0.152254
1.065127
0.059006
0.215405
0.063012
0.070165
0.439304
1.690810
0.209382
-0.270094
0.469251
0.198917
-0.332722
-0.009828
0.047988
-0.415159
-0.251466
-0.048978
-0.044400
-0.037195
0.233135
0.227658
0.079889
-0.058833
-0.350662
0.228321
-0.224624
0.395227
-0.454641
0.423045
-0.214949
0.233786
-0.030314
-0.604800
0.279133
-0.048030
-0.115759
0.314693
-0.169578
0.048382
-0.089992
-0.009014
0.093322
-0.532822
0.022591
-2.466014
0.149530
-0.282218
0.184886
-0.639729
-0.201419
-0.521907
-0.186079
0.199179
-0.306387
0.117520
0.620323
1.067370
-0.241258
-0.118202
