ORIGINAL Mean: 0.005344
ORIGINAL Variance: 1.415462
Output:
0.326948
-0.958892
-0.052290
0.163977
0.019977
0.039472
-0.111136
0.368795
0.740172
0.071743
0.110917
-0.636883
-0.361143
-0.061808
0.091103
0.190676
-0.021166
0.473707
0.268732
0.337781
-0.160817
1.168138
-0.073521
0.036798
-0.340710
-0.419635
0.138931
-0.148890
0.187138
0.097775
-0.752377
1.030073
-0.175395
0.474388
-0.170019
0.380261
-0.041583
0.457855
-0.041061
-0.140328
-0.661542
0.260722
0.158374
-0.103874
-0.401611
0.267077
0.032840
-0.123587
0.215656
-0.304409
0.262260
-0.124796
0.073089
-0.232321
-0.432888
0.500795
-0.467860
0.068719
-0.167812
-0.216828
-0.152788
-0.330074
0.138323
-0.544247
0.475944
0.014303
-0.391171
-0.950175
0.389807
0.300696
0.851929
-0.010141
0.084222
0.209096
-0.411366
-0.631026
0.070446
0.302367
-0.080428
-0.110764
-0.479547
-0.111133
0.264844
-0.408411
0.074467
-0.028717
0.251143
-0.548860
0.278616
-0.910553
-0.390025
-0.431829
-0.282437
-0.104524
0.077226
0.607660
-0.625583
-0.496715
-0.266833
0.204271
-1.632536
-1.326015
-0.189559
-0.006669
0.505388
-0.580812
-0.096555
-0.172098
0.374100
-0.587873
0.137404
-0.005113
0.265008
-0.243934
-0.122483
-0.434799
-0.060371
-0.129729
0.054091
-0.144329
0.071362
0.182903
0.328309
-0.034677
-0.113752
0.070395
0.097692
0.189112
0.242948
-0.160486
0.056760
-0.690229
-0.207441
0.483783
-0.113634
-0.207640
-0.272418
0.863650
-0.828506
0.486286
0.058330
-0.516222
0.495073
0.307121
-0.112025
-0.340319
-0.725724
-0.563103
-0.114207
-0.280963
-0.317041
-0.440102
-0.859594
0.149480
-0.154089
0.009622
0.375726
-0.019673
0.104140
-0.217004
1.036272
0.693378
-0.326407
0.040430
0.385817
0.131135
0.119954
-0.090205
-0.035902
-0.087197
0.272361
0.354291
-0.057371
-0.135105
-0.275636
0.195258
0.295003
-0.253115
-0.067247
0.027215
0.256855
0.616836
-0.316783
0.825163
0.010413
-1.262561
-0.126372
-1.064769
-0.000045
-0.043064
-0.656968
0.562681
-0.317434
0.155274
0.165696
-0.274348
0.112102
-0.483541
-0.412396
0.179087
0.004468
-0.569288
-0.384413
0.387562
0.006167
-0.268982
0.288490
-0.137494
0.121926
-0.877133
-0.036631
-0.209032
-0.372850
-0.451380
0.094925
0.416700
0.297508
-0.240376
-0.064976
0.511796
-0.974516
0.773824
0.182209
0.135852
-0.865280
0.159225
-0.108264
1.110084
-0.081057
0.098303
-0.283273
0.436590
-0.081443
0.524297
0.341933
0.130969
-0.048856
0.190238
0.569652
-0.194699
-0.198878
-0.539821
0.722971
0.215196
-0.065736
0.160083
-0.326058
0.311052
0.238531
-0.378081
0.089279
-0.365946
0.056975
-0.223088
0.241094
-0.308553
-0.433029
0.164789
0.256514
0.301104
0.542640
0.135333
-0.012726
0.171503
0.106392
-0.869626
0.051537
0.215496
0.367974
0.002011
0.247799
-0.466198
-0.258035
-0.372618
-0.058436
-0.086702
0.340076
-0.445781
-0.072122
-0.106423
0.316885
-0.075576
-0.115823
-0.507850
1.021226
0.596019
0.038781
-0.278504
-0.534112
0.063117
0.168911
0.451151
0.470777
0.167222
-0.767283
-0.171475
-0.062794
-0.004110
-0.037935
-0.051036
0.107070
-0.239997
0.234280
-0.696634
-0.006754
-0.344436
0.587423
0.049124
0.321557
-0.135483
0.177885
0.120415
-0.360041
0.072730
0.297766
-0.022114
0.606128
0.891418
-0.235704
0.405430
-0.379080
-0.706473
0.949953
-0.226635
0.106194
-0.640072
-0.055132
-0.397326
-0.242551
-0.004413
-0.380867
1.429665
-0.210923
0.001266
0.443945
0.045637
0.239829
-0.276998
0.071327
-0.166917
-0.447980
0.140740
0.065971
-0.155509
0.351218
-0.300283
-0.992121
-0.764821
-0.449234
0.455907
-0.181144
-0.126301
0.027261
-0.384282
0.014598
-0.045676
0.427194
-0.228681
0.024856
0.069427
0.590851
0.444590
-0.467910
-0.162982
0.325224
0.260535
-0.012004
0.586824
-0.303198
-0.550771
0.014139
0.212933
0.144242
0.095905
0.407012
0.066550
0.227950
-0.677323
-0.139448
0.549005
0.452951
-0.393223
0.599060
-0.300800
