ORIGINAL Mean: -0.012610
ORIGINAL Variance: 0.984025
Output:
0.002189
0.228759
-0.141515
-0.123386
-0.140903
-0.071362
-0.107228
-0.081120
-0.327614
0.212811
0.256897
-0.059798
0.298330
-0.163709
0.523010
0.002070
0.705925
0.259766
0.236285
-0.080032
-0.205176
0.292775
0.225225
-0.192489
0.061742
-0.055505
-0.172850
0.214845
-0.378052
0.116860
0.380721
0.022219
-0.184948
-0.526654
0.136953
-0.225088
0.138469
-0.045355
-0.006093
-0.148691
-0.051197
0.211886
-0.099000
-0.310056
0.175004
0.037083
-0.132210
0.347871
0.142065
-0.122979
0.316289
-0.087338
-0.179647
-0.057322
-0.396303
0.084136
-0.069789
0.554671
-0.007847
0.058773
0.004072
-0.186163
0.172924
0.276829
-0.229627
0.110335
-0.030348
-0.396187
0.361304
-0.411678
0.343986
-0.145466
0.247967
0.236031
-0.440656
0.889539
-0.391414
0.133957
0.100721
-0.247267
0.277226
0.283578
0.025070
0.189279
0.128116
0.326677
-0.161500
0.055547
0.081896
0.085408
0.381798
0.078013
0.026156
0.422130
-0.168159
0.378203
0.021461
-0.249136
-0.254718
0.040780
-0.076323
0.145054
-0.341717
-0.316853
-0.347741
-0.173497
-0.143037
-0.123070
0.047184
-0.105272
-0.232203
-0.102950
0.369954
-0.127479
0.503112
0.246253
-0.098215
0.281803
-0.119733
0.333475
-0.112706
-0.136050
0.138095
0.208917
0.367238
-0.277216
0.016901
0.232233
0.075416
0.465993
0.001450
0.086813
-0.023483
0.136068
-0.346776
0.514235
0.137217
0.010397
-0.392195
-0.463706
-0.113410
-0.433013
-0.061054
0.157586
0.210412
-0.208699
-0.071746
0.066108
0.229418
-0.080194
-0.112467
0.008038
-0.094833
0.081177
0.350224
-0.189017
0.326336
0.472698
0.072562
-0.126587
0.100730
-0.455159
0.253398
-0.130574
0.190245
0.390399
0.128212
-0.171706
-0.083433
0.295950
0.267770
-0.124874
0.052505
0.056955
0.065193
-0.023239
-0.095012
0.104397
-0.145739
-0.234064
-0.437724
0.123441
-0.300469
-0.202860
-0.082047
-0.140440
-0.201708
0.315726
0.000106
-0.382847
-0.350817
0.237457
-0.532575
0.097455
0.022201
0.314597
0.359186
-0.277094
-0.133223
-0.050213
-0.229848
0.087591
0.041730
0.252881
0.282956
0.179090
0.140287
0.103030
-0.426881
-0.225086
-0.279162
0.119744
-0.028722
0.003755
-0.107981
0.096430
-0.242591
0.171570
0.245235
-0.152854
-0.117514
0.309005
-0.004448
-0.005381
-0.336815
0.406802
0.242410
2.478767
-0.259418
-0.020333
-0.082775
0.082723
0.092898
-0.207964
-0.203973
0.209160
0.394935
0.035723
0.459330
-0.221386
0.219062
0.381153
-0.156946
0.075575
-0.285894
-0.258572
-0.194710
-0.142531
-0.195957
0.271964
0.020821
-0.346400
-0.010710
0.042360
0.234977
0.139889
-0.248743
0.216441
0.132422
-0.202491
-0.107499
-0.033434
0.248372
-0.130405
-0.167441
0.150242
0.074350
-0.511005
-0.143698
0.154389
-0.325498
-0.276466
-0.033468
-0.050283
0.196851
0.164872
0.547821
-0.250792
-0.313160
-0.326143
-0.011820
0.094377
-0.208350
-0.061093
-0.150731
-0.224009
-0.160918
-0.077136
-0.232683
-0.109495
0.187905
-0.132175
0.097630
-0.302868
-0.108531
-0.100759
-0.030841
0.051148
-0.239216
0.132639
0.016583
0.072429
-0.375475
-0.210200
0.012931
-0.214388
0.112165
-0.102413
-0.255019
-0.137776
-0.096090
0.077138
0.514315
-0.191260
0.342176
0.040366
0.026617
0.353189
0.044928
0.127701
0.270224
0.030795
0.128240
0.057719
0.024421
1.032176
0.061977
0.335850
0.137999
0.059696
0.243381
1.904029
-0.002575
0.191456
0.103010
-0.020803
-0.099058
-0.763832
0.086892
-0.349870
-0.173925
0.181367
0.011017
-0.169084
0.034058
0.112351
-0.116237
0.018798
-0.304854
0.062158
0.025430
0.282901
-0.326397
0.458452
0.118218
0.230774
0.262228
-0.434369
0.446641
0.226118
-0.245971
0.070463
-0.158539
0.332347
-0.223823
-0.286462
0.117225
-0.307001
-0.118422
-3.243777
0.071538
-0.233623
-0.081916
-0.208600
-0.267276
-0.454883
-0.064316
-0.072272
-0.212079
-0.081631
-0.179949
0.487063
-0.246275
0.241338
