ORIGINAL Mean: -0.012820
ORIGINAL Variance: 0.978262
Output:
-0.310590
-0.600084
0.189134
-0.202061
-0.226671
0.201096
0.086190
-0.458945
-0.051735
0.171853
0.114704
-0.032254
-0.392961
-0.080254
-0.013753
-0.025216
0.076403
-0.247093
-0.024154
0.488256
0.162088
-0.558302
-0.299788
0.287024
0.038515
0.220033
0.222164
-0.227968
0.219392
-0.166056
-0.450590
-0.072888
-0.641341
-0.030169
0.276569
-0.143590
-0.542452
-0.548693
-0.050460
-0.511729
0.016631
-0.179243
0.517412
0.255833
0.653776
-0.055417
0.023720
-0.291693
-0.361491
0.167635
-0.112719
0.115723
0.024276
0.526272
0.149402
-0.217925
0.404759
-0.217160
0.020673
0.139378
0.302704
-0.253742
0.173240
0.278855
-0.079962
-0.080812
-0.451615
-0.099520
-0.012790
0.447724
0.412887
-0.503189
-0.007909
0.136170
0.611319
0.453583
0.406797
-0.057281
-0.140493
0.268061
0.052788
0.241636
-0.619681
-0.420815
0.059154
0.066389
0.132339
0.056604
0.178390
-0.009913
0.148457
0.217961
-0.039313
0.006727
-0.258238
-0.394606
0.097049
0.582113
0.000586
-0.263252
-0.076160
-0.305883
0.391558
0.770899
-0.323283
0.331583
-0.268837
0.022389
-0.031452
-0.166454
0.119779
-0.040833
-0.504372
0.498302
-0.174025
-0.254368
-0.209075
-0.189559
0.216999
-0.211002
-0.085264
-0.137992
-0.082620
-0.336025
-0.152423
0.205606
-0.225848
-0.439938
-0.121223
-0.307520
0.114166
-0.530490
-0.104090
0.123940
0.006817
-0.202889
0.091855
-0.041085
0.072725
0.277196
0.611804
0.153163
-0.606233
-0.169143
0.122281
0.247886
-0.044738
0.095452
-0.358591
0.285821
0.343900
-0.123293
0.089365
-0.022030
-0.339583
0.015241
-0.297712
-0.173847
0.000893
-0.230311
-0.288525
-0.326385
0.073040
0.032854
0.091731
-0.069812
-0.035663
0.151985
-0.056172
-0.095778
0.070545
0.094961
-0.038178
0.222111
-0.043913
-0.000924
-0.181308
-0.028209
0.167818
-0.015734
0.334433
0.353296
0.081481
0.707107
0.236409
0.051633
0.045439
-0.624175
-0.000125
0.006973
-0.100055
0.131935
0.320949
0.147076
0.178704
-0.222850
0.095922
0.052901
-0.282763
0.069100
0.120553
0.088316
-0.493780
-0.305957
-0.120965
-0.202441
-0.290385
0.503398
-0.299232
-0.042023
-0.026185
-0.306152
-0.134125
-0.143357
-0.350919
-0.041404
-0.227041
0.196813
-0.028557
-0.194860
0.057656
-0.959077
0.298058
-0.005448
-0.432798
-0.121761
0.281071
1.136526
-0.186304
0.103451
0.010977
-0.314300
0.026004
-0.042502
0.102896
-0.169122
-0.535835
0.161048
-0.008248
-0.324885
-0.036424
0.381874
-0.108960
0.769568
0.054819
0.094129
0.070216
-0.225426
0.112927
0.631448
-0.113244
0.100124
-0.178391
-0.173433
-0.458301
-0.123830
0.056979
-0.319425
-0.267348
0.099564
-0.361820
0.472643
0.167912
0.003868
-0.115335
-0.438418
-0.203108
0.044327
0.139808
-0.082368
0.223073
0.547574
0.570329
-0.450695
-0.059978
-0.274122
0.042301
-0.397076
-0.015369
-0.054491
-0.011758
0.242378
0.086660
-0.560788
0.041864
-0.224832
0.094240
-0.077046
0.290353
-0.193608
-0.260386
0.313531
-0.061485
0.389284
0.024427
0.401491
-0.054675
0.081980
-0.177493
-0.272607
0.161074
-0.215909
0.074709
0.251019
-0.085615
0.052557
-0.072286
0.076019
-0.044447
0.457104
0.290156
-0.657638
1.315380
0.120805
0.474836
-0.012733
0.004455
-0.682396
0.566008
0.075418
0.318631
-0.030159
0.369986
-0.177380
-0.292483
-0.414479
0.038195
-0.005623
-0.116500
-0.087291
-0.215053
1.908673
-0.215190
-0.091385
0.175418
-0.104723
-0.155495
-0.542054
0.007647
0.065949
0.341818
-0.214858
-0.316665
-0.088113
-0.016030
-0.035173
0.162015
0.257348
0.190194
-0.034075
-0.262359
-0.355558
-0.086703
-0.354085
-0.242080
0.119169
-0.124621
0.130666
-0.148492
-0.419970
-0.018151
-0.542784
-0.158452
-0.040170
-0.048391
0.154593
-0.072365
-0.003957
0.179112
0.082221
0.700433
-0.100147
0.068282
0.145338
0.064035
0.199719
0.736234
0.010034
0.136103
-0.180907
-0.125739
0.245469
0.768618
-0.189936
