ORIGINAL Mean: 0.045370
ORIGINAL Variance: 1.040571
Output:
-0.230554
-0.278467
0.295264
0.138701
0.093034
0.044022
-0.163442
-0.019741
-0.052164
-0.070485
-0.001484
0.125609
-0.159855
-0.164393
0.110445
0.165048
-0.299058
-0.260430
0.020070
-0.143092
0.073486
0.219162
-0.165485
-0.115511
0.163169
0.184372
-0.200880
0.151821
-0.412012
-0.117720
-0.102983
0.191739
0.012940
-0.319617
-0.352431
-0.046914
0.036144
-0.069838
-0.051605
-0.230184
-0.159436
-0.201866
0.151967
-0.347667
-0.358162
-0.124005
-0.039713
0.162412
-0.116189
-0.020777
-0.307357
-0.419528
-0.129288
0.657478
0.025165
0.321092
0.073082
-0.092852
0.131002
0.122497
0.152672
0.364027
-0.071924
0.295488
-0.190228
0.252752
-0.129687
0.339745
0.034773
-0.117650
0.237439
0.232490
0.131217
0.106189
0.051757
1.048675
-0.240261
-0.148042
-0.166085
-0.151259
0.135469
0.120437
0.288197
0.032712
-0.122063
0.038586
-0.288902
-0.065634
0.006584
0.253191
-0.020243
0.020868
-0.274342
0.338119
-0.268681
-0.044628
-0.042584
-0.167855
-0.066554
-0.071389
0.208459
0.767189
-0.056317
-0.230428
-0.649289
-0.063551
-0.000224
0.000740
-0.244597
-0.242245
-0.030688
-0.115823
-0.050700
0.163160
0.088092
0.254212
0.006653
-0.127542
0.175726
0.247429
-0.049132
0.163464
-0.029633
-0.241288
0.232730
-0.013709
0.214811
0.131616
0.094945
0.201293
0.045571
0.399045
0.190222
0.339322
-0.228656
0.320055
0.410739
0.130690
-0.209011
-0.369360
0.130546
0.183639
-0.475768
-0.327573
0.004159
-0.047788
0.424247
0.297942
-0.249644
-0.186353
-0.217965
-0.043982
0.032698
0.130685
0.244162
-0.147494
0.448715
0.285892
-0.073286
-0.151265
-0.036507
-0.581890
-0.118279
-0.199119
0.254118
-0.040931
-0.024089
0.044692
0.385752
0.129617
-0.007737
0.159787
-0.230848
0.147767
0.062162
0.016938
-0.179092
0.307934
-0.108665
-0.229875
-0.657472
0.141834
-0.163561
-0.149950
0.056515
-0.165545
-0.101353
-0.242909
-0.000143
-0.031227
0.149118
0.253276
-0.225253
0.173381
0.202594
0.397478
-0.016322
-0.134293
-0.068866
-0.462641
0.095109
0.318763
-0.110165
0.121349
-0.066188
0.099031
-0.017494
-0.139795
-0.298752
0.470832
0.183174
-0.182607
-0.253616
-0.084622
0.228860
-0.165528
0.005044
-0.168114
0.307529
0.233665
0.055595
-0.270629
-0.180236
-0.215605
0.115351
0.240982
0.251361
2.384209
-0.072796
-0.099318
-0.202920
0.126504
-0.123537
0.109158
-0.167936
-0.013686
0.197215
0.141579
0.347519
0.145805
0.284938
0.270002
-0.025538
-0.574562
-0.016617
-0.007151
0.236281
-0.188503
-0.144073
-0.081631
0.384912
0.049611
0.190687
-0.117257
-0.032885
0.114899
0.021049
0.187680
0.127957
0.330043
-0.001333
-0.029353
0.162147
0.140054
-0.245168
-0.197521
0.109677
-0.191682
-0.021293
0.325441
0.163090
0.056683
0.137009
0.169866
0.143953
-0.096008
0.357184
-0.015574
-0.131061
-0.035266
0.176707
0.137141
-0.063215
0.522710
0.319068
-0.090661
0.039654
0.146347
0.054729
-0.401442
-0.285730
0.175708
-0.261182
-0.473056
0.201819
0.362466
-0.288795
-0.031746
0.086036
-0.196564
-0.027901
-0.099045
-0.138627
-0.285124
0.210015
-0.084134
0.374946
-0.031592
-0.160967
-0.162336
-0.047678
0.175311
0.071740
-0.020195
0.125334
0.203410
-0.085433
-0.247270
0.317203
0.041129
-0.016281
-0.339724
-0.266290
-0.171550
-0.023431
-0.205820
0.082434
0.004748
0.155645
0.023675
-0.187239
1.860160
0.546622
-0.363698
0.024968
-0.185302
-0.003840
-0.488878
0.236047
0.386843
-0.095806
0.161064
0.121706
0.071700
-0.026102
0.371374
0.276606
0.200509
-0.005612
-0.110184
-0.065914
-0.028317
0.150026
0.090154
-0.144859
0.158020
0.089129
-0.212744
-0.007867
0.190627
0.030292
-0.156568
0.029115
0.261200
-0.327422
-0.271694
-0.268262
-0.362611
-0.029130
-4.308414
-0.063339
-0.100163
-0.045172
0.045712
0.063179
-0.075657
0.029155
0.021099
-0.079272
-0.439601
-0.188356
0.015282
-0.099030
-0.016449
