ORIGINAL Mean: 0.026650
ORIGINAL Variance: 1.188474
Output:
0.266221
-0.759151
0.120366
-0.172190
0.268574
0.140848
0.146060
0.078142
0.046503
0.306437
-0.889326
1.032355
-0.214855
-0.219001
-0.283719
-0.145859
-0.382379
0.449078
0.193049
-1.196186
0.008484
0.796518
-0.467520
0.149497
0.046623
0.052186
0.060756
-0.048520
0.213229
-0.111236
-0.837420
-0.244913
0.277760
0.034176
-0.064061
-0.036042
-0.344141
-0.343830
-0.036744
-0.070750
0.571147
-0.251946
0.111884
0.155247
0.567374
0.114740
-0.007248
-0.228569
0.008328
-0.307665
-0.615562
-0.249821
0.082555
0.746868
-0.709631
-0.858229
0.598268
-0.150148
-0.059774
0.464192
0.288497
-0.541233
-0.033033
0.622986
0.272697
-0.038568
0.044397
0.119429
-0.177854
-1.000994
0.045028
-0.095591
-0.112641
0.240030
0.573934
-0.248509
0.081649
-0.185685
-0.199287
0.320712
0.318274
0.132128
-0.261495
0.382607
-0.246587
-0.636133
-0.261005
-0.171833
-0.494606
0.290788
-0.691069
-0.627019
-1.078447
0.237000
-0.179721
-0.586347
0.140671
0.732089
0.018971
0.178585
-0.402857
0.231208
-0.002523
0.203520
0.057267
0.383147
-0.236378
0.363300
-0.426933
-0.361279
-0.043642
-0.104305
0.171218
-0.028048
-0.532180
0.409510
0.672619
0.192604
0.102721
-0.368539
0.187797
0.008368
-0.256122
-0.351782
0.424690
-0.015207
-0.201571
-0.411841
-0.690834
-0.252371
0.058405
0.256887
-0.453760
-0.065447
-0.206347
-0.038140
0.281691
0.273142
-0.310775
-0.014671
0.055631
0.160057
-0.508711
0.183011
0.117761
0.462658
0.463165
0.091041
0.031940
0.232981
0.281594
0.068317
-0.407080
0.393813
-0.812992
-0.209115
-0.549454
0.207933
-0.052937
-0.132806
0.268025
0.451122
-0.563905
0.015567
-0.030753
-0.828423
-0.083320
0.240452
0.141135
-0.043193
0.129278
0.411370
-0.276809
0.189648
-0.150503
-0.032027
-0.223154
0.089572
-0.024663
-0.151201
-0.082003
-0.515157
0.321416
-0.030933
0.157210
-0.962424
0.112540
-0.492527
-0.000185
0.092694
-0.435115
0.836068
0.153413
0.103256
0.254783
0.048910
0.002507
0.158561
0.254972
-0.518965
0.032557
0.452924
0.070344
-0.135491
0.766223
0.109070
-0.449724
-0.476558
-0.425310
1.167157
0.112822
-0.297713
-0.278282
-0.104344
0.024602
-0.139266
0.036259
-0.209451
-0.334101
-0.472238
-0.463960
0.209509
-0.322613
0.167788
0.128968
0.123598
0.091645
1.399436
-0.101348
-0.360289
-0.428856
0.402309
-0.149449
0.033699
0.385523
0.002555
-0.584873
0.095125
-0.972406
1.137053
0.114824
-0.504745
0.091949
-0.219834
-0.227280
-0.011350
0.252936
-0.004557
-0.030268
0.261389
0.827004
0.472505
0.263909
0.225465
0.136863
0.087607
-0.268586
-0.111301
-0.101139
-0.702717
-0.028124
-0.111224
0.045655
0.082991
-0.093383
0.516559
-0.040257
0.562646
0.089962
0.187283
0.218129
-0.342733
0.043060
-0.005683
0.679738
-0.554525
0.563008
0.650298
0.091120
-0.270199
0.124640
0.175144
0.397352
0.379746
-0.295174
0.270521
0.073884
0.653150
0.125436
0.078155
0.043190
0.189012
0.124254
0.097598
0.955402
-0.006647
-0.266774
0.045899
-0.131895
-0.146772
-0.044701
-0.145680
-0.005449
0.427916
0.241841
-0.190069
-0.259484
-0.115807
-0.545693
0.069004
0.039130
0.558129
-1.051337
0.238303
0.429032
0.220853
-0.174253
-0.690226
0.101536
-1.206746
0.535021
-0.456943
-0.131305
0.140047
-0.064884
-0.009387
0.098358
-0.295711
-0.720072
0.032943
0.400464
1.748413
-0.133955
-0.552748
0.164636
0.001592
-0.908150
-0.829337
-0.004733
0.255205
0.535995
-0.619136
0.144889
0.069782
-0.032410
0.124594
-0.013534
-0.194013
0.703255
0.959353
-0.300228
-0.354573
-0.044178
0.111285
-0.226949
0.239065
0.060100
-0.124340
0.245896
0.216288
0.208191
-0.103247
-0.000958
0.150738
0.322918
0.038262
-0.189768
-0.171177
0.316639
-1.742164
-0.502198
-0.903914
0.140306
0.281952
0.057473
-0.791772
0.580750
-0.056795
-0.108798
-0.233790
0.437866
0.115890
-0.445579
-0.007053
