ORIGINAL Mean: -0.005688
ORIGINAL Variance: 0.969357
Output:
-0.083358
0.222930
-0.101121
-0.258023
-0.098940
-0.032936
-0.193518
-0.213351
-0.333448
0.169063
0.193806
0.015715
0.242549
-0.146581
0.606628
-0.054288
0.674496
0.269723
0.308387
-0.074164
-0.166012
0.331864
0.241112
-0.296987
0.025113
-0.130898
-0.179761
0.130558
-0.456580
0.008774
0.424214
0.015141
-0.268775
-0.100425
0.062414
-0.231308
0.108337
-0.077652
-0.041430
-0.104350
-0.149241
0.159386
-0.031561
-0.233295
0.076683
0.083066
-0.051511
0.286863
0.025509
-0.106682
0.248882
-0.190564
-0.263274
0.052351
-0.452545
0.180581
-0.018248
0.375623
-0.042509
0.036914
0.038890
-0.181175
0.115312
0.336050
-0.311071
0.114254
0.005222
-0.330149
0.333517
-0.329392
0.391125
-0.094881
0.233670
0.255131
0.020111
0.936362
-0.201824
0.167435
0.136047
-0.225985
0.376839
0.339971
0.071816
0.195064
0.184009
0.142996
-0.234084
-0.044593
0.049299
0.044371
0.473681
0.174817
0.108910
0.359625
-0.252082
0.239528
0.075129
-0.284914
-0.210709
0.000704
-0.110265
0.160923
-0.291440
-0.110529
-0.538677
-0.179555
-0.191586
-0.007066
0.018009
0.052180
-0.216653
-0.099925
0.436769
-0.314789
0.463531
0.243815
-0.084012
0.314279
-0.118746
0.316196
-0.110933
-0.104700
0.203562
0.209546
0.375148
-0.227659
-0.022106
0.177857
0.050044
0.442032
0.019307
-0.016745
-0.088171
0.210213
-0.271335
0.445059
0.185978
0.004706
-0.401302
-0.318698
0.063303
-0.509038
-0.302710
0.066773
0.196770
-0.185053
-0.048214
0.054476
0.171629
-0.152469
-0.070709
0.070722
-0.102175
0.203947
0.268221
-0.140812
0.322125
0.434704
-0.002148
-0.101057
0.205373
-0.891442
0.303883
-0.111694
0.296096
0.261867
0.242263
-0.215634
-0.064298
0.177737
0.229345
-0.145819
0.060580
0.082091
0.120759
0.020241
-0.016721
0.129937
-0.204862
-0.228255
-0.345761
-0.020266
-0.264874
-0.117632
-0.111201
-0.249704
-0.185964
0.253262
0.000097
-0.382824
-0.370930
0.168952
-0.524440
0.103417
0.082092
0.366358
0.302735
-0.182797
-0.208724
-0.104082
-0.298106
0.083875
0.157138
0.258020
0.196533
0.201620
0.157771
-0.047566
-0.534564
-0.163829
-0.248989
0.073558
-0.050244
-0.121455
0.039026
0.004748
-0.168108
0.059735
0.266181
-0.154224
0.054237
0.309654
0.002936
-0.036289
-0.402316
0.426104
0.337723
2.411631
-0.269363
-0.078463
-0.024052
0.049668
0.083309
-0.150364
-0.060911
0.207232
0.155945
0.124438
0.498410
-0.075306
0.242899
0.332682
-0.051861
-0.071810
-0.288345
-0.283601
-0.157129
-0.018374
-0.086792
0.260865
0.192673
-0.331770
-0.025628
-0.150903
0.153479
0.219898
-0.248952
0.199968
0.168246
-0.320520
-0.088802
-0.061454
0.205902
-0.101974
-0.192625
0.120602
0.078463
-0.390265
-0.193229
0.067926
-0.406700
-0.286009
0.007026
-0.003089
0.265285
0.161699
0.458303
-0.285908
-0.308341
-0.311043
0.026858
0.092153
-0.175610
-0.077537
-0.117511
-0.013982
-0.098957
-0.113959
-0.366873
-0.144953
0.052472
0.036027
0.010538
-0.412302
-0.085706
-0.076395
-0.037561
0.101790
-0.248669
0.079551
0.105430
0.006820
-0.371126
-0.252375
0.026655
-0.199813
0.264547
-0.122516
-0.207325
-0.109175
-0.081965
0.120974
0.478225
-0.118141
0.206455
0.136476
-0.027300
0.265791
0.280554
0.176210
0.208376
0.012415
0.095030
-0.024276
-0.022828
0.973451
0.077391
0.261142
0.184069
0.016215
0.265742
1.836166
-0.060782
0.197541
0.273829
-0.065630
-0.205972
-0.851594
0.162970
-0.359302
-0.154023
0.165811
0.033123
-0.109532
0.105676
0.092372
-0.160906
-0.064583
-0.366841
0.026719
0.032935
0.189432
-0.232852
0.490734
0.021586
0.094677
0.230042
-0.403217
0.481015
0.128570
-0.203571
-0.036813
-0.151890
0.352326
-0.341166
-0.111901
0.089259
-0.396031
-0.033998
-3.154407
0.000673
-0.161367
0.054606
-0.323710
-0.296674
-0.389115
-0.095474
-0.020129
-0.302847
-0.039370
-0.141944
0.469327
-0.279131
0.214941
