ORIGINAL Mean: -0.024250
ORIGINAL Variance: 0.982663
Output:
-0.397874
0.012599
0.065013
0.162073
0.056562
-0.082575
0.201496
-0.084849
-0.211572
-0.282420
0.154927
0.020343
0.437265
-0.019478
-0.178867
-0.134245
-0.079630
-0.194387
-0.376301
0.149887
-0.068505
0.018092
0.120874
0.208947
-0.086154
0.014115
0.085824
0.130331
0.187470
-0.263514
-0.186170
0.196553
-0.174364
-0.163935
-0.142115
0.228141
-0.011716
0.115831
-0.100509
0.008240
0.094140
0.251301
0.145069
0.226661
0.213672
0.004859
0.265730
0.192932
0.335417
0.214611
-0.287577
0.264041
-0.272332
-0.035114
0.158757
-0.383466
0.238583
0.316034
0.152095
-0.031453
-0.340127
-0.094656
0.074012
0.246253
0.339566
-0.185949
-0.228803
-0.537449
0.254432
0.546419
0.082642
-0.562790
-0.047182
0.011616
-0.332240
-0.620689
-0.163057
-0.314100
0.116037
0.452116
0.135955
-0.239248
-0.241915
0.187980
0.003825
-0.046285
0.125514
0.144098
-0.042709
-0.490806
0.345145
-0.390855
-0.292501
-0.387456
0.083463
0.290051
0.010912
0.204880
0.016728
-0.157880
0.149868
0.173016
-0.249154
-0.042647
0.047408
0.133898
0.298376
-0.498606
-0.312287
-0.502579
0.293936
-0.058345
0.474453
0.021980
-0.128004
-0.228578
0.353045
0.074680
0.130873
0.189982
-0.189808
0.155821
0.176037
-0.162674
0.050213
-0.066782
0.033991
0.257718
-0.328145
0.052200
0.077988
-0.057914
-0.105473
-0.073065
0.096966
0.334417
-0.217546
-0.341888
0.304422
0.196135
0.247543
-0.130076
1.000436
-0.023966
-0.079915
0.129079
-0.052625
0.147556
0.484641
0.192798
-0.091494
-0.214955
-0.110069
0.206099
0.240587
0.037948
0.335870
-0.492860
0.165426
-0.228350
0.251211
0.166165
-0.000563
-0.286520
0.327369
-0.056903
0.071971
0.080561
-0.282758
-0.002445
0.009813
-0.068535
0.313506
-0.056952
0.015731
0.045155
0.583519
-0.529055
0.029957
0.371685
0.030287
-0.118748
-0.307321
-0.263177
0.051742
0.412343
-0.050980
-0.223357
-0.000060
-0.153145
-0.107338
-0.282162
0.126547
0.118630
0.091503
-0.124920
-0.201885
-0.428185
0.421083
0.302281
0.127545
0.137281
-0.159191
0.242288
0.159858
-0.094788
0.330956
0.607479
0.960493
-0.169776
-0.050758
0.131039
0.367853
0.088810
-0.169136
0.106229
0.064002
0.115894
-0.167811
0.106789
-0.031102
0.059326
0.114637
-0.019319
0.067720
-0.042726
-0.150182
1.565807
0.099485
0.178560
0.344830
-0.217007
0.146637
-0.324026
-0.361913
0.081001
0.652030
-0.084777
0.187945
-0.595360
-0.086309
-0.330455
-0.332683
-0.144380
0.267970
-0.112223
0.277631
0.020867
0.002645
-0.155012
-0.221153
0.142494
0.015504
-0.236298
-0.246123
-0.149717
0.059393
-0.087780
-0.298300
0.548947
-0.003002
-0.558218
-0.062680
-0.068705
0.052013
0.429973
0.081933
0.479715
-0.186460
-0.106460
-0.464279
0.103069
0.134341
-0.205928
-0.033332
0.313117
-0.146992
0.024680
-0.282628
0.249147
-0.181885
-0.777207
-0.126334
-0.196339
0.108234
0.023117
-0.251734
-0.064933
0.205082
0.099546
0.104745
-0.090552
0.037702
0.480053
0.096187
-0.065167
0.145010
-0.037574
0.134202
-0.078750
-0.033443
0.161440
-0.006006
-0.143038
-0.113509
-0.357912
-0.389060
0.064782
0.335938
-0.167206
0.007456
-0.240860
-0.057353
0.066786
-0.078960
-0.391868
0.261512
0.315896
-0.293545
-0.219118
-0.744253
0.126567
0.353638
-0.031305
0.036185
-0.625958
0.096316
-0.167776
0.454392
0.082475
-0.378254
2.036775
-0.136567
0.577557
-0.447412
-0.147512
0.180071
-0.309887
0.115286
-0.092387
0.081216
0.259353
-0.390545
-0.476153
-0.013213
-0.021582
-0.590077
-0.148807
-0.111796
0.155807
-0.042076
-0.140139
0.017547
-0.190912
0.353879
-0.137616
-0.262256
0.198204
0.120883
-0.210545
0.220472
-0.150681
0.103613
-0.081676
-0.105053
-0.248517
-0.057493
0.083096
-0.490923
-0.147225
0.069646
-0.142306
-0.154260
0.271857
0.095031
0.442823
0.270622
-0.745121
0.094602
-0.219465
-0.723490
0.113247
0.053231
-0.018793
