ORIGINAL Mean: -0.010705
ORIGINAL Variance: 1.070354
Output:
-0.473214
0.602166
0.121663
-0.067890
-0.007202
-0.000469
0.114150
-0.474991
-0.289273
0.426309
-0.546877
0.624187
-0.168946
-0.012674
-0.113611
-0.060267
0.004665
-0.415564
-0.300138
-0.288432
0.126538
-0.115409
-0.342195
0.519964
-0.070270
0.008675
-0.573873
-0.253122
0.352047
-0.000860
-0.388192
-0.043445
0.061427
-0.088455
-0.712333
0.118820
-0.520250
-0.187697
-0.086945
0.308600
0.387364
-0.052848
0.185851
0.189641
-0.597088
0.021205
0.122431
-0.057766
-0.314269
0.156517
-0.320015
0.331485
-0.076222
0.626230
0.490383
0.291857
-0.125361
-0.180231
0.057805
0.230265
0.215634
0.193600
0.220222
0.098563
0.027512
-0.254721
-0.463815
0.213044
-0.545420
-0.353575
-0.132174
-0.425438
-0.098790
0.102486
0.699924
0.666714
0.362351
-0.053502
-0.111868
-0.386559
0.237883
0.063896
0.403400
-0.010341
-0.188052
0.200478
-0.175741
-0.036615
0.005319
0.169201
0.002239
0.213213
0.295698
-0.152052
-0.364398
-0.486116
0.133201
-0.484249
-0.110971
-0.347627
0.308500
-0.106233
0.382167
0.602521
-0.209523
0.177564
-0.059404
-0.359621
0.083387
-0.432486
-0.222487
-0.037717
0.111460
-0.380804
-0.127324
-0.451308
0.306248
-0.842781
-0.104123
-0.332875
-0.056044
0.024145
-0.336677
-0.582359
0.032365
0.032914
-0.295949
0.177908
0.077782
-0.308176
0.076684
-0.399480
-0.193309
0.310683
0.117668
0.017266
-0.032624
-0.170144
-0.235227
0.265156
0.519559
-0.124781
-0.182431
0.469288
0.141171
0.072743
0.070007
-0.335685
0.186178
-0.231117
-0.021355
0.428264
-0.822572
-0.378615
-0.135367
0.076258
-0.429498
-0.263039
0.058386
-0.208579
0.126104
-0.288602
0.080243
0.120255
0.001324
0.343211
0.080094
0.064222
-0.241507
-0.600801
0.065862
0.048552
-0.004146
0.077481
0.054087
0.110406
0.025577
-0.305346
0.156256
-0.090649
0.365856
-1.131083
0.055380
0.268221
0.070853
0.390005
0.024243
0.324752
-0.000134
-0.012825
-0.041245
0.110619
0.324343
0.140559
0.281470
-0.358780
-0.029891
-0.068687
-0.276341
-0.072710
0.108844
0.117478
0.039132
-0.353116
0.117007
-0.126909
0.440115
0.300028
-0.016521
0.202393
-0.074720
0.368961
0.327423
-0.012912
-0.120251
-0.458570
1.274883
0.020738
0.088523
0.256701
0.404309
-0.782844
-0.051332
0.134662
0.170729
-0.067750
0.035841
1.326881
-0.271359
0.297621
0.017942
-0.023126
0.096417
0.214555
0.158241
0.133650
-0.187852
0.163138
0.207785
0.403786
-0.036714
0.239905
0.644554
0.881925
-0.136673
-0.001369
-0.062536
-0.344275
0.299210
0.311313
-0.214092
0.497794
-0.146070
-0.109591
-0.544528
0.205181
0.168045
-0.477673
-0.082982
0.036013
-0.152652
0.284966
0.061000
-0.301224
-0.063692
-0.098546
-0.217382
0.239330
-0.432313
-0.047471
0.022256
-0.534356
0.416985
-0.018070
-0.028843
-0.381892
-0.766268
0.390801
0.026300
0.116895
0.105680
-0.200914
0.034564
-0.390779
0.368613
-0.045597
-0.049172
-0.132721
-0.141235
-0.193396
-0.265150
0.205455
0.240093
-0.383248
-0.004607
-0.403918
0.063296
0.030580
0.556024
-0.409202
-0.022146
-0.112631
-0.028740
0.503001
-0.077697
0.287770
-0.530163
0.160213
-0.115343
0.386752
0.238242
-0.744342
-0.277905
0.313043
0.048598
-0.090297
-0.199386
0.759951
0.495880
-0.519399
0.057060
-0.018068
0.123762
-0.253457
-0.090349
-0.682050
0.047890
0.059085
-0.333961
-0.119262
-0.016842
1.791114
0.421573
0.183682
-0.373742
-0.199618
0.293521
-0.379550
0.900153
-0.001765
0.346117
-0.041380
-0.468335
-0.089686
-0.081969
0.051165
0.507462
-0.121178
0.033984
0.275407
-0.321021
-0.138734
-0.106340
-0.272413
-0.090693
0.075881
-0.280486
0.103856
0.213548
-0.506018
0.007087
-0.436922
-0.105293
0.179082
0.370717
0.102107
0.002129
0.082052
0.073106
0.082105
0.049286
-0.097947
0.212366
0.015369
0.336445
0.743084
0.864942
0.485128
-0.056793
0.538512
-0.289873
-0.317493
-0.003239
-0.160417
