ORIGINAL Mean: 0.052985
ORIGINAL Variance: 1.093830
Output:
-0.044369
0.073717
0.330022
0.105308
0.335269
0.105605
-0.023297
0.134637
0.062844
-0.035188
-0.061941
0.063226
0.104269
0.048020
-0.189331
0.055052
-0.291269
-0.096000
0.122707
-0.158571
0.012929
-0.198668
-0.059949
-0.061558
-0.190759
0.224280
0.143148
-0.059108
-0.092420
-0.286631
-0.128330
-0.140494
0.244561
0.750885
0.219529
-0.014922
-0.041442
-0.097415
-0.038182
-0.087900
0.055592
-0.214777
0.013224
0.020305
-0.595921
-0.222977
-0.116130
-0.131427
0.251472
0.048708
-0.244452
-0.111472
0.313682
-0.885083
0.162827
0.136989
0.091713
-0.538062
0.006397
0.180745
-0.024272
0.247540
0.096111
-0.024000
-0.191701
-0.128666
0.209958
0.295022
-0.057388
0.264372
0.030617
0.058557
-0.130631
0.116108
0.209889
-0.499739
0.060100
-0.211484
-0.073577
-0.243180
0.107588
0.099249
0.419065
-0.058407
0.186854
-0.418488
-0.166074
0.218640
-0.159374
0.170918
-0.072122
-0.013211
-0.252724
-0.427768
0.112115
-0.192973
-0.035326
0.140498
-0.194934
-0.109025
0.169309
0.278998
0.055901
0.171362
-0.255842
0.232531
0.319991
0.206133
-0.229338
0.104751
0.048358
0.002402
-0.073794
0.054586
-0.041301
0.140888
0.182218
-0.176419
0.239098
-0.009833
-0.038651
-0.246703
0.322527
0.256238
0.010002
0.444620
-0.090493
-0.183848
0.110108
-0.212471
0.061930
0.108207
0.128988
-0.067330
-0.354432
0.255197
0.168434
0.118079
0.042647
-0.051250
0.092367
0.211033
-0.733898
0.038008
0.085565
0.221272
0.051984
0.324562
-0.023124
-0.187042
0.180257
-0.002497
-0.049716
-0.152952
-0.027215
-0.080359
-0.071209
0.089282
-0.323447
-0.229905
0.144117
-0.468839
0.154185
-0.062246
0.019787
-0.193262
0.149382
-0.085152
0.064188
0.104923
0.015620
-0.129337
-0.070978
0.131633
0.147427
-0.070749
0.003595
0.651282
0.020725
0.064115
0.060739
0.003766
0.367878
0.006173
-0.061968
-0.094211
-0.191771
-0.053969
-0.000111
-0.058860
0.219849
-0.055593
0.158006
0.216966
0.193119
0.179043
-0.144764
0.057243
-0.166574
-0.375546
-0.139289
-0.046083
-0.013426
-0.004776
0.082884
-0.127618
0.172174
-0.290481
-0.281517
0.237563
0.120696
-0.234783
-0.296530
0.100747
-0.025568
0.008290
0.147792
-0.191907
0.032532
0.186832
-0.063287
-0.537139
-0.079654
-0.032430
0.146973
-0.159327
0.184848
2.441351
0.260274
-0.041863
0.063873
0.189010
-0.006729
0.046033
-0.066259
-0.244854
-0.122291
0.392794
-0.071624
0.222701
0.281080
-0.344639
0.245573
-1.078781
0.091568
0.169584
0.244883
0.021122
-0.081696
0.230123
0.162812
-0.032837
-0.082231
-0.182074
-0.095680
-0.069380
-0.232077
-0.157215
-0.257807
0.208232
0.183310
-0.052184
0.187289
0.089543
0.216951
-0.094991
-0.210898
0.127813
0.256390
-0.105298
0.346533
0.173018
0.199147
-0.156901
0.003778
-0.214376
0.027660
-0.085074
-0.083663
0.279901
-0.093015
0.036570
0.093556
0.069909
0.122280
0.031826
0.107062
0.024541
0.179307
-0.091756
0.014220
0.176488
-0.031486
-0.046891
-0.096941
0.170674
-0.232044
-0.063179
0.093533
-0.181490
0.126849
-0.324306
0.333104
-0.087714
0.023643
-0.119312
-0.252530
-0.077037
0.079939
0.151857
0.180148
-0.166949
-0.350511
-0.301692
-0.158788
0.032946
0.161187
-0.426884
-0.281401
-0.145577
0.186063
-0.128992
-0.138389
-0.217066
-0.059973
-0.013158
0.159380
-0.100971
-0.120959
0.036325
-0.103644
1.819825
0.043638
-0.302459
-0.023919
-0.074198
0.055226
-0.989664
0.073107
0.382314
0.204914
-0.170600
0.423126
0.070958
-0.097844
-0.113752
-0.030940
0.040310
-0.034845
-0.097064
0.047331
-0.206475
0.340296
0.538773
-0.082749
-0.037361
0.029270
-0.065861
0.060985
-0.146557
-0.264054
-0.523762
0.189688
-0.052220
-0.180512
0.226627
-0.151210
0.290146
0.053914
-4.317291
-0.244903
0.047176
-0.094226
-0.031447
0.175008
0.108864
0.161321
0.083365
0.117738
0.128422
0.035089
-0.385554
0.036288
-0.020305
