ORIGINAL Mean: 0.045765
ORIGINAL Variance: 1.060917
Output:
-0.555297
-0.303218
0.318291
0.239581
0.315313
0.072314
-0.150299
0.134491
0.386377
-0.234441
0.026033
-0.008040
-0.170928
-0.008807
0.317534
0.174821
-0.424604
-0.312508
0.028862
-0.303324
0.057399
0.332167
-0.056024
-0.305147
-0.193681
0.208104
-0.370585
0.074177
-0.298645
-0.216502
0.030955
-0.005952
0.109377
0.224614
-0.460702
-0.054107
-0.047800
0.051725
-0.087437
-0.229836
-0.026512
-0.342988
0.114530
-0.349938
-0.171866
-0.067832
-0.163581
0.140385
0.134911
-0.137379
-0.194507
-0.381246
-0.086396
-0.314014
-0.010243
0.268192
0.185943
-0.056868
0.096160
0.041602
-0.076664
0.296116
-0.070400
0.137517
-0.045063
0.108924
-0.102520
0.319793
-0.032036
0.013473
0.167510
0.152611
-0.077541
0.135416
0.077969
0.037447
-0.252695
-0.388809
-0.104129
-0.074679
0.084718
0.187530
0.166353
0.032401
-0.002553
-0.118060
-0.275052
-0.114776
-0.073978
0.192165
-0.314265
-0.053754
-0.187898
-0.213875
-0.137233
-0.025116
-0.134537
-0.008138
0.024176
-0.019307
0.076246
0.684114
0.397555
-0.324341
-0.312806
0.023585
0.266499
0.218747
-0.111719
0.091842
0.253676
-0.025643
-0.071605
0.024163
0.196530
0.251229
0.076167
-0.289424
0.321212
0.207924
-0.046632
0.070041
0.193097
-0.069109
0.038890
0.335642
-0.120623
0.247003
0.170830
0.044745
0.078795
0.457010
0.310640
0.578738
-0.218294
0.194721
0.343325
0.178012
-0.105370
-0.311613
0.118114
0.115678
-0.490431
-0.422154
-0.219530
-0.225960
0.147592
0.266977
-0.305671
-0.490044
-0.077439
-0.012949
-0.043831
0.117382
-0.042331
-0.066688
0.145446
0.122198
-0.380088
-0.172570
-0.062133
-0.347402
-0.130074
-0.070471
0.306334
-0.159074
0.163735
-0.098791
0.218345
0.250381
-0.070695
0.031387
-0.195526
0.148354
0.184464
-0.031891
-0.050757
0.432794
-0.193508
-0.047629
-0.341942
0.295075
-0.010164
-0.337923
-0.076479
-0.362797
-0.139318
-0.333855
-0.000067
0.100998
0.161256
0.150175
-0.142214
0.210451
0.147725
0.194172
-0.102930
-0.100400
-0.095580
-0.524280
0.085907
0.137192
-0.094557
0.219424
0.038267
0.035143
0.004962
-0.335913
0.113377
0.422471
0.204464
-0.334479
-0.297876
-0.146824
0.207004
-0.044053
0.231692
-0.296435
0.327826
0.207657
-0.087378
-0.207604
-0.136888
-0.051222
0.133570
0.107085
-0.003330
2.328534
0.076026
-0.181269
-0.072880
0.170584
-0.147538
0.068911
-0.123249
0.042267
0.335948
0.172720
0.357497
0.354629
0.287384
-0.201729
0.148305
-0.468857
-0.002926
0.111402
0.339553
0.085120
-0.234165
-0.057068
0.341210
0.112705
0.041410
-0.241115
0.149056
0.085844
0.015703
0.239275
0.107654
0.457342
0.101771
-0.172612
0.043729
0.219424
0.101123
-0.013136
0.083511
-0.027090
0.265391
0.144478
0.144330
0.069908
0.064680
0.240985
0.180228
-0.134562
0.267927
0.136813
-0.145713
0.160205
0.184676
0.009950
-0.062597
0.566556
0.342358
-0.151529
0.309132
0.060597
0.015191
-0.355168
-0.224855
0.121687
-0.090416
-0.499974
0.033236
0.104273
-0.298927
-0.076120
-0.106270
-0.327975
0.000144
-0.199180
0.403996
-0.437871
0.193489
-0.039140
0.296450
-0.021516
0.107335
-0.116645
0.078526
0.150551
0.104269
-0.009183
-0.128838
0.141193
0.166460
-0.073255
-0.323701
-0.101136
-0.394586
-0.254358
-0.237739
-0.208084
-0.117893
-0.029162
0.073638
-0.207936
0.251555
0.126557
-0.283034
1.699605
0.422421
-0.396444
0.064195
0.048321
0.049838
-0.624179
0.099040
0.431903
-0.044138
-0.070669
0.549503
0.090857
0.056319
0.232525
0.240133
0.136999
-0.142954
-0.094524
0.023925
-0.152348
0.326002
0.313017
-0.232449
0.073667
0.236069
-0.095754
-0.051016
0.061274
0.054475
-0.257608
0.174624
0.112698
-0.346026
-0.105710
-0.262565
-0.245022
-0.061964
-4.342355
-0.290459
-0.073895
0.092990
-0.016642
-0.017164
-0.128426
0.027560
0.089326
-0.067878
-0.363646
-0.015558
-0.236013
-0.097635
0.152253
