ORIGINAL Mean: 0.049000
ORIGINAL Variance: 1.372767
Output:
0.024424
-1.326571
0.194585
0.130920
0.447509
0.252371
-0.257040
0.403656
0.149425
0.467597
-1.616779
1.289665
0.194193
0.034039
-0.139218
-0.231286
-0.204937
-0.028863
0.126039
-1.196223
-0.027572
0.527484
-0.511838
0.154000
-0.188855
0.172288
-0.158547
-0.135944
0.366851
-0.462528
-1.517315
1.089196
0.858392
0.271011
0.265926
0.150997
0.102402
-0.164182
0.005097
0.487473
-0.320402
-0.237744
-0.371570
-0.042395
0.378711
-0.049039
-0.107719
-0.128062
0.236216
-0.323255
-0.187191
-0.434812
0.385599
-0.673028
-0.861497
-0.205273
1.137624
-0.608827
-0.081124
0.210315
0.077729
-0.179100
0.144978
0.008776
0.648994
-0.021757
0.420473
-0.079774
-0.527829
-0.412790
0.122743
0.044061
-0.122837
0.161934
0.005410
-0.463470
-0.001679
-0.014013
-0.171179
0.584069
0.052228
-0.470194
-0.355137
0.568505
-0.028220
-0.972022
-0.066492
0.127770
0.052670
-0.479711
-0.921963
-1.100544
-0.870878
-0.461828
-0.479752
-0.455262
-0.152275
0.606818
-0.006531
0.081317
-0.556625
0.466778
0.162939
0.015373
0.311802
-0.133892
0.078462
-0.377098
0.233633
-0.555582
0.145646
0.023790
0.474426
0.187663
0.294348
-0.223055
0.752328
-0.000611
0.081355
-0.601877
0.099825
-0.118772
0.226136
0.265155
0.500726
0.344778
-0.292422
-0.127360
-1.026386
-0.275821
0.037231
0.408864
-0.185527
0.453106
-0.348316
0.193847
0.074278
0.404680
-0.824299
0.124015
0.064421
0.112276
-0.478489
0.518621
-0.058918
0.499696
0.679963
-0.012278
0.249462
-0.020581
0.010045
0.449702
-0.819144
-0.413609
-0.833419
-0.024188
-0.667599
-0.223002
-0.006697
-0.230981
0.989798
0.490106
-0.492390
0.035485
-0.179480
-1.284857
0.105889
0.032759
0.048028
0.226589
0.094554
0.362671
-0.235632
0.105933
-0.178249
-0.021717
0.028546
0.361630
-0.005332
-0.278628
0.238250
-0.277246
0.166081
0.271886
0.008749
-0.815017
-0.057865
-0.000738
-0.000145
0.139306
-0.104259
0.039902
0.248789
0.154866
0.282154
-0.058619
0.024481
0.157947
-0.545589
-0.591239
-0.046419
0.071173
-0.005268
0.090872
0.219912
-0.150158
-0.887681
-0.263508
-0.429185
0.143981
0.162063
-0.776968
-0.228632
-0.262040
-0.113305
0.121577
0.015406
-0.507120
-0.457308
0.042994
-0.723249
-0.148267
-0.110453
0.002874
-0.202646
-0.279452
-0.025535
1.581956
-0.148255
-0.337067
-0.216491
0.629269
-0.080250
-0.109466
0.274031
0.118048
-0.391845
0.243930
-0.875761
0.547520
0.149703
-0.338626
0.412438
0.080571
-0.119593
0.213747
0.087617
0.205204
-0.083156
0.329801
0.460099
0.175082
0.006817
0.132009
0.529874
0.091252
-0.337695
-0.151259
0.317500
-0.332193
-0.230720
-0.425559
0.077392
0.429187
0.231624
-0.405577
-0.239599
0.716090
-0.029676
-0.046639
0.380724
-0.761454
-0.132370
-0.147351
0.422660
-0.991178
0.633698
-0.622177
-0.049229
0.054118
0.308123
-0.190843
0.134285
-0.056701
-0.047217
0.317950
0.292559
0.585595
-0.103833
0.061730
0.091976
0.391972
0.429093
0.345061
0.619046
-0.682485
-0.262137
-0.116473
0.137101
-0.304622
-0.113785
-0.192345
0.201741
0.635525
0.122071
-0.175230
-0.503838
-0.065661
-0.016234
0.068243
0.214115
0.684653
-0.448946
-0.006557
-0.375297
-0.045544
0.423006
-0.203552
-0.410104
-0.677251
0.150302
-0.079065
-0.000358
-0.035742
0.306430
-0.049581
0.054635
-0.393531
-0.430800
0.085436
0.154395
1.600295
-0.343224
-0.496466
0.639425
0.156082
-0.401025
-0.748707
0.433628
0.272371
-0.604141
-0.435920
0.432102
0.291826
0.019454
-0.197912
-0.458804
0.020651
-0.250003
0.469702
-0.079054
0.206523
0.102795
0.054317
-0.093334
0.128809
0.332324
-0.050650
0.104754
-0.477048
0.415288
-0.083652
0.466358
-0.018989
0.765224
0.050383
-0.126583
0.369738
0.175085
-2.263698
-0.957711
-0.113504
0.091262
0.204241
0.221996
-0.616521
-0.159305
-0.352119
-0.080250
0.961864
0.369571
-0.304259
-0.507223
0.205301
