ORIGINAL Mean: -0.002680
ORIGINAL Variance: 1.292038
Output:
-0.048099
-0.948696
0.221549
0.112673
0.008893
0.003378
0.038472
0.159303
0.297488
0.246009
0.942735
-0.970517
-0.550255
0.115589
-0.024155
0.162197
-0.090900
-0.936566
0.115769
0.270257
0.071236
0.034253
-0.088160
0.194610
-0.198179
0.120788
-0.013194
-0.256598
0.228285
-0.233489
-0.781690
0.751230
0.817277
0.404648
0.352602
0.101243
0.318390
0.286507
-0.009083
-0.390505
-1.204668
-0.234574
0.515881
-0.146515
-0.912854
-0.170233
-0.269773
-0.041164
0.062386
0.024032
-0.291876
0.448286
0.326945
-0.921549
-0.361402
0.952574
0.678899
-0.140131
0.017138
0.173534
0.114871
0.184904
0.159546
-1.147929
0.276815
-0.120387
-1.316118
-0.413228
-0.734438
0.675827
0.329741
0.396604
0.037767
-0.047901
0.045561
0.174700
0.111602
0.096938
-0.072861
-1.171541
-0.331710
-0.160830
0.495257
-0.281323
0.091696
-0.211442
0.273879
-0.089337
0.067777
-0.171395
-0.133162
0.220659
0.777825
-0.310119
0.128337
-0.490665
-0.215713
-0.024813
-0.217295
-0.094865
0.198156
-0.238402
0.335333
-0.038729
0.060929
-0.156226
0.001025
-0.237410
-0.654177
0.114995
-0.009908
0.249025
-0.156767
0.529679
0.363880
-0.340054
-0.221414
-0.698990
0.222591
-0.020914
-0.003194
-0.172699
0.070161
0.327293
-0.497250
0.340246
-0.085324
-0.434485
0.183189
-0.356588
0.058855
-0.671223
0.430339
0.432912
-0.155421
-0.064751
0.032099
0.960726
-0.603187
0.346960
0.324317
0.154096
-0.691911
0.273121
0.123943
-0.523668
-0.847657
0.146615
-0.495815
-0.249040
0.196051
-0.538627
0.000374
-0.597404
-0.347357
0.065870
0.062399
0.334623
-0.113802
-0.239894
-0.293336
-0.152749
0.245814
0.065224
0.015852
0.492750
0.001617
-0.309938
-0.028999
0.139719
0.137181
-0.071946
-0.145119
-0.122149
-0.082258
-0.019992
-0.107349
0.475001
0.192852
0.306976
0.354597
0.149028
0.299072
0.343950
-0.032822
0.045998
-0.005759
-0.210940
-0.000052
0.142912
0.349473
-0.445023
0.471579
0.194282
0.170545
-0.080175
0.081834
0.017904
-0.574353
-0.101842
-0.033315
-0.781980
0.416641
-0.066889
0.034188
-0.381155
0.284010
-0.577251
-0.380518
-0.855201
0.038550
-0.514778
-0.318591
-0.228043
-0.083485
0.104119
-0.051374
-0.245436
1.483698
0.377595
-0.607151
-0.690756
0.135633
-0.400231
0.476830
0.185810
0.029630
1.211755
-0.149128
0.262566
-0.023201
-0.139975
0.075522
0.776134
0.151107
-0.427380
-0.144073
0.240007
0.998954
-0.559104
-0.032816
-0.489376
1.033811
-0.067420
0.091653
0.260846
0.088790
0.560834
0.046839
0.302361
0.447087
0.743999
-0.373122
-0.122655
-0.169512
-0.201411
-0.255008
-0.243446
-0.633839
-0.533347
-0.336239
0.413726
0.035953
-0.052331
0.357106
-0.492980
-0.393404
0.591075
-0.331273
-0.129732
0.786874
-0.480671
-0.304283
-0.195900
-0.388706
-0.360154
-0.230038
-0.124892
0.059014
-0.142089
0.182484
-0.015995
-0.032096
-0.951194
0.582922
0.170834
0.225893
0.197304
1.265968
-0.216213
-0.117217
0.401037
0.005015
-0.091499
-0.740195
-0.168169
-0.022937
-0.170794
0.198737
-0.219809
0.564600
-0.562040
0.460912
-0.672990
-0.210872
0.227671
0.058057
0.112437
0.155703
0.266534
0.254440
0.499438
0.045377
-0.243050
-0.102849
-0.102758
0.345775
0.999715
-0.178810
0.031282
0.227170
0.671108
0.578151
-0.267969
0.029174
-0.511831
-0.015704
-0.078835
-0.934503
-0.098166
-0.148622
1.637143
0.182595
-0.244285
-0.171482
-0.023736
0.406028
-0.634596
-0.300142
0.221417
-1.354637
-0.072244
0.164908
0.195315
0.059760
-0.172822
0.690818
-0.421628
0.531839
0.045493
0.045261
-0.109372
0.156384
-0.172081
-0.080188
-0.128532
0.240326
0.002946
-0.083525
0.437249
-0.062103
-0.393385
-0.137556
-0.213113
0.347682
0.240721
-0.062165
0.567578
-0.074322
-0.576707
0.642049
0.812662
-0.030447
0.179293
0.283912
0.648523
-0.185585
-0.029281
0.181529
0.814046
0.081774
-0.374215
0.881909
-0.193754
