ORIGINAL Mean: -0.022620
ORIGINAL Variance: 1.108486
Output:
-0.417924
-0.013995
0.213044
-0.276309
0.082806
0.505951
-0.196005
-0.368680
-0.603833
0.162463
0.254362
-0.408827
-0.396399
-0.150660
-0.140060
-0.197723
0.049386
-0.477227
0.026120
0.321601
0.099913
-0.374943
-0.452267
0.413921
0.098231
0.133938
-0.013309
-0.191717
0.250317
0.160127
0.040769
-0.388612
0.331763
0.122127
-0.081399
0.025527
0.115849
0.110206
-0.026866
-0.355482
0.434185
-0.279715
0.447256
0.294295
-0.790748
0.011081
-0.003008
-0.190829
-0.268946
0.115217
-0.465345
0.483358
0.032274
0.390590
0.323010
0.603415
0.111853
-0.175288
-0.212846
-0.106757
0.089338
-0.176394
0.208856
-0.308656
-0.635783
-0.134061
0.069297
0.097031
-1.206415
0.278326
-0.068684
-0.001616
0.002430
0.169201
0.636371
0.033986
0.319095
0.205302
-0.111760
-0.190020
-0.208112
0.337234
0.098874
0.100458
-0.126495
-0.430917
0.077142
-0.263945
-0.614970
-0.343530
-0.541125
0.312741
-0.318116
-0.299706
0.230665
-0.032260
0.098809
-0.518805
-0.284071
-0.340292
0.717601
0.383061
0.178395
0.719980
-0.161425
0.353925
-0.298127
-0.120337
-0.179395
-0.206459
0.222666
-0.221370
-0.588901
0.370579
0.061320
-0.655485
-0.111382
0.092021
-0.290630
-0.004304
0.084293
-0.165922
0.681262
-0.049774
-0.025092
-0.190665
-0.311128
-0.121845
0.087268
0.166741
0.057325
0.080402
-0.458154
0.357818
-0.117828
-0.064825
0.126441
-0.378365
-0.268713
0.105828
0.236675
0.134258
-0.876889
0.761904
0.211617
0.734730
0.073383
-0.271432
0.560005
0.139587
0.422382
-0.254474
0.166824
0.351380
-0.198374
0.049420
0.385957
0.012180
-0.045392
-0.229725
-0.359266
-0.187549
0.175414
-0.010799
0.051469
-0.257159
0.250506
0.107262
0.080197
-0.247740
0.378070
0.101128
-0.157010
0.496256
-0.170908
-0.046354
0.001408
0.277397
0.166988
-0.134563
0.158688
0.128022
0.159654
-0.799270
0.143081
-0.333348
-0.014762
-0.112826
-0.000135
0.033174
-0.556621
-0.099200
0.704640
0.063228
0.133282
-0.050150
-0.107802
-0.087808
0.453502
-0.074784
-0.125450
0.468643
0.008228
-0.453905
0.025492
-0.081383
-0.132223
-0.421890
-0.530006
0.468191
0.002642
-0.189397
-0.198070
0.082688
-0.361284
-0.174313
0.618032
-0.274414
-0.396441
-0.069277
0.276595
-0.781683
0.176903
-0.173227
0.533875
-0.097984
0.050246
0.813237
-0.055238
0.434649
-0.103941
0.054566
0.037746
0.252939
0.022547
0.191087
-0.759893
0.094159
-0.585439
0.058694
-0.045233
0.043585
0.286291
0.299252
0.069407
0.182444
0.403861
-0.296364
0.056786
0.524166
0.699119
0.612807
0.052662
-0.022127
-0.424810
-0.036005
-0.126655
-0.299432
-0.636575
-0.368128
-0.074966
0.130270
0.100418
-0.160480
-0.285500
-0.330712
-0.355784
0.703771
0.223507
0.189530
0.237009
0.206296
0.263373
-0.072709
0.190683
0.007071
0.249666
-0.103429
0.089208
0.059014
0.252795
-0.814970
0.084498
-0.691998
0.736370
0.231023
0.140667
0.426230
0.068613
-0.114976
-0.109345
0.190646
-0.305003
-0.478709
-0.124741
0.152839
0.025577
0.159041
0.335602
-0.214131
0.151778
0.017525
0.125441
0.221714
0.135050
-0.034072
-0.298467
0.043715
-0.187712
0.348646
0.029032
0.090957
0.959998
0.032452
-0.003903
0.122553
-0.067249
-0.384799
0.381475
0.822525
0.484217
-0.478715
0.234360
-0.104641
-0.171041
0.001650
0.073958
-0.640910
-0.366202
-0.043247
-0.030128
1.795181
-0.310185
-0.272304
-0.014833
-0.085578
0.498340
-0.618659
0.442255
0.204359
0.094315
-0.136113
-0.091141
0.102663
-0.011415
-0.153977
0.727524
-1.187654
-0.040333
0.594466
-0.300469
-0.632755
0.042348
0.029966
-0.289527
0.039384
-0.240750
0.002117
-0.046327
0.170350
0.757411
-0.472155
-0.840806
0.238044
0.413866
0.219863
-0.035771
0.187666
0.282469
0.314534
0.118392
-0.035129
0.028083
0.185766
0.056463
0.428241
0.200540
0.687192
-0.068529
0.354618
0.104073
-0.109998
-0.650783
-0.238305
