ORIGINAL Mean: -0.017012
ORIGINAL Variance: 0.985616
Output:
0.021991
-0.308339
-0.175418
-0.109141
-0.198736
0.069547
0.032394
0.247165
0.143450
0.039342
0.147276
-0.219747
-0.042706
0.074170
0.228505
0.190926
0.639688
0.701753
0.277419
0.245845
-0.208474
0.093404
0.228026
-0.425541
-0.410674
-0.324209
0.188743
0.002262
0.042999
-0.029330
0.752757
-0.325821
-0.180802
0.653795
0.025118
-0.152508
0.845952
0.284624
-0.029598
0.273368
-0.386641
-0.046067
-0.475794
0.040888
-0.140104
0.234507
-0.079159
-0.118146
0.108208
-0.099447
0.252600
-0.436728
0.213943
-0.963111
-0.676319
0.490231
1.205557
0.080514
-0.119358
-0.352980
-0.025285
-0.489263
0.317422
0.181293
0.296701
-0.098826
-0.795956
0.405474
0.925136
0.494537
0.522607
-0.804662
-0.163477
0.059863
-0.141349
-0.085351
0.036931
0.300099
0.239470
-0.319935
0.342431
0.128539
0.298845
0.518967
0.282702
0.008502
-0.317435
-0.104766
-0.812020
0.471503
-0.059398
0.359166
0.204241
-0.118475
0.075473
-0.601909
-0.291666
0.418015
-0.139418
0.193081
-0.501098
-0.203980
0.197474
-0.417080
0.176779
-0.215554
0.206428
-0.010962
0.262890
0.364023
0.164948
0.065603
0.043678
-0.767597
1.256819
0.159650
-0.122971
0.743963
0.004437
-0.255470
0.029796
-0.235106
0.051463
0.078748
0.154910
-0.068308
-0.244451
0.340650
-0.587079
-0.213793
0.007921
0.420062
-0.236767
0.087555
-0.264594
-0.015485
-0.033080
0.325398
-0.251190
0.333818
-0.153607
-0.772194
-0.268095
0.588766
0.068243
-0.050628
-0.297939
-0.183310
0.194067
-0.561514
0.212013
0.174622
-0.195473
0.211144
-0.217162
-0.116509
0.307505
0.199890
0.100759
-0.118282
0.714833
-0.284262
0.053713
0.135025
0.282831
0.364331
-0.015778
-0.517341
-0.142983
0.110966
0.236996
-0.219875
0.117830
0.254409
0.209150
-0.016928
-0.107177
0.343653
-0.262028
0.347418
0.175928
-0.193073
-0.057573
-0.059244
-0.196036
-0.536259
-0.141987
0.396774
0.000035
-0.045797
-0.493689
0.409656
-0.161920
0.081514
0.140209
0.108473
0.007743
0.178024
0.277682
-0.008734
-0.272614
-0.256562
0.702381
0.307615
0.771007
0.076378
-0.104747
-0.127117
-0.482544
-0.404245
-0.190334
0.442493
-0.103688
-0.043839
0.063772
0.365483
0.516836
-0.277345
0.398323
-0.108858
0.073079
0.325789
-0.127064
-0.073454
-1.069381
0.547871
-0.131703
0.753178
-0.104765
-0.089606
-0.037652
0.448584
0.025496
0.416398
-0.012790
0.210617
-0.095215
0.356362
0.265211
0.141365
0.097930
-0.471026
0.590986
-0.004059
-0.089279
-0.092071
0.161282
-0.103332
0.025325
0.109434
-0.860743
0.069515
-0.253484
-0.170220
-0.202724
-0.005195
-0.479786
0.144745
0.035862
-0.061223
0.269786
-0.322916
-0.008095
-0.049537
0.273376
-0.114235
-0.073696
-0.336778
-0.314373
-0.211654
0.334776
-0.374248
-0.705953
-0.047079
-0.110736
-0.011424
0.243050
-0.035125
-0.284408
-0.118900
-0.081881
0.115338
-0.250122
-0.148365
0.389192
-0.285153
0.180884
-0.419533
-0.598827
0.046743
0.237698
-0.096078
0.611597
-0.316676
0.065993
-0.628585
0.045098
-0.008702
-0.072351
-0.010832
0.171640
-0.181958
-0.111486
-0.528309
-0.035145
-0.019754
0.022279
-0.154010
0.102541
0.048480
0.016077
-0.019718
-1.762781
-0.040885
0.136683
-0.002245
0.303845
0.475439
-0.323522
-0.702784
0.005261
-0.001887
0.506482
-0.080614
-0.205225
0.372732
-0.017184
-0.096098
0.116505
0.060783
0.023771
1.753417
-1.164746
0.173490
-0.108695
0.128382
-0.628307
-1.334375
0.586697
-0.238621
-0.602233
-0.317354
0.404225
-0.225439
0.078240
-0.063916
0.069018
0.242834
-0.716506
-0.370939
0.051747
-0.592988
0.099515
0.398014
0.068190
-0.109193
0.395753
-0.291381
-0.124488
0.256421
-0.165818
-0.010992
-0.334660
-0.007518
0.283404
0.144017
0.102859
-0.188091
0.075241
-0.072906
-0.159119
0.064398
0.181067
0.126752
0.130486
-0.143271
-0.409168
-0.068393
-0.287043
0.341572
0.434952
-0.133978
-0.651730
-0.003614
