ORIGINAL Mean: 0.002613
ORIGINAL Variance: 1.566609
Output:
-0.175294
-0.115815
-0.110176
-0.336488
-0.078554
-0.251064
0.563799
-0.227820
0.069753
-0.018177
1.918352
0.005005
-0.249821
-0.048323
0.033311
0.155184
0.098876
-0.987896
-0.136540
0.251566
-0.067503
-0.419935
0.866134
-0.167839
0.093329
-0.276161
-0.314456
-0.376939
-0.221086
0.473551
-0.201561
-0.736323
0.654133
0.494779
-0.251933
-0.267051
-0.713029
-0.117438
-0.086964
0.358721
0.812567
0.082037
-0.500904
-0.029906
-0.911988
0.296733
0.248002
-0.348276
0.002295
-0.046837
0.218465
0.388470
-0.215840
0.640164
-0.731960
-0.125325
-0.137448
0.433808
0.062888
-0.127684
0.233799
-1.306553
0.292956
-0.922916
0.154915
-0.053246
-0.517512
-0.113757
-0.102138
-0.750919
-0.596201
0.240480
0.101075
0.231570
0.568142
-0.394303
0.229771
0.145725
0.073873
-0.063285
0.155979
0.448577
0.626062
-0.190994
0.137842
-0.247196
0.339816
-0.468845
1.133865
0.156636
0.109989
-0.884432
1.325826
0.199989
-0.292016
0.032729
-0.105260
0.137103
-0.217649
0.180949
1.999480
-0.747008
-0.248815
0.332714
0.131662
-0.720377
-0.669722
-0.172497
0.472579
0.278764
-0.320390
-0.166036
0.785495
-1.242617
-0.943999
-0.087793
-0.304027
-0.599714
-0.100459
-0.275536
0.092538
0.071421
0.213466
-0.361594
-0.359745
-0.156540
0.047278
0.351622
1.545118
0.155759
-0.025757
-0.382854
-0.342068
0.220520
-0.081150
-0.561091
0.082291
0.057276
0.045017
-0.352787
-0.181085
-0.128173
0.020555
0.451056
-0.112902
-0.089406
-0.211839
0.069901
-0.785882
-0.553773
0.174638
-0.876464
1.410713
0.012943
0.980400
-0.002974
-0.022189
0.243413
0.093360
-0.051481
0.575285
-0.188987
-0.070200
-0.074257
0.079012
1.027159
-0.101980
-0.020048
0.135294
-0.274077
0.212174
-0.197835
0.147128
-0.698607
0.175970
0.020006
-0.064310
-0.101852
0.062394
0.338768
0.131150
-0.061475
-0.043329
-0.617818
-0.192104
-0.623358
-0.052259
0.419640
0.000036
-0.165915
0.230767
1.414408
0.206130
0.099431
0.166919
0.022715
-0.195747
0.154136
-0.641608
0.957163
0.082353
0.573208
-0.168080
-0.284219
0.309267
0.120913
-0.365145
-0.201543
0.029787
-0.865173
-0.120857
0.425980
0.235171
-0.241398
0.084566
-0.019086
0.328723
0.194316
1.103025
-0.050686
0.154225
0.721524
-0.301442
0.496519
0.518371
-0.894908
0.136191
1.019182
0.236610
-0.004667
-0.095315
-0.049322
0.040945
0.468783
0.156833
-0.106735
-0.294239
0.039728
-0.702895
0.267991
-0.263873
-0.333798
0.076549
-0.331796
-0.125870
-0.057686
1.070276
-0.257077
0.144482
-0.183013
0.652182
-0.437193
0.407796
0.052895
0.180919
0.074172
-0.507532
-0.285626
-0.479793
0.500188
-0.471051
0.671394
-0.036423
0.159009
-0.084757
0.037257
-0.006610
0.115212
-0.486909
0.285073
-0.280815
-0.301008
-0.849750
0.510461
0.133623
0.088822
-1.108757
0.666932
0.039512
0.399381
0.017344
0.237729
0.033457
0.256550
-0.386797
0.522340
0.209689
-0.034666
0.534880
0.254248
-0.144913
0.483132
-0.016429
-0.595050
0.069166
0.229398
0.003965
0.244280
-0.154370
-0.014436
0.379057
0.056561
-0.126377
0.096506
0.115141
0.096215
0.410148
0.038105
-0.710699
-0.091925
-0.064754
-0.355796
-0.749803
0.315702
-0.235671
0.152268
-0.171973
0.163448
0.290744
0.476589
-0.032499
-0.949018
-0.532825
-0.118464
-0.351925
-0.188270
0.105394
-0.110127
-0.169363
-0.150996
0.151916
1.477707
0.013010
0.271079
0.618649
-0.138998
1.254594
-0.813471
-0.452775
-0.218642
1.136939
-0.167436
-0.136410
-0.244205
-0.126302
0.025892
0.570466
-1.204510
-0.183450
0.249503
-0.345242
-1.104417
-0.169951
0.122487
-0.027187
-0.362335
0.485061
-0.167864
-0.389150
-0.111121
-0.096132
0.070895
-1.296748
0.265889
0.934240
0.223728
0.057121
-0.042543
-0.041631
-0.892963
1.136539
0.733452
0.451877
0.688394
-0.329851
-1.119339
0.055560
0.723096
-0.113681
-0.156722
0.215825
-0.759853
-0.590390
-0.066071
