ORIGINAL Mean: 0.002169
ORIGINAL Variance: 1.362617
Output:
-0.281903
-0.854178
0.044884
0.347038
-0.046031
0.019308
-0.015422
-0.029984
0.005854
0.271850
-0.248599
0.343854
0.373042
-0.008201
-0.179278
-0.102951
0.126996
0.418530
-0.470674
-0.463044
0.049761
0.077682
-0.518496
0.305510
0.132654
0.171374
0.110143
0.015296
0.395836
0.769549
0.176034
-0.619888
0.404353
-0.702863
0.908826
0.209045
-0.428495
0.468269
-0.017938
-0.068979
0.306885
0.294326
0.759528
-0.055310
-1.162702
-0.099616
0.106873
0.249389
0.014808
-0.064683
-0.514273
0.435315
-0.038110
0.295411
-0.377263
-0.703837
-0.348404
0.424921
0.247126
0.022639
-0.037390
0.256773
0.020042
0.222180
0.424331
-0.174640
-0.001624
-0.780077
0.079211
-0.113081
-1.160856
-0.315427
0.106120
0.075094
-0.406592
0.549381
-0.183687
-0.141873
0.099705
-0.428754
0.133572
-0.001861
0.607012
0.805298
-0.169311
-0.596344
-0.165679
0.332561
-0.497462
-0.863394
-0.931100
-0.799760
-0.675468
0.018023
-0.476412
0.324629
-0.204010
0.344172
-0.088018
-0.123261
-0.998663
-0.068761
-0.130969
-0.194742
0.143466
1.085619
-0.022272
-0.946931
-0.170508
-1.355454
0.228729
-0.091200
-0.151704
0.782217
-0.907376
0.439494
0.405720
0.075295
-0.217714
-0.190352
-0.084766
0.165951
-0.056988
-0.062696
0.434177
-0.259542
-0.000274
0.063804
-0.203226
-0.100802
0.048922
0.049905
-0.289781
-0.330833
0.154893
0.328976
-0.084928
0.399948
-0.246889
0.209581
-0.195903
-0.175532
0.716935
0.194893
-0.165053
0.389976
0.690669
0.034474
0.875602
0.284466
-0.677879
-0.473283
0.241744
-0.274163
0.078141
0.113094
-0.638468
-0.217823
0.202413
-0.102576
0.066783
0.143067
-0.210783
-0.385396
-0.236040
0.162572
-0.134999
0.156323
-0.262071
-0.228611
0.160933
0.197567
0.037499
-0.357435
-0.276666
-0.088249
0.280442
-0.483150
0.073864
0.414325
-0.096568
-0.731655
-0.042381
1.216228
0.002942
-0.407935
-0.109405
-0.305031
-0.000133
-0.175327
-0.074706
-0.342963
-0.024725
0.067579
0.025428
-0.017449
0.043752
-0.164877
0.402388
-0.030029
-0.287694
0.170844
0.933670
0.042945
1.677057
0.105578
0.409944
0.160342
0.370930
0.624926
-0.107563
-1.080278
0.337365
0.150704
-0.115922
-0.300771
0.105698
0.420444
-0.867435
0.005562
-0.775280
-0.500180
-0.233250
0.690196
0.433215
-0.091822
0.031894
1.091567
-0.296653
0.442599
0.236130
0.035562
0.140820
-0.115485
0.098999
-0.189172
0.681412
-0.209541
-0.717653
0.259633
0.035393
-0.746719
0.001687
0.267749
0.146280
-0.190828
0.063688
0.099896
0.120928
0.091348
0.752247
-0.597077
-0.015573
0.254348
-0.207313
0.126889
0.116531
-0.257365
0.194743
-0.921845
0.237004
-0.564566
-0.184512
-0.252862
-0.339418
0.608431
0.033782
0.314991
0.054587
0.168460
-0.026362
0.051693
0.300125
-0.922918
0.620506
-0.914940
-0.453712
0.267153
-0.020858
-0.412573
-0.085349
0.069140
-0.062579
0.406669
-1.000236
0.239623
-0.211403
0.826465
-0.018218
0.103602
0.075449
0.784133
0.034665
0.370216
0.911245
0.012433
0.074745
-0.341002
-0.103371
-0.076608
-0.460876
0.425478
-0.174170
-0.385011
0.052991
0.243825
-0.496334
0.139977
-0.112180
-0.351413
-0.005552
-0.264393
-0.085435
0.219777
-0.294217
-0.346154
-0.122917
-0.149925
-0.050543
-0.066512
-0.289492
0.183866
0.219794
0.158957
0.242594
0.575902
0.062626
-0.005669
-0.200971
0.001968
0.261355
1.945008
0.596629
0.433911
-0.670260
-0.062830
0.378867
0.007099
0.312022
-0.077201
-0.635911
0.150541
-0.447885
-0.427515
-0.134829
0.051325
-0.765158
-0.023563
1.013946
0.521909
-0.193985
-0.340934
-0.091228
0.767861
0.400857
-0.122941
-0.153147
-0.021090
0.261743
0.745370
0.775876
-0.060284
-0.129324
0.204630
0.371562
-0.296613
0.065161
0.109492
-0.235238
-1.099933
-0.102636
-0.688187
-0.137915
0.636287
0.209491
0.472345
0.787626
0.409918
0.135032
-0.362190
-0.732669
-0.250695
-0.085277
0.144311
