ORIGINAL Mean: 0.047865
ORIGINAL Variance: 1.050508
Output:
0.018381
-0.058589
0.285940
0.014636
0.209552
0.044139
0.101696
0.186305
0.066947
-0.251079
-0.003766
0.122594
-0.049959
-0.137636
-0.270137
0.027867
-0.387230
-0.341844
0.029659
-0.281786
0.020145
-0.058660
-0.057642
0.033293
0.117601
0.374186
-0.200827
0.232646
-0.162152
-0.247688
-0.059873
-0.008232
0.279468
-0.038582
0.161344
0.092482
-0.085749
-0.192913
-0.029976
0.119543
-0.160204
-0.257882
0.030055
0.122196
-0.265866
-0.269869
-0.039410
0.100943
0.498777
0.093249
-0.451694
-0.273789
0.064776
-0.209072
-0.011726
0.122070
0.041550
-0.194081
0.009701
0.233282
-0.236617
0.191776
0.081823
0.024439
-0.010214
-0.010694
0.044435
0.337230
-0.170287
0.186748
0.040363
0.127334
0.019938
0.085922
-0.211172
-1.292022
-0.252728
-0.425196
-0.230260
-0.122860
0.008030
-0.075186
0.118299
0.075070
0.052530
-0.187478
-0.080785
0.152585
-0.075619
0.087516
-0.090541
-0.165150
-0.274982
-0.171664
-0.053308
0.047617
-0.063270
-0.063092
-0.255452
-0.057458
0.334703
0.629224
-0.381078
0.152096
-0.062925
0.022697
0.491657
0.090870
-0.114818
-0.360582
-0.049659
-0.168951
-0.074541
0.140408
-0.077178
0.164870
0.379631
-0.035526
0.256709
0.378683
-0.042883
-0.176375
0.161514
0.248854
0.024644
0.206673
0.372283
0.145436
0.112522
0.147005
0.005715
0.181440
0.188023
-0.200543
-0.220991
0.552577
0.059831
0.202599
-0.041623
-0.377406
-0.013441
0.453744
-0.196999
0.021861
0.188157
-0.031031
0.225649
0.482600
-0.123243
-0.096937
0.035921
0.113290
-0.122184
-0.005850
0.203403
-0.181508
0.186905
0.188669
-0.340287
-0.236320
0.176524
0.305527
0.101857
-0.208873
0.000049
-0.043386
0.178104
0.195917
0.356559
0.215357
-0.093666
0.081829
-0.033855
0.074226
-0.080856
-0.095825
0.307737
0.382986
0.086354
-0.020150
-0.262352
0.050882
0.198510
-0.150525
0.156177
-0.065813
-0.134377
0.040724
-0.000118
-0.093756
0.224550
0.087300
-0.015009
0.182191
0.174585
0.227256
-0.188129
-0.184923
-0.084475
-0.297108
-0.007449
0.295173
-0.008779
0.231808
0.062240
-0.047271
0.112353
-0.065859
0.265084
0.289586
0.107315
-0.209652
-0.244241
0.088652
-0.075048
-0.018550
-0.073233
-0.038918
-0.082053
0.106744
-0.479868
-0.193694
-0.043400
-0.030401
0.205234
-0.050305
0.057052
2.596510
0.277915
0.004746
-0.036535
0.208153
-0.119576
0.154370
-0.379405
-0.196388
0.002476
0.242474
0.096489
-0.079896
0.192992
-0.308175
-0.131435
-1.064326
0.097092
0.090749
0.169104
-0.087188
-0.276700
0.030689
0.193863
0.068737
0.362947
-0.115325
0.072484
-0.034783
-0.276486
0.099902
-0.086589
0.219559
0.061214
-0.172937
0.360326
0.038139
0.094186
-0.100749
0.016273
0.013172
0.081408
0.002406
0.496930
0.110700
-0.191814
-0.006109
-0.033962
0.153134
0.246721
-0.107397
-0.011948
0.181543
-0.112786
0.009763
0.061742
0.494311
0.262096
0.013129
-0.065884
0.058922
0.105804
0.011944
0.064970
-0.152337
-0.058980
-0.080060
-0.095820
0.203028
-0.264748
-0.052001
0.132706
0.100352
-0.221937
-0.100750
0.106046
-0.296936
0.187864
-0.387188
-0.149424
-0.109659
-0.006396
-0.260433
0.034947
0.099712
0.174262
-0.461106
0.020873
0.024767
0.174252
-0.409009
-0.476812
-0.103048
0.133857
-0.104026
-0.085927
-0.120682
0.080156
-0.108991
0.153739
-0.058231
0.103304
0.086004
-0.312292
1.998562
0.081036
-0.398930
-0.032376
-0.166629
0.088898
-0.775343
0.040530
0.409113
-0.045833
-0.064338
0.246488
-0.015848
-0.173278
0.071518
0.016497
-0.016600
-0.045242
-0.071441
0.031395
-0.203825
0.055441
0.299154
0.046231
0.139133
0.068689
-0.098543
0.054878
0.072556
-0.290334
-0.264762
0.012537
-0.137710
-0.285548
-0.177283
-0.189278
0.215207
-0.122470
-4.480796
-0.192187
0.078903
-0.166558
0.240697
0.187880
0.010586
0.267682
-0.162819
0.152176
-0.248250
-0.108706
-0.254943
-0.006947
-0.000492
