ORIGINAL Mean: -0.021809
ORIGINAL Variance: 0.967172
Output:
-0.198345
0.383813
-0.153582
-0.125211
-0.104455
-0.078391
-0.102183
0.022044
-0.158705
0.132076
0.383431
-0.230810
0.464215
-0.181045
0.554074
-0.021908
0.790150
0.162019
0.189523
-0.007088
-0.206373
0.262702
0.252441
-0.155388
-0.018175
0.123194
-0.241915
0.334120
-0.206867
-0.012487
0.508078
0.085836
-0.101191
-0.612645
0.099426
-0.156719
0.110573
-0.189522
-0.007608
-0.097375
-0.113340
0.024244
-0.190677
-0.120906
0.310534
0.004937
-0.221915
0.485333
0.460226
-0.040246
0.375582
-0.144873
-0.247551
-0.436265
-0.367315
0.144991
-0.060484
0.578502
-0.095819
0.088862
-0.264119
-0.165636
0.090011
0.249340
-0.149426
0.118085
-0.062959
-0.488393
0.418220
-0.270884
0.465668
-0.045433
0.114691
0.273581
-0.566545
-0.282246
-0.545691
-0.256423
0.021877
-0.270800
0.089893
0.089381
-0.195216
0.059304
0.137308
0.256423
-0.113876
0.227976
0.120538
-0.049960
0.370015
0.024631
0.232105
0.092005
-0.189535
0.504023
-0.063567
-0.157305
-0.186627
-0.006236
-0.121556
-0.024780
-0.287567
-0.230126
-0.060597
-0.350787
0.191646
-0.041218
0.064800
-0.140324
-0.165981
-0.110208
0.284479
-0.343685
0.607707
0.218631
-0.017190
0.182706
-0.059808
0.526913
-0.107967
-0.254059
0.254911
0.367070
0.193216
-0.163236
0.046320
0.313561
0.120772
0.582861
-0.022793
-0.025805
0.005787
0.154291
-0.199290
0.557253
-0.013008
-0.136822
-0.357092
-0.493088
-0.173442
-0.293513
0.235268
0.267080
0.214805
-0.388711
-0.270801
0.099209
0.221682
-0.188367
-0.165350
0.064021
-0.139752
0.020602
0.379341
-0.241123
0.447663
0.322508
-0.104914
-0.168283
0.333738
0.227633
0.329586
-0.108721
0.136979
0.434993
0.226795
-0.083127
-0.162144
0.290402
0.082663
-0.202815
0.163333
-0.075719
0.083617
-0.076200
0.147527
-0.066478
-0.167995
-0.257324
-0.330470
0.039303
-0.292349
-0.127693
0.090780
0.116101
-0.148264
0.343786
0.000127
-0.380235
-0.403683
0.160135
-0.532101
0.095427
0.045981
0.065474
0.336367
-0.302951
-0.288613
0.112250
-0.159792
0.261118
0.129108
0.410993
0.104005
0.186961
0.079941
0.140418
0.126971
-0.035084
-0.277715
0.102687
0.051902
0.113529
-0.150426
0.085019
-0.286196
0.239211
0.130465
-0.265585
-0.358751
0.346630
0.044030
0.074622
-0.353691
0.254736
0.047615
2.308922
-0.222709
-0.019927
-0.115549
0.054242
-0.032920
-0.186441
-0.351510
0.269970
0.393003
0.130002
0.387017
-0.331733
0.106053
0.218646
-0.372704
0.591123
-0.295875
-0.226934
-0.144271
-0.075809
-0.304086
0.266089
-0.222430
-0.431369
0.157795
0.041389
0.464348
0.187535
-0.117126
0.304694
0.160035
-0.138865
-0.261473
-0.173690
0.273367
-0.108401
-0.113162
0.239217
0.135300
-0.485552
-0.082434
0.113760
-0.267488
-0.194960
-0.265678
0.135014
0.054748
0.636238
0.316541
-0.297282
-0.353090
-0.115439
-0.008417
0.158726
-0.280344
0.264941
-0.129180
-0.110498
-0.093656
-0.330537
-0.240282
0.024646
0.248082
-0.246536
0.037526
0.005184
-0.318834
-0.186885
0.074070
0.074424
-0.221760
0.246176
0.046006
0.189215
-0.290374
-0.448010
0.033361
-0.324497
0.180919
-0.118453
-0.139623
-0.215162
-0.119828
0.212265
0.489612
-0.252647
0.208974
-0.001599
0.308599
0.519759
-0.482327
0.045084
0.071316
0.137544
-0.077946
0.041544
0.021347
1.249503
0.018780
0.331929
0.122327
0.063914
-0.029506
1.972630
0.020803
0.036768
0.182029
0.042413
0.023114
-0.568811
0.074644
-0.366929
-0.165409
0.087575
0.036592
-0.223479
0.015799
0.098537
-0.171379
0.040581
-0.378250
-0.053938
0.043577
0.256306
-0.464988
0.547958
0.147448
0.100192
0.277176
-0.413269
0.376996
0.330224
-0.188918
0.115028
-0.163572
0.069916
-0.394888
-0.301325
0.136916
-0.330929
-0.205267
-2.786973
0.160977
-0.064958
-0.117892
-0.214242
-0.195628
-0.323807
-0.105907
-0.302973
-0.201339
-0.124501
-0.151868
0.619988
-0.411235
0.335807
