ORIGINAL Mean: 0.019649
ORIGINAL Variance: 1.272301
Output:
0.679130
-0.098738
-0.114047
-0.063249
-0.414903
0.291737
-0.199719
-0.176172
-0.983656
0.109943
-0.625913
-0.503229
0.135512
0.009296
0.041177
-0.152347
0.506876
-0.745342
0.262174
-0.300966
-0.162001
0.733334
0.243698
0.165194
-0.113095
-0.366204
0.761611
-0.227577
-0.500650
-0.442340
0.148990
0.069276
-0.438523
0.478590
0.095192
-0.040942
0.053314
-0.391442
-0.065340
-0.174452
-0.574091
0.038992
0.653798
0.346831
-1.405806
0.313413
0.336982
-0.269511
-0.393192
0.316244
0.420843
-0.507020
-0.048627
0.424692
-0.547265
1.075566
-0.325228
0.077417
-0.153990
-0.444693
-0.172342
0.061007
0.318792
0.214282
-0.358935
0.146512
0.465764
0.320764
0.557181
0.406983
0.327079
0.411961
-0.096855
0.100373
0.469609
-0.441771
0.194404
0.427131
0.025092
-0.339466
0.214692
-0.046296
1.164321
0.039041
0.203060
-0.093907
-0.218735
0.000604
-0.153559
0.231486
0.982364
-0.293870
-0.422838
-0.008733
-0.535345
0.084910
0.049434
-0.092342
-0.276622
-0.103081
-0.739478
-0.650104
-0.205145
0.318657
0.215698
-0.575242
-0.264668
0.243242
1.287874
0.244033
-0.125729
-0.135686
0.923062
0.626811
1.030082
-0.056736
0.081391
-0.148137
-0.071849
-0.302373
0.110479
-0.049871
0.218654
-0.418572
0.281698
-0.375586
-0.017662
-0.464164
0.117673
-0.078088
0.014528
0.093151
0.174882
0.249861
-0.168327
0.109184
0.015802
-0.075852
-0.015768
-0.003206
0.458343
-0.310303
-0.291483
-0.115369
0.006360
0.558540
-0.922505
-0.436647
1.191356
0.071409
0.640422
-0.077414
-0.941630
0.059819
-0.104798
-0.202970
0.613367
0.046449
0.410565
-0.075807
0.854501
-0.116481
0.294250
0.188201
0.388806
-0.226909
0.369532
-0.261291
-0.133590
0.015395
0.043528
0.091044
0.086087
0.550672
0.011121
0.145910
0.149758
0.147478
0.101563
0.300592
-0.058473
-0.389906
-0.066027
0.257107
0.054950
-0.016452
-0.134881
0.270978
-0.000038
-0.085072
-0.390771
-0.557538
-0.257607
0.056755
0.005269
0.077618
-0.085410
-0.165766
1.251322
0.073113
0.137867
-0.370278
0.840858
0.055837
-0.718715
0.023130
-0.088612
0.088839
-0.333368
-0.375142
-0.111158
-0.070567
-0.420016
-0.120812
0.135049
0.044981
-0.200953
-0.148306
0.031831
-0.156838
0.491163
0.606254
-0.110463
-0.315468
-0.696726
0.977275
-0.102831
-0.113603
0.158404
0.443415
-0.207396
0.290008
-0.124676
0.219876
-0.251999
0.457639
-0.556044
0.166523
0.101372
-0.818948
-0.210595
0.233223
0.122722
-0.130727
-0.227524
-0.159150
-0.449325
-0.374636
0.125136
0.016075
-0.085609
-0.295082
0.042446
-0.025646
-0.707699
-0.195578
-0.495188
-0.048187
-0.811197
0.599879
-0.182634
-0.359543
0.082979
-0.006898
0.066555
-0.592222
-0.180747
0.318852
0.855883
-0.162150
0.072605
0.088635
0.535206
-0.372129
0.091565
0.535186
-0.421033
-0.074871
-0.089227
-1.054017
0.158607
-0.623260
0.025667
-0.282238
0.543456
0.460373
-0.037955
-0.228825
-0.001835
0.094874
0.191132
-0.393623
0.340940
0.191340
-0.124992
0.156275
0.167137
0.189100
-0.457167
-0.078531
0.110222
-0.196105
-0.135524
0.691897
-0.087585
-0.327171
0.156239
-0.050848
-0.110499
0.223799
-0.294394
0.617301
-1.717554
0.085543
0.569011
0.151552
0.100565
0.102095
0.365746
0.234999
0.197024
-0.178047
0.210366
0.022693
-0.061698
-1.625384
0.015734
-0.224497
0.382882
0.042976
-0.104206
1.682443
0.000190
0.268377
-0.206819
-0.126127
-0.785346
-0.959153
-0.403750
-0.128962
-0.122085
-0.275069
-0.124135
0.129378
0.157043
-0.144851
-0.629866
0.093392
-0.410346
0.157287
-0.339184
0.231522
-0.029969
-0.224404
-0.070217
0.691329
-0.302257
-0.072332
0.247623
0.283191
-0.214545
-0.007015
0.209270
-0.019410
0.547015
0.267705
0.054747
-0.320745
0.256521
-0.108644
-0.495140
1.199282
0.014642
-0.654240
-0.092187
0.401713
-0.225937
-0.626181
-0.318190
-0.326272
0.401440
0.616870
0.149957
-0.193169
