ORIGINAL Mean: 0.037408
ORIGINAL Variance: 1.046742
Output:
-0.440761
-0.241869
0.296034
0.190951
0.167099
0.039661
-0.079528
0.135538
0.259411
-0.262812
-0.048671
-0.026591
-0.115021
-0.172045
0.154520
0.152406
-0.271097
-0.212589
-0.085880
-0.272814
0.037922
0.262955
-0.105308
-0.016033
0.007737
0.426972
-0.438339
0.272224
-0.218810
-0.185114
-0.096216
0.238377
0.166847
-0.532455
-0.288966
0.048097
-0.040882
0.010504
-0.045066
-0.090834
-0.086515
-0.379191
0.039176
-0.183795
-0.167987
-0.200773
-0.128636
0.350209
0.350614
0.062841
-0.366197
-0.361909
-0.232478
-0.029452
-0.002917
0.131731
0.138511
0.022702
0.028327
0.164964
-0.205437
0.188915
-0.117985
0.184756
-0.003260
0.188854
-0.230351
0.290356
0.041629
-0.067248
0.217297
0.193268
0.015750
0.143203
-0.361410
-0.498047
-0.434700
-0.549116
-0.276639
-0.051240
0.042764
-0.097707
0.099048
0.064221
-0.134672
0.033966
-0.197228
0.064616
0.066572
0.166173
-0.150070
-0.082563
-0.267429
-0.151051
-0.172698
0.241678
-0.128182
-0.106401
-0.064584
-0.055690
0.033024
0.751427
0.068896
-0.200903
-0.264118
-0.212699
0.417864
0.076929
-0.139621
-0.334125
0.110979
-0.160278
-0.089170
0.128837
0.056952
0.275694
0.288887
-0.249183
0.278456
0.436704
-0.096129
0.007699
0.016159
0.098333
0.020356
0.215848
0.292541
0.324011
0.100639
0.241623
0.032203
0.542310
0.340627
0.354057
-0.141195
0.512939
0.274798
0.061823
-0.136034
-0.401921
0.041366
0.268449
-0.131594
-0.254791
-0.020478
-0.361953
0.283230
0.318478
-0.189437
-0.188567
-0.270857
-0.023576
-0.010949
0.047330
0.210926
-0.170179
0.324604
0.173714
-0.337904
-0.216682
-0.028289
0.252032
-0.162721
-0.207226
0.228136
-0.061939
0.111101
0.157644
0.314226
0.296069
-0.205793
0.153296
-0.116002
0.108565
0.096859
-0.051156
0.201757
0.206231
-0.166307
-0.084344
-0.558019
0.192400
-0.105607
-0.311852
0.195734
-0.060580
-0.105376
-0.122720
-0.000107
0.012884
0.075762
0.156434
-0.203513
0.183593
0.155149
0.186365
-0.077814
-0.265028
-0.048184
-0.467796
0.190526
0.323236
-0.071609
0.383987
0.072152
0.067369
-0.010856
-0.105841
0.448587
0.409432
0.132622
-0.238947
-0.203962
-0.074206
0.113320
-0.082870
0.116227
-0.105301
0.216870
0.162911
-0.410583
-0.252403
-0.125959
-0.184727
0.267224
0.180356
-0.003895
2.495669
0.000702
0.007520
-0.147077
0.151056
-0.243483
0.176672
-0.391744
-0.102051
0.355210
0.212036
0.354454
0.041019
0.240580
-0.007310
-0.080514
0.022985
-0.000529
0.056582
0.177568
0.024395
-0.298383
-0.051977
0.276412
0.044737
0.336611
-0.126790
0.307130
0.123802
0.108633
0.312913
0.210671
0.469192
-0.032393
-0.116416
0.272366
0.097684
-0.119656
0.032792
0.172941
-0.040761
0.182810
0.280151
0.167926
0.050516
-0.186738
0.350946
0.078566
-0.051728
0.383395
-0.008160
-0.149601
0.102578
0.159160
0.034676
-0.144621
0.636170
0.272624
-0.125964
0.102195
0.181991
0.022619
-0.257533
-0.146628
0.002556
-0.207270
-0.303089
0.011868
0.165727
-0.236301
-0.054976
-0.052280
-0.110251
-0.164342
-0.008805
0.182404
-0.556778
0.264801
-0.161562
0.169207
-0.049615
0.078042
-0.333064
-0.012053
0.304821
0.146389
-0.133432
-0.020178
0.082656
0.206383
-0.032429
-0.502477
-0.016159
-0.393895
-0.178067
-0.309678
-0.174710
0.050654
-0.082518
0.075860
-0.037185
0.162235
0.111763
-0.359274
1.883745
0.601468
-0.525220
-0.040728
-0.087870
0.113058
-0.337423
0.240798
0.426147
-0.114493
0.032390
0.249275
0.000523
-0.052184
0.286269
0.236124
0.158179
0.001952
-0.141448
-0.027663
-0.058527
0.069591
0.139179
-0.104005
0.083720
0.092054
-0.121956
-0.015633
0.184568
-0.036199
-0.171717
0.130838
-0.049949
-0.384163
-0.360944
-0.235446
-0.244523
-0.187391
-4.404989
-0.056205
-0.144197
-0.116057
0.145118
0.078488
-0.088193
-0.036771
-0.108986
0.017404
-0.335459
-0.132895
-0.047290
-0.115124
0.096702
