ORIGINAL Mean: -0.008636
ORIGINAL Variance: 1.178399
Output:
0.227760
-0.651011
-0.062765
0.232639
0.095457
-0.266086
0.628597
0.256240
0.226776
-0.067062
-0.234368
-0.121219
0.094486
0.083669
-0.059934
0.155322
-0.221244
0.608849
0.005449
-0.312042
-0.083337
0.787296
0.459321
-0.244201
-0.516999
-0.306919
0.048615
-0.213705
0.129828
-0.569901
0.239610
-0.214431
-0.268570
0.795263
0.595983
0.142502
0.123591
0.050709
-0.112461
-0.408912
0.124019
0.289116
0.377091
-0.055376
1.285411
0.259782
0.069655
-0.032937
0.268685
-0.156246
-0.266527
0.317270
0.037286
-0.332761
-0.251679
-0.073298
-0.067205
0.241289
0.404152
0.274103
0.079960
-0.280048
0.408320
0.362909
-0.558491
-0.156066
0.551446
0.633379
-0.215926
0.011447
0.931787
-0.188573
-0.107375
0.014458
0.065927
0.091220
0.003523
-0.430389
0.139008
0.073430
0.271415
-0.111592
-0.700191
-0.117826
0.141617
-0.825789
0.060370
-0.122654
0.369566
0.145447
-0.345320
0.483886
0.160273
-0.106261
0.427683
-0.407981
0.775894
0.667067
0.027062
0.203130
-0.544587
-0.156291
0.006548
-0.408844
0.243340
0.014765
0.278736
0.250855
0.045668
0.031440
-0.106501
0.189296
0.134164
-0.151042
0.345684
0.432282
-0.044710
-0.252861
0.260545
-0.282791
-0.059053
0.220484
-0.425571
-0.719013
-0.130724
0.163632
-0.383257
-0.488829
-0.367150
-0.428531
0.070288
-0.148093
-0.032528
0.052798
-0.212314
-0.035492
-0.133389
0.115510
-0.166974
0.424177
0.221759
-0.328759
0.436893
0.015071
-0.147761
0.549756
-0.391136
-0.003150
0.038424
-0.105580
-0.368752
-0.466905
-0.138248
-0.050271
-0.146186
-0.120297
-0.587347
0.193649
0.054290
-0.167072
0.073029
0.037753
-0.273825
0.152319
0.170443
-0.151247
-0.333549
-0.356446
-0.274471
-0.139550
-0.236536
-0.387089
0.184596
-0.382608
0.225526
0.195736
0.001791
-0.168763
-0.100135
-0.286441
0.281992
-0.971838
-0.346316
0.229580
-0.180688
-0.463728
0.083674
-0.079422
0.000078
-0.025051
-0.216510
-0.565107
-0.101628
0.152355
0.241612
-0.194696
0.074592
0.075508
0.436907
-0.019160
0.170912
-0.735072
0.217825
0.128442
0.407327
-0.064383
0.897259
-0.055836
0.333897
-0.224274
0.016019
0.084046
0.134096
0.061269
0.162492
0.351707
0.300466
0.149521
-0.397262
-0.111093
-0.130499
0.725758
0.132152
-0.023155
0.289063
-0.080369
0.003396
1.847048
-0.044215
-0.579666
0.044678
-0.268289
0.065161
-0.549160
0.128281
-0.435388
0.439043
0.147186
-0.580743
0.340337
-0.190850
-0.224649
0.821674
-0.526192
0.098575
-0.278552
-0.445101
0.443753
0.424227
-0.269146
0.150899
0.154497
-0.278186
-0.122156
0.098328
-0.237798
-0.338744
-0.156098
0.140360
0.252721
0.477589
-0.046439
-0.284321
-0.284694
0.460292
0.292469
0.038481
0.571095
-0.297610
0.036623
-0.844813
0.025575
-0.020033
0.559888
-0.149265
-0.788254
0.008426
0.394238
-0.271708
-0.637357
-0.012692
0.332140
0.000129
-0.000510
-0.565725
-0.276972
-0.027667
-0.209350
0.044616
-0.001725
0.174274
0.274577
-0.039071
0.409925
-0.516178
0.225661
0.007718
-0.035294
-0.081053
-0.151333
0.290803
-0.136212
0.202530
-0.121685
-0.140022
0.029992
-0.284484
0.108654
-0.040090
0.192955
0.091984
-0.149310
-0.372214
0.167428
0.198382
-0.283794
0.045557
0.127067
-0.155770
-0.392958
-0.382565
0.728911
0.436688
-0.067946
0.106129
-0.243174
0.097806
-0.067322
-0.693262
-0.006861
0.225162
1.676820
-0.081749
0.381809
0.000241
-0.032499
-0.159625
-0.911427
0.382121
-0.090591
-0.394147
-0.224195
0.023068
-0.189245
0.081458
-0.205300
-0.008040
0.084356
0.213062
0.306872
0.011540
0.338816
0.236792
-0.097575
0.121288
-0.090278
-0.058272
0.127783
0.169499
0.019572
-0.108468
0.000178
-0.133096
-0.031600
-0.110458
0.120548
-0.131798
0.449006
-0.199183
-1.365093
-0.175209
-0.974126
0.085664
-0.719530
-0.202845
0.238540
-0.184661
0.765531
-0.157637
0.560381
-0.013817
-0.385684
-0.661979
-0.157215
