ORIGINAL Mean: -0.025295
ORIGINAL Variance: 1.050559
Output:
0.317193
0.704824
-0.164522
-0.031058
0.054108
-0.066347
-0.595277
0.272276
0.222533
0.013514
-0.068510
-0.165188
0.213686
0.044059
0.102472
-0.075583
0.381680
0.709487
0.297210
0.270493
-0.165001
0.267574
0.769731
-0.336976
-0.426702
-0.290499
-0.675559
-0.037080
-0.052928
-0.338955
0.311826
-1.211941
-1.171858
0.694948
0.388352
-0.259707
-0.942957
0.624301
-0.023367
-0.031349
-0.802909
0.103265
-0.263711
0.038581
-1.209014
0.282641
-0.121758
-0.220509
0.150159
-0.254757
0.788830
0.513743
0.241496
-0.607442
-0.764831
-0.008095
0.718549
0.200035
-0.062902
-0.480850
0.026101
-0.231642
0.316116
0.721415
-0.034564
-0.012957
1.038596
-0.262359
-0.426820
0.397687
-0.296293
-0.488653
-0.170091
0.083554
-0.154777
-0.726483
0.072981
0.076083
0.040084
-0.042750
-0.095999
-0.218260
0.892011
-0.449963
0.140269
0.281920
0.232245
-0.167962
-0.176983
-0.128829
0.400229
-0.747367
0.542286
-0.384545
-0.887105
-0.649557
-0.141477
-0.206044
-0.179712
0.334018
0.819245
-0.646557
0.044982
-0.270611
0.409786
-0.383676
0.428179
0.642476
-0.554642
0.240973
-0.052671
-0.049810
-0.470405
0.328397
-0.465366
-0.204108
-0.144761
-0.242287
0.074881
-0.240561
0.119504
-0.196732
0.072362
0.082136
-0.122279
-0.009565
-0.462020
0.156626
0.200796
0.282199
0.046580
-0.166800
0.047586
0.234690
-0.277185
-0.390815
-0.221581
-0.057069
0.352889
0.000267
0.114898
-0.677482
0.149112
-0.232857
-0.203441
-0.168790
-0.143155
0.049398
-0.551896
-0.235880
-0.025740
-0.225859
0.529511
0.008723
0.139679
-0.020013
-0.488017
0.251727
-0.257024
-0.059921
-0.315899
0.716296
0.144935
0.159282
-0.091008
0.391766
-0.047121
-0.359684
-0.186788
0.049070
0.003362
-0.167560
0.110898
-0.017923
0.309803
0.072603
0.106890
0.194864
-0.245624
1.357376
0.168424
-0.399720
0.290170
0.371325
-0.126497
-0.099324
-0.058777
0.431317
0.000088
0.040815
0.220127
-0.778658
-0.554544
0.053625
0.248308
-0.126428
0.105339
0.147479
0.300234
0.103925
-0.196950
-0.028238
-0.358737
-0.075847
-1.092569
0.184775
-0.245450
0.172256
-0.285518
-0.205641
-0.066598
1.080074
0.030337
0.101708
0.183983
0.438367
-0.353396
0.015996
0.174820
0.082629
-0.419210
0.745176
-0.355098
0.031290
0.016136
-0.035756
-0.039103
0.972997
-0.068941
-0.109854
-0.225375
0.055259
0.191180
0.145891
0.063558
-0.099082
-0.215621
0.127786
-0.379401
0.308296
-0.185522
0.130100
0.214128
0.045788
-0.119098
-0.035082
0.119074
0.601449
0.130242
0.006653
-0.147780
-0.791023
0.038315
-0.059265
0.280331
0.076035
-0.599612
-0.117718
-0.189796
0.263406
0.271587
0.002229
-0.158074
0.458374
0.221577
-0.703256
-0.021557
-0.076545
0.385661
0.033652
-0.251663
-0.538566
-0.040408
0.513417
0.685441
-0.297300
-0.378159
0.587162
0.025848
-0.023058
-0.175739
0.092246
-0.017192
-0.140488
1.103910
-0.077878
0.054474
0.749567
-0.249247
0.235574
0.151976
-0.285544
0.203417
-0.493622
-0.254347
0.083943
0.001940
0.117352
-0.662822
-0.063725
-0.448829
-0.030593
-0.042214
-0.427129
0.019436
0.126033
-0.407585
0.224994
-0.313385
-0.151319
-0.197202
-0.104308
-0.900688
0.085207
-0.596262
0.004487
0.034418
-0.002982
-0.417239
0.696409
-0.027822
0.466331
0.888479
0.184023
-0.662020
0.117436
0.102911
0.081534
0.168669
0.027191
0.188770
1.786583
-0.010357
0.073029
0.515004
0.162629
-0.600823
-1.177999
0.053127
-0.203432
0.940472
-0.449754
0.281615
0.158529
0.040185
0.001319
-0.880736
-0.451083
-1.137151
1.151159
0.159337
0.084003
0.122977
0.067194
0.020000
0.096834
-0.239643
-0.330874
0.275124
-0.089162
0.117683
0.314044
0.124340
0.086233
0.131278
0.195931
0.137672
0.392076
0.077614
0.206922
0.203176
-0.343634
0.145505
-0.232906
-0.161504
-0.487508
0.114547
0.022848
-0.165224
0.101722
0.542834
0.141798
-1.135115
0.132777
