ORIGINAL Mean: 0.043589
ORIGINAL Variance: 1.014333
Output:
-0.160737
-0.168428
0.342372
0.098576
0.316075
0.008093
-0.040723
0.150400
0.328670
-0.327756
-0.000255
0.021000
-0.059621
-0.065053
-0.074389
0.135921
-0.617876
-0.246614
-0.050770
-0.232062
0.048525
0.085801
-0.055657
-0.153089
-0.040427
0.216948
-0.168806
0.146913
-0.341521
-0.323885
-0.057428
-0.018484
0.189510
0.252278
-0.014066
0.087935
-0.034877
-0.020273
-0.105257
0.046033
-0.161289
-0.229363
0.034554
-0.119326
-0.517518
-0.238325
-0.067078
0.172394
0.435099
0.021016
-0.341224
-0.276897
-0.101542
-0.276684
-0.042190
0.303369
0.046708
-0.255411
0.067969
0.188149
-0.228886
0.356682
0.049082
0.092307
-0.190824
0.079032
-0.032045
0.398230
-0.080157
0.216012
0.114523
0.303568
0.033535
0.062051
0.094046
-0.915013
-0.215266
-0.483457
-0.146389
-0.197928
0.062127
0.010777
0.195009
0.078708
0.022761
-0.135907
-0.158956
-0.046051
-0.096995
0.141058
-0.041128
-0.099923
-0.104268
-0.190359
-0.122919
0.030993
-0.093475
-0.003366
-0.132649
0.005638
0.213640
0.662633
-0.089767
-0.075194
-0.248369
0.141754
0.386843
0.183083
-0.171656
0.015460
0.060595
-0.119356
-0.028815
0.148737
0.126153
0.259000
0.227868
-0.246654
0.341592
0.353096
-0.046639
-0.026932
0.145473
0.110073
0.039652
0.275786
0.222381
0.154869
0.114599
0.105261
0.035924
0.266627
0.248517
0.133406
-0.209730
0.415515
0.267629
0.186460
-0.179707
-0.355302
0.175426
0.321881
-0.160898
-0.231477
0.065487
-0.122088
0.139905
0.502223
-0.228480
-0.354079
-0.014264
0.006056
-0.068595
0.112038
0.131655
-0.150020
0.234993
0.175109
-0.391603
-0.208657
0.045252
-0.175797
0.008075
-0.114982
0.132249
-0.160486
0.206365
0.078722
0.353223
0.224894
-0.082855
-0.028022
-0.093132
-0.074037
0.056251
-0.029980
0.217878
0.337957
-0.082634
-0.077725
-0.246475
0.076631
0.076999
-0.118035
0.074502
-0.269105
-0.184049
-0.053765
-0.000105
0.025422
0.189591
0.068728
-0.096142
0.210512
0.149420
0.221328
-0.169759
-0.169934
-0.106924
-0.479220
0.049886
0.184570
-0.064893
0.265700
-0.039535
-0.024505
0.094021
-0.206588
0.344999
0.364770
0.196890
-0.301385
-0.312133
-0.012802
0.167936
-0.107282
0.194001
-0.216682
0.166370
0.220636
-0.195252
-0.070515
-0.058551
-0.028677
0.116164
0.040209
0.039888
2.447828
0.307389
-0.103593
0.027882
0.166145
-0.109224
0.177555
-0.214077
-0.108102
0.245328
0.303482
0.325778
0.135572
0.232198
-0.163988
-0.024869
-1.085716
0.035973
0.087425
0.262794
0.020504
-0.269271
-0.134397
0.243023
-0.057413
0.296782
-0.229108
0.060544
-0.006067
-0.147522
0.152281
-0.046539
0.364357
-0.000684
-0.142473
0.210472
0.176763
0.164258
-0.019636
0.042498
0.145149
0.270933
0.142188
0.363376
0.059233
-0.120462
0.168836
0.035319
0.003278
0.320840
-0.105047
-0.088130
0.233919
0.028256
0.052787
-0.007071
0.568191
0.459867
-0.027947
0.010946
0.064962
0.123432
-0.165124
-0.052186
-0.034569
-0.146109
-0.263824
-0.225552
0.192339
-0.223766
-0.050602
0.061839
0.005714
-0.044122
-0.185040
0.211143
-0.321299
0.185408
-0.238661
0.093771
-0.099012
-0.014408
-0.222176
0.038258
0.177031
0.289684
-0.288451
-0.025705
0.120598
0.120668
-0.237662
-0.440603
-0.203337
-0.260649
-0.234651
-0.163471
-0.219114
-0.020007
-0.188696
0.134040
-0.177262
0.184663
0.033718
-0.398782
1.880269
0.223622
-0.343396
0.070401
-0.150614
0.136547
-0.844312
0.084191
0.430787
-0.093963
0.009215
0.362472
0.026791
-0.067323
0.126596
0.232137
0.095360
-0.197417
-0.247044
0.045057
-0.201557
0.254288
0.263745
-0.040162
0.055596
0.089440
-0.055237
0.091241
-0.038214
-0.242551
-0.261867
0.087521
-0.114330
-0.459259
-0.113810
-0.209564
-0.001022
-0.167574
-4.519965
-0.189421
0.005552
-0.014006
0.110597
0.069192
-0.092304
0.155207
-0.047693
0.074971
-0.298885
-0.177178
-0.306980
-0.052301
0.080221
