ORIGINAL Mean: -0.016102
ORIGINAL Variance: 1.127752
Output:
-0.544847
-0.605954
0.221832
0.015774
0.014754
0.045067
0.572371
-0.132624
0.312983
-0.075689
-0.473133
-0.180915
0.401467
0.106954
0.008556
0.015400
0.040178
0.159244
-0.318657
-0.336476
0.087131
-0.472116
-0.102770
0.240300
-0.000224
0.364843
-0.250528
0.000538
0.258038
-0.343901
0.358443
-0.428851
0.252138
0.085335
0.485875
0.127180
-0.548387
0.033781
-0.034045
0.058135
-0.398122
-0.160596
0.013000
0.014928
0.458531
-0.304400
-0.012824
0.232378
0.185122
0.270334
-0.373523
-0.471150
0.093744
-0.804872
0.292329
0.168758
0.021536
-0.058151
-0.050402
-0.260817
-0.088317
-0.192930
-0.474888
0.016903
-0.110843
-0.233601
0.153522
0.388435
-0.457994
0.207553
-0.094273
0.139434
-0.018886
0.003040
-0.048425
-0.399399
0.223393
-0.162963
0.005091
-0.588026
0.090327
0.250775
-0.435842
0.044870
0.050879
-0.151467
-0.062768
0.523197
-1.227587
-0.357632
0.398294
-0.262152
0.026644
-0.578012
-0.852175
-0.089612
-0.551115
1.698267
0.061526
-0.347938
0.303865
0.722835
0.172272
0.365371
-0.244665
0.366026
-0.105465
0.379911
-0.285555
-0.568963
-0.068711
-0.017450
-0.455429
1.094568
-0.469085
-0.253654
0.099928
0.074658
0.034065
-0.016215
-0.206480
-0.231791
-0.100846
0.411797
-0.119201
0.379803
-0.016285
0.368626
0.303248
-0.109615
0.062308
-0.029288
-0.618208
0.104476
0.057965
0.084611
-0.228447
0.175425
0.665438
0.111765
0.074878
-0.296547
-0.201152
0.769031
0.246239
0.116804
0.006558
-0.036731
-0.001349
-0.375643
0.098274
0.694155
0.012472
-1.397784
0.442811
0.134421
-0.597830
-0.502732
-0.078909
-0.239860
0.001378
-0.588689
0.240078
-0.117247
0.003766
0.856057
0.115497
0.034721
-0.061666
-0.203972
0.038375
-0.106639
0.125503
0.280401
0.099302
-0.181528
0.333146
0.187236
0.054946
0.631707
0.329858
-0.091319
-0.054829
0.954864
0.032754
0.287263
-0.076732
0.614857
-0.000144
-0.032778
0.570270
-0.338640
0.351862
0.157955
0.183809
-0.014494
-0.241453
-0.078830
-0.241273
-0.121820
-0.167852
0.000885
-0.753996
0.140139
0.949771
-0.229601
-0.853703
-0.177919
0.224809
-0.032327
-0.004683
-0.143765
0.087036
-0.323594
-0.431913
-0.128691
0.121911
0.020742
-1.027155
0.263418
0.208698
-1.131711
0.156040
-0.019363
-0.232225
0.006230
0.075687
1.523645
0.070388
0.215834
0.422212
0.110885
0.059721
0.432543
-0.155818
-0.075780
0.148953
0.031929
0.631482
-0.186055
0.289914
-0.101298
0.393490
-0.045941
0.206126
0.214853
0.230589
-0.134230
-0.057145
0.264335
-0.230157
-0.012213
-0.186697
-0.244877
0.148398
-0.002858
0.051706
-0.090028
0.352555
0.344350
0.219267
0.235047
0.137491
0.055441
0.097787
-0.621823
-0.070039
-0.862426
0.430774
-0.310106
0.265649
0.444942
-0.757131
-0.580432
-0.085854
-1.040948
-0.456778
-0.207229
-0.134699
0.158603
-0.278364
-0.112670
-0.125882
0.134320
-0.430809
-0.441859
-0.095375
-0.016693
0.871777
-0.103141
-0.133465
0.295838
0.037703
0.073981
0.529974
-0.250154
0.038129
-0.150774
0.585838
-0.191712
0.093366
0.060541
0.314768
-0.365750
-0.021984
0.067304
-0.558428
-0.052607
0.522232
0.202131
0.348540
-0.008358
0.337663
-0.231907
-0.022203
-0.239748
0.286959
0.235045
-0.182082
-0.466838
-0.268652
-0.149374
0.701524
-0.397008
-0.112662
0.335572
0.019632
-0.154280
0.106418
0.073708
-0.481154
1.921581
0.051982
0.051376
-0.445566
-0.101553
0.422075
-0.285863
0.080785
0.145893
-0.065062
0.135354
-0.032021
-0.453681
-0.208596
-0.184292
-0.626503
-0.278821
-0.117934
0.457087
0.074545
-0.753102
0.017160
0.156069
0.089760
-0.175299
0.187290
0.196028
0.023121
-0.267704
-0.389236
-0.656678
-0.282290
-0.072008
0.261881
0.140991
-0.095454
0.228722
-0.047836
-0.098412
0.025241
0.059025
-0.131375
0.189684
0.222789
0.453774
0.471946
0.522979
0.215353
-0.529052
-0.510064
-0.226696
0.206030
0.032265
