ORIGINAL Mean: -0.013716
ORIGINAL Variance: 1.217484
Output:
-0.285646
0.441977
0.202530
0.189149
0.014572
0.050261
0.370833
0.017263
0.411137
0.159211
-0.789289
1.179284
-0.488853
0.195334
-0.024511
0.081794
-0.086276
0.391774
-0.018081
-0.927968
0.041646
0.102041
-0.117504
0.249951
-0.215293
0.189760
0.214365
-0.173520
0.339630
-1.011707
-0.195788
0.208976
0.488905
0.180701
-0.147238
0.009007
-0.929436
-1.456515
-0.023730
-0.403229
0.351124
-0.104996
0.396975
-0.117239
0.038134
-0.181586
-0.298391
-0.124780
-0.031317
-0.059043
-0.513695
0.545763
0.394843
-0.804890
0.181271
-0.001759
-0.805533
-0.180036
0.103730
-0.922757
0.064185
-0.607275
-0.007953
0.089502
-0.748932
-0.325114
0.583807
0.895927
-0.038250
-0.452057
-0.104708
0.227768
-0.225011
-0.285964
0.131857
0.515943
0.127204
-0.475925
0.057852
-0.706634
0.046446
0.110374
-0.108451
0.345079
0.200555
-0.730039
0.193774
0.902249
-0.454591
0.285717
-0.358099
-1.052712
-0.820784
-0.428649
0.170341
0.990424
-0.040326
-0.558411
0.111660
-0.253152
0.119144
0.254201
0.497280
0.236940
0.021466
0.592226
0.107663
0.084790
-0.460504
-0.403078
-0.009287
0.171717
0.096259
0.485278
-0.381604
-0.310866
0.288881
-0.982953
0.264773
-0.179582
-0.079056
-0.056170
-0.278996
-0.118002
-0.229252
0.338212
-0.589701
-0.243425
0.085111
-0.294620
0.099267
0.191889
0.241467
-0.331633
-0.176119
-0.001264
0.284383
0.186182
0.508595
0.250733
0.340805
0.171253
-0.410283
0.236242
0.026880
0.455168
-0.129597
-0.097103
-0.339926
-0.375156
0.149360
0.324284
-0.367659
-0.904977
-0.228282
0.076641
-1.231963
-0.187215
-0.006641
-0.236966
0.951003
0.019257
0.095929
0.176858
-0.083931
0.987324
-0.076807
-0.167585
-0.295517
0.267422
0.114451
-0.252873
0.003680
-0.005957
0.219463
-0.084880
-0.165164
0.264374
-0.006516
0.354514
0.469871
-0.436895
-0.115026
-0.186408
-0.172860
0.184089
-0.050202
-0.670355
-0.000090
0.110342
0.183241
0.095734
0.414812
0.125028
0.189964
-0.210929
-0.071296
0.239761
1.383898
-0.149497
-0.131309
-0.537708
-0.082076
0.046903
0.333520
-0.293556
-0.149189
-0.349846
-0.234320
0.751741
0.063636
0.624999
0.012254
0.054166
-0.163202
0.057878
0.112055
-0.191675
0.306895
-0.361053
1.254183
-0.849668
0.161776
-0.276546
0.357788
0.133431
0.173271
1.068306
-0.191054
0.137678
0.154999
-0.094222
0.141062
-0.346189
-0.120529
-0.068102
0.102195
0.119680
0.172559
1.192760
0.214672
0.127570
-0.023408
0.329911
0.049341
0.183390
0.040821
0.418315
0.137853
0.208811
-0.025816
0.535621
-0.467852
0.056067
-0.112632
0.057144
-0.099095
-0.318320
0.482883
-1.324249
-0.219383
-0.167587
-0.219853
0.191648
0.171475
0.587695
-0.256891
0.045364
0.040891
-0.207845
0.421019
-0.761909
0.484145
-0.417096
-0.007790
0.283896
-0.365155
0.582125
-0.313860
0.107770
-0.296591
-0.398182
0.143680
-0.021610
0.177209
-0.695106
0.057460
-0.227713
-0.135090
-0.136010
-0.011008
-0.232975
0.113151
0.574886
0.710507
-0.409955
-0.007308
-0.085237
0.455958
-0.375937
0.715979
-0.371749
0.099468
0.090975
-0.249278
0.047603
-0.776096
0.044264
0.240304
0.502847
0.203447
-0.344399
0.611089
-0.043202
0.069411
-0.213069
0.132388
-0.094823
-0.198219
-0.789210
0.044543
0.030549
-0.502418
-0.042157
-0.784824
-0.089927
0.055973
-0.022051
-0.609632
-0.000540
-0.099637
1.657571
-0.029167
-0.080411
-0.410315
0.059143
-0.152601
-0.595610
0.360684
0.146917
1.342563
-0.279752
0.059797
-0.643056
-0.262976
0.169115
-0.599195
0.569149
0.156830
-0.514850
0.058871
-0.581878
0.188758
0.058235
-0.027415
0.092256
-0.026367
0.144369
0.028850
0.401822
0.376124
-0.422784
0.409259
-0.103801
-0.007133
0.188322
-0.090971
0.341792
0.065904
-0.163217
-0.345991
-0.593828
-0.145540
0.056771
-0.119789
0.644445
0.157082
0.335379
0.173563
0.357044
-0.110269
-0.237292
0.459553
-0.130773
