ORIGINAL Mean: 0.012264
ORIGINAL Variance: 1.271674
Output:
-0.343437
0.083585
0.152962
0.141752
0.339433
0.078368
0.444919
-0.398792
-0.422485
0.348062
-0.393534
0.479884
0.265270
-0.008037
-0.130768
-0.205836
0.065957
0.393535
-0.282371
-0.498885
0.061599
0.293224
-0.707183
0.397825
0.030516
0.127916
-0.307019
-0.240984
0.269801
-0.334364
-0.393233
0.159201
0.211946
-0.060691
-0.092368
0.169079
-0.484245
-0.032508
-0.076278
-0.161421
0.446321
0.077427
0.367779
0.121143
1.140887
-0.010906
0.255835
0.094657
-0.203876
0.162918
-0.533432
-0.115289
-0.099530
0.522843
-0.250036
-0.445324
0.592125
-0.191077
0.104441
0.689656
0.160566
-0.344711
0.042303
0.668411
-0.223000
-0.311949
-0.032861
0.047351
0.048983
-0.461378
0.232245
-0.468788
-0.111547
0.276876
0.510256
0.769877
0.289992
-0.242822
0.041829
-0.181364
0.570943
0.208474
-0.594532
0.155255
-0.146731
-0.645544
-0.325357
0.162024
-0.506522
-0.267784
-0.103607
-0.054945
-1.090379
-0.101969
-0.436477
-0.232931
0.381045
0.521856
0.055656
-0.325796
0.116600
0.077512
0.112279
0.594950
-0.415837
0.617914
-0.129129
-0.280847
-0.337466
-0.464565
-0.218595
0.025342
0.140535
0.171590
-0.105810
0.245984
0.638011
-0.716125
-0.085141
-0.413864
-0.156970
0.161825
-0.438901
-0.449453
0.552454
0.073828
-0.247260
-0.568898
-0.877466
-0.524764
0.113911
0.427591
-0.081232
0.008810
0.046230
0.213587
-0.023365
0.272465
-0.087561
0.312143
0.230500
-0.320172
-0.190943
0.416660
0.055957
0.571797
0.180242
-0.128635
0.295018
0.123953
-0.207035
0.662960
-0.173749
-0.612603
-0.256007
0.000436
-0.555504
-0.338824
0.169768
-0.192661
0.178109
-0.866908
-0.275488
-0.057052
0.167291
-0.327690
-0.097865
0.114814
-0.280131
-0.466960
-0.038176
-0.015006
0.030180
0.277087
0.019520
0.069888
0.081493
-0.188867
0.112735
0.362857
0.212336
-1.350880
0.032678
0.283106
0.032188
-0.246769
0.062016
-0.222831
-0.000130
-0.136296
-0.201647
0.413806
0.246276
0.153105
0.188139
-0.063706
-0.006541
-0.049058
0.542232
-0.397074
-0.001688
0.353810
0.391755
-0.031220
0.944286
-0.100294
0.314603
-0.034809
-0.054293
0.435889
-0.025005
-0.461661
0.196491
-0.090225
-0.194646
-0.310301
0.399607
0.026117
-0.444361
-0.182316
0.423396
-0.852758
-0.053814
0.344852
-0.360212
0.054042
0.211847
1.850448
-0.169717
-0.163282
0.216322
0.086988
-0.008619
-0.231002
0.109480
0.127936
0.053587
-0.010943
-0.502879
0.606781
0.189190
-0.246742
0.422155
0.229835
0.059259
-0.054587
0.273081
-0.088936
0.205779
0.174591
0.020530
0.857413
-0.176121
-0.141899
-0.316779
0.050583
0.151783
-0.394962
0.035682
-0.357100
0.691159
-0.286471
0.023800
-0.244850
-0.148092
0.425939
-0.090610
0.417818
-0.205322
-0.050818
-0.212309
-0.201481
0.306321
-0.336191
0.208413
-1.090874
0.261465
0.373056
-0.257689
-0.372378
-0.163573
0.009155
0.160160
-0.099500
0.066631
-0.276860
-0.210402
0.210791
-0.080018
-0.149740
-0.087973
0.431887
0.241669
0.210161
0.776819
-0.346055
0.031895
-0.196075
0.021884
-0.382110
0.151580
-0.085941
0.097491
0.525408
0.008343
-0.147089
-0.841152
-0.095456
0.131166
0.399457
0.237092
-0.287678
-0.949191
0.251379
0.655975
-0.127237
-0.134140
-0.132669
0.573961
-0.493358
-0.035107
0.321277
0.569509
-0.225020
0.308200
-0.067175
0.056883
-0.076334
-0.864358
0.075503
0.346654
1.774592
0.346230
0.297540
-0.655138
-0.229557
-0.383162
-0.297983
1.227644
0.004367
0.193789
-0.089505
-0.314802
-0.114299
-0.018415
0.013832
-0.486120
-0.014298
0.683248
0.873982
-0.298264
-0.289877
0.071547
0.191416
-0.011039
0.065450
-0.246320
0.302289
0.415064
-0.185390
0.325760
-0.538660
0.179215
0.265274
0.263193
0.069744
-0.106775
0.061838
0.127933
-1.636540
-0.489080
-1.002735
0.027111
0.019545
0.398710
0.246396
0.745004
0.134509
-0.073183
0.178672
-0.521267
-0.232559
-0.247334
-0.106009
