ORIGINAL Mean: 0.039087
ORIGINAL Variance: 1.014170
Output:
-0.041798
-0.191952
0.281345
0.112256
0.140183
0.009202
0.002155
0.223016
0.303743
-0.273743
0.032428
0.119937
-0.005144
-0.162768
-0.128809
0.109625
-0.550443
-0.215231
-0.061252
-0.291365
0.040889
0.128950
-0.034203
-0.000361
0.051546
0.325140
-0.201284
0.253504
-0.213626
-0.277603
-0.076437
0.159573
0.268266
-0.251580
-0.010350
0.112238
-0.152601
-0.115098
-0.070947
-0.055635
-0.179959
-0.223325
0.038514
-0.013072
-0.076858
-0.248807
-0.081639
0.247957
0.521430
0.033130
-0.403621
-0.352234
-0.135764
0.010907
0.043301
0.158752
0.022341
-0.075939
0.052277
0.230295
-0.239906
0.255554
0.069393
0.153564
-0.077302
0.066729
-0.137952
0.419539
-0.030388
0.108475
0.269379
0.178939
0.058408
0.084155
-0.215006
-1.050838
-0.378136
-0.559073
-0.237906
-0.254356
0.047585
-0.113602
-0.022222
0.153255
-0.059704
-0.073341
-0.123800
0.052795
0.001291
0.215607
-0.106557
-0.145563
-0.294429
-0.108819
-0.059282
0.072093
-0.017203
-0.053348
-0.171259
0.011250
0.085797
0.646555
-0.252934
-0.100869
-0.118470
0.055279
0.493837
0.080188
-0.190093
-0.300833
0.026602
-0.131995
-0.141180
0.191635
0.036631
0.297083
0.267242
-0.147624
0.308403
0.463683
-0.034604
-0.050761
-0.004945
0.056115
0.040797
0.197678
0.363479
0.192568
0.021240
0.159065
0.020145
0.356937
0.252205
-0.038487
-0.178160
0.531241
0.192240
0.114019
-0.092096
-0.335370
0.073912
0.391776
0.029739
-0.144278
0.086740
-0.176235
0.248021
0.475278
-0.188043
-0.152898
-0.141851
-0.007467
-0.064377
0.149742
0.192987
-0.229748
0.260495
0.244219
-0.346332
-0.238192
0.022390
0.345282
-0.075153
-0.169375
0.112557
-0.155563
0.149095
0.211586
0.394156
0.243818
-0.120591
0.059882
-0.092444
-0.042084
-0.057394
-0.045336
0.251573
0.208559
-0.021158
-0.088072
-0.366216
0.080314
0.003280
-0.114310
0.204827
-0.179493
-0.122268
-0.050635
-0.000097
-0.005747
0.100540
0.092935
-0.159337
0.185107
0.122846
0.194704
-0.099424
-0.305103
-0.009046
-0.448272
0.102682
0.228157
-0.044954
0.339533
0.044300
-0.008109
0.075382
-0.117292
0.452105
0.436148
0.160781
-0.231706
-0.254072
0.028671
0.071066
-0.031681
-0.083212
-0.010604
0.072245
0.128249
-0.484838
-0.038082
-0.074580
-0.072125
0.212218
0.134339
0.009014
2.526746
0.205542
-0.084715
-0.074550
0.144458
-0.158538
0.181666
-0.313663
-0.199547
0.254145
0.234980
0.316403
0.013509
0.204552
-0.161559
-0.129673
-0.723137
0.046968
0.035685
0.092691
0.035928
-0.292059
-0.118557
0.151394
-0.042846
0.373979
-0.122625
0.156033
-0.062531
-0.181278
0.202599
0.035271
0.395777
0.069239
-0.179497
0.291880
0.078791
0.084689
-0.015508
0.095772
0.043540
0.129152
0.170617
0.366338
0.165201
-0.175959
0.189565
0.038241
-0.052419
0.411102
-0.074770
-0.073397
0.148455
0.009712
0.037718
0.036570
0.582876
0.423723
0.018156
-0.071349
0.012605
0.127856
-0.123552
0.003191
-0.052450
-0.151676
-0.128283
-0.131946
0.252810
-0.250799
-0.039839
-0.008097
0.092001
-0.226240
-0.075635
0.120354
-0.408303
0.204551
-0.336857
0.020516
-0.097940
-0.013262
-0.302944
0.004151
0.081567
0.185625
-0.354930
0.146209
0.069133
0.158666
-0.245563
-0.474511
0.009859
-0.151475
-0.038486
-0.185525
-0.119156
0.133635
-0.225035
0.121776
-0.057673
0.038403
0.076938
-0.371020
1.981911
0.261283
-0.416641
-0.039680
-0.183980
0.182628
-0.694917
0.048226
0.406951
-0.169585
0.039831
0.234416
-0.015527
-0.122861
0.147663
0.283663
0.160322
-0.026599
-0.188755
0.008287
-0.134620
0.084233
0.189373
0.020583
0.166185
0.041016
-0.104893
0.093027
0.069778
-0.163699
-0.156626
0.092011
-0.138196
-0.455767
-0.300878
-0.227388
0.023839
-0.226448
-4.517151
-0.172375
-0.121700
-0.148270
0.135149
0.149369
-0.017844
0.159240
-0.171366
0.150794
-0.367861
-0.189540
-0.116439
-0.119684
-0.013661
