ORIGINAL Mean: -0.012544
ORIGINAL Variance: 0.967922
Output:
-0.321625
0.431532
-0.063988
-0.153139
0.097927
-0.045440
0.059592
-0.089935
-0.205050
0.034979
0.459910
-0.184727
0.210469
0.167700
0.764729
-0.066476
0.456988
-0.013111
0.158152
-0.457313
-0.173656
-0.070841
0.717997
-0.704939
-0.299703
-0.077416
-0.211673
0.169322
-0.461940
-0.017501
1.011588
0.021919
-0.033300
0.367292
0.114843
-0.254214
-0.072243
-0.172638
-0.081047
-0.101365
-0.166565
-0.020179
-0.335290
-0.231134
0.240938
0.096300
-0.202552
0.351182
0.178461
-0.093743
0.785864
-0.266317
-0.141528
-0.970156
-0.327453
0.846675
-0.756270
0.106882
-0.148736
0.042153
-0.284443
-0.269084
0.066134
-0.193376
-0.193439
-0.000574
0.436156
-0.194716
0.457308
-0.392250
-0.030725
-0.196779
-0.015827
0.185281
0.031031
-0.044571
-0.140341
-0.014133
0.182194
-0.721365
0.005811
0.372651
0.099890
-0.020180
0.203148
0.036888
-0.345262
-0.270139
-0.177151
0.050454
0.173016
0.194084
0.048394
-0.202630
-0.139364
0.049996
-0.069949
-0.500992
0.129344
0.041436
-0.536544
-0.169555
0.175731
-0.300697
-0.168230
0.056928
-0.054487
0.339258
0.169885
0.854609
-0.350533
0.056268
0.466659
-0.370719
0.392727
0.104429
-0.125885
-0.117782
-0.169463
0.383978
-0.081235
-0.281265
0.317819
0.751825
0.090348
-0.010024
-0.321335
0.236065
0.509295
0.445871
0.009511
0.388398
0.147965
0.684074
-0.032053
0.261823
-0.109980
-0.276344
0.175924
-0.458283
0.097748
-0.221876
-0.155289
0.053707
-0.014459
-0.531942
-0.221054
-0.098862
0.138515
-0.526507
0.213965
-0.289209
0.089586
0.221515
0.253478
-0.062408
0.417570
0.230188
-0.260550
-0.015288
0.212396
-0.528343
0.682914
0.115616
0.106120
0.671910
0.377053
-0.459495
-0.307047
0.224689
-0.000012
-0.453612
0.144396
0.176526
0.206188
-0.127962
0.258671
0.278594
-0.276931
-0.173476
0.050645
-0.291476
-0.262667
-0.076776
-0.220276
0.245052
0.005284
0.218865
0.000143
-0.135958
0.072056
-0.635319
-0.368969
0.094303
-0.006517
0.119936
0.251306
0.012630
0.262932
-0.111779
-0.340878
0.089143
0.211059
0.266485
0.257647
0.219205
0.003860
-0.571965
-0.106773
-0.158253
-0.199262
0.508898
-0.173243
-0.177047
0.026429
-0.000516
-0.323296
-0.084607
0.448475
0.094830
0.383395
0.264052
-0.146654
0.332790
-1.235864
0.478361
0.019428
0.520225
-0.007925
-0.237544
0.110860
-0.011021
0.090759
0.137105
0.014456
0.361862
0.374771
-0.114838
0.034260
0.073086
0.115741
-0.079087
0.193936
-0.090015
-0.287167
-0.131723
0.248292
-0.416885
-0.199924
0.083734
0.275451
-0.989530
-0.168340
-0.163136
0.506414
0.177622
-0.156368
0.257723
0.495196
-0.286198
-0.364444
-0.245059
0.049578
-0.153350
0.170002
0.604235
0.069079
0.195639
-0.513057
0.006587
-0.291967
0.254092
-0.359380
0.055952
-0.320066
0.307588
-0.179120
-0.332777
-0.118599
-0.373976
-0.135926
0.355461
-0.289916
0.427942
-0.138433
0.209551
0.213011
-0.573706
-0.443485
-0.081357
0.202572
-0.253785
-0.128987
-0.289476
-0.711186
-0.162035
0.148266
0.113379
-0.028223
0.011136
0.119629
0.081299
0.027841
-0.409227
-0.027526
0.015638
0.501238
-0.041288
0.147125
-0.075552
-0.121540
0.331033
-0.575591
-0.147974
-0.064091
0.103739
0.208033
0.283903
-0.427223
-0.111000
-0.041896
0.141528
0.209598
-0.114868
0.345158
0.999374
-0.044892
-0.006137
0.575410
0.131499
0.084680
1.764050
0.192948
0.116942
0.248966
0.210516
-0.312464
-0.899757
-0.112593
-0.287647
-1.211531
0.047375
0.419722
-0.218894
0.042336
0.035338
-0.532920
-0.092570
-0.872412
-0.049324
0.221969
-0.177013
-0.165012
0.904571
0.028064
-0.166802
0.335156
-0.155879
0.384199
-0.316076
0.185431
-0.094646
0.261586
0.169588
-0.954525
0.117828
0.177133
-0.287602
0.003365
-0.357288
-0.479447
-0.020126
0.156949
-0.329397
-0.186848
0.237650
-0.240062
0.543104
-0.362002
0.165765
0.121100
0.369225
-0.103169
0.385879
