ORIGINAL Mean: 0.053821
ORIGINAL Variance: 1.063788
Output:
-0.133594
-0.201036
0.228028
0.064780
0.196186
0.184718
-0.101246
0.232041
0.143156
0.126692
-0.311163
0.010627
0.301630
-0.141665
-0.009394
0.058469
-0.014549
0.009344
0.222178
-0.396862
0.031920
0.014352
-0.061223
-0.003029
-0.339389
0.226411
-0.202410
-0.100493
0.305751
-0.377563
0.157504
0.338741
-0.019450
0.205161
-0.111135
0.184468
0.230502
-0.003601
0.035399
0.171434
0.228473
-0.120594
0.001035
-0.059477
-0.206731
-0.214164
-0.344907
-0.225222
0.166399
-0.335597
-0.230798
-0.207573
0.461475
-0.683294
-0.005582
0.478400
0.006735
-0.369995
-0.078690
-0.059489
0.003657
0.043693
0.027170
0.036839
-0.194218
0.015783
-0.299029
0.189262
-0.083314
0.093938
0.099655
-0.024916
-0.259710
0.154143
-0.202250
-0.195802
0.088316
-0.265410
-0.319589
0.036673
-0.289858
-0.187868
0.115110
-0.252430
0.126506
-0.500306
0.254139
0.350145
-0.094834
0.116072
-0.185392
0.193833
-0.319858
-0.572466
0.084336
-0.512746
-0.139942
0.090243
0.028664
-0.030124
0.016889
-0.207111
0.271372
0.483993
-0.036985
0.126996
0.392469
0.153448
0.097233
-0.147984
-0.078385
-0.087660
-0.191311
-0.020439
-0.224558
-0.132088
0.319301
-0.353890
0.114423
0.293585
-0.031539
-0.076353
0.263954
0.334461
-0.045204
0.488087
-0.142678
0.224381
0.052236
-0.098124
0.087975
0.121833
0.040063
0.259003
-0.428616
0.246831
0.025700
-0.004260
0.022838
0.190759
0.135034
0.023464
-0.246057
-0.063274
-0.057258
-0.417627
0.259911
-0.200541
-0.311063
-0.010047
-0.011315
0.061290
-0.202618
-0.265444
0.274041
-0.013875
-0.245974
0.053289
-0.518971
-0.210282
-0.203062
0.750713
0.023301
0.094702
-0.197767
0.009577
0.091655
0.115836
-0.095006
0.068496
0.025967
0.028892
-0.250451
0.187542
0.189312
0.040502
0.170190
-0.002791
-0.108724
-0.236193
0.328826
0.002209
0.313640
0.036945
0.027324
-0.053989
-0.131991
-0.507881
-0.000106
-0.093315
0.055712
-0.079321
0.110631
0.228344
0.323146
-0.415470
0.126777
-0.050216
-0.090156
-0.373138
-0.078971
0.052468
-0.088294
0.114247
0.108362
-0.222403
0.042218
-0.266212
-0.309177
0.327450
0.095029
0.092966
-0.208222
-0.023446
-0.054909
-0.052433
0.059857
-0.346447
-0.086968
0.346933
-0.349948
-0.498664
-0.113758
0.034576
0.073784
-0.098016
0.200850
2.135921
-0.215236
-0.285554
-0.302562
0.302668
-0.029470
0.037009
0.170075
-0.050992
-0.227951
0.178309
0.049139
-0.034891
0.101002
-0.132079
0.387879
0.860995
-0.178025
0.335782
0.226876
-0.023833
0.093048
0.197163
-0.146192
0.213423
0.057096
-0.113401
0.265458
0.020406
-0.107911
-0.014573
0.082771
0.080136
-0.033937
0.129449
0.180465
-0.012118
-0.130670
0.028619
-0.199515
0.110383
0.127889
0.015973
-0.036586
0.259262
0.371118
-0.007706
-0.053382
-0.370183
-0.161945
-0.061455
0.058134
0.284078
0.063221
-0.013126
0.046103
-0.052121
0.017074
-0.157256
0.019856
0.024496
-0.256796
-0.116900
-0.102491
0.198903
0.058160
-0.341711
-0.047153
0.015059
-0.358480
0.136127
-0.064788
-0.323557
0.292290
-0.079513
0.184468
-0.244535
-0.050545
-0.227435
-0.329576
-0.017408
0.145222
0.078405
0.271756
0.337830
0.168495
-0.202710
-0.602111
-0.036563
0.278982
0.011626
-0.427970
-0.044850
0.085255
-0.131788
-0.424863
-0.278497
-0.032979
0.003982
0.025838
0.091501
0.195086
-0.017496
0.053145
1.694244
0.552869
-0.512410
0.347953
0.027527
0.055369
-0.266203
-0.078869
0.165014
-0.025799
-0.051135
0.284612
0.031135
-0.022022
-0.112717
0.093698
0.254174
-0.112411
-0.075515
-0.046070
-0.159467
0.047266
0.277927
-0.233705
-0.112464
-0.138413
-0.319504
-0.128312
-0.060231
0.242110
0.063541
0.246644
-0.144223
-0.141020
0.179935
-0.160260
0.212621
0.078652
-4.341905
0.066347
0.098513
-0.059044
-0.352225
0.334193
0.111009
0.044359
-0.030425
0.077071
0.318238
0.402608
0.126038
0.034967
-0.205855
