ORIGINAL Mean: 0.018078
ORIGINAL Variance: 1.373889
Output:
-0.168736
0.632216
0.082381
-0.461366
-0.080950
-0.007015
0.606012
-0.006172
0.314214
0.075595
0.897375
0.688682
0.196756
-0.014364
0.010799
0.288182
0.165430
-0.350652
0.038125
-0.419235
0.133583
-0.703995
-0.398769
0.177843
-0.026791
0.221088
-1.082628
-0.172910
0.499239
0.973167
-1.924146
0.023959
-0.058925
-0.111776
0.287746
-0.013962
-0.480614
-0.225207
0.004515
0.033621
0.294966
-0.268414
0.629901
0.016165
0.904499
-0.082731
0.011866
-0.284306
-0.213132
-0.082422
-0.381027
-0.783423
0.148933
0.426595
-0.227147
-0.181340
-0.161182
0.100346
-0.066282
0.279013
0.453899
-0.108290
-0.168293
0.442971
0.318281
0.030795
0.257146
1.258739
0.858970
0.583205
-0.017176
-0.796130
0.057787
0.114657
0.406479
0.186797
0.194861
0.324907
-0.151770
-0.244116
0.291478
0.801277
-0.636247
-0.222069
-0.019971
0.134948
0.106663
0.308391
0.170652
0.524963
-0.225568
-0.158099
0.536832
0.525674
0.092247
-0.599971
-1.094635
0.235208
-0.022897
-0.158442
-0.349228
-0.740654
0.223077
0.446997
0.007935
0.682008
-0.071746
-0.078866
0.103590
0.665074
0.032186
0.107190
-0.521134
-0.355274
-0.276298
-1.097836
-0.519627
-0.601109
-0.014817
-0.171270
0.076517
-0.112527
-0.351990
-0.242624
-0.010346
0.214942
-0.237375
-0.065740
-0.741958
-0.363249
0.030516
0.243239
0.087920
-0.218254
-0.031887
-0.039756
-0.063461
-0.690251
0.490457
0.267647
0.127517
0.229651
-0.674180
-0.728060
0.443796
0.772044
-0.149492
-0.281002
-0.712177
0.144075
-0.584091
0.145521
-1.193723
-0.732311
-0.514565
-0.045242
0.332936
0.043259
-0.028331
-0.149598
-0.486417
0.221413
-0.151362
0.135145
-0.160760
-0.216570
-0.311469
0.151715
0.196859
-0.358774
0.269582
0.192513
-0.067076
0.806010
0.051800
-0.132847
-0.346205
0.042665
0.089906
-1.027239
0.233706
0.364370
0.195113
-0.395817
0.199263
0.099025
0.222262
-0.213647
-0.000117
0.126113
0.009112
0.417657
0.094802
0.177466
0.188225
-0.114818
-0.009779
0.360587
-0.622948
-0.421552
-0.028571
0.021308
0.101237
-0.453870
0.108764
0.010275
0.684685
-0.664540
-0.422119
-0.454459
0.019100
0.103072
-0.276151
-0.081668
-0.383174
-0.122157
0.137174
-0.258084
-0.222664
-0.063904
-0.687369
-0.582485
-0.072036
-0.116538
-1.047681
0.519588
0.084888
0.299491
-0.074769
-0.058046
-0.183105
0.150135
-0.175701
0.053943
0.132525
-0.048658
-0.618348
0.094395
0.027208
0.636713
0.101080
0.373948
0.902617
0.641770
-0.071092
0.259419
0.145801
-0.830888
-0.151055
0.210927
0.331512
-0.067998
-0.037841
0.331016
-0.533570
0.067224
-0.117435
-0.070446
0.707786
0.041556
-0.002252
1.045409
0.306316
-0.413260
-0.064298
-0.435311
-0.054275
-0.419432
0.132964
0.235912
0.258815
0.409927
-0.627838
-1.018488
-0.503928
-0.381366
-0.016030
0.253095
0.267069
-0.537059
0.005401
-0.545394
0.025469
-0.141853
-0.707115
-0.870347
0.105467
-0.685450
-0.228861
0.057971
-0.130718
-0.266822
-0.045222
-0.694897
0.496631
-0.144089
-0.106459
0.166101
-0.273301
-0.093652
-0.465970
-0.066261
0.091580
-0.073297
0.213599
0.378448
0.474057
-0.053959
-0.412251
0.268873
0.184493
0.109843
-0.125174
0.020391
0.026544
0.077409
-0.277994
-0.180891
0.246745
-0.449890
0.541752
-0.726917
1.495906
-0.100216
0.250819
-0.166366
0.003242
-0.173795
-0.557202
-0.172766
0.321548
1.697254
-0.580458
-0.352118
-0.578566
-0.011302
0.101758
-0.440686
0.115733
0.073550
-0.303379
-0.289661
-0.024695
-0.129369
-0.296483
-0.155116
0.403308
-0.151985
-0.258192
-0.303559
-0.154334
-0.935539
-0.302091
-0.036685
-0.221529
0.019306
0.144049
-0.044373
0.077848
-0.028429
-0.332032
-0.227420
0.280732
-0.039698
1.193685
0.258039
0.031425
0.015201
0.634522
0.302760
0.271007
-0.585405
0.112981
-0.101793
0.301336
-0.153446
0.349748
0.795256
0.118125
0.629932
0.271958
-0.346368
0.107682
-0.218234
