ORIGINAL Mean: -0.011476
ORIGINAL Variance: 1.186782
Output:
0.846013
0.081357
-0.215584
0.022870
-0.001241
-0.441868
-0.462762
0.102219
-0.187282
0.155644
-0.542383
0.418528
-0.834674
-0.088015
-0.082978
0.046886
0.659622
-0.763192
0.179521
0.207457
-0.136087
-0.301524
0.561728
-0.069429
0.201169
-0.210624
-0.243388
-0.036796
-0.345641
0.326920
-0.137033
0.567200
0.401859
-0.063857
-0.361016
-0.147718
0.035485
0.167268
0.010188
0.326993
-0.677603
0.264332
-0.181685
0.054433
1.426812
0.185391
0.193571
-0.094923
0.047201
0.200779
0.817700
-0.107427
0.101275
0.197023
-0.486092
-0.666702
0.339740
0.135517
0.116246
0.237783
0.174545
0.296353
-0.236814
-0.639669
1.079799
-0.073523
1.240869
-0.973755
0.425768
-0.973257
0.564526
-0.713652
0.088172
0.223063
-0.570679
-0.018192
-0.126933
0.220383
0.122809
-0.789647
0.108845
-0.396252
-0.516339
0.687132
0.104551
-0.181529
-0.267554
0.056260
-0.683750
0.212274
1.171778
-0.790863
0.221413
0.569443
-0.794924
-0.263930
0.079724
-0.943465
-0.162064
0.144800
0.217237
0.166915
-0.624777
-0.164966
-0.053796
-0.004470
-0.314746
-0.428694
-0.307699
-0.169834
-0.786161
0.158221
0.608914
0.107311
0.072806
0.481114
0.326579
-0.359647
-0.046005
-0.306662
-0.181185
-0.155992
-0.262454
0.121619
0.097174
-0.299699
0.421623
0.093176
0.064799
0.086541
-0.020899
0.084464
-0.498263
-0.152963
-0.193174
0.007936
0.036726
-0.260675
0.118518
-0.113788
-0.217319
-0.340042
0.040939
-0.014018
0.238206
-0.147752
-0.327464
0.296749
0.038835
0.214304
0.073514
-0.120179
0.175400
-0.027226
0.644859
-0.202880
-0.096491
0.282865
0.493587
-0.037490
0.555615
-0.451088
0.214471
-0.172814
0.157825
-0.734494
-0.368652
-0.261277
0.076223
0.129535
-0.076935
0.190840
0.215752
-0.310712
-0.086318
-0.055091
0.056361
0.194455
0.180909
-0.921124
-0.386912
-0.570095
0.036188
0.687410
-0.174752
-0.043768
0.097929
0.492436
0.000069
-0.245977
0.098962
-0.002643
0.007082
0.017479
0.160328
0.488848
0.031425
-0.034962
0.202941
0.471376
-0.070770
-0.116618
-0.071849
0.245640
0.580114
-0.038843
0.216851
0.246930
-0.214328
-0.221112
-0.137924
-0.070921
0.439235
-0.071865
-0.070054
0.276249
-0.274234
0.050003
0.241463
-0.062515
0.153304
0.464515
-0.166373
0.307415
-0.156806
-0.913507
0.022961
1.039564
0.141209
-0.365725
0.075405
0.072961
0.028133
0.354240
-0.256930
-0.260601
0.039714
-0.039035
1.553612
-1.092978
0.000621
0.390015
-0.232679
-0.856307
0.074774
-0.160261
-0.301081
-0.340059
-0.020235
-0.215176
-0.391956
0.084792
0.081747
0.014413
0.027874
-0.122927
-0.501360
-0.038372
-0.348608
0.254024
0.490820
0.328058
0.253753
0.060103
0.302976
0.141797
0.111747
-0.808561
-0.330466
-0.075567
-0.041508
-0.386205
-0.419709
0.198185
-0.745387
-0.221144
-0.310367
-0.374803
-0.201835
-0.015271
-0.049046
0.715383
-0.175894
-0.348323
-0.811254
0.199367
0.184733
0.110265
0.272717
0.065689
0.140393
-0.553872
0.787432
0.594736
0.006284
-0.404350
0.046896
-0.163746
-0.886776
0.081320
-0.030617
-0.041923
-0.369127
-0.402022
-0.085708
-0.103244
0.165850
-0.077512
-0.142167
-0.231155
-0.032808
-0.145822
-1.358904
-0.156160
0.355034
0.007527
0.066290
0.280428
0.285460
0.395190
0.388597
-0.104414
-0.852516
-0.063320
-0.293437
-0.294913
0.003169
0.320431
-0.132490
0.169761
0.309970
1.995231
-0.176171
0.443992
0.572456
-0.190560
0.406806
-0.837256
0.074665
-0.276593
-0.538451
0.055998
-0.096396
-0.037869
0.016006
-0.123466
-0.137300
0.128682
-1.052956
1.069150
0.040076
-0.101862
-0.216504
-0.167485
0.222513
0.132490
0.729962
-0.022939
0.239932
0.177705
-0.750928
0.102337
-0.219044
0.245018
0.011577
-0.280244
-0.042711
0.002723
0.025416
0.012041
0.362060
0.126283
-0.124528
0.621190
0.086407
-0.422211
-1.226449
0.090557
-0.092150
0.538528
-0.112469
-0.051517
-0.349713
0.100196
