ORIGINAL Mean: 0.006278
ORIGINAL Variance: 1.238282
Output:
0.127975
-0.113783
-0.123581
0.048694
-0.344663
-0.065085
0.063164
0.334054
0.460090
-0.034944
0.470650
-0.510404
-0.489825
0.004245
0.125987
0.403970
0.321438
0.186339
0.297103
-0.684244
-0.186270
0.429534
0.572385
0.065515
-0.278226
-0.365168
-0.053703
-0.057624
0.029081
0.127086
0.078753
0.178002
-0.207708
0.476614
-0.078673
0.230579
0.064680
-0.498354
-0.005623
0.507549
-0.089297
0.160325
-0.323744
-0.017409
-1.332401
0.156073
-0.061551
-0.195992
0.124583
-0.230882
0.214654
0.498784
0.203461
-0.418529
-0.870968
0.564251
0.658432
-0.211438
-0.322582
0.020437
-0.096964
0.048976
-0.081628
-0.294805
0.878585
-0.070199
0.048025
-0.728882
0.510491
-0.000107
0.400459
0.889120
-0.094478
0.024619
-0.412079
-0.740922
0.119466
0.343248
-0.020762
-0.095047
-0.133910
-0.167622
1.405740
0.111888
0.143543
-0.388962
-0.177087
-0.482175
-0.760981
0.075350
-0.141222
-0.071641
-0.107493
-0.076849
0.202690
-0.302169
-0.385787
0.437321
-0.163275
0.268986
-0.091140
-0.004892
-0.108660
0.105248
0.380988
-0.673321
0.188790
0.055910
0.237356
0.328334
0.288232
-0.025286
0.523093
-0.698952
0.347353
0.077997
-0.195715
-0.064423
-0.030190
-0.029029
0.081190
-0.043987
-0.058032
0.067833
-0.079508
-0.026609
0.191351
0.848240
-0.293718
-0.291462
0.044454
0.243413
0.093391
-0.168412
-0.176675
-0.111453
-0.225711
-0.411013
-0.441895
0.610168
-0.258179
-0.748537
0.370072
0.453904
-0.099577
-0.451773
-0.329375
-0.033705
-0.183145
0.108392
0.071033
-0.480026
0.109806
-0.594946
-0.010622
-0.049670
-1.254630
0.052010
-0.138097
-0.149330
-0.112370
0.703692
-0.187066
0.071450
0.295976
-0.380949
0.034742
-0.145022
-0.094464
-0.126443
0.353904
0.127236
-0.049242
-0.120686
0.098592
0.230020
0.008281
-0.084304
-0.169278
0.276050
0.267523
0.123754
0.204645
0.299655
-0.077811
-0.787450
-0.221785
0.177097
-0.000055
-0.057038
-0.332884
0.440356
-0.522993
0.119551
0.100987
-0.242783
-0.002876
-0.299324
-0.568404
0.085720
-0.236153
-0.638408
-0.100893
0.325526
0.433703
-0.069514
-0.040868
-0.160675
-0.196938
-0.350790
-0.061485
0.129067
-0.130931
-0.227859
0.290642
0.335597
0.423524
-0.198496
0.176826
0.096208
-0.648905
0.632629
-0.375386
0.117608
-1.003098
0.180061
-0.210276
0.571503
-0.100054
0.307138
-0.326741
0.670334
-0.013182
-0.519743
0.124052
-0.005090
-0.108809
0.174868
0.178099
-0.203544
-0.029312
-0.671435
0.730912
0.413278
-0.143885
0.188142
-0.091897
0.346442
0.351478
-0.238404
0.096846
-0.845194
0.069718
-0.183838
0.046457
-0.241190
-0.443152
0.162507
-0.245116
0.255154
-0.127167
0.023560
0.000041
0.128933
0.084888
0.108660
0.017496
-0.426364
0.060128
-0.146488
-0.147394
0.338090
-0.746762
0.287582
0.145800
0.143503
-0.180832
0.642481
-0.102368
-0.634260
0.384613
0.113781
-0.022293
-0.257572
-0.748136
-0.181425
-0.108016
-0.115775
-0.077268
0.159286
0.268729
0.209553
0.279795
0.124352
0.340804
-0.270497
-0.064093
0.078025
-0.042245
0.092411
0.043538
-0.167351
-0.166543
-0.653033
-0.029173
-0.130909
0.563462
-0.056463
0.094273
-0.119266
0.093664
0.364157
-2.699568
-0.081123
-0.578839
0.060878
0.765072
0.293365
-0.354014
0.156627
-0.283123
-0.039696
0.319288
-0.174175
0.430190
-0.387623
-0.057506
-0.068329
-0.303636
0.062438
0.233039
1.570919
0.054501
-0.005316
0.370865
0.049323
-0.683453
-0.439108
-0.329184
-0.191940
-0.327749
-0.155790
0.238993
0.027268
0.144305
-0.262944
-0.597730
0.356142
-0.324658
0.510309
-0.245253
0.656692
0.006034
0.101870
0.027384
-0.144250
0.539060
-0.499680
-0.136220
0.040717
-0.004069
0.426162
-0.455928
-0.005706
0.056581
0.291501
0.056111
-0.062493
-0.118905
0.179268
0.557869
-0.629952
0.285285
-0.262841
0.399383
-0.101775
-0.528049
-0.007023
-0.121886
0.008804
0.628564
-0.169746
-1.042337
-0.614351
