ORIGINAL Mean: -0.028805
ORIGINAL Variance: 0.946692
Output:
0.765196
-0.681118
-0.195152
-0.233383
-0.326806
-0.029709
-0.378580
-0.139445
-0.241042
0.213223
-0.739680
0.290967
0.241169
-0.140864
0.154409
-0.124674
0.731223
0.856717
0.508886
-0.223690
-0.191337
0.932825
0.240999
-0.174042
-0.135689
-0.319212
-0.131670
0.004033
-0.226443
-0.266921
-0.044749
0.674072
-0.352878
-0.178819
0.165480
-0.270047
-0.096012
0.070261
0.011650
0.061344
-0.409679
0.188050
0.039365
-0.129603
-0.523615
0.207825
-0.049106
-0.305574
-0.263357
-0.401659
0.772242
-0.277262
0.023207
0.342562
-0.521451
-0.102334
0.428851
0.275402
0.020361
-0.042358
0.136848
-0.392898
0.112442
0.501362
0.121280
-0.096449
-0.298476
0.229307
0.284336
-0.912245
-0.178892
-0.308586
-0.034466
0.130241
-0.143651
0.045862
0.010749
0.123228
0.041105
0.607978
0.145333
-0.124089
0.385564
0.370135
-0.019319
-0.675855
-0.112573
0.320435
-0.244391
0.371007
0.333102
0.161352
-0.205129
0.537949
-0.655635
-0.410714
0.170924
0.074859
0.101002
0.155051
-0.443604
-0.319307
0.159527
-0.053169
-0.169262
0.189545
-0.068278
-0.045358
0.365372
0.338789
-0.245961
0.016280
0.315851
0.151810
0.292348
0.153089
0.450038
0.289366
-0.052297
-0.225360
0.034192
-0.106999
-0.245169
0.088308
0.298329
-0.184701
0.104388
0.215913
-0.154314
-0.085998
0.058526
-0.130939
-0.188010
-0.059297
-0.132657
0.259521
0.167253
0.213274
-0.306323
0.115087
-0.107447
-0.540779
-0.049928
-0.514281
0.031538
0.067715
-0.105214
-0.556870
0.116673
0.510440
0.003936
0.320897
-0.803436
0.367563
-0.274126
0.022495
-0.269081
0.368990
-0.087265
-0.067041
-0.222258
0.446792
0.076316
0.172833
0.111032
-0.052958
0.079390
0.112461
-0.023214
-0.050927
-0.130382
0.361153
-0.031694
0.414439
0.148010
0.104812
0.050497
-0.200914
-0.237154
-0.141123
-0.160334
-0.561682
-0.063342
-0.255329
-0.101580
-0.601853
0.059651
-0.584943
0.000020
-0.102808
-0.297882
-0.135811
-0.500072
0.002494
0.126557
-0.012064
-0.021473
0.053044
0.601225
-0.189450
-0.458240
-0.479981
-0.079759
-0.003027
-0.217700
0.186850
-0.075674
-0.228992
-0.332501
0.226606
-0.214319
0.205180
0.084760
-0.431745
-0.013617
-0.144500
-0.300119
-0.263907
0.062558
-0.262169
-0.620310
0.385119
-0.232218
0.350057
-0.103859
0.566109
-0.000306
0.767266
-0.023470
0.069637
-0.296094
0.159146
-0.062815
-0.140637
0.122167
-0.111071
-0.235193
0.235035
0.253933
-0.094511
-0.003438
0.332041
0.277194
0.742927
-0.401367
-0.086727
-0.319568
0.206773
0.090072
0.139963
0.195095
-0.134148
-0.235372
0.120975
0.248841
0.131422
-0.274527
0.190308
0.125772
-0.355500
-0.135958
0.304139
0.075333
0.001042
-0.187750
-0.218775
0.175452
-0.114053
-0.407567
-0.027519
-0.303615
-0.788267
0.049733
-0.010142
0.168902
0.059715
0.842408
0.029821
0.077286
-0.871187
0.234598
0.130259
-0.017776
-0.249678
-0.207815
0.179527
0.012221
-0.001647
-0.769460
0.107741
0.096953
-0.210622
0.171984
-0.576202
0.357910
-0.366685
-0.015726
0.113509
-0.308850
-0.015068
-0.203948
0.007434
-0.214479
0.010706
0.113145
0.368274
0.187535
0.065857
-0.457308
-0.106455
-0.056655
0.348063
0.648806
0.141052
0.258449
0.205911
-0.485000
0.349444
-0.027998
-0.054516
0.586429
0.182439
0.145543
0.156990
0.297091
1.144276
0.045083
0.214836
0.026753
0.044271
0.622225
1.838810
0.439400
-0.108600
0.305733
0.233247
-1.115887
-0.423921
-0.121697
-0.446872
-0.352204
-0.442306
-0.048578
-0.102304
0.158189
0.124525
-0.291833
-0.051379
-0.190756
0.410981
-0.211783
0.370931
-0.308300
0.639376
-0.215470
0.314228
-0.215838
-0.538030
0.227341
-0.128848
0.279632
0.418225
-0.086018
0.181699
-0.035627
-0.014072
0.231689
-0.381115
0.034612
-0.673561
-0.268189
-0.712246
0.182074
-0.626231
-0.123371
-0.617889
-0.607939
0.130690
-0.252229
0.282194
0.710710
0.843786
0.032203
-0.186563
