ORIGINAL Mean: -0.025934
ORIGINAL Variance: 0.994191
Output:
0.116152
0.355043
-0.103081
-0.002812
0.190554
-0.080520
-0.552526
-0.076541
-0.044923
-0.037220
-0.269644
0.403743
0.309127
0.071182
0.330020
-0.238166
0.807092
0.529749
0.213657
-0.502865
-0.264557
0.159229
0.456586
-0.411442
-0.084757
-0.016270
0.301396
0.143239
-0.414077
-0.364290
1.055181
-0.018567
0.732936
0.397599
0.400084
-0.207222
0.936311
-0.132674
-0.040136
0.135716
-0.242178
-0.065443
-0.869473
0.267925
-0.450704
0.050833
0.052859
0.191915
0.126699
0.269021
0.535468
0.009568
-0.000284
-0.957546
-0.630685
0.495769
0.150764
0.608199
-0.206965
-0.425210
-0.397930
-0.291944
0.445710
0.126638
-1.075544
-0.095043
-0.212242
0.539753
-0.070230
0.499604
0.036646
-0.556504
-0.123203
0.204511
-0.206909
-1.054479
-0.092777
-0.156016
0.195655
-0.137687
0.230117
-0.095040
0.449238
0.558860
0.023505
0.304009
-0.155056
0.450441
0.689947
0.215106
0.460618
0.528353
-0.224304
-0.744455
-0.628444
0.270812
0.121432
0.452065
-0.163529
-0.005965
-0.116741
-0.157851
-0.070847
-0.013756
-0.172159
0.156478
0.377304
0.331502
0.080843
0.812795
-0.111264
0.068403
0.638346
-0.338132
0.379221
0.146815
0.516653
0.664449
-0.187731
-0.086817
-0.108286
-0.354942
0.274131
0.781207
0.248643
-0.145465
-0.006986
-0.130964
-0.460552
0.168347
0.016780
0.030464
0.147658
0.015914
-0.019322
0.333379
0.030028
0.435095
-0.123519
-0.251685
0.058519
-0.438643
-0.154474
-0.294827
0.158188
0.128862
-0.252418
-0.035307
0.462076
-0.715617
-0.047860
0.391127
-0.107844
-0.057275
0.553930
-0.134373
0.181137
0.231185
-0.179771
-0.074958
0.141741
-0.389162
0.359466
-0.001142
0.340190
0.220056
0.194872
-0.320475
-0.067117
0.026056
-0.353470
-0.399501
0.286125
-0.114086
0.319120
-0.141304
0.507585
0.370812
-0.192183
0.371607
-0.028964
-0.708215
-0.138899
0.180874
-0.084733
0.043879
-0.090355
0.460152
0.000122
-0.118663
0.263094
-0.488620
0.243615
0.036692
0.097396
0.243283
-0.037965
-0.079045
0.001475
0.163242
-0.305044
0.238804
0.253748
0.436415
0.535657
0.120714
0.015868
-0.023858
0.100516
-0.622671
-0.205685
0.409609
0.099492
0.169867
0.052084
0.188588
-0.265707
0.176218
0.478801
0.009828
0.773711
0.106425
-0.291580
-0.614472
-0.118574
0.165288
-0.005089
0.605301
0.087247
0.073739
0.189719
0.070871
0.008825
-0.044636
-0.329716
0.232161
-0.008193
0.118473
0.851391
0.009187
0.151231
-0.189855
-0.473865
-0.283373
0.004474
-0.185468
0.057930
0.186164
-0.124814
-0.171262
-0.411734
-0.079108
0.004961
-0.378564
0.272672
0.084652
-0.370355
0.112560
0.240804
-0.706484
-0.385424
-0.595499
0.055535
-0.115561
0.066613
0.224379
-0.034338
-0.053145
-0.183075
-0.310829
-0.532762
-0.538443
0.046747
0.230553
-0.175919
-0.342484
0.204970
-1.104520
-0.474499
0.248696
-0.098650
-0.408538
-0.103642
0.212167
0.068438
-0.125756
-0.018423
0.080996
0.370305
0.028788
0.213840
-0.477037
0.054455
0.042919
-0.471376
-0.268588
0.350533
-0.127981
0.496975
0.083173
0.413114
0.045201
-0.080075
-0.266753
-0.038960
-0.346109
-0.768730
-0.106746
0.172766
-0.076203
-0.275169
0.039486
-1.245605
-0.249811
-0.220439
0.032981
0.007481
-0.535365
-0.433401
0.337075
-0.024058
0.321610
-0.737063
-0.098331
-0.031740
0.258193
-0.007532
0.173750
0.579707
0.085587
-0.282429
1.952419
0.094031
0.368489
0.108522
-0.073575
0.460392
-1.049524
0.333201
-0.225734
-0.349034
-0.157617
0.175456
0.188594
0.022559
0.135104
0.365795
0.183703
-1.157818
0.307413
0.204993
-0.227274
0.136189
0.524877
0.048891
-0.053418
-0.492011
0.033329
0.197202
0.355332
-0.106382
-0.155590
-0.352421
0.082476
0.114678
-0.043388
0.127775
0.188952
0.130202
0.170622
-0.072674
-0.086740
-0.053896
0.506153
-0.550231
-0.353920
-0.722290
-0.551651
-0.197438
-0.068934
-0.026279
0.371919
0.318723
0.235174
