ORIGINAL Mean: 0.053052
ORIGINAL Variance: 1.055492
Output:
-0.018744
-0.035988
0.331146
0.014229
0.323841
0.009514
-0.020963
0.144369
0.210748
-0.263752
0.046245
0.157022
0.007242
-0.036113
-0.188001
0.005880
-0.501047
-0.253794
0.044821
-0.260935
0.023633
-0.003955
-0.024767
-0.090361
0.016084
0.277303
-0.168636
0.108448
-0.261498
-0.307088
-0.063919
-0.013023
0.274109
0.471221
0.056372
0.057767
-0.018453
-0.148463
-0.062004
0.082879
-0.163708
-0.253274
-0.021992
0.045658
-0.114869
-0.225749
-0.024898
0.019727
0.412791
0.031237
-0.485785
-0.276217
0.097029
-0.473998
0.041034
0.116964
0.121750
-0.295797
0.008406
0.190169
-0.201814
0.251168
0.112908
0.057899
0.058517
-0.063726
0.147305
0.387234
-0.128680
0.269358
0.101714
0.054687
-0.009768
0.092019
0.092431
-1.176133
-0.116347
-0.383751
-0.152967
-0.218431
0.099177
0.032686
0.044185
0.150630
0.101065
-0.287939
-0.137052
0.022905
-0.080741
0.105894
-0.004315
-0.157455
-0.299409
-0.312584
-0.101909
-0.086185
-0.103038
0.011784
-0.197807
-0.034680
0.302975
0.529681
-0.233627
0.144444
-0.214918
0.217050
0.445846
0.178820
-0.204447
-0.108891
0.052650
-0.081843
-0.032708
0.136049
-0.062031
0.264636
0.339405
-0.156422
0.287202
0.277758
-0.037831
-0.175824
0.265544
0.218913
0.037098
0.302219
0.240270
0.107188
0.071244
0.054944
0.034992
0.176646
0.172734
-0.092777
-0.215043
0.448827
0.162694
0.122037
-0.094011
-0.287718
0.105873
0.383803
-0.369021
-0.047155
0.133735
0.002679
0.183610
0.442389
-0.127223
-0.240609
0.089164
0.062292
-0.075983
0.078667
0.123443
-0.142362
0.139784
0.148506
-0.366537
-0.210756
0.171340
-0.206456
0.135939
-0.135701
0.087370
-0.167337
0.233076
0.058650
0.289106
0.179516
-0.102996
0.020718
-0.042917
-0.000577
0.012358
-0.064977
0.280037
0.534449
0.009635
0.004410
-0.155764
0.024666
0.271098
-0.120299
0.038376
-0.310588
-0.144174
0.018474
-0.000098
-0.067984
0.272942
0.083592
0.030562
0.197238
0.157217
0.258072
-0.206217
-0.081163
-0.102516
-0.432411
-0.051709
0.211553
-0.058452
0.165785
0.005374
-0.111677
0.086339
-0.219561
0.166706
0.306997
0.161438
-0.290883
-0.282475
0.031827
-0.000429
-0.012928
-0.015239
-0.170668
0.033781
0.175560
-0.312111
-0.194774
-0.002357
-0.034504
0.219896
-0.076182
0.106612
2.476740
0.335527
-0.184711
0.085282
0.176393
-0.088294
0.063215
-0.210324
-0.179067
-0.013701
0.248474
0.214300
0.039537
0.253081
-0.383528
0.041028
-1.377693
0.130441
0.094785
0.164632
0.045291
-0.198267
-0.043527
0.226411
-0.032480
0.223476
-0.257427
0.023914
-0.043011
-0.278689
0.050174
-0.166961
0.266698
0.082152
-0.265247
0.260904
0.072549
0.207636
-0.031546
-0.015417
0.050135
0.232849
-0.058487
0.386776
0.048404
-0.094818
0.078809
-0.001235
-0.101285
0.241954
-0.111974
-0.067147
0.264215
-0.055008
-0.029482
0.067257
0.429113
0.336147
0.051221
0.010486
-0.002449
0.127366
-0.068321
-0.001672
-0.009258
-0.110809
-0.212866
-0.136521
0.171665
-0.282942
-0.072505
0.007438
0.021047
-0.097087
-0.214773
0.257892
-0.178199
0.141933
-0.352417
-0.152017
-0.130300
0.052491
-0.143548
0.092388
0.046499
0.240142
-0.383257
0.003333
0.075092
0.136288
-0.331978
-0.367323
-0.082282
0.041073
-0.214176
-0.090436
-0.181749
0.074599
-0.170292
0.136901
-0.148665
0.172073
0.091574
-0.262726
1.894868
0.128907
-0.308148
0.047359
-0.129335
0.178568
-0.919282
0.094323
0.431569
0.053637
-0.094378
0.360361
-0.000961
-0.084080
0.021395
0.024093
-0.080693
-0.074793
-0.089019
0.066460
-0.232883
0.238923
0.340438
-0.018688
0.031234
0.106207
-0.011700
0.095146
-0.123182
-0.294139
-0.373252
0.101149
-0.083672
-0.331257
-0.016061
-0.216513
0.179210
-0.106727
-4.435304
-0.272354
0.022270
-0.040840
0.153573
0.145995
0.007068
0.165977
-0.132445
0.114155
-0.156660
-0.083283
-0.374756
0.082001
0.057176
