ORIGINAL Mean: -0.013313
ORIGINAL Variance: 1.471908
Output:
0.288329
0.522269
-0.129822
0.307543
-0.302076
-0.267690
-0.284346
0.156610
-0.214230
-0.347069
1.128263
-1.181094
0.297706
-0.062387
-0.012430
0.221078
0.301631
0.062427
-0.003123
0.945676
-0.081057
-1.543868
0.657699
-0.105043
-0.026775
-0.076495
0.530260
-0.010903
-0.308760
0.299528
0.707946
0.039033
-0.117559
-0.121554
-0.088075
-0.091389
0.437647
-0.295309
-0.024046
-0.373374
-0.523312
0.257438
-0.444462
0.078023
-1.061520
-0.020124
0.118292
-0.051024
0.157335
0.276278
1.073747
0.212774
-0.060042
0.007891
-0.093004
0.708738
-0.055461
0.175873
0.213366
0.308574
-0.224905
0.468863
1.176835
-0.063953
-0.196695
0.217380
-0.655887
-0.007080
-0.251604
0.325525
0.108944
-0.233902
0.226127
0.029224
-0.510001
-0.896634
-0.322669
-0.102487
-0.035689
-1.288566
-0.247531
-0.183582
0.671335
-0.850654
0.307852
0.513924
0.271693
-0.268077
1.209613
0.135970
1.103361
0.093500
1.556934
-0.031841
0.348339
0.434634
-0.410673
-1.287554
-0.401389
0.062208
-0.160886
0.054827
-0.598454
-0.192977
0.301319
-0.316293
0.414541
-0.199060
0.492331
0.412996
0.032998
-0.003106
0.006291
0.130803
-0.000226
-0.475487
-0.602606
-0.301357
0.032948
0.479271
-0.052186
-0.084540
-0.169567
-0.186025
-0.624583
-0.232346
0.382522
-0.387444
0.572709
0.422979
-0.012964
-0.352689
0.101937
-0.766597
-0.017076
0.379860
-0.231397
-0.179780
0.089333
0.114761
-0.075971
-0.634735
0.547947
0.187687
-0.000770
-0.214243
-0.496371
0.282177
-0.759748
0.885735
-0.463762
-0.813341
1.145936
-0.406239
0.504351
-0.161772
0.547158
0.201312
-0.283276
-0.146241
-0.190746
0.488231
0.374046
-0.192426
0.204442
0.296254
-0.152977
-0.099715
-0.034327
-0.083063
-0.224626
-0.559301
0.228246
-1.125820
0.056468
0.138696
0.118097
-0.103060
0.175590
-0.274066
-0.180521
0.132374
-0.197262
0.653795
0.083761
0.147154
-0.113373
1.077684
0.000087
-0.146981
0.338283
0.134338
-0.027448
0.123260
-0.001414
0.090484
-0.048994
-0.187043
0.861905
0.882818
0.047427
-0.114395
1.175487
0.108501
-0.263993
-0.010619
0.463506
0.248313
0.496761
-0.752655
-0.186739
0.190445
0.021946
0.335123
0.098996
0.346507
-0.359602
0.427584
1.028791
0.319087
-0.265013
0.568390
0.058536
-0.067898
0.415563
0.152864
0.068555
0.888537
0.205794
0.396888
-0.034377
-0.487044
-0.041614
0.078211
-0.435173
-0.449807
0.270726
0.064884
0.319481
-0.929233
-0.296920
0.119254
-0.387313
-0.528043
0.167549
-0.201951
0.304584
0.345889
0.177296
-0.315441
-0.552194
-0.994733
0.194015
0.099331
-0.101937
-0.232085
-0.385926
-0.027098
-0.438000
1.069711
-0.083607
0.123314
0.007646
-0.199920
0.101076
-0.351048
0.037266
-0.180686
-0.482156
0.152773
-0.357905
0.255448
0.211068
0.435620
-0.325805
0.543806
-0.357441
0.257931
-0.156673
0.757698
-0.086030
0.844951
-0.162284
-0.230135
0.747618
0.227053
-0.112350
-0.707376
-0.202949
0.180007
0.167275
0.117836
0.077377
0.382571
-1.201402
0.782515
0.069232
0.058999
-0.285973
0.345824
-0.085149
0.129089
-0.271094
-0.830400
-0.117952
-0.091987
0.445005
0.051576
-0.349518
-0.111317
-0.193530
-0.608251
0.187067
-0.375442
-0.079692
-0.113276
0.139404
0.693667
-0.205618
1.223099
-0.088880
0.418267
0.269849
-0.014146
-0.052470
-0.499748
-0.014490
0.506903
-0.182675
-0.129134
-0.242479
1.787524
0.410433
0.338706
-0.294554
-0.244075
0.721787
-0.521214
-0.505180
-0.163776
-0.913200
0.166539
-0.292792
-0.623200
-0.124003
-0.180008
0.674254
0.553031
0.224655
-1.067107
-0.112438
0.326257
-0.099794
0.062618
0.218157
-0.079522
-0.096769
-0.171431
-0.232044
0.577175
-0.316344
0.216999
0.179526
-0.213084
-0.457978
-0.145586
0.086401
0.327879
-0.183949
-1.077326
0.730027
0.354525
-0.152035
0.080175
0.043674
-0.208341
0.520815
-0.168740
0.093356
-0.515707
-0.209998
-0.207108
0.050350
-0.370758
