ORIGINAL Mean: -0.000296
ORIGINAL Variance: 1.194308
Output:
-0.267547
-0.654199
0.036880
-0.340302
0.028124
-0.138107
1.019193
-0.438767
-0.091658
0.080688
-0.240343
-0.351947
-0.481720
0.059120
0.005754
0.163658
-0.061369
0.447060
-0.339920
0.664907
0.177111
0.389588
-0.296806
0.116349
-0.126436
-0.023261
-0.444170
-0.316802
0.150694
0.374539
0.001434
-1.118931
-0.572192
0.025615
0.417838
0.077984
-0.153145
0.749763
-0.113254
-0.092455
-0.395913
0.131928
1.126536
0.049651
-0.141027
0.045889
0.233951
-0.134739
-0.280325
0.073767
0.164410
-0.481476
-0.281107
0.785195
0.893571
-0.422976
-0.584852
0.164761
0.246132
-0.434904
0.276770
0.091333
-0.580190
0.085166
-0.458389
0.005205
0.933873
0.355235
-0.092718
-0.097395
-0.389294
-0.127456
0.042579
0.078938
0.652212
0.573968
0.323150
0.153579
0.007572
0.050559
0.294691
0.351931
0.109322
-0.262098
0.164094
-0.061192
0.190303
0.108369
0.667655
-0.133955
0.457782
0.312602
0.787706
0.170524
-0.152817
-0.620124
-0.215157
0.654192
0.030890
-0.168533
-0.792349
-0.196164
0.293288
0.369754
-0.150177
0.547612
-0.235904
-0.666550
0.395266
-0.213551
-0.354621
0.029189
-0.107530
0.957412
-0.070482
0.148680
-0.511266
0.082041
0.124921
-0.334692
-0.063888
0.152349
-0.686686
-0.581691
-0.041227
0.209943
-0.239410
0.005405
-0.084395
-0.347966
0.069410
-0.693682
-0.203657
0.220653
0.127408
-0.415836
0.075044
-0.717001
0.128190
0.027740
0.435522
-0.102979
0.182036
-0.751473
0.024428
0.425685
-0.636611
-0.093486
0.047847
0.515251
0.266652
0.037815
0.331948
-0.536949
0.349893
0.143978
-0.649194
-0.006212
0.157668
-0.059810
-0.337099
-0.236877
0.044132
0.121603
-0.081903
0.036336
-0.197438
0.095549
-0.122616
-0.211961
-0.166523
-0.004252
0.154688
0.502725
-0.020583
-0.002355
0.065496
-0.578051
0.112411
0.499488
0.302390
-0.036436
-0.026096
0.064181
0.047241
-0.182945
0.061659
0.484039
-0.000001
-0.030246
0.238161
-0.892234
0.911618
0.147953
0.259337
-0.321920
0.108475
0.068043
-0.768204
-0.011971
0.127111
0.024341
-0.789357
-0.378481
0.006801
0.052807
-1.270098
0.088792
0.200872
0.041563
-0.021367
-0.598925
0.138907
-0.385538
-0.175357
-0.319884
-0.222227
0.023019
-0.831337
-0.192569
-0.511883
-0.300985
-0.072898
0.711952
-0.608529
-0.147686
0.098054
0.891245
-0.134597
0.084082
0.098373
-0.190728
0.076327
-0.070971
0.099559
-0.382691
-0.074695
-0.058816
0.058699
0.378121
-0.186121
0.342132
0.779968
0.732979
-0.063435
-0.064685
-0.228317
-0.754812
-0.007506
0.077565
0.334878
-0.116115
-0.071444
-0.071822
-0.634695
0.074050
0.160701
-0.187074
-0.390935
0.093655
0.370828
0.958865
0.050624
-0.352788
0.035121
-0.901574
0.061323
-0.368938
0.322075
0.193638
-0.959791
0.057344
-0.357189
-0.530989
-0.035247
-0.282338
-0.078083
0.936015
0.253136
0.366367
0.124113
0.556081
-0.145325
-0.491121
-0.457060
-0.516035
0.189713
0.072883
0.461707
-0.029504
-0.218987
0.207852
-0.082363
-0.224048
0.446881
0.127181
-0.040029
0.072971
0.379462
-0.298525
-0.534271
0.109887
0.104930
0.217491
-0.042997
0.519847
0.257176
0.306863
-0.341985
0.115372
0.112246
0.258584
0.183098
0.384268
-0.167004
-0.129900
-0.275808
0.184621
0.559224
-0.253947
-0.226919
0.042015
0.669543
-0.182796
-0.340634
-0.501491
0.061641
-0.060543
0.274178
-0.164452
-0.062143
1.779137
0.058548
0.366218
-0.535552
-0.142941
0.484454
-0.384730
0.265527
-0.131860
-1.038382
-0.068903
-0.465158
-0.502156
-0.026169
-0.028782
-0.408640
-0.538974
1.492705
-0.508877
-0.207469
0.398283
-0.180394
-0.059843
0.007928
-0.153234
0.106158
0.139323
0.114898
-0.597555
-0.550944
-0.220719
0.073919
0.167434
0.381266
0.184883
0.021138
-0.085758
0.109601
0.076949
-0.229402
0.455460
0.253042
0.378113
-0.255314
-0.790402
-0.507815
1.074800
0.133136
0.908752
-0.300380
0.052193
0.299354
-0.079267
