ORIGINAL Mean: 0.045691
ORIGINAL Variance: 1.063418
Output:
0.372007
-0.055795
-0.019611
-0.007652
0.025918
-0.189550
0.127647
-0.046120
-0.370389
0.154427
-0.138500
-0.113460
0.038399
-0.201008
-0.251412
0.006889
-0.020262
0.096200
0.084390
0.006809
-0.072410
0.117474
0.250294
-0.104772
-0.215558
-0.440993
0.078711
-0.183370
-0.135495
-0.101771
0.186258
0.346490
-0.255346
0.010288
-0.393455
0.060572
0.225669
0.244860
-0.064547
0.062434
-0.048076
0.439735
0.138096
-0.145112
-0.935749
0.332963
0.237383
-0.401737
-0.093135
-0.437757
-0.067354
-0.151738
-0.098248
0.873504
-0.238141
0.001595
-0.041765
0.079125
0.371700
-0.072838
0.204188
-0.038826
0.168622
0.118083
-0.332849
-0.034601
-0.183284
-0.145028
0.103077
-0.377398
0.038834
-0.018239
0.004695
0.108320
0.195991
0.324529
0.044361
0.121186
-0.133978
0.090508
0.006825
-0.225077
0.570619
-0.151152
0.161612
-0.040766
0.213949
0.057346
0.109405
0.145901
0.023968
0.188914
0.148604
0.420817
-0.050823
-0.229048
-0.009430
-0.034782
-0.008172
0.079540
0.101971
-0.314565
-0.109125
-0.127810
-0.123291
-0.240746
-0.111625
-0.140964
0.114301
0.150308
-0.049839
-0.018660
0.110217
-0.227599
0.142238
-0.367572
-0.021717
-0.114763
-0.052281
0.172024
0.029890
0.373290
0.065412
-0.511799
0.025215
-0.186709
-0.010882
0.263485
0.340519
0.233565
0.057103
-0.242443
-0.162447
0.177699
-0.313390
0.105628
0.087890
-0.046777
-0.055192
0.094320
0.188450
-0.411156
0.680713
0.007547
-0.186498
-0.132571
-0.046586
-0.457963
-0.050175
0.461597
-0.148134
0.097558
-0.397191
-0.104055
0.071416
-0.017355
-0.303931
0.046667
-0.036610
-0.198185
-0.462037
0.705825
-0.194743
0.007952
0.190755
0.165852
0.163250
0.222982
-0.119003
-0.373282
0.150192
0.115855
-0.049988
0.134054
0.205956
0.221896
0.019272
-0.625324
-0.091026
-0.212398
-0.058359
0.426946
-0.472719
0.054732
-0.034308
-0.234453
-0.064944
-0.427260
-0.000144
-0.284718
-0.029593
0.068918
-0.190177
0.134287
0.212073
-0.166491
-0.266784
-0.262652
-0.186828
0.289858
0.089643
-0.099027
-0.167746
-0.122843
-0.116942
0.016635
-0.125430
-0.111112
0.182470
-0.040477
0.001079
0.113297
0.015335
-0.068199
0.145363
-0.262182
-0.011530
-0.190596
0.351421
0.002756
-0.242595
0.781667
-0.153866
-0.027908
-0.084377
0.085107
0.208888
2.289453
-0.012640
0.058293
-0.348851
0.163000
-0.016904
0.044247
0.101892
0.078722
0.195246
0.300463
0.070826
-0.015318
-0.131952
0.356948
-0.025591
0.021701
-0.474005
-0.063347
0.105973
-0.187368
0.416359
0.042367
0.229478
0.176904
-0.153114
0.197366
-0.093142
0.008407
-0.156900
0.035260
-0.122666
-0.043779
0.140277
0.222541
0.109867
0.030136
-0.228976
-0.369955
0.037427
0.095960
-0.110952
0.251376
-0.382837
-0.127827
0.361228
-0.054867
0.197981
0.153207
-0.155715
0.301955
-0.032874
-0.188160
0.194339
0.044950
0.124215
-0.331128
-0.318754
-0.109527
-0.141168
-0.134338
-0.222616
0.093554
-0.077147
0.225956
0.111388
-0.482973
0.084243
0.345432
-0.208094
0.142456
-0.021617
-0.255292
0.147617
0.127633
-0.029205
-0.083071
-0.031100
-0.127542
0.547554
0.072943
-0.377569
0.227628
0.078319
0.174935
0.138855
0.254256
-0.368017
0.015820
-0.221729
0.406955
0.148592
0.217739
0.042349
-0.042748
0.097049
0.018061
-0.038388
-0.434463
0.132544
0.023133
0.153396
-0.026455
0.182388
1.673770
0.388032
0.135633
0.214889
0.000372
0.049837
-0.214775
-0.321906
-0.247956
-0.070174
0.051511
-0.354032
-0.163032
0.125376
0.032573
-0.038993
0.167308
-0.067501
0.182327
-0.358222
0.461429
-0.141085
0.117180
-0.071359
0.316086
-0.340890
-0.528047
-0.103998
0.111890
0.249328
0.302919
-0.079751
0.027570
0.160280
0.009494
-0.038979
-0.143413
-0.036565
-4.489413
0.362459
0.029030
0.014781
-0.356515
0.096780
-0.425241
-0.188397
0.100693
-0.099122
0.064187
0.352097
0.614427
0.041802
-0.304919
