ORIGINAL Mean: 0.032462
ORIGINAL Variance: 1.018734
Output:
0.050643
-0.212715
0.226968
0.190097
0.096123
-0.029912
-0.008468
0.319811
0.157159
-0.098819
-0.016874
0.139610
-0.124720
-0.212452
-0.208827
0.117415
-0.464496
-0.208612
-0.054533
-0.373230
0.042010
-0.085731
-0.011317
0.081878
0.155212
0.325774
-0.231536
0.270751
-0.158606
-0.141888
-0.025487
0.112413
0.397706
-0.602393
-0.163810
0.102627
-0.109986
-0.158131
-0.038002
-0.041666
-0.196233
-0.169805
0.032128
-0.087354
-0.354085
-0.201541
-0.161817
0.296168
0.430699
-0.044154
-0.366641
-0.477111
-0.006220
0.279879
0.095227
0.139381
-0.116029
0.002688
0.141641
0.253091
-0.136242
0.458693
-0.030870
0.118433
-0.109584
0.162241
-0.062324
0.368551
-0.116335
0.046968
0.096111
0.208047
0.078323
0.065406
-0.418603
-0.753142
-0.481722
-0.393543
-0.271301
-0.108412
-0.093746
-0.180276
0.150926
0.201926
-0.115222
-0.058866
-0.131867
0.231926
-0.019378
0.185357
-0.239039
-0.238731
-0.181268
0.150981
-0.154871
0.247287
-0.104746
-0.182764
-0.241959
-0.045425
0.355581
0.745914
-0.314703
-0.231993
0.051143
-0.142196
0.354520
-0.033193
-0.140074
-0.534482
-0.042523
-0.150175
-0.111733
0.254929
0.022744
0.177693
0.252557
-0.094100
0.291267
0.391940
-0.043821
-0.010838
-0.013321
-0.108323
0.056432
0.067311
0.322911
0.178412
0.026191
0.264224
-0.003475
0.252817
0.257376
-0.010648
-0.249056
0.510143
0.223474
0.119655
-0.104222
-0.359982
-0.078481
0.461746
0.140896
0.012181
0.101488
-0.066762
0.290165
0.429021
-0.090692
-0.156479
-0.196299
0.028515
-0.058036
0.064257
0.119937
-0.257991
0.243611
0.265118
-0.255532
-0.236896
0.219957
0.679137
-0.064159
-0.198022
-0.038364
-0.057485
0.065609
0.217988
0.421015
0.211009
-0.048808
0.139519
-0.142140
-0.067425
-0.166434
-0.071170
0.044173
0.131619
0.090202
-0.049796
-0.519911
-0.049255
-0.165177
-0.039535
0.189391
0.013141
-0.126652
0.011956
-0.000125
-0.052042
0.103677
0.139574
-0.122029
0.159753
0.140544
0.190064
-0.000172
-0.347239
0.023836
-0.317565
0.108205
0.292515
-0.022578
0.248519
-0.028653
-0.002451
-0.052630
-0.036141
0.305251
0.418213
0.131150
-0.250960
-0.147931
0.150728
0.044872
-0.050082
-0.141572
0.123939
0.151325
0.046243
-0.599564
0.010416
-0.116081
-0.066112
0.346463
0.026981
-0.026846
2.602176
0.134162
-0.012040
-0.203162
0.191881
-0.140896
0.261439
-0.368445
-0.103803
0.270535
0.201279
0.280615
-0.005454
0.148316
0.037909
-0.292246
-0.538467
-0.018062
0.042177
0.075966
-0.097855
-0.360852
-0.059296
0.098247
-0.015695
0.398347
0.143212
0.113043
0.025676
-0.179928
0.165074
0.118434
0.293462
-0.003031
-0.163619
0.292260
0.104952
0.005506
0.078095
0.070801
-0.077618
0.002939
0.254263
0.423841
-0.030247
-0.244271
0.087436
0.097011
0.069781
0.328707
-0.055397
0.009279
0.153320
-0.008052
0.149434
0.059407
0.735208
0.334809
-0.082863
-0.017527
0.076236
0.147824
-0.111274
0.022517
-0.196395
-0.246626
0.025406
-0.011232
0.198019
-0.299746
-0.073492
0.072014
0.081875
-0.224023
-0.016234
-0.089584
-0.334095
0.193559
-0.315845
-0.066726
-0.051638
-0.204684
-0.313036
-0.059634
0.137379
0.153571
-0.359036
0.049019
0.041724
0.181963
-0.239324
-0.360137
-0.049292
0.142641
-0.176463
-0.099816
0.009221
0.125964
-0.140650
0.099121
0.044528
-0.055754
0.059283
-0.302210
2.030884
0.264965
-0.475912
-0.022562
-0.153628
0.257918
-0.615813
0.013635
0.363055
-0.083248
0.056177
0.159690
-0.002288
-0.198876
0.158902
0.336600
0.257018
-0.045777
-0.114198
-0.028703
-0.003144
-0.044307
0.161551
0.111179
0.327431
0.113507
-0.216026
0.051960
0.321629
-0.132370
-0.010446
0.016130
-0.030921
-0.385043
-0.438867
-0.206154
-0.041871
-0.223719
-4.463177
-0.114806
-0.036375
-0.214053
0.287333
0.112470
-0.049388
0.189054
-0.199921
0.151795
-0.409529
-0.200867
-0.044086
-0.066144
-0.020375
