ORIGINAL Mean: -0.016780
ORIGINAL Variance: 1.167001
Output:
0.416656
0.662928
-0.131494
0.080392
-0.046057
0.195329
-0.071305
-0.087147
-0.604274
0.241232
-0.254177
-0.001058
-0.402910
-0.060526
0.029844
-0.263174
0.904702
0.204928
0.343719
0.225600
-0.187667
0.648729
0.260345
-0.259939
0.139435
-0.107170
-0.210524
0.052726
-0.426979
-0.268634
0.649358
-0.582034
-0.634056
-0.406424
0.043128
-0.183984
-0.141396
-0.195875
0.029116
0.032950
0.338095
0.146760
-0.099752
0.061069
-0.629275
0.071667
-0.053468
0.215063
-0.051893
0.153036
0.449613
0.007647
0.041192
0.003211
-0.703018
0.649879
-0.629784
0.353234
0.077822
-0.098519
-0.068986
0.266359
-0.676179
-0.404012
-0.452854
-0.118880
0.150344
-0.621709
-0.790586
0.183548
-0.689367
-0.075520
0.003688
0.334414
-0.519019
0.352116
-0.167767
0.016126
0.189866
-0.175670
-0.152601
-0.055589
0.662159
0.153461
0.197413
0.430075
-0.423597
-0.177354
0.554553
-0.374161
0.734865
-0.097053
-0.174012
0.526427
-0.137986
0.090826
0.768941
-0.514147
-0.137277
-0.014554
0.446140
-0.313500
-0.402043
-0.266655
-0.163572
0.189856
0.118404
-0.050077
-0.061748
0.018442
-0.839177
-0.064931
0.313621
-0.090129
0.800614
0.045761
-0.191853
-0.014690
-0.411971
0.430756
-0.095237
-0.022072
0.497984
0.350076
0.366761
-0.406384
0.209431
-0.209328
0.445284
0.561687
0.001618
0.322830
-0.016707
-0.001390
-0.247042
0.052197
0.055657
0.123623
-0.607335
-0.689610
-0.091387
-0.004961
-0.130549
0.333973
-0.008742
-0.251402
-0.401490
-0.115806
0.672615
0.191335
0.213588
0.214046
-0.228197
0.579186
-0.033349
-0.087013
0.988218
0.665053
0.178925
0.121444
0.003944
-0.470554
0.423134
-0.130570
-0.170153
0.194383
0.054812
-0.489453
-0.106260
0.081176
-0.147286
0.161651
0.158973
0.886181
-0.009582
-0.089103
0.095198
0.318614
-0.032533
0.407536
-0.492527
-0.004058
0.004397
0.236243
-0.124501
-0.123252
-0.089842
0.086432
0.000102
-0.253394
-0.056627
0.407321
-0.543091
-0.030810
0.136275
0.309195
0.061328
-0.008342
-0.611732
0.156443
-0.261587
0.262354
0.128925
0.123540
0.070431
0.248245
0.512736
0.047659
-0.400916
-0.513840
-0.194703
0.372110
0.216665
0.273478
-0.044142
-0.150262
-0.229381
0.579238
-0.506614
-0.155912
0.144295
0.092536
-0.385087
-0.017140
-0.884408
-0.264939
0.300689
1.329904
-0.093686
-0.027365
0.051179
0.138648
0.073880
-0.194791
-0.111076
0.344121
0.020059
-0.183171
0.218044
-0.639626
-0.088721
-0.012122
-0.276588
-0.377543
-0.107109
-0.185420
0.570733
0.040921
-0.178300
0.060969
-0.071491
-0.104572
0.185856
-0.049220
-0.156926
0.286739
-0.499614
0.090402
0.329444
-0.492524
-0.051735
-0.102443
0.097329
-0.215809
-0.377240
0.008263
-0.018826
-0.124858
-0.329447
0.113787
-0.039203
0.316781
0.159177
-0.032516
0.122234
1.264026
-0.146809
-0.603743
-0.028858
-0.073168
-0.697122
0.306196
-0.288421
0.636456
-0.094370
0.382773
0.021792
-0.149200
0.758543
0.045865
0.227931
0.142270
-0.357719
-0.342735
-0.283431
-0.121801
0.090627
-0.214501
0.119825
-0.076388
-0.015517
0.161991
-0.551189
0.116451
0.100378
0.024178
0.114021
0.021921
-0.094870
-0.356133
-0.226665
0.482291
-0.734168
-0.143987
0.543352
0.017140
-0.301660
0.003050
0.165786
0.026758
0.552674
-0.022736
0.863158
0.052510
0.076934
0.626949
0.075353
0.188616
-0.222343
0.095391
0.048376
1.941721
-0.191115
0.356480
0.279930
-0.039431
-0.682007
-0.868858
0.133940
-0.283179
-0.015425
-0.031315
0.035596
-0.108571
-0.074311
0.178196
-0.313064
-0.259801
-0.042172
0.729577
0.191266
0.172196
-0.282145
0.581072
0.263433
0.260767
-0.056360
-0.131395
0.163515
0.172074
-0.288304
0.066846
-0.483103
0.451074
-1.110939
-0.119544
0.242978
0.024648
-0.029592
-1.330563
-0.132438
-0.137681
-0.181396
0.098914
-0.137987
0.345064
-0.178304
-0.110427
-0.366646
0.025625
-0.087331
0.238041
-0.703334
0.313276
