ORIGINAL Mean: -0.012493
ORIGINAL Variance: 1.033676
Output:
-0.114091
-0.638556
0.078262
-0.099686
0.046467
-0.146622
0.347944
-0.487242
-0.306652
0.072947
0.195947
0.503214
-0.020719
0.030110
-0.178790
-0.240804
-0.103049
0.503604
-0.340821
-0.191321
-0.070250
-0.113313
-0.328617
-0.088850
0.017401
-0.240019
0.079756
-0.191161
-0.187433
0.173194
-0.281084
0.631592
0.360749
0.264787
0.448752
-0.036253
0.038654
0.715572
-0.139501
0.021535
0.504304
0.298009
0.142907
0.203525
0.355349
0.294176
0.432628
-0.030590
-0.223005
0.179750
-0.113119
-0.083964
-0.267191
0.962847
0.362935
0.153115
0.191594
0.021712
0.154275
-0.105355
0.117999
-1.029450
-0.295686
-0.237165
-0.371335
-0.164124
0.050572
0.106518
-0.168471
-0.093769
-0.192620
-0.239549
-0.010968
0.168546
0.556228
0.607122
0.328620
0.123242
0.172974
-0.361846
0.499135
-0.058900
-0.240532
0.052234
0.059689
0.109681
-0.101668
-0.333411
0.421648
-0.385203
0.964665
-0.382349
-0.187855
-0.082878
-0.397748
0.050932
-0.058176
-0.300119
0.110877
-0.137866
-0.364127
-0.164139
-0.079673
0.205872
-0.294271
0.206897
-0.408862
0.309430
0.257417
0.035856
-0.090747
-0.082162
0.388017
-0.226427
-0.808495
0.047777
-0.000090
-0.467334
-0.147311
-0.281484
-0.132277
0.273340
-0.103825
-0.515381
0.310428
-0.124534
-0.186484
-0.469079
0.287805
-0.217930
0.081747
0.145291
-0.309443
0.181727
0.109943
-0.162728
-0.072144
-0.296162
-0.158383
-0.068114
0.152771
-0.125898
0.462387
-0.344287
-0.121452
0.370258
-0.372981
-0.190105
0.289333
-0.204157
-0.173470
0.101898
-0.041463
-0.472409
0.093117
0.086586
-0.264418
-0.457227
0.335381
-0.069090
0.290402
-0.776695
-0.200495
-0.099583
0.179830
0.051693
0.080125
0.129351
-0.144159
-0.181875
-0.006342
-0.044485
0.185721
-0.173152
-0.057956
0.157318
0.118368
-0.504790
0.109621
-0.151673
0.057332
0.635519
-0.260661
0.669224
-0.049413
-0.452925
-0.073915
0.329742
-0.000112
-0.126509
0.434412
-0.239094
0.476828
0.093712
0.170845
0.022890
-0.106796
-0.180081
0.383754
0.089626
-0.029198
0.022966
0.636951
-0.186300
-0.142737
-0.001318
-0.192182
0.497310
0.203974
-0.575677
0.008287
-0.349231
0.213359
-0.195469
-0.095970
-0.172385
-0.424129
0.034922
-0.053466
0.101875
0.135772
0.146088
-0.084549
0.910236
-0.564717
-0.070017
0.112634
1.268168
-0.000633
-0.117025
0.222260
-0.024024
0.203995
0.063309
0.017192
0.299702
0.221020
-0.116433
0.033326
-0.251488
-0.087402
-0.130476
-0.177112
-0.337848
-0.005670
-0.173484
-0.040237
-0.393844
0.188866
-0.065077
0.501627
0.411050
-0.041019
-0.288119
-0.323058
-0.119622
0.006278
-0.327672
-0.298063
-0.734645
0.547146
-0.014216
-0.148330
-0.010378
0.002301
0.278993
0.042856
0.080786
-0.295459
-0.079664
0.147360
-0.011915
0.497065
-0.235152
0.091759
-0.230270
-0.047099
-0.232198
-0.210830
-0.628879
-0.041734
-0.199326
-0.034709
-0.060046
-0.669272
0.058568
-0.056631
0.149755
0.379065
0.041095
-0.118183
0.358230
0.354070
0.036532
0.307462
0.134561
0.067970
-0.060630
-0.217046
-0.348952
0.060115
0.252847
0.072183
0.243875
-0.007457
-0.146344
0.347893
0.059608
-0.030242
0.123930
0.022221
-0.955934
-0.632389
0.387760
0.230640
-0.101321
-0.121229
0.565571
0.659211
0.483992
-0.396840
0.589832
-0.056083
-0.143177
0.933567
0.030141
0.093713
-0.309597
-0.064695
-0.073314
-0.455186
1.891026
0.067391
0.634354
-0.334845
-0.208941
-0.179397
-0.539501
-0.284949
-0.115011
0.751864
0.147763
-0.440983
-0.387948
0.066075
0.171955
-0.310354
-0.137127
0.174382
-0.028398
-0.201807
-0.174943
0.098964
0.260168
0.107771
-0.097234
-0.108303
0.275153
0.025645
-0.628234
0.106792
-0.196532
-0.211871
0.225724
1.148935
0.029676
-0.090796
0.149240
-0.088300
-0.033075
0.041239
0.006360
0.168605
0.298644
-0.114520
-0.144732
0.299623
-0.263724
0.021658
-0.150033
-0.547921
0.169386
1.008413
0.216340
