ORIGINAL Mean: -0.027851
ORIGINAL Variance: 1.029799
Output:
0.500492
0.128511
-0.191867
-0.122141
-0.041616
-0.061535
-0.168101
0.178312
0.064378
0.023413
-0.178583
0.331497
-0.394226
-0.178366
-0.176214
-0.155376
0.729801
0.010976
0.285899
0.351093
-0.262095
0.075868
0.339930
-0.181402
0.178536
-0.060216
0.159552
0.179798
0.014907
0.646442
0.159240
-0.068556
-0.044635
-0.281205
0.168668
-0.219406
-0.298052
0.534298
0.027211
0.108210
-0.124120
0.239608
-0.504348
0.164478
0.768520
0.139629
0.069659
0.094078
0.220300
0.089226
-0.233193
-0.126321
0.085751
0.100682
-0.885509
-0.570523
0.265868
0.657900
0.064417
0.156939
-0.062780
-0.402030
0.129139
-0.053379
0.917882
0.064488
0.038673
0.116553
-0.133485
-0.368503
-0.121195
0.177989
0.193482
0.304017
-0.841779
-0.515313
-0.270794
0.187532
0.201816
0.187730
0.237334
0.214247
-0.572718
0.461969
0.121923
0.062195
-0.117846
-0.006423
0.717113
-0.337695
0.040855
-0.233457
0.122669
0.434228
-0.061040
0.042530
0.770321
0.173792
-0.147725
0.099021
-0.218898
-0.134649
-0.577080
-0.380975
0.219847
-0.361689
-0.143016
-0.489040
-0.025046
-0.131425
-0.173632
-0.140223
0.447376
-0.333601
-0.157064
0.144949
0.163633
0.371274
-0.107355
-0.150435
-0.096671
-0.166648
0.420007
0.260102
0.287022
-0.291578
0.115256
-0.304376
-0.275928
0.378951
0.005038
-0.369352
-0.297847
-0.563125
-0.166336
0.204697
0.069610
-0.257042
-0.335035
-0.319584
-0.599070
-0.177310
0.296112
-0.000590
0.015387
0.239651
-0.208567
0.135795
0.282323
-0.132584
-0.566569
0.014900
-0.155525
0.326380
-0.126934
-0.110405
-0.100821
0.255649
0.183801
0.011494
0.522728
0.151512
-0.185611
-0.350864
-0.002152
-0.231426
-0.269607
-0.086712
0.076803
0.221524
-0.017160
0.063196
0.230629
0.010287
-0.083350
-0.032678
0.154714
0.106421
0.129203
-0.058847
-0.574476
-0.066780
-0.320234
-0.011411
-0.025008
-0.214892
0.019857
0.130694
0.000041
-0.320110
-0.242909
-0.083717
0.127180
0.005419
-0.005930
0.370407
0.080195
-0.018947
0.691089
0.201961
-0.292092
0.154249
0.520445
0.085645
0.055666
0.168341
0.593460
0.660993
-0.051443
-0.765862
-0.187086
-0.088724
-0.005375
0.087607
-0.224483
0.220764
-0.909719
0.196661
-0.234725
-0.202943
-1.014757
0.490930
-0.131670
0.361576
0.053473
0.211351
-0.004567
0.792025
0.062695
-0.164976
0.020514
0.109088
-0.046743
0.226294
-0.093234
0.102210
0.007884
-0.189622
-0.048170
0.112472
-0.214906
-0.525766
-0.300319
-0.631957
0.183766
-0.228376
-0.416039
-0.127895
-0.236543
0.012290
0.645236
-0.022698
0.299326
0.211313
0.192246
-0.058728
-0.407331
0.083384
-0.404850
-0.158734
0.223810
-0.395165
-0.015981
0.013941
-0.212159
0.493784
0.123750
-0.324239
-0.044228
0.065813
-0.646030
-0.311702
-0.340774
-0.297151
0.333712
0.871623
0.739208
0.027211
-0.071930
-0.374381
-0.437052
0.616179
-0.150339
0.271494
0.042759
-0.141286
-0.047243
0.052691
-0.075712
0.286268
0.268911
-0.816751
-0.070634
-0.020378
0.263454
0.142632
0.033778
-0.126931
-0.350929
0.167379
-0.169239
0.248192
-0.087451
-0.181830
0.112832
-0.105650
0.071419
-0.096644
-0.292650
-0.371939
-0.276870
0.216270
-0.163279
-0.082665
0.667868
-0.014074
-0.095376
-0.163790
-0.065398
-0.277996
0.310776
1.081184
0.324176
0.206276
0.048773
1.002445
0.055126
0.001297
0.123190
0.089997
0.073692
2.172295
-0.959084
0.368850
-0.187982
0.060163
-0.081934
-0.876097
-0.274574
-0.303591
0.106815
-0.132489
-0.043836
-0.360825
0.028092
-0.043944
-0.014448
-0.871822
-0.231094
0.307165
0.077224
0.013447
-0.213420
0.712228
0.314118
-0.112483
0.294225
-0.136263
0.193374
0.479003
-0.522645
0.272220
-0.346400
0.285122
0.156369
-0.270697
0.087332
0.087054
-0.058206
-0.641837
-0.084533
-0.501262
-0.199801
0.729593
-0.455324
-0.560923
0.313959
-0.447023
-0.092261
-0.691789
-0.078343
0.263956
0.056936
0.359264
