ORIGINAL Mean: 0.032920
ORIGINAL Variance: 1.058492
Output:
-0.693346
-0.015783
0.173125
0.180374
0.227878
0.189793
0.200774
0.178001
-0.005955
0.247634
-0.236189
-0.101465
0.000596
0.064390
-0.059828
0.084363
-0.024898
0.016567
-0.208764
-0.192757
0.091792
-0.165556
0.024554
-0.066328
-0.503360
0.160570
-0.017195
-0.263719
0.475185
-0.253120
-0.025350
0.150040
-0.049636
-0.018322
-0.194713
0.119628
-0.060579
0.087201
-0.049168
-0.145800
0.092614
0.030790
0.078311
-0.243490
-0.624364
-0.087547
-0.161567
-0.147763
0.081995
-0.320840
0.003803
-0.025349
0.203859
-0.589962
0.137522
0.037339
0.199439
-0.212174
0.348223
-0.006226
0.113471
-0.027056
0.210864
0.109030
-0.144838
0.026662
0.018121
-0.065764
-0.066788
0.132487
-0.254895
0.003113
-0.174770
0.097330
-0.078574
0.426555
0.105171
-0.159377
-0.123774
0.224781
-0.175253
0.042652
0.124391
-0.143443
0.222309
-0.370378
0.371768
0.128142
0.004000
-0.154258
-0.236282
-0.078825
-0.030846
-0.427798
0.264815
-0.276943
-0.090171
0.190911
-0.037476
-0.130329
-0.170307
-0.268803
0.636252
0.051147
0.194105
-0.076283
0.287996
-0.013859
0.048743
-0.035797
0.206164
-0.042928
-0.106759
0.227401
-0.157274
-0.429261
-0.093316
-0.243975
0.207364
-0.027715
-0.071668
0.096601
0.134501
-0.318238
-0.047048
0.468144
-0.563028
-0.085368
0.047391
-0.265020
0.075835
0.000659
0.067538
0.524273
-0.317879
-0.067329
0.047343
-0.085064
-0.014943
0.116745
0.143277
-0.082662
0.161683
-0.034771
-0.341583
0.062877
0.050165
-0.035663
0.196794
0.046592
-0.070635
-0.147952
-0.259848
-0.160400
0.080268
0.117738
-0.530979
-0.213082
-0.290794
-0.259479
-0.210319
0.664176
-0.060940
0.079218
-0.247602
-0.204642
0.021181
0.027309
-0.284788
0.014599
0.162173
-0.201704
-0.123057
0.111598
0.177195
0.050167
-0.066892
-0.253495
-0.051085
-0.018680
0.463429
-0.069478
-0.069087
0.244515
-0.010693
-0.000732
-0.184290
-0.532819
-0.000029
-0.048172
0.090758
-0.105172
0.171338
0.266053
0.209465
-0.563367
0.075274
-0.060346
0.151983
-0.050573
0.023757
-0.188434
0.007321
-0.043009
0.180058
-0.150594
0.145883
0.159899
0.075020
-0.030485
0.039147
0.022894
-0.192391
0.108274
-0.063810
-0.067625
0.056601
-0.032645
-0.140924
0.028745
-0.483853
-0.585529
0.003750
0.399281
0.032785
-0.192497
0.067835
2.376323
-0.294278
-0.058029
-0.011999
0.024474
0.155783
0.019562
0.147420
-0.044590
0.139844
0.245582
-0.340022
0.082355
-0.012001
-0.210022
0.339652
1.144879
-0.104805
0.155091
0.052383
-0.017866
0.035745
0.504766
-0.020482
0.273391
-0.294716
0.019207
-0.147007
0.145608
0.054814
-0.268417
-0.114138
0.074220
0.152326
0.101885
-0.031837
0.075607
0.126233
0.060201
-0.262978
0.352850
0.186661
0.073903
-0.146772
0.125651
0.467748
-0.204775
0.153073
-0.164105
-0.082424
0.148860
0.030683
0.214249
-0.166329
0.300934
-0.024796
-0.252254
-0.055592
-0.246433
0.131271
0.017896
-0.078586
-0.054217
-0.109864
0.319785
-0.050466
0.010821
0.026484
0.011378
-0.224771
0.047876
-0.143604
-0.476185
0.016122
-0.113046
0.246035
0.015787
-0.152828
0.151176
-0.215199
0.247679
0.070446
0.298453
0.369222
0.210596
0.810972
0.089791
-0.344458
-0.344683
0.278087
0.166415
-0.348203
-0.178686
-0.330977
0.144437
-0.019825
-0.053449
-0.039093
0.211968
0.083860
-0.088487
0.214244
-0.089974
-0.038699
1.731161
0.124194
-0.030808
0.098366
0.122502
0.130324
-0.547619
-0.121941
-0.000116
0.176855
-0.139372
0.089888
-0.086212
-0.023525
-0.095738
0.029646
0.297021
-0.018586
0.115377
-0.139425
0.055901
0.086732
0.410943
-0.000578
-0.087157
0.034981
-0.167778
-0.216023
-0.091815
0.139078
-0.107719
0.147237
-0.085192
0.149401
0.103559
0.013008
0.097401
-0.058187
-4.338557
0.085902
-0.036216
0.035770
0.003259
0.103692
0.124768
0.351452
0.054543
0.060217
0.241713
-0.078328
-0.027920
-0.063755
0.071659
