ORIGINAL Mean: -0.013601
ORIGINAL Variance: 0.896278
Output:
-0.161118
0.358187
-0.091319
-0.172076
0.001314
0.040444
-0.277419
0.062374
0.192811
0.161935
-0.060618
-0.061441
0.554406
0.100347
0.613344
0.055931
0.374337
0.495663
0.294735
-0.393174
-0.192923
0.697000
0.315564
-0.337876
-0.484395
-0.256648
-0.149626
0.188455
-0.189858
-0.222028
0.206434
0.178232
-0.217168
0.372851
0.011838
-0.217502
-0.009497
0.135366
-0.060006
-0.048953
0.179697
0.025860
-0.269692
-0.313181
-0.479225
0.103040
-0.329554
0.230558
0.271769
-0.321336
0.476150
-0.065743
-0.054979
-0.975002
-0.411315
0.225868
0.268574
0.388916
-0.073620
0.161652
-0.042767
-0.392402
0.009333
0.390403
-0.433402
0.067365
-0.012657
0.006552
0.495153
-0.358796
0.307774
-0.152035
0.034938
0.009531
-0.065384
0.426320
-0.194725
-0.125198
0.127541
-0.145973
0.254025
0.314432
0.336749
0.216794
0.240819
-0.092350
-0.064098
0.020133
0.093935
0.056100
0.060951
-0.003958
-0.063059
-0.217999
0.013536
0.150650
0.094357
0.093345
-0.053851
0.131987
-0.357224
-0.154870
0.251143
-0.469783
-0.130591
-0.198304
0.167012
0.324217
-0.122262
0.272534
0.011369
0.051163
0.330960
-0.378295
0.404960
0.241411
-0.008734
0.283290
0.011644
0.153940
0.002095
-0.234107
0.101990
0.326712
0.115367
-0.027648
-0.498016
0.181172
-0.092356
0.214621
0.034768
0.122240
0.052998
0.434197
-0.276662
0.125864
0.095495
-0.146142
-0.493876
-0.113433
0.094833
-0.612205
-0.179527
-0.039896
0.043628
-0.161879
-0.114489
-0.041400
0.098728
-0.377271
0.079748
-0.073068
-0.098289
0.209661
-0.005680
-0.083626
-0.269927
0.200555
-0.229904
-0.141490
0.042936
-0.065066
0.183467
0.187633
0.101373
0.024054
0.257550
-0.384915
-0.221292
0.382357
0.232101
-0.269079
0.033040
0.253643
0.223131
-0.111664
-0.018946
0.177360
-0.412019
-0.310954
0.106958
-0.040856
-0.175921
-0.219286
-0.203502
-0.489089
-0.200345
0.244337
0.000151
-0.130174
-0.372157
0.043495
-0.367659
0.095145
0.083367
-0.027010
0.269049
-0.047434
-0.176833
-0.193204
-0.432230
-0.202287
0.059542
0.302848
0.266657
0.170963
-0.069499
-0.122650
-0.373978
-0.141978
-0.192306
0.125138
-0.127480
-0.038090
0.150361
0.147934
-0.066569
-0.084861
0.364225
-0.377760
0.030729
0.442135
0.009601
0.243043
-0.359166
0.227824
0.074086
1.408269
-0.356818
-0.034228
-0.071955
0.206337
0.179152
-0.351884
0.149190
0.113562
0.300365
0.259569
0.214692
0.328605
0.200922
-0.072459
0.341502
0.324432
-0.373974
-0.171318
-0.040178
0.237590
-0.141671
0.261941
-0.024719
-0.219297
-0.281441
-0.115379
0.411240
0.244851
-0.216653
0.192925
0.241947
-0.234791
-0.101503
-0.061637
-0.006143
0.023103
0.195196
0.355215
0.041719
-0.393979
0.028724
0.061972
-0.515874
-0.350294
-0.018613
0.159359
0.270201
-0.052281
0.486369
-0.191991
-0.257490
-0.314071
0.181646
0.129537
-0.150785
-0.183239
-0.071914
-0.103222
0.166463
0.012805
-0.190522
-0.040745
0.156472
0.065899
0.240952
-0.322821
-0.139351
-0.373083
0.008575
0.095002
-0.376065
-0.025761
0.186268
-0.154812
-0.029052
-0.448377
-0.065220
0.055086
0.008371
0.037508
-0.114674
-0.009407
-0.020985
0.179685
0.432728
-0.064273
-0.132731
0.102207
0.234449
0.269779
-0.477556
0.126164
-0.184712
-0.031662
-0.147773
0.076536
-0.139176
1.245784
0.077425
0.136104
0.146813
-0.000122
0.130353
1.740302
-0.374272
-0.010319
0.310414
0.180134
-0.293591
-1.004591
0.239634
-0.306464
0.135748
-0.122507
0.420893
0.019140
0.138341
-0.006451
-0.102757
-0.011177
-0.704414
0.071585
0.129830
0.115558
-0.084520
0.701987
-0.062046
-0.149103
0.376132
-0.459238
0.471528
-0.091459
-0.444646
0.057946
-0.101270
0.090455
-0.140106
0.037054
0.149966
-0.318072
-0.062992
-1.702513
-0.150586
-0.411448
0.184829
-0.510873
-0.429320
-0.529105
-0.087765
0.093802
-0.302909
0.273545
0.325475
0.477463
-0.286241
0.293868
