ORIGINAL Mean: -0.033337
ORIGINAL Variance: 1.067801
Output:
0.537421
0.105073
-0.094768
-0.063305
0.221410
-0.042134
-0.085992
-0.215042
-0.093341
-0.330064
0.241594
0.028039
-0.259446
0.021546
-0.271067
-0.094724
0.228709
0.157954
0.144289
0.745296
-0.149548
0.133757
0.283334
-0.140227
0.167026
-0.355934
-0.078421
-0.040652
-0.351052
0.610047
0.182946
-0.204471
-0.937329
0.443693
0.447011
-0.138796
0.340673
0.024489
-0.068269
0.127743
-0.137552
0.402547
-0.219378
0.079614
-0.341215
0.159195
0.251473
-0.157877
-0.243495
0.237705
0.041355
0.675741
-0.025351
0.773979
-0.877597
0.070638
0.579111
0.188068
0.213520
0.493100
-0.012802
0.202034
0.047116
-0.149450
0.114158
0.030361
0.499399
-0.396472
0.391756
-0.292838
-0.421447
-1.022096
0.260983
0.032858
0.043524
0.140215
0.071340
0.053244
0.182497
-0.407397
0.198475
0.089000
-0.322326
-0.013505
0.095657
0.515477
0.017109
0.007740
0.288436
-0.144605
0.313027
-0.456724
0.019682
0.514124
-0.154902
0.528331
0.201890
-0.091530
-0.163777
0.102162
-0.030599
0.153343
-0.584453
-0.108431
-0.142141
0.701328
-0.241021
-0.040100
0.111600
0.556186
-0.120392
-0.206521
-0.186949
0.330100
0.157801
0.042349
-0.387647
0.264978
-0.062863
-0.139816
-0.133381
0.016407
0.201483
-0.332060
0.058457
-0.302775
0.131873
-0.622170
0.394098
0.356670
0.043037
-0.614870
-0.384242
-0.405462
-0.026710
0.159484
0.003788
0.721576
-0.635770
-0.158830
0.015518
0.054984
0.239283
-0.488247
-0.016874
0.339371
-0.448371
0.107282
0.183561
0.186701
-0.572440
-0.046734
-0.702075
0.191210
-0.327891
0.011615
-0.263136
0.129821
0.279115
0.058611
-0.491000
-0.835012
0.014867
-0.242342
-0.027011
-0.162355
0.047774
-0.129215
0.022340
-0.091776
-0.041662
0.089236
0.206419
-0.054924
-0.055449
0.072767
0.081770
0.068256
0.015879
-0.126074
-0.323126
-0.169843
-0.230596
0.364950
-0.261054
-0.462535
-0.196001
0.265382
-0.000003
-0.211662
0.070565
-0.075604
-0.304129
-0.017967
0.045096
0.391446
-0.216666
0.010745
0.213522
0.097247
-0.251366
0.035736
-0.273791
-0.129390
-0.404141
0.115394
0.089254
-0.066822
-0.073076
-0.790584
-0.109327
-0.247346
0.115004
0.204864
-0.060327
-0.037909
0.289222
0.077260
-0.465607
0.061891
0.027660
0.649896
0.304473
-0.007690
-0.195087
-0.182122
0.152439
0.236880
0.157673
0.032060
0.207728
-0.210898
0.112288
-0.555529
-0.004228
-0.003855
0.068594
0.008581
0.706613
-0.239728
-0.154787
0.017474
-0.188923
-1.298644
0.124633
-0.284283
-0.320242
0.330886
0.149369
-0.322922
0.373762
-0.821621
0.189689
-0.053554
-0.261017
0.021573
-0.407665
-0.040464
-0.335532
-0.205124
0.379857
-0.060168
-0.186780
-0.092982
-0.115071
0.486323
0.118537
0.399945
-0.282231
-0.042382
-0.086142
0.784872
0.147176
-0.264881
-0.120109
0.800869
0.285190
0.247209
-0.146946
-0.321074
-0.092765
-0.151293
-0.166767
0.011256
-1.205205
-0.236469
-0.323276
-0.110023
0.658617
0.167769
0.116390
0.024954
0.068484
0.212094
-0.554542
0.003391
0.071495
-0.164037
1.284920
0.166048
-0.023585
0.045290
-0.300268
0.057779
0.059613
0.012824
0.381949
-0.029503
-0.391671
-0.190231
-0.131839
-0.046537
2.378087
-0.028226
-0.094086
0.075391
-0.480441
-0.212737
0.536315
0.277328
-0.011643
0.410992
0.478593
-0.001250
0.248684
0.469777
0.134106
-0.039924
-0.045603
-0.157759
0.206095
1.972455
-0.157612
0.580674
0.020619
-0.157653
0.397031
-0.849843
-1.011077
-0.180629
1.303314
0.064786
-0.296774
-0.114016
-0.014123
0.011866
-0.726347
-0.063183
0.266828
1.072183
-0.014881
0.383519
0.042117
0.474421
0.176123
0.083343
0.058789
-0.014819
0.127374
-0.144552
-0.969287
0.098131
-0.096707
0.232751
-0.200509
0.003548
0.086296
0.135953
-0.129745
0.097676
0.358144
-0.692383
0.097752
-0.214510
-0.197265
-0.060818
0.119787
0.300910
-0.198683
0.250579
-0.284865
-0.237597
-0.030624
0.125078
