ORIGINAL Mean: -0.002623
ORIGINAL Variance: 1.142890
Output:
0.280379
0.205888
-0.030915
0.110431
-0.044498
-0.287614
0.510233
-0.155374
-0.297033
-0.000719
0.337838
-0.510185
-0.751516
-0.036482
-0.187511
0.062491
0.029019
0.411652
-0.148373
0.108158
-0.110454
0.009052
0.323735
-0.158864
0.158604
-0.251052
0.476313
-0.074711
-0.294779
-0.513519
-0.167933
-0.387632
-0.019218
0.222199
0.504232
0.005210
-0.303726
-0.396592
-0.095563
-0.252248
-0.132124
0.445344
-0.431792
0.120604
1.214411
0.338862
0.401119
0.106238
-0.108444
0.196164
-0.241489
-0.246632
-0.133556
0.912279
0.026406
-0.241346
0.008009
-0.243969
0.259622
-0.142013
0.220112
-0.327692
0.261248
-0.395599
-0.257753
-0.075784
-0.484780
-0.293902
0.662707
0.384355
0.578597
0.668533
0.042560
0.127040
0.070837
0.483942
0.095726
0.076154
0.205946
0.935401
0.293389
-0.128889
-0.415482
-0.115297
0.104519
0.268058
-0.255755
-0.108708
0.308856
0.332567
0.015142
0.546653
-0.064568
0.310117
-0.292054
-0.025645
0.546628
-0.787816
0.132592
-0.012081
0.040220
-0.198973
-0.488731
-0.117426
-0.232024
-0.327309
-0.456535
0.409716
0.546845
-0.310941
-0.365900
0.039015
-0.046222
-0.864445
0.415413
0.137478
0.158521
0.332169
-0.153440
-0.192523
-0.169475
0.296024
-0.187555
-0.467701
0.030344
-0.184729
0.067658
0.028550
-0.724774
-0.141166
0.040253
-0.070749
-0.443123
-0.393537
0.073617
-0.424963
-0.131641
-0.054786
0.271017
0.167747
-0.242173
0.128940
0.433080
0.025173
-0.062366
0.142458
-0.424049
0.138321
0.058150
0.104718
0.061995
0.133157
0.487560
-0.492231
0.266887
-0.152780
0.614945
-0.177084
0.546926
-0.048785
0.375572
-0.728465
-0.132230
-0.199701
0.282144
-0.102978
-0.274876
-0.122318
-0.077791
-0.106109
0.047929
-0.142430
0.234777
-0.297624
0.143978
0.148125
-0.151788
-0.234707
0.181994
-0.138560
-0.082676
0.366502
-0.746794
-0.000929
-0.061773
0.004949
0.003876
-0.013797
-0.000070
-0.230106
0.254409
0.243168
-0.231633
0.082594
0.040900
0.315092
-0.156658
-0.229543
0.741588
0.475202
-0.152026
-0.521278
-0.054517
0.044324
-0.166942
-0.056496
0.779282
0.129738
0.248007
-0.594543
0.003428
-0.105374
0.241557
-0.196569
0.082842
0.175849
0.040015
0.444460
0.170052
0.037897
0.738591
0.471804
-0.145665
-0.074160
-0.290859
-0.045873
0.104695
0.688221
0.255435
-0.397068
0.161167
-0.202811
0.101820
-0.288773
-0.103211
-0.008532
0.386900
-0.138175
0.206746
-0.243415
-0.129791
-0.106387
-0.597863
-1.050131
0.134584
-0.224885
0.096165
-0.253913
0.198205
-0.391196
-0.149927
0.794532
-0.054411
-0.057270
-0.501811
-0.406355
-0.254790
-0.086921
0.156326
0.227288
0.033110
-0.254234
-0.036481
-0.274118
0.141741
0.306653
0.155561
0.122423
-0.359469
-0.084190
-0.523604
-0.456871
-0.036772
0.022136
-0.397099
0.214256
-0.117185
-0.217924
-0.382229
-0.482841
-0.281208
0.269063
-0.001497
0.115672
-0.414727
0.054010
-0.071742
-0.674513
-0.637942
0.060240
0.051886
0.274101
0.293725
0.442150
0.089295
0.292808
0.101628
-0.058938
0.362756
0.021574
0.472396
0.070689
-0.222139
0.416381
-0.138309
-0.338418
0.351146
-0.087628
0.124339
0.121669
-0.061083
-0.253051
-2.025779
0.106939
0.330371
-0.088088
0.017937
-0.030644
0.574143
-0.132062
-0.097174
0.508519
0.139322
-0.183775
0.308987
0.194509
0.066420
0.125512
-0.732303
0.065274
-0.227300
1.882032
-0.562620
0.630956
-0.013407
-0.325173
0.223787
-0.633959
-0.316537
-0.135816
-0.127837
0.117204
-0.319027
-0.713721
0.116050
0.095086
-0.105117
0.156485
-0.780491
-0.217443
-0.097344
-0.334221
0.057904
0.610528
0.330762
0.197794
-0.147884
0.242003
-0.023361
0.589311
-0.538757
-0.027536
-0.293802
0.177485
-0.339689
-0.082216
-0.159716
0.169003
-0.196991
-0.032514
1.017275
-0.350074
-0.058352
0.546587
0.053822
0.408280
0.202321
-0.156398
0.009908
0.265149
-0.522291
-0.072637
0.306118
-0.086738
