ORIGINAL Mean: -0.016226
ORIGINAL Variance: 1.031519
Output:
0.191648
0.311701
-0.057651
-0.111849
0.047770
-0.098306
0.041236
-0.309595
-0.251240
-0.123534
-0.914489
0.373478
0.095010
-0.036226
-0.164799
-0.076650
-0.036575
-0.268001
-0.147534
0.201823
-0.078108
0.067330
0.094170
-0.184903
0.029372
-0.341016
-0.233303
-0.189364
-0.179956
-0.013428
0.149607
0.079349
0.216436
0.600430
0.147720
0.022014
0.753907
0.352015
-0.136476
0.240079
0.176181
0.314557
-0.357975
0.235088
1.164697
0.363144
0.438728
-0.183989
-0.233724
0.125456
-0.143170
0.185126
-0.254593
1.018617
0.088842
-0.310189
-0.555259
0.212116
0.166271
0.379951
0.077308
0.580718
-0.085973
-0.407143
0.397943
-0.143778
0.122836
0.417415
-0.234162
0.416279
0.307587
-0.098005
0.025067
0.169336
0.540699
0.200759
0.248873
-0.011206
0.125814
0.966539
0.485293
-0.168687
-0.963776
0.542884
0.027233
0.112593
-0.023148
-0.315433
-0.185999
-0.569267
0.557159
0.507784
0.070888
0.130068
-0.875521
-0.436381
0.307743
0.432046
0.026666
0.010853
0.346871
0.125045
-0.303984
0.133839
-0.191762
-0.013260
-0.364542
-0.475208
-0.088619
0.652481
-0.089451
-0.156437
0.138006
0.011974
0.551188
-0.141670
-0.123741
-0.617968
-0.042582
-0.325459
-0.131895
0.200136
0.026960
-0.707063
0.249145
-0.248212
-0.061060
-0.415190
-0.015692
-0.011208
0.070099
-0.388993
-0.664264
0.060405
0.025662
0.007907
-0.086034
-0.191611
0.281087
0.070281
0.277239
-0.183434
0.354822
-0.141531
-0.067371
0.515275
-0.213974
-0.104124
0.737226
-0.059302
-0.085521
0.008055
-0.294390
0.350275
-0.115676
-0.022522
0.172698
-0.236391
0.345448
-0.072326
-0.247513
-0.863553
-0.189708
-0.098928
0.277305
1.104625
0.029913
-0.006146
-0.051159
-0.302594
-0.020572
-0.017652
0.207573
-0.288839
0.038519
0.169051
0.216448
-0.310400
0.104976
0.598282
-0.001901
0.214469
-0.420277
0.013254
-0.171674
0.009973
-0.018894
0.237134
-0.000049
-0.163142
0.113594
-0.009682
-0.173684
0.065223
0.166217
0.143834
-0.146062
-0.059394
-0.287729
0.139495
0.077929
0.005838
0.731073
-0.113724
-0.691275
0.007196
0.649991
0.405520
0.239941
-0.260192
-0.021180
0.121010
0.298999
-0.083085
-0.109121
-0.044127
0.240339
-0.082421
-0.658442
0.114101
0.203399
0.626273
0.167625
-0.469350
-0.064909
-0.425925
-0.013253
0.971421
0.084136
-0.376262
0.169243
-0.060999
0.077995
-1.022034
0.060880
0.098361
0.057235
-0.097865
0.397051
-0.023229
-0.160426
0.094945
-0.175686
-0.794539
0.055545
-0.319035
0.048769
-0.368026
0.197797
-0.237578
0.016359
-0.042799
0.087456
-0.196472
-0.198429
-0.183109
-0.201549
-0.212944
-0.198352
0.525473
0.616247
-0.258140
-0.141315
0.252637
0.098029
0.083065
0.147494
-0.062012
-0.529426
-0.133296
-1.134651
-0.452602
0.585581
0.102559
-0.227459
-0.052543
-0.667347
-0.203119
-0.284075
0.213090
-0.050427
-0.429377
-0.118060
-0.158215
0.232713
0.124784
-0.147924
-0.439899
-0.368799
0.031431
-0.015537
-0.242362
0.332207
0.335077
0.063352
-0.281081
0.068584
-0.005684
0.018064
-0.105957
0.180041
0.023391
-0.118712
-0.045049
-0.021683
-0.145282
-0.205397
-0.093096
-0.165706
0.074884
-0.041300
-0.040900
0.536628
0.334373
0.413459
-0.049002
-0.280782
0.290763
0.647040
0.190309
-0.227895
-0.264207
0.469632
-0.142564
-0.500706
-0.222154
0.107565
-0.083532
-0.657773
0.022325
0.259795
1.918960
0.035245
0.580634
-0.110252
-0.193774
-0.354358
-0.733882
-0.379684
-0.163462
0.412697
0.032245
-0.344610
0.104373
0.130438
-0.115655
0.270901
-0.166076
-0.673734
-0.185396
-0.188324
0.638369
0.064907
-0.042393
0.069054
0.021415
-0.146900
0.225673
0.156335
-0.033813
0.184374
-0.052254
-0.724303
0.220628
0.425405
-0.028040
-0.150277
0.093732
-0.112917
-0.069280
0.185043
-0.198797
0.200141
-0.242187
0.184014
0.105876
0.108510
0.428327
-0.105018
0.286794
-0.307677
-0.065048
-1.012730
0.045985
