ORIGINAL Mean: -0.021741
ORIGINAL Variance: 0.981775
Output:
0.317501
0.295542
-0.083038
0.006942
0.127640
-0.293113
0.103990
-0.006660
-0.268156
-0.242949
0.380827
0.237443
0.972659
0.085366
0.158681
-0.309180
0.524532
0.118484
0.192268
-0.806493
-0.216793
0.279746
0.587887
-0.144582
-0.086762
-0.147432
-0.418683
0.112133
-0.457473
-0.428689
0.388804
-0.158936
0.050953
0.708331
0.040722
-0.164448
0.233401
-0.037134
-0.054825
0.475080
0.295979
0.002453
-0.447862
0.378773
0.530423
0.189749
0.244474
0.047980
0.219376
0.322255
0.041341
-0.046352
0.120809
-0.726465
-0.175360
0.445336
-0.148883
0.495403
-0.185948
-0.310040
-0.413889
-0.204343
0.178875
0.815159
-0.373406
-0.227571
0.231502
-0.465054
0.135400
0.702825
0.281801
-0.055002
-0.066133
0.110350
-0.157963
-1.319871
-0.032686
-0.184670
0.120132
0.480670
0.232169
-0.326478
-0.317434
0.013519
0.198782
0.273559
-0.372689
-0.460205
-0.563229
0.273120
0.718302
-0.544820
-0.382106
-0.569345
0.020983
0.365632
0.158274
-0.046466
-0.279629
0.062093
-0.255523
0.053734
-0.339557
-0.036584
-0.005692
0.131934
0.467504
0.186563
-0.236277
0.672690
-0.247286
0.003728
0.212743
-0.503480
-0.035757
0.484949
0.490216
-0.411096
-0.098704
-0.097058
-0.190508
-0.273343
0.130939
0.325289
0.049574
-0.033922
0.211070
0.008575
0.003344
0.195558
0.016429
-0.103954
0.270084
-0.137379
-0.046754
0.194659
-0.155839
0.356658
-0.335444
-0.020350
0.131342
-0.184815
0.070260
0.231948
0.103738
-0.182983
-0.376865
-0.056302
0.065432
-0.321937
0.244820
0.177942
0.018876
-0.601912
0.357100
-0.085310
-0.356541
-0.062620
-0.111896
-0.079443
0.193211
-0.382529
0.515842
0.044502
0.312737
-0.151878
0.236303
-0.279258
-0.175536
-0.003368
-0.355674
-0.201236
0.352146
0.001642
0.188290
-0.004818
0.530194
0.358656
-0.172082
0.072484
-0.019439
0.176917
0.074751
0.340657
-0.206329
-0.135755
-0.184417
0.967981
0.000076
-0.142928
0.381226
-0.305435
-0.042322
0.035941
0.174772
0.283234
-0.184793
-0.028828
-0.572343
0.112241
-0.018044
0.319729
0.112995
0.154291
0.669275
0.046996
-0.010655
0.012345
0.213644
-0.355371
-0.119442
-0.230443
0.319282
0.186074
-0.134327
0.353455
-0.142727
-0.055992
0.777545
0.159174
0.102416
0.454558
0.167152
-0.430201
-0.066392
0.047021
-0.053768
0.718572
0.185048
-0.124332
0.250501
0.147518
-0.023882
-0.605440
-0.245776
-0.014353
-0.078751
0.207789
0.114490
-0.315844
0.081742
-0.332076
-0.189274
-1.001708
0.107744
-0.209009
-0.077269
-0.004872
-0.055267
-0.259532
-0.646680
-0.071493
0.098326
-0.411375
0.303439
0.061888
-0.460269
0.040012
-0.579900
-0.467689
0.127961
-0.280863
0.100172
-0.203677
0.267857
0.248720
0.092113
0.285839
-0.297073
-0.225287
-0.265029
0.100437
0.294760
0.498941
-0.071749
-0.307237
-0.215110
-0.401051
-0.400828
-0.477465
-0.111057
-0.119169
-0.206217
0.058192
-0.636996
0.692731
-0.115546
-0.444294
0.161336
0.130079
0.165692
-0.592061
0.321886
0.006057
-0.542565
-0.406091
0.158723
-0.144171
-0.732480
0.209859
-0.298171
0.147610
-0.063152
0.373231
0.024159
-0.368121
-0.205854
-0.113170
0.174505
-0.180704
-0.099467
-0.142189
0.412319
-0.301491
-0.291144
0.003369
0.044146
-0.042987
-0.337003
0.428758
-0.212458
-0.547317
-0.023427
-0.137320
-0.062739
-0.306570
0.069184
0.219153
0.579650
0.140019
-0.105286
1.985824
0.091666
0.445217
0.322230
-0.083446
-0.540229
-1.085882
0.670973
-0.203245
-0.029549
-0.025213
0.100446
-0.329786
0.094214
-0.032283
-0.858867
0.404660
-0.101229
0.180699
0.226611
0.317363
0.148953
0.104735
0.079554
-0.128735
-0.019144
0.004468
0.197177
-0.120752
0.344953
-0.092364
-0.274636
-0.025410
-0.107081
-0.010455
0.027019
0.245606
-0.159487
0.009412
-0.089395
-0.331988
0.026353
0.248570
0.146888
0.023325
-0.056003
-0.359039
-0.079968
0.272213
-0.013957
-0.061751
0.244135
0.235816
