ORIGINAL Mean: 0.028408
ORIGINAL Variance: 1.255019
Output:
-0.732315
0.649949
0.200755
0.148514
-0.007728
0.018293
0.441748
0.039303
-0.249112
0.153708
0.169688
-0.210905
-0.300937
-0.114728
-0.151012
0.080409
0.291733
-0.308391
-0.203611
1.206416
0.051707
-0.861264
-0.141199
0.291215
0.119184
0.516240
-0.096917
0.009910
0.239066
0.155488
-0.224031
0.542213
0.782285
-0.760507
-0.595764
0.101434
-0.281493
-0.290405
0.026092
-0.032899
0.096241
-0.069376
-0.535080
-0.066985
-0.266095
-0.331202
-0.082473
0.031241
0.242194
0.122159
-0.413184
-0.305085
0.089475
-0.312009
0.512632
-0.393800
-0.309634
-0.425534
0.107894
-0.485925
0.174253
0.231354
-0.061544
-0.326614
-0.101363
-0.024639
-0.071960
-0.456523
0.822413
0.223618
-0.064453
0.374769
0.059852
0.178662
-0.530764
-0.233630
-0.203393
-0.149274
-0.157800
0.077013
-0.354625
0.139421
0.117614
0.114487
0.199397
0.567458
0.146143
0.819443
0.309028
0.173866
0.112137
-0.000565
0.206501
-0.227053
0.722135
0.728558
0.062831
-0.148839
-0.185035
-0.434227
0.935633
0.189201
-0.069547
0.305475
-0.122570
0.104380
0.386927
0.463652
-0.144809
-0.962956
0.095329
0.063829
-0.289519
0.002986
-0.616089
0.032945
0.118547
0.346600
-0.008729
0.429285
-0.177417
-0.144852
0.276139
0.159202
-0.234976
0.313511
0.092037
0.390160
0.111838
0.186782
0.026566
-0.008807
0.563485
-0.176310
-0.084798
0.290638
-0.080403
-0.817794
0.786363
-0.005996
-0.134648
0.767529
-0.108715
0.060112
0.119407
-0.068618
0.031951
0.258926
0.054245
-0.081375
0.071337
0.412243
-0.072294
-0.312423
0.742546
-0.070572
0.551266
-0.103037
-0.095118
-0.314031
-0.572612
0.374033
0.126740
-0.321218
-0.054059
0.713705
0.010578
0.151729
-0.016104
0.058489
0.078014
-0.105266
0.047315
0.123452
0.119114
-0.053562
-0.079119
0.005625
0.234121
0.100420
-0.018972
1.302649
-0.111475
0.117197
0.223860
0.998729
-0.082734
0.283876
-0.000071
-0.270618
0.234438
-0.137960
0.179610
0.189807
0.106841
-0.096658
-0.096704
-0.280223
-0.584500
0.475211
-0.016259
0.092812
-0.540712
-0.006791
-0.636296
-0.227728
0.024001
0.445926
0.194258
-0.161543
-0.070175
-0.019902
0.074575
0.345450
-0.332465
0.000185
0.269026
0.322634
-0.592302
0.142240
-0.045937
-1.072319
-0.058124
-0.112328
0.446092
-0.121067
0.173092
2.257728
0.059636
0.269201
0.111851
-0.205601
0.020747
0.485107
-0.605753
-0.127743
0.233402
0.189876
-0.156978
0.267960
0.002528
0.472709
-0.540711
0.422869
0.121746
0.230557
0.107523
-0.070033
-0.180943
0.359085
-0.089713
-0.362224
-0.055035
0.170904
-0.494205
-0.011392
0.072434
-0.178257
-0.858007
-0.785212
-0.298153
0.199734
0.333230
-0.065387
-0.211918
-0.704043
-0.165057
0.145971
0.495115
-0.007407
0.423325
-0.530096
0.027782
-0.301965
-0.449138
0.180767
0.018513
-0.106143
-0.077759
0.234791
-0.260705
-0.371718
-0.059007
0.017744
-0.482664
-0.865528
-0.020956
0.094868
0.452135
-0.036081
-0.074839
0.029600
-0.150978
-0.036905
-0.199836
0.296028
-0.162178
-0.016096
0.728088
-0.116722
-0.132531
0.203458
-0.022813
-0.033284
-0.049400
-0.283153
-0.132544
0.001274
0.167369
0.098315
0.191889
-0.169580
-0.066102
-0.339387
-1.022897
-0.216101
0.324401
0.201085
-0.231345
0.323814
0.100227
0.245805
-0.672150
-0.139019
0.016531
0.134607
0.092430
0.162938
0.085652
-0.091780
-0.422979
1.933920
0.120073
-0.037463
-0.160635
-0.175271
0.072863
-0.110545
-0.940075
0.098961
1.068434
0.289435
-0.212190
-0.117568
-0.301986
0.176296
0.246412
0.370305
-0.121459
-0.274737
-0.108674
-0.270400
-0.195325
0.337849
0.157550
0.102112
-0.064988
-0.099963
-0.270410
-0.281648
-0.357941
-0.425128
0.129809
-0.138711
0.079182
-0.188180
-0.035772
0.137633
-0.301848
-3.376320
0.049521
0.821611
-0.439928
-0.133874
-0.164342
0.625004
0.075292
-0.554336
0.351639
-0.117512
-0.516313
0.202306
1.168466
-0.102959
