ORIGINAL Mean: -0.004601
ORIGINAL Variance: 1.153243
Output:
0.067900
-0.135465
-0.121527
0.016860
-0.019813
-0.007542
-0.267048
0.121180
-0.384049
-0.147554
0.707279
-0.556742
0.257314
-0.093421
-0.027831
-0.079790
0.719950
-0.031883
0.092837
0.275917
-0.187183
-0.569949
0.237000
-0.040335
0.083981
-0.076737
0.244017
0.136200
-0.249866
0.890380
-0.272150
0.154922
0.542533
-0.189887
0.172717
-0.102210
0.075901
0.232801
0.011385
0.137343
-0.673095
0.150711
-0.019466
0.132056
-2.047888
0.091526
0.159765
0.125012
0.217818
0.236708
0.812193
0.171168
-0.002443
-0.216391
-0.038082
-0.494706
-0.618318
0.161125
-0.006456
0.296402
-0.302432
-0.522046
0.327257
-0.593776
-0.324682
0.189719
0.088447
-1.028623
-0.222951
0.300637
-0.429404
0.657363
0.240467
0.128338
-0.704544
-1.046628
-0.289916
0.493621
0.048969
0.659879
-0.393133
-0.193530
1.232019
-0.096665
0.153511
0.443782
0.048675
-0.123353
0.006696
-0.573548
0.448912
-0.515021
0.744323
-0.033057
-0.302634
0.457190
-0.228754
-0.298029
-0.562369
0.033323
-0.379915
0.164827
-0.558851
-0.240907
0.278346
-0.430651
0.362679
-0.159069
0.453834
0.534654
0.034533
-0.095078
0.174146
0.348092
0.102800
-0.505527
-0.259425
0.365764
-0.219660
0.157715
-0.021019
-0.237257
0.598785
0.462205
-0.153136
-0.337790
0.331236
0.583693
0.113146
0.609908
-0.059770
-0.445847
-0.301639
-0.227860
-0.177819
0.442563
-0.117719
-0.125162
-0.428380
-0.161133
-0.424743
0.101238
0.281974
0.486395
0.057886
-0.081148
-0.458735
0.049100
0.758565
0.081597
-0.182264
-0.867586
-0.846389
0.127417
0.176300
-0.075899
0.552622
0.303515
0.002585
-0.112189
0.017576
0.488306
0.273758
-0.292968
0.125252
-0.553900
0.206054
-0.060624
0.046785
0.125786
0.127861
0.012958
0.210042
0.024554
-0.148118
0.000112
0.270911
0.121809
0.124893
-0.121326
-0.352361
1.021973
-0.043213
-0.321323
0.105506
-0.375772
-0.198245
0.908563
0.000043
-0.243026
0.010302
-0.146247
0.110544
0.049328
0.005427
0.190009
-0.183556
-0.354445
-0.137313
0.621258
-0.232730
-0.215907
0.836116
0.051865
0.457215
0.058089
-0.162526
0.175064
0.135677
-1.097733
-0.197541
-0.397534
-0.086107
0.324550
-0.093873
0.233040
-0.076211
0.420452
0.492904
0.027147
-0.569385
0.440791
-0.136674
0.172095
0.427630
0.126133
-0.079129
0.759484
0.237818
0.655708
-0.042905
0.171832
0.000736
-0.005949
-0.547161
-0.007201
-0.011466
0.075542
-0.237439
-0.500570
-0.263081
-0.146423
-0.249676
-0.404145
0.119438
-0.109937
0.341361
-0.229675
-0.206909
-0.034746
0.881663
-0.680309
0.364943
0.118359
0.111713
-0.039048
-0.404040
0.068192
-0.211435
0.075824
-0.272693
0.248428
0.235670
0.017188
-0.010221
-0.083647
-0.080463
0.181786
0.092940
0.206118
-0.334133
0.347342
-0.496808
0.225413
-0.173283
0.508880
-0.095228
-0.422752
0.007986
0.126502
0.118424
0.048164
-0.306418
-0.131870
-0.448983
0.535466
0.100147
-0.215184
-0.404210
0.262279
0.187655
-0.116327
0.029389
-0.134381
-0.510936
0.551746
0.067104
0.029889
-0.029421
0.288825
-0.393115
0.318911
-0.116698
-0.413100
0.129435
-0.140869
0.250858
0.075686
-0.290515
-0.444155
-0.238796
0.473855
-0.343670
-0.267498
0.197387
-0.011565
0.363020
0.552893
-0.301997
0.249419
-0.024629
-0.461149
-0.649602
0.038301
0.423208
0.158328
0.054053
-0.053054
0.259650
-0.017349
-0.272172
1.945985
-0.232353
0.326957
0.118627
-0.099997
1.068707
-0.789607
-0.369088
-0.208623
0.049060
0.068896
-0.076174
-0.133185
-0.070500
-0.097157
-0.147030
-0.604086
-0.113673
-0.390788
-0.074315
0.104538
-0.091894
0.521477
0.254202
-0.153447
0.163794
-0.350786
0.078957
0.065263
-0.370773
0.195564
-0.059991
0.008008
0.351321
-0.190416
0.184392
0.234571
-0.130627
-0.908335
0.218422
0.146702
-0.115549
0.525887
-0.190956
-0.682884
-0.511402
-0.175499
-0.155328
0.790185
-0.027731
-0.455614
-0.539657
0.076385
