ORIGINAL Mean: -0.037869
ORIGINAL Variance: 1.184310
Output:
0.729461
0.470290
-0.049704
-0.100764
-0.144662
0.130187
-0.551397
-0.163373
-0.187992
-0.206504
0.287908
-0.019442
-0.708357
-0.006931
-0.154477
-0.137244
0.606320
0.034156
0.269608
0.077551
-0.205713
-0.284002
0.083685
-0.382887
0.090467
-0.319902
0.491324
-0.028254
-0.519054
0.028580
0.597629
-0.657388
-0.450878
0.302243
-0.635989
-0.218814
-0.010481
0.097820
-0.027962
-0.460930
-0.411122
0.298165
0.220598
0.145013
-1.511760
0.064116
0.188701
-0.207953
-0.321580
0.361377
-0.310385
0.470258
0.052732
0.354456
-0.552232
0.455497
0.554593
0.076736
0.024034
-0.086549
-0.091534
-0.155772
0.392399
0.290552
-0.880068
0.130155
0.257674
-0.586135
0.318680
-0.131419
-0.234058
-0.261753
0.109832
0.067368
-0.053059
0.081638
0.008422
0.243975
0.191816
-0.848567
0.072245
0.123844
0.778779
-0.133028
0.142703
0.238610
0.030069
-0.151776
0.481500
0.724020
0.809303
0.184813
0.220807
0.281480
0.074303
0.930582
0.147168
-0.290508
-0.358304
-0.073777
-1.006714
0.130651
-0.514236
0.026188
-0.131920
0.495493
-0.063178
-0.089413
-0.095281
0.439107
-0.081603
-0.166215
0.543975
-0.351678
0.174824
0.090225
-0.153308
0.233467
-0.150110
-0.155795
-0.073518
-0.070918
0.330512
-0.083828
0.116419
-0.330900
0.078371
-0.535555
0.242553
0.122294
0.040469
0.254422
0.188064
-0.510002
-0.239176
0.176009
0.114894
-0.120001
-0.133594
-0.122827
0.078262
-0.105280
-0.141430
-0.624589
0.207150
0.416700
-0.499829
-0.011426
0.574599
0.029979
-0.220688
0.133542
0.007097
1.072757
0.519148
-0.072950
-0.239551
0.247134
0.225590
-0.030638
0.630846
-0.687663
0.118807
-0.094147
0.305476
0.913586
0.213103
-0.194976
-0.040462
-0.024751
0.009543
-0.201512
0.172547
-0.038289
0.050470
0.019911
-0.070474
0.297004
0.073809
0.270230
-0.371068
0.387899
-0.393566
-0.236291
-0.170095
0.090155
-0.281968
-0.060054
-0.000008
-0.187324
0.026117
-0.696992
-0.206970
0.005286
0.007626
0.422886
-0.134444
-0.140788
0.634888
0.362555
-0.239723
0.441627
0.497298
0.129100
-0.205232
0.076548
0.216117
0.627526
-0.437252
-0.389277
-0.188344
0.303350
-0.275705
0.299399
0.013719
0.119484
0.142102
0.060765
1.217184
-0.130405
0.631482
0.443111
0.115915
0.262954
-0.536588
0.465483
0.223029
0.881863
0.141085
0.579593
0.080242
0.065602
0.069628
0.342325
-0.330828
0.504080
-0.184560
0.227835
0.649716
-0.406231
0.011019
0.139100
-0.540671
-1.015610
0.032516
-0.209341
-0.161591
0.250225
0.031075
-0.221940
-0.655907
-0.048018
0.070565
-0.041155
-0.374134
0.003302
-0.493536
0.007116
-0.077004
-1.893472
1.206994
-0.505484
-0.026331
0.052646
-0.138686
0.490795
-0.063034
0.278833
-0.737661
-0.076194
0.290671
-1.070306
0.529525
-0.380161
-0.063850
0.650200
0.370422
-0.593013
-0.271299
0.107625
-0.600805
-0.052135
-0.038761
-0.384095
0.489263
-0.353706
0.016377
-0.655828
0.722861
0.117157
0.157174
-0.723375
0.389986
0.456258
-0.598902
0.387472
0.149458
-0.071967
0.308772
0.118011
0.209609
-0.135717
-0.404030
0.372891
-0.038505
-0.154012
0.193532
-0.047614
-0.225191
0.094180
-0.314626
0.658774
0.768109
-0.292663
0.808055
0.152379
-0.281055
-0.705769
0.421695
0.430946
0.267592
0.183626
-0.293938
0.032720
-0.093820
-0.131420
0.109954
0.009217
0.353447
-0.123219
-0.249871
1.846846
0.032261
0.530061
-0.246388
-0.204290
0.342084
-0.964197
0.019641
-0.153855
-0.490607
0.055770
-0.220838
-0.143913
0.068307
0.002245
-0.898843
-0.434790
-0.165428
0.158395
-0.082310
-0.219136
0.077917
0.102405
0.084029
0.241791
-0.316684
-0.123214
0.028917
0.236921
-0.037461
0.032555
0.464119
0.302570
-0.588431
0.072326
0.087496
0.268105
-0.078531
-0.259514
0.206948
0.734067
-0.130539
-0.550515
-0.298720
0.205644
0.862443
-0.264157
-0.161834
-0.564047
-0.094212
0.153177
1.209380
-0.108425
