ORIGINAL Mean: 0.028216
ORIGINAL Variance: 1.039958
Output:
-0.341080
-0.039329
0.047142
0.180056
0.170497
0.027824
0.406950
0.172531
0.103772
0.103514
-0.289432
-0.031105
-0.069813
0.069161
-0.104661
0.128722
-0.228779
0.075887
-0.207712
-0.102484
-0.014250
0.133090
0.319385
-0.241928
-0.586377
-0.196085
-0.015628
-0.274914
0.218204
-0.311178
0.045537
0.168622
-0.094643
0.317557
-0.170028
0.106576
-0.129153
0.164971
-0.104865
-0.075398
0.030295
0.243102
0.107111
-0.165248
-0.657686
0.205956
-0.006225
-0.147456
0.179522
-0.376192
0.136094
-0.117452
0.083013
-0.219713
-0.167873
-0.104078
0.206070
-0.009949
0.495348
-0.057594
0.097251
-0.075301
0.249179
0.001792
-0.288092
0.005809
0.105347
-0.136908
0.003434
0.005789
-0.144272
-0.225948
-0.225375
-0.041518
-0.002587
0.163591
0.017608
-0.168178
0.014359
0.140519
-0.016213
-0.148868
0.271708
0.096763
0.263632
-0.251948
0.387596
-0.008215
-0.016620
-0.034706
-0.142721
-0.172409
0.057558
-0.236360
0.214174
-0.239381
0.095359
0.063894
-0.049435
0.064855
-0.114601
-0.248890
0.309427
-0.239653
0.321734
-0.071934
0.309123
0.073989
0.181637
0.105251
0.009827
-0.043870
0.101147
0.097153
-0.028484
-0.325596
-0.143767
-0.112957
0.215510
-0.034069
-0.040282
0.301835
-0.022940
-0.537021
-0.136485
0.231473
-0.541025
0.022065
-0.026637
-0.134986
0.056758
-0.122788
-0.051734
0.543362
-0.333837
-0.077561
-0.023582
-0.131033
0.019203
0.119167
0.035024
-0.206574
0.728768
-0.083763
-0.442685
0.067637
-0.116707
-0.128269
0.130963
0.029294
-0.094990
-0.097907
-0.232247
-0.090278
0.007263
0.034472
-0.489939
-0.060499
-0.119959
-0.167576
-0.046738
0.866207
-0.177543
0.145928
-0.159884
-0.201436
0.005585
-0.052160
-0.324204
0.022647
0.074182
-0.185056
-0.022587
0.200619
0.227736
0.132605
0.082481
-0.474016
-0.121640
0.016370
0.370925
0.044411
-0.423218
0.090577
-0.110561
-0.329013
-0.244743
-0.288203
0.000032
-0.064905
0.118546
-0.288853
0.093774
0.213836
0.260272
-0.518368
-0.018425
-0.114807
0.119068
0.220552
0.045256
-0.324976
-0.017486
0.073129
0.185631
-0.102151
0.084177
0.079986
0.361051
-0.161154
0.057515
0.014338
-0.052455
0.102729
0.088007
0.086060
0.260219
0.040818
0.031938
0.002681
-0.237438
0.488052
-0.011124
0.359391
-0.130422
-0.280985
-0.021882
2.471125
-0.200558
-0.197633
-0.054666
0.078355
0.188691
-0.097244
0.120635
-0.063091
0.396134
0.242050
-0.200516
0.335797
-0.219860
-0.151492
0.333112
0.619839
-0.188912
-0.076655
0.228266
0.101181
0.177447
0.110634
-0.052449
0.225794
-0.158936
-0.035256
-0.161067
0.005515
-0.147302
-0.199217
-0.073411
0.186918
0.196285
0.030329
-0.175819
0.058031
0.354013
0.116449
-0.120029
0.319234
0.060595
0.107050
-0.341091
0.017350
0.374457
-0.030520
0.190554
-0.161510
-0.207219
0.206089
-0.059649
0.176475
-0.116187
0.201771
-0.044899
-0.140397
-0.172061
-0.246023
0.109715
-0.033162
-0.048974
0.064555
0.010338
0.241639
0.214218
-0.053018
0.042139
0.055944
-0.185524
0.084297
-0.178789
-0.423537
0.085691
-0.116187
0.176969
-0.114559
-0.168429
-0.024910
-0.169109
0.291861
-0.061438
0.114746
0.201816
0.166036
0.399781
0.219820
-0.291886
-0.333036
0.202405
0.402687
-0.335511
-0.071730
-0.605284
0.102130
0.113928
0.022588
0.087043
0.313929
0.147957
-0.133257
0.121606
-0.080835
-0.090590
1.696316
0.007562
0.232511
0.103028
0.058716
0.190971
-0.772905
-0.254756
-0.092432
0.183851
-0.175667
0.029574
-0.188440
0.013267
-0.093102
-0.155557
0.210168
-0.103815
0.172538
-0.117997
0.185732
0.066364
0.479488
0.144219
-0.041480
0.035956
-0.171506
-0.119073
-0.036707
0.020991
0.184605
0.086566
-0.060348
0.133374
0.010234
0.022403
0.166655
-0.202395
-4.182186
0.003246
-0.161964
0.183271
-0.003821
-0.005757
-0.082323
0.092800
0.149741
-0.054866
0.247246
-0.051530
-0.041633
-0.131392
-0.028218
