ORIGINAL Mean: 0.057646
ORIGINAL Variance: 1.061812
Output:
0.359620
-0.095241
0.274679
-0.072485
0.159701
0.116535
-0.089790
-0.165575
-0.150675
-0.016872
-0.123091
0.218128
-0.242996
-0.142688
-0.282039
0.030960
-0.460184
-0.271065
0.126874
0.020854
0.039419
-0.144063
-0.117853
-0.039107
0.182241
0.076003
0.105710
-0.083927
-0.412291
-0.079477
-0.067425
-0.121653
0.147476
0.467780
0.007988
-0.056376
-0.010459
-0.176069
-0.077089
-0.077217
-0.101207
-0.151861
0.139777
0.101229
-0.361923
-0.070235
0.104998
-0.186618
-0.078907
0.062425
-0.344335
-0.176228
0.025679
0.678392
0.253587
0.354477
0.002786
-0.446180
0.023397
0.242463
0.102279
0.336434
0.161261
0.072412
-0.196849
-0.024591
0.115179
0.365669
-0.266578
0.047558
0.205419
0.097174
0.007767
0.221400
0.605338
-0.120286
0.156537
-0.074619
-0.166007
-0.177610
0.220774
0.071454
0.208773
0.016106
-0.030490
-0.136065
-0.236140
-0.121594
0.045786
0.159102
0.104435
0.142184
-0.196887
0.217342
-0.135202
-0.200199
-0.017001
-0.072855
-0.250112
-0.049614
0.297581
0.374215
-0.272100
0.411462
-0.403447
0.102152
-0.158434
0.138976
-0.196127
0.063873
-0.148795
-0.182822
-0.081290
0.131948
0.080154
0.123340
0.175062
-0.217944
0.198583
-0.026994
0.027385
-0.053535
0.114029
-0.289991
0.200253
0.081197
0.156960
-0.083853
0.181559
-0.049198
0.052340
-0.018596
-0.040144
0.002586
-0.256576
0.223233
0.264851
0.242028
-0.178733
-0.234196
0.244817
0.314309
-0.740422
-0.131824
0.158403
0.260398
0.141929
0.327935
-0.130926
-0.074472
0.226884
-0.003987
-0.105241
0.273843
-0.164138
-0.167131
0.243297
0.306588
-0.049054
-0.163066
-0.020170
-0.677119
0.068432
-0.067685
0.106477
-0.053593
0.167161
0.132928
0.377507
-0.018358
0.086129
0.120720
-0.180620
-0.002297
-0.064981
0.061066
-0.098131
0.442630
0.143388
0.029503
-0.261668
0.043151
0.175102
0.033720
0.037212
-0.269257
-0.144802
-0.078435
-0.000133
-0.099489
0.130283
0.100721
-0.068594
0.174161
0.172239
0.342507
-0.088452
-0.073799
-0.119891
-0.413225
0.043802
0.108925
-0.019013
-0.125923
-0.128309
-0.060666
0.104478
-0.371941
-0.421048
0.368727
0.132664
-0.345353
-0.347792
-0.087350
0.012421
-0.159393
0.118667
-0.148841
0.077525
0.172356
-0.028114
-0.104223
-0.046714
-0.153589
0.016650
0.075476
0.231001
2.245830
0.250854
-0.116421
-0.138889
0.167313
-0.079043
0.119254
0.000392
-0.161439
-0.369670
0.271463
0.045391
0.183559
0.167438
0.012599
-0.007443
-1.217700
-0.044808
0.011470
0.160520
-0.163245
-0.041426
0.096811
0.351488
-0.003932
0.256767
-0.153435
-0.281477
-0.121408
-0.298058
-0.122617
-0.400005
0.076650
0.219003
-0.050564
0.252481
0.106911
0.047715
-0.368459
-0.067272
0.046155
0.033415
0.028163
0.611489
0.071828
0.397781
-0.080151
0.049473
-0.219580
0.068024
-0.090474
-0.028936
0.128946
0.032310
-0.015376
0.183581
0.130600
0.423406
0.256259
-0.022477
-0.007182
0.069982
-0.137877
-0.073793
0.060437
-0.089319
-0.279478
-0.125574
0.367837
-0.282629
0.023859
0.088243
-0.079955
0.048284
-0.290901
0.030025
0.040193
0.179055
-0.246585
0.067847
-0.138149
-0.279561
0.089806
0.042205
-0.103101
0.061790
-0.131695
0.099869
0.278402
-0.174644
-0.403328
0.488085
-0.022807
0.461126
-0.158676
0.034429
-0.173107
-0.049802
-0.423925
0.174079
-0.105082
-0.028546
-0.003518
-0.011696
1.888261
0.176835
-0.308199
-0.024201
-0.254375
-0.110733
-1.013290
-0.100704
0.381445
-0.081450
-0.088111
0.126759
0.047031
-0.043698
0.095168
0.032228
-0.067854
-0.040902
-0.066241
-0.182222
-0.089225
0.190743
0.171017
-0.171056
0.311770
-0.042163
-0.098224
0.167147
-0.089122
-0.150978
-0.322261
0.096041
0.134340
-0.101855
0.064221
-0.232165
0.031271
0.060666
-4.234342
-0.137931
0.120754
0.072313
0.026038
0.180556
0.038847
0.113174
0.113530
0.065931
-0.136160
0.034179
-0.176398
0.170974
-0.122469
