ORIGINAL Mean: 0.007488
ORIGINAL Variance: 1.328220
Output:
-0.389799
-2.220771
0.112128
0.169036
0.081893
0.256322
0.078819
0.257661
0.312544
0.384867
-0.379860
0.249377
-0.330687
0.069789
-0.007193
-0.078839
0.046401
0.067615
-0.050448
-0.029860
0.023038
1.035555
0.052047
0.104674
-0.275574
0.288058
0.384677
-0.266667
0.512560
-0.771615
-0.440851
-0.633019
0.601682
-0.033470
0.877075
0.144318
-0.140405
-0.523825
-0.004920
-0.009194
-0.122695
-0.147484
0.606648
-0.089242
-0.003686
-0.140807
-0.189900
-0.055344
0.019448
-0.230011
-0.365803
-0.260755
0.263363
-0.713478
-0.007984
0.735199
0.303923
-0.787230
-0.020203
-0.265014
0.101669
-0.816187
0.504238
0.378617
0.781462
-0.064574
0.416742
0.644076
-0.408098
-0.040358
0.049462
0.519991
-0.117073
0.015878
-0.076227
0.164610
0.113821
-0.033600
-0.115052
0.230821
0.151551
-0.237472
-0.175050
-0.048195
0.129673
-1.037694
-0.034139
0.603717
0.583637
0.131236
-0.240564
-0.400078
-0.556090
-0.340429
0.116851
-1.319101
0.145819
0.298032
0.072019
0.001219
-1.939208
-0.477228
0.522311
0.020945
0.287070
-0.754251
-0.024446
-0.690695
0.003895
0.316502
0.325598
-0.108026
0.266484
0.981449
-0.486757
-0.064752
0.258627
-0.707398
0.451655
-0.533887
-0.026300
-0.045748
-0.077711
-0.224256
0.279038
0.426938
-0.309835
-0.528656
-1.037651
-0.867839
0.078829
-0.017439
-0.692892
0.325149
-0.130651
-0.027262
-0.015809
0.781616
-0.864112
0.315299
0.161873
0.330350
-0.180139
0.266217
-0.203116
0.126333
0.015274
-0.016487
0.430969
0.824251
-0.180875
-0.028875
-0.956848
-0.072748
-0.466791
0.156725
-1.207488
-0.474443
-0.013216
-0.228811
1.684834
0.375810
-0.440813
-0.017356
-0.204430
0.423545
-0.038107
-0.012403
-0.270467
0.107797
0.184659
-0.013124
-0.137205
-0.289991
-0.145271
0.138093
-0.080650
0.033582
-0.056527
0.736073
0.498967
-0.194213
0.326065
-0.137006
0.040507
0.041292
-0.146083
-0.498634
-0.000209
0.141380
-0.056462
-0.680099
-0.158124
0.171779
0.148491
-0.307258
0.126696
0.145375
0.345867
-0.444521
-0.081020
-0.638427
0.966529
0.091267
0.535453
-0.199278
0.410371
-0.057582
-0.189678
0.648073
0.047719
-0.538642
0.019641
-0.417121
-0.144378
0.072003
0.037914
-0.016008
-0.839333
-0.037616
-0.683691
-0.657148
0.076237
0.570062
-0.248975
0.494071
-0.001300
1.261641
-0.349492
0.061373
-0.014334
0.227826
-0.034426
-0.794341
0.223530
-0.000164
-0.124394
0.331002
0.524938
-0.856096
0.075301
-1.129146
0.497388
0.932526
-0.152599
0.104259
-0.830363
0.209725
0.117522
0.570162
-0.281105
1.109751
-0.316227
0.043844
0.410039
0.101685
-0.107598
-0.136618
0.004482
0.312411
-0.063671
-0.513067
-0.228570
0.203758
0.092227
-0.309913
-0.214800
0.298899
0.002912
-0.263749
0.189499
0.489753
-0.254370
-0.147562
0.826437
-0.053822
0.787692
-0.484324
-0.048642
-0.245568
0.070756
0.054125
0.089965
0.201075
-0.663272
-0.321137
-0.140281
0.409181
-0.355717
0.029328
-0.007916
0.220894
0.077310
0.573700
0.738489
-0.181677
-0.079694
-0.079985
0.298165
-0.287809
-0.151591
-0.456617
0.112617
0.032150
-0.143357
0.364155
-0.491214
0.048317
0.171696
0.202054
0.383036
0.247685
0.286350
0.040805
0.768976
-0.239588
0.479273
0.334644
-0.308336
-0.264343
-0.144317
-0.563573
0.010249
-0.090005
1.191285
0.198579
-0.006022
-0.151137
-0.251244
0.048992
0.247082
1.615591
0.570414
-0.248159
0.032842
0.113005
-0.455720
-0.451797
0.056527
0.088311
-0.647236
-0.343513
0.167729
-0.275271
0.080172
-0.286925
-0.291926
0.273875
0.450257
-0.373534
-0.198814
0.277842
0.062916
0.212781
0.009467
-0.062938
0.436594
-0.027223
-0.390247
0.399729
1.238598
-0.152543
-0.158052
-0.146977
-0.362393
0.136577
-0.087805
0.176859
-0.067598
-1.391465
-0.780533
-1.598029
0.037186
0.069013
0.202997
-0.101776
0.043744
-0.257963
0.093451
1.029764
0.090530
0.459929
-0.215934
0.054873
