ORIGINAL Mean: 0.047163
ORIGINAL Variance: 1.038119
Output:
0.045471
-0.252885
0.288468
0.138060
0.209176
0.097799
-0.043774
0.363159
0.457246
-0.084557
-0.197737
-0.036134
-0.124331
-0.011374
-0.096188
0.192167
-0.741340
-0.288965
0.053873
-0.107275
0.064977
0.159214
0.106604
-0.301041
-0.298353
0.017462
0.111943
0.013875
-0.247817
-0.422739
-0.014761
0.018505
0.085213
0.562017
-0.151895
-0.013165
-0.109724
0.026148
-0.091674
-0.299228
-0.183204
-0.186942
0.066821
-0.347884
-0.699786
-0.090633
-0.222692
-0.051807
0.265843
-0.297250
-0.131851
-0.369710
0.149079
-0.296373
0.000704
0.295505
0.100081
-0.344040
0.218488
-0.012856
0.075464
0.362712
0.168390
-0.011038
-0.191576
0.146502
-0.117888
0.537762
-0.080566
0.166533
0.194213
0.184778
-0.034878
-0.101884
0.213026
0.060370
-0.147991
-0.300972
-0.162261
-0.290072
-0.052725
0.022331
0.359962
-0.039219
0.216411
-0.079776
0.006712
-0.066434
-0.047992
0.275344
-0.272450
-0.066528
-0.169697
-0.093037
0.107152
-0.158676
-0.061602
0.072468
-0.086626
0.190316
-0.132612
0.347607
0.230822
-0.423027
-0.001090
0.091072
0.277317
0.433460
-0.126904
0.131247
0.144180
-0.008018
-0.144291
0.260206
0.068594
0.062136
-0.084229
0.023619
0.381661
0.166468
0.087904
0.052337
0.012695
-0.187095
-0.120619
0.266255
-0.207533
-0.092797
0.093622
-0.015960
0.047459
0.216133
0.289012
0.326654
-0.435303
0.072126
0.289861
0.154576
-0.143520
-0.133274
0.242377
0.197709
-0.304843
-0.329243
-0.095800
0.054825
0.227628
0.354106
-0.416966
-0.268302
0.209357
-0.252760
-0.020031
0.308630
-0.140073
-0.148079
0.014464
0.218936
-0.386399
-0.192570
0.015561
0.211317
-0.090646
0.098072
-0.027505
-0.341642
0.014236
-0.109382
0.241678
0.327798
0.076831
-0.139812
-0.227180
0.059061
0.072766
-0.010039
-0.224741
0.385220
-0.185405
-0.080394
-0.074436
0.207313
-0.015844
-0.072438
-0.023655
-0.454225
-0.179962
-0.206518
-0.000074
0.131782
0.161207
0.005203
-0.096435
0.224577
0.245824
0.065476
0.000664
0.044397
-0.070557
-0.483321
-0.034435
-0.179624
-0.052819
0.068484
-0.068035
-0.043721
0.024995
-0.264156
-0.195085
0.246919
0.225966
-0.249209
-0.561833
0.065613
0.249320
0.094853
-0.011185
-0.228348
0.403374
0.088914
-0.154945
0.267620
-0.094623
0.086423
0.114119
0.038505
0.086916
2.273063
0.058256
-0.255827
-0.208952
0.156334
0.030863
0.033942
0.087317
-0.234950
0.129646
0.305622
0.125326
0.418648
0.137942
-0.013331
0.055747
-0.814066
-0.102099
0.112056
0.385398
0.039582
-0.089615
0.048407
0.178406
-0.136179
-0.018323
-0.053162
0.042635
-0.020769
-0.274809
0.046494
-0.125716
0.408811
0.035811
0.021753
0.033861
0.208290
0.313099
-0.248937
-0.087484
0.201515
0.226324
0.237297
0.428800
-0.016588
0.150548
0.062778
0.142634
-0.077876
0.120675
-0.017252
-0.023744
0.095477
0.086448
0.261203
0.069219
0.261362
0.571821
0.013075
0.209198
0.201085
0.079685
-0.190978
-0.023543
0.195637
-0.025472
-0.277855
-0.250867
0.433600
-0.376424
0.036825
0.072164
-0.174701
0.068073
-0.380548
0.179990
-0.466174
0.060396
-0.093773
0.164874
0.032233
-0.208950
-0.001437
0.040859
0.124535
0.211870
-0.147786
-0.194891
0.057785
0.139469
-0.434186
-0.340492
-0.050722
-0.092805
-0.104156
-0.164243
-0.064531
-0.065240
-0.148821
0.123766
-0.157577
0.104707
-0.044506
-0.252228
1.713633
-0.124692
-0.425678
0.246463
0.060454
0.186019
-1.049607
-0.210174
0.411292
0.007891
-0.195354
0.504169
0.188609
-0.005466
0.073427
0.451763
0.338563
-0.222771
-0.258828
0.027469
-0.004991
0.342363
0.256736
-0.120546
0.108046
0.157723
-0.163773
-0.051405
-0.041514
-0.193130
-0.094060
0.095205
-0.156817
-0.457156
-0.005602
-0.223802
-0.000299
0.004236
-4.353436
-0.318981
0.080068
0.039518
-0.049468
0.024260
-0.182862
0.197663
0.030990
0.057830
-0.201543
0.169722
-0.137578
-0.053818
0.043016
