ORIGINAL Mean: 0.015787
ORIGINAL Variance: 1.007062
Output:
0.001971
0.084808
-0.030406
0.167677
0.220979
-0.033955
0.299790
0.281936
0.098238
0.008683
-0.197535
0.021328
0.028823
0.058939
-0.097256
0.116548
-0.197277
0.186533
-0.061583
-0.092635
-0.101743
0.226917
0.444095
-0.314619
-0.583399
-0.310796
-0.010182
-0.192384
0.106634
-0.266338
0.261688
0.021729
-0.109162
0.583648
-0.150871
0.034084
0.014049
0.302128
-0.104906
0.070035
0.016935
0.276468
0.059239
-0.125153
-0.628968
0.338844
0.024918
-0.207032
0.225532
-0.359693
0.196556
-0.138519
0.141130
-0.195578
-0.287803
-0.092871
0.164041
0.125988
0.424251
-0.024593
0.064576
-0.078506
0.206736
-0.061259
-0.283593
0.011266
0.120701
-0.261874
0.080918
-0.028431
-0.004373
-0.211703
-0.201469
-0.008969
-0.035925
-0.198168
-0.021011
-0.219226
0.016063
0.125061
0.087350
-0.214932
0.256862
0.159909
0.240180
-0.165510
0.342528
0.003140
-0.069650
-0.023487
-0.087102
-0.224312
0.176294
-0.226537
0.201719
-0.140621
0.017596
0.133879
-0.073204
0.204181
-0.076962
-0.360272
0.095114
-0.311002
0.428844
-0.038033
0.255827
0.113286
0.169507
0.276221
0.017098
-0.106639
0.203778
-0.108533
0.089262
-0.181184
-0.062684
-0.116040
0.196976
-0.091912
0.002789
0.201240
0.059046
-0.519899
-0.114916
0.130807
-0.542930
0.051591
-0.001628
-0.087577
0.042051
-0.199502
-0.010884
0.420782
-0.377132
-0.108505
-0.045622
-0.042984
-0.010720
0.115703
-0.061746
-0.233106
0.702885
-0.012362
-0.378914
0.174946
-0.271244
-0.164132
0.034666
-0.057908
-0.100179
-0.090854
-0.276169
0.010560
-0.004046
-0.054814
-0.446213
-0.007896
-0.067642
-0.141096
-0.037007
0.896157
-0.170117
0.151892
-0.139170
-0.130499
0.051923
-0.118558
-0.257486
-0.012154
0.058586
-0.184327
0.030327
0.073330
0.264805
0.149649
0.081599
-0.335271
-0.171450
0.060828
0.266487
0.031622
-0.443473
-0.026755
-0.190166
-0.489029
-0.242542
-0.131449
0.000042
-0.114294
0.111573
-0.349095
0.035643
0.178478
0.287541
-0.380343
-0.007139
-0.118412
0.040726
0.207041
0.018496
-0.258789
-0.004611
0.046820
0.146541
-0.051216
0.116610
-0.014757
0.303056
-0.245106
0.047676
0.025964
-0.067107
0.116220
0.182287
0.191193
0.320009
-0.024323
0.093459
0.075748
-0.262511
0.906717
-0.032058
0.279689
-0.051798
-0.254943
-0.089227
2.436129
-0.098377
-0.306627
-0.152259
0.166610
0.110152
-0.133858
0.095351
-0.043654
0.299333
0.261359
0.018928
0.262603
-0.266218
-0.195269
0.201345
0.107282
-0.233357
-0.128748
0.176894
0.055982
0.195497
-0.037711
-0.116320
0.030928
-0.049921
0.026591
-0.094599
-0.035069
-0.349352
-0.094960
-0.125574
0.122651
0.223223
-0.089363
-0.141609
0.077487
0.393630
0.082323
-0.015387
0.357219
0.071759
0.121226
-0.393744
-0.056421
0.256622
0.078912
0.124963
-0.114474
-0.242997
0.234463
-0.114758
0.145751
-0.032331
0.162551
-0.049710
-0.086211
-0.081583
-0.178006
0.103985
-0.048881
-0.107262
0.155584
0.111742
0.115516
0.285313
-0.131761
-0.068737
-0.011289
-0.164433
0.099314
-0.123885
-0.285572
0.174368
-0.039060
0.128660
-0.151621
-0.120482
-0.148531
-0.087947
0.252272
-0.207025
0.054370
0.078895
0.052439
0.237719
0.197215
-0.336129
-0.241255
0.143527
0.348796
-0.378554
0.006230
-0.500772
0.029933
0.100250
0.041288
0.021547
0.425564
0.176833
-0.114255
0.210795
-0.068997
-0.078659
1.723627
-0.159756
0.189212
0.014961
0.079835
0.220715
-1.033894
-0.249346
-0.097679
0.120338
-0.285855
0.100246
-0.207304
0.060846
-0.116117
-0.197539
0.142938
-0.249673
0.103348
-0.073753
0.138864
0.101835
0.466152
0.125495
0.044255
0.039201
-0.228291
0.026553
0.001053
-0.018176
0.307336
0.061009
-0.077251
0.080916
0.055826
0.023245
0.171487
-0.220188
-3.890693
-0.124946
-0.046981
0.208301
-0.047721
-0.020566
-0.199870
-0.065483
0.114824
-0.102079
0.260959
0.166177
-0.033640
-0.028735
0.020007
