ORIGINAL Mean: 0.019242
ORIGINAL Variance: 1.444578
Output:
0.539470
-0.419151
-0.200541
0.003872
-0.389228
0.320633
-0.117304
-0.025214
-0.536922
0.138847
-0.584339
0.127487
-0.399724
-0.026558
-0.082179
-0.115144
0.454617
0.580338
0.323622
-0.346013
-0.184339
0.394535
0.259348
0.011140
-0.243348
-0.374093
1.463957
-0.247083
-0.316854
-0.399565
0.711150
0.269968
-1.164788
0.110968
-0.587918
-0.033264
-0.092197
-0.426498
-0.033002
-0.348042
-0.028246
0.054768
0.420365
0.265236
-1.348710
0.251705
0.113196
-0.477289
-0.380554
0.106565
0.469483
0.044292
-0.042676
0.421974
-0.321688
1.252520
0.037170
-0.544534
0.034602
-0.454652
-0.037810
-0.646711
-0.527788
-0.047882
0.370214
0.126178
-0.503677
0.172645
-0.065957
-0.457204
0.248979
-0.359605
-0.131380
0.066530
0.291667
-0.319688
0.063869
0.417946
-0.022274
1.023016
-0.135333
-0.210685
1.359371
-0.359064
0.312846
-0.121004
-0.165631
0.199664
-0.096714
-0.448056
1.014306
-0.022759
0.540660
0.362135
-0.934509
0.403247
-0.092522
-0.914945
-0.128752
-0.006228
0.343638
-0.157590
-0.151720
0.149559
0.349163
-0.283614
-0.003186
-0.331744
0.141630
0.899084
-0.137083
0.040035
0.390477
0.014262
1.345301
-0.217014
-0.472629
-0.008844
-0.202614
-0.049236
0.159221
0.038479
0.255958
-0.636862
0.066707
-0.241897
-0.039028
-0.231040
0.525104
-0.037502
-0.005172
0.032769
0.013140
0.182075
-0.281947
0.104769
0.070561
0.457766
0.014248
-0.233671
0.225369
0.147949
-0.204604
0.241940
-0.057774
0.005795
-0.868726
-0.322350
0.877645
0.193415
0.524352
-0.565248
-0.905156
1.115464
0.473236
-0.206933
0.731300
0.299199
0.314222
-0.056053
-0.083329
0.401957
0.087550
0.159027
0.344528
-0.161426
0.325250
-0.315236
-0.234410
0.088424
-0.029922
0.006544
0.055300
0.456827
-0.006054
0.212695
-0.170575
-0.001486
0.097612
-0.230152
-0.059163
-0.304843
-0.250247
0.299409
0.143013
0.036237
0.014755
-0.496555
0.000002
0.014853
-0.545598
0.479881
-0.099779
0.038969
0.038310
-0.098626
-0.101789
0.022864
0.922790
0.420593
0.149977
0.405522
-0.493722
0.039731
-0.093364
0.038776
-0.525697
-0.160862
-0.371431
-0.177865
-0.119984
0.560798
-0.231457
-0.012829
0.262162
0.052866
-0.090842
0.158758
0.480018
-0.193508
0.807879
0.605598
-0.219235
0.561262
-0.707026
0.395806
0.118259
0.271411
0.145670
0.418657
-0.350456
0.416685
-0.170624
0.600202
-0.290575
0.687921
-0.469634
0.336848
-0.138061
0.685645
-0.295477
0.494536
-0.104408
0.143921
-0.349284
-0.147610
0.031577
-0.169914
0.343059
0.070872
-0.192409
-1.163318
0.060627
0.189251
-0.170226
-0.127025
-0.496669
-0.018797
-0.626644
-1.228786
-0.397137
0.147240
0.050101
-0.059420
-0.021536
-0.124199
-0.306340
0.203049
-0.770082
0.053341
0.162997
0.023181
-0.201052
0.508515
-0.620958
1.320057
-0.399678
-0.692321
0.014305
-0.152759
-0.181383
0.353561
-0.022599
-0.360580
0.217319
-0.096600
0.024236
-0.216393
-0.799923
0.139940
0.249801
0.061798
0.056025
0.354617
-0.042638
0.275520
0.064597
0.184647
-0.015214
-0.133659
0.605033
-0.298054
-0.352264
0.032139
-0.130470
-0.208115
0.307879
0.015863
-0.374385
0.301881
-0.241084
0.235460
-2.278135
0.057977
0.845531
0.155387
0.201793
0.284474
0.150210
-0.639337
0.407930
0.116323
1.194650
0.108843
0.808084
-1.204232
-0.008603
-0.266969
0.442016
0.007114
-0.637716
1.559435
0.192547
0.086877
0.220000
-0.008006
0.295180
-0.851508
0.258855
-0.162532
0.013314
-0.350550
-0.082962
0.416488
-0.030373
-0.287160
-0.611478
-0.280379
-0.776876
-0.382730
-0.317382
-0.968666
-0.253595
-0.130846
-0.059875
0.661083
-0.033178
-0.235877
-0.226169
-0.572882
0.470340
0.155509
0.751882
0.028826
-0.356712
0.228628
0.134454
-0.308473
-0.007317
-0.486932
-0.687304
1.015267
-0.097284
-0.161201
-0.150812
-0.152306
0.378880
0.009834
-0.377774
0.024854
0.524590
0.747192
-0.092841
-0.527275
