ORIGINAL Mean: 0.056849
ORIGINAL Variance: 1.071326
Output:
0.147290
-0.011820
0.252992
0.040415
0.160761
0.150560
0.094894
0.376674
0.220459
-0.053507
-0.203567
-0.110555
0.408160
-0.156145
-0.075878
0.070164
-0.441343
-0.177879
0.231133
-0.274755
0.019574
0.186178
0.044668
-0.159536
-0.183434
0.110896
-0.134318
0.049525
-0.053755
-0.619774
0.176625
0.100867
0.147320
0.366622
-0.024668
0.116382
0.274463
0.114151
-0.002558
0.079406
0.182250
-0.110813
0.139783
-0.135053
0.035728
-0.136622
-0.273966
-0.119994
0.225992
-0.482599
-0.279605
-0.445058
0.377770
-0.282900
0.071188
0.521926
-0.024725
-0.333753
-0.079378
-0.119385
-0.043405
0.040870
0.042593
0.259325
-0.231528
0.120110
-0.193744
0.756966
-0.308904
-0.017006
0.160717
0.144047
-0.205951
0.051876
-0.117992
-0.655608
-0.027662
-0.456620
-0.340184
-0.220555
-0.151771
-0.188842
-0.028733
-0.235940
0.150993
-0.337559
0.154824
0.377479
-0.097891
0.261908
-0.501662
0.020811
-0.195431
-0.407026
0.023583
-0.198417
-0.124523
-0.098798
0.111383
0.119411
-0.011936
0.147978
0.034911
0.261127
0.063757
-0.029895
0.313250
0.207331
-0.033266
0.200207
0.049652
-0.147542
-0.215119
-0.196580
-0.099329
0.037566
0.386539
-0.320447
0.178644
0.379476
0.055504
0.009596
0.155848
0.133654
0.029288
0.357541
-0.108157
0.220899
0.013008
0.025444
0.060103
0.297867
0.322955
0.087502
-0.504357
0.145186
0.098177
-0.007347
0.186932
-0.062223
0.183327
0.043623
-0.078530
-0.245083
0.007459
-0.205011
0.334705
-0.006497
-0.367739
-0.028307
0.126747
0.200661
-0.229829
-0.123868
0.252303
-0.107149
-0.140352
0.070660
-0.602914
-0.188174
-0.204859
0.937392
-0.098274
0.171677
-0.143597
-0.081872
0.001374
0.213072
0.168780
0.195872
-0.006019
-0.047834
-0.279012
0.157350
0.148136
0.102665
0.016319
0.047428
-0.189186
0.000501
0.093084
0.263212
-0.012089
-0.266367
0.036944
-0.423104
-0.161833
-0.489030
-0.000123
0.021267
0.181238
0.060994
-0.067552
0.233772
0.273625
-0.227048
0.091268
-0.064466
-0.015029
-0.525004
-0.122090
0.128129
-0.178869
0.152603
-0.152534
-0.111733
-0.371877
-0.500452
-0.260033
0.433836
0.180597
-0.037383
-0.447069
-0.047696
0.094760
0.052755
-0.290220
-0.264961
0.507424
0.211134
-0.143566
0.290430
-0.267496
0.147265
0.180650
0.142415
0.126272
2.054415
-0.020743
-0.556637
-0.412977
0.405162
-0.058322
-0.160896
0.085046
0.039146
-0.220516
-0.011040
0.195434
0.331173
0.111048
-0.235047
-0.180247
0.077082
-0.203106
0.323897
0.603852
-0.026441
0.046045
-0.133137
-0.259323
0.242178
0.228051
-0.035293
0.473923
-0.001346
-0.247395
0.161084
0.233495
0.444046
0.014752
0.075709
0.172449
0.090791
-0.045481
-0.146408
-0.005351
-0.117625
0.073296
0.115828
0.154424
0.128625
0.129011
-0.077781
0.138620
-0.065573
0.131242
0.138567
-0.016538
-0.066406
0.052072
-0.121098
0.189903
0.301699
0.198566
-0.137845
-0.098472
0.159947
-0.126662
-0.036733
0.014494
0.112834
0.087905
-0.664999
0.294827
0.296462
-0.433986
0.192879
0.041352
-0.190032
0.193979
-0.087508
0.057033
-0.091702
0.078568
-0.377445
-0.153395
-0.132346
-0.078216
-0.026153
0.017397
0.358777
-0.146858
-0.274661
-0.452262
0.092524
0.191114
-0.229924
-0.482037
0.117301
0.068580
-0.005219
-0.246583
-0.140576
-0.009910
-0.113225
0.042995
0.002058
0.289163
0.025844
-0.047355
1.664006
0.329106
-0.637605
0.248975
0.049944
0.213853
-0.408485
-0.138006
0.274550
-0.054867
-0.194836
0.512437
0.034905
-0.009234
-0.028926
0.102938
0.190768
-0.276597
-0.313553
-0.029339
-0.149757
0.091916
0.184885
-0.243511
0.081349
-0.109367
-0.243811
-0.065892
0.000175
0.020418
0.304970
0.122519
-0.108076
-0.478969
0.111037
-0.294192
0.077052
0.144708
-4.214449
-0.249683
-0.288647
-0.005818
-0.558428
0.140652
-0.361413
0.136810
-0.190328
0.107565
-0.394645
0.544425
0.123564
-0.244713
-0.172615
