ORIGINAL Mean: -0.006594
ORIGINAL Variance: 1.103701
Output:
0.052550
0.347269
-0.048447
0.022344
0.121134
-0.216067
0.302973
0.090263
0.077620
-0.425875
0.185289
-0.204710
-0.000903
0.039574
-0.012275
0.022075
0.131831
0.334732
-0.069656
-0.141771
-0.181245
0.033922
-0.056854
0.051375
-0.155870
-0.250946
0.247511
0.056520
-0.040459
-0.156543
0.006419
-0.622196
0.438001
0.780117
0.058442
0.122280
0.172518
0.333477
-0.092943
0.299556
0.037868
0.225561
-0.006347
0.176969
-0.021076
0.259417
0.357611
-0.000290
0.283807
0.252136
-0.506326
0.316461
-0.059986
-0.487037
-0.080637
-0.050297
0.207536
0.133519
-0.083476
0.200062
-0.332932
-0.431657
0.801981
-0.059610
0.058996
-0.138666
-0.144248
-0.106262
0.344165
0.501048
0.785040
0.253417
0.153179
0.071137
-0.111396
-1.137097
-0.019287
0.045123
0.150684
0.248660
0.152664
0.046850
-0.001145
-0.158227
0.189055
0.287350
-0.056863
-0.472710
-0.450913
-0.447600
0.351560
-0.093221
0.061132
-0.458786
-0.476130
0.703652
-0.138867
-0.534834
-0.319994
0.049142
-0.537195
0.040469
-0.441506
-0.058163
0.167620
-0.608469
0.100888
-0.201608
0.313750
0.222282
0.414077
-0.035176
0.398504
-0.266243
0.512237
0.429550
-0.138904
0.113155
0.054106
-0.078750
-0.106084
-0.099603
0.072348
-0.116687
-0.062693
-0.125355
0.146694
0.169126
-0.497228
-0.087057
0.036975
-0.066282
-0.299283
-0.386689
-0.057459
0.070471
-0.214973
-0.221784
0.192595
0.481231
-0.015722
-0.225655
0.433444
0.381296
0.131147
0.277636
-0.644579
0.005385
0.641123
-0.155998
-0.165566
-0.310367
-0.392458
0.165893
0.552199
-0.098184
-0.003849
-0.325906
0.210070
-0.246631
0.541043
-0.334133
-0.036380
-0.100045
0.646732
-0.158701
0.179621
-0.073431
-0.062934
-0.002102
0.120615
-0.135655
0.284497
-0.432392
0.144287
0.148000
0.285509
0.061644
-0.036428
0.024581
0.120403
0.439707
-0.260285
-0.143498
-0.112806
-0.621098
-0.225038
0.392551
-0.000049
-0.154297
-0.340553
-0.011570
-0.423951
0.101808
-0.011920
0.258248
-0.332552
-0.325302
0.362952
0.257481
0.033232
-0.178349
0.020247
0.320688
0.417158
-0.096724
0.324735
0.484545
0.540931
-0.430008
-0.091114
-0.392618
-0.149439
-0.060185
-0.003776
0.509626
0.625838
-0.039845
-0.105115
0.206203
-0.238736
0.631293
0.214466
-0.277645
-0.099808
0.235681
-0.229108
0.984766
0.358790
0.279305
0.231493
0.138278
-0.023413
0.275966
-0.326503
-0.081282
0.205826
0.265901
0.080282
-0.015918
0.061221
-0.253461
-0.037989
-1.129024
0.310314
-0.188258
-0.231601
0.492255
0.105633
-0.332432
0.036604
-0.261098
0.015398
-0.203652
-0.300725
-0.406206
-0.400832
0.023173
-0.215732
0.107577
-0.115108
-0.639537
0.073919
0.238759
0.308342
0.282723
0.127796
0.069459
0.234403
-0.240067
-0.203834
-0.225300
-0.381821
-0.151909
0.076866
-0.568397
0.155196
-0.292820
-0.500821
-0.081293
-0.042662
-0.463213
-0.109346
-0.302438
-0.989604
-0.025807
-0.123394
-0.572554
-0.309967
0.125636
0.136332
0.138140
0.374745
0.131584
-0.332672
-0.272821
0.124914
0.066214
-0.280361
0.284016
0.074338
0.029162
0.138296
-0.094679
-0.024631
-0.360529
0.113689
-0.145193
0.290786
-0.052302
-0.026073
-0.257000
-0.620358
-0.129394
-0.191334
-0.093868
0.422259
0.543610
-0.272726
0.033884
-0.568003
-0.297376
0.169557
-0.202323
-0.264213
-0.748794
0.073758
-0.133621
0.051520
0.128197
-0.407893
1.791361
-0.570863
0.518172
0.273931
-0.134838
-0.007159
-0.887035
0.075632
-0.086615
-0.328996
0.078011
-0.063019
-0.321167
0.256555
-0.289805
-0.174817
-0.166976
-0.472710
-0.052845
-0.134694
-0.647896
0.322135
-0.140384
0.200340
-0.128549
0.002418
0.034204
0.166138
0.044447
0.625547
-0.109667
-0.175006
-0.146384
0.589022
-0.008787
-0.116705
0.181251
-0.316029
-0.032376
0.277064
0.126683
-0.010545
0.174347
0.299369
0.042208
-0.024394
-0.079643
0.005258
-0.031116
-0.195886
-0.299621
0.017403
-0.127199
