ORIGINAL Mean: -0.023244
ORIGINAL Variance: 0.920062
Output:
-0.392798
0.157943
-0.110784
-0.242914
-0.114613
-0.070552
-0.114340
-0.121136
-0.033166
-0.069001
0.334547
-0.121655
0.358207
-0.103334
0.643448
0.011862
0.703732
0.228042
0.176163
-0.099068
-0.231259
0.337318
0.298765
-0.291750
-0.092392
0.125034
-0.361959
0.326114
-0.263983
-0.013282
0.474438
0.032079
-0.075121
-0.356799
0.187101
-0.170500
0.089054
-0.090274
-0.040787
0.038173
-0.257856
-0.017039
-0.168446
-0.046092
0.320623
-0.040739
-0.181838
0.421178
0.490955
0.011045
0.354871
-0.085148
-0.341122
-0.681984
-0.508472
0.204668
-0.213469
0.465769
-0.170830
-0.042127
-0.359897
-0.238657
0.127089
0.184551
0.042496
0.030318
-0.162679
-0.426744
0.354017
-0.299468
0.280291
-0.101180
0.103599
0.250992
-0.412400
-0.589568
-0.403267
-0.254550
0.067971
-0.148259
0.183227
0.211579
-0.097677
0.211497
0.166624
0.111642
-0.152090
0.123374
0.058387
-0.085294
0.212976
0.107988
0.216701
-0.137699
0.023940
0.435988
0.038706
-0.270975
-0.092854
0.035364
-0.204889
0.056641
-0.205554
-0.107498
-0.204109
-0.165570
0.316204
0.001937
0.190089
0.066729
-0.099702
-0.103094
0.434957
-0.201676
0.466091
0.281288
0.034502
0.300899
-0.047037
0.563621
-0.127619
-0.325878
0.240780
0.692381
0.168312
-0.072222
0.064719
0.383235
0.140988
0.483861
-0.002699
0.137990
0.204420
0.132997
-0.074963
0.678641
-0.020196
-0.002123
-0.210806
-0.515222
-0.098943
-0.362870
0.185123
0.093163
0.221395
-0.484870
-0.150508
0.102387
0.139017
-0.266787
-0.071054
0.085563
-0.168969
0.095433
0.409182
-0.174841
0.295629
0.352725
-0.249281
-0.135133
0.283378
0.010095
0.337965
-0.093315
0.205278
0.415706
0.314435
-0.141724
-0.162161
0.310336
0.008185
-0.162358
0.225969
0.041506
0.141034
-0.098115
0.393387
0.040909
-0.236466
-0.262966
-0.192963
-0.031169
-0.299476
-0.290226
0.077829
0.027085
-0.122387
0.310300
0.000169
-0.331863
-0.333798
-0.144230
-0.511632
0.102900
0.027806
0.090876
0.259061
-0.246683
-0.067724
0.030433
-0.249607
0.102357
0.101745
0.457261
0.051030
0.195632
0.197995
0.206888
0.296038
-0.178399
-0.279459
0.119748
-0.024101
-0.060048
-0.149074
0.071305
-0.110351
0.134114
0.136121
-0.142643
-0.242752
0.324179
-0.006909
0.150281
-0.423892
0.235037
0.060092
1.959158
-0.139900
-0.026964
0.017374
0.006439
0.004466
-0.131506
-0.362518
0.215008
0.426601
0.073628
0.471445
-0.181960
0.121901
0.046841
-0.131987
0.411174
-0.257063
-0.205461
-0.191596
0.059250
-0.276339
0.178134
-0.060831
-0.601066
0.114533
-0.161430
0.427946
0.153986
-0.124923
0.370844
0.349747
-0.279842
-0.323810
-0.142250
0.298656
-0.096317
-0.059965
0.264766
0.153969
-0.294668
-0.071992
0.031317
-0.369437
-0.395799
-0.362436
0.130815
-0.006685
0.490571
0.395970
-0.357739
-0.255037
-0.162282
-0.007919
0.112610
-0.309630
0.233095
-0.131700
-0.070206
-0.069895
-0.306580
-0.318783
0.018696
0.244296
-0.207255
0.138082
-0.188805
-0.407625
-0.208937
0.098590
0.073567
-0.191615
0.233984
-0.021766
0.147266
-0.112698
-0.469945
0.049454
-0.275188
0.156132
-0.106989
0.030489
-0.282752
-0.098882
0.293151
0.207062
-0.262277
0.230134
0.057986
0.264229
0.373601
-0.609622
0.091558
-0.116759
0.179687
0.002897
-0.038373
0.098451
1.321175
0.044950
0.176785
0.180080
0.145223
-0.078366
1.961905
0.057750
0.083173
0.176700
0.053970
-0.105300
-0.697214
0.037522
-0.325739
-0.165476
0.005298
0.132836
-0.229415
0.026341
0.096611
-0.178221
-0.087664
-0.550112
-0.072695
0.112931
0.016279
-0.380207
0.712401
0.122701
-0.012593
0.208239
-0.299831
0.309008
0.027723
-0.272033
-0.044760
-0.091395
0.013238
-0.425427
-0.216796
0.166135
-0.222732
-0.220791
-2.245001
-0.059825
0.017845
0.009769
-0.285667
-0.286850
-0.385276
-0.078910
-0.128965
-0.240479
0.024772
-0.085317
0.494688
-0.197941
0.292195
