ORIGINAL Mean: 0.042934
ORIGINAL Variance: 1.041849
Output:
0.501477
-0.137217
0.213804
0.139375
0.024029
-0.057102
0.212115
0.346175
-0.158202
0.074151
-0.109888
0.247790
-0.281796
-0.230236
-0.450056
0.084190
-0.322559
-0.364499
0.082439
-0.265953
0.016462
-0.192404
-0.054591
0.201486
0.253459
0.275520
-0.129395
0.238411
-0.095166
-0.044118
-0.145760
0.035790
0.407995
-0.468378
0.053838
0.046113
-0.225906
-0.238297
0.020574
0.020626
-0.267299
-0.093538
-0.037180
-0.006786
-0.233102
-0.213455
-0.135294
0.182900
0.333545
-0.009366
-0.466238
-0.332053
0.253133
0.251834
0.050170
0.005123
-0.125595
-0.116816
0.147728
0.239118
0.070427
0.197049
-0.070288
-0.027829
-0.152187
0.068530
0.049788
0.269002
-0.212924
-0.071768
0.130186
0.176947
0.078755
0.086224
-0.483456
-0.364838
-0.378361
-0.147179
-0.221906
-0.178758
-0.067604
-0.128408
0.144893
0.104931
-0.096213
-0.057365
-0.189005
0.267875
0.075004
0.080702
0.095526
-0.136421
-0.251069
0.417689
-0.077289
0.144567
-0.059195
-0.031181
-0.320447
-0.075705
0.445347
0.578173
-0.479716
-0.176801
0.025818
0.049587
0.061297
-0.055866
-0.242416
-0.693569
-0.274921
-0.115034
-0.117292
0.106033
0.144500
0.099351
0.286282
-0.125386
0.210251
0.176243
-0.004493
-0.080400
0.035654
-0.121824
0.094979
0.019488
0.291361
0.115731
0.001453
0.214854
-0.005921
0.101087
0.169937
-0.211403
-0.360704
0.343336
0.153679
0.157977
-0.039784
-0.286378
-0.143664
0.554380
-0.163693
0.157590
0.263140
0.160997
0.124613
0.392445
-0.045259
-0.059964
-0.117002
0.005270
-0.118118
-0.225153
0.092717
-0.256170
0.190976
0.467334
0.022868
-0.210353
0.262460
0.328286
0.040417
-0.228321
-0.142801
-0.008447
-0.036467
0.145568
0.392550
0.139084
0.054426
0.177519
-0.146453
0.032439
-0.200449
-0.105549
-0.146296
0.321210
0.207087
-0.136140
-0.549218
-0.301047
-0.002724
0.101184
0.099483
0.079787
-0.109773
-0.032129
-0.000143
-0.157058
0.034558
0.152348
0.003829
0.148005
0.143366
0.343357
0.006893
-0.200626
-0.106091
-0.287417
0.080082
0.359995
-0.166792
0.095899
0.119248
-0.068640
0.006494
-0.071944
-0.179369
0.494803
0.097917
-0.322216
-0.150397
0.217268
-0.081454
-0.031126
-0.162358
0.117323
-0.150523
0.069111
-0.558174
-0.162199
-0.067471
-0.026682
0.135346
0.109043
0.088375
2.533999
0.142700
0.005158
-0.191555
0.262957
-0.101150
0.185007
-0.294930
-0.177836
0.063432
0.254331
0.184442
-0.051233
0.155433
-0.070077
-0.094708
-1.028359
0.033837
0.034849
-0.019012
-0.163464
-0.293416
0.091817
0.143060
0.073129
0.306898
0.299833
-0.062080
-0.062230
-0.256541
0.014707
-0.006103
-0.013866
0.026912
-0.067030
0.302748
0.011470
-0.005297
-0.058639
-0.029534
-0.003229
-0.071322
0.177733
0.661651
-0.054981
-0.190012
-0.074763
-0.049853
0.060709
0.316042
-0.154566
0.003712
0.032611
-0.121408
0.120696
0.154023
0.535892
0.281193
-0.214866
-0.042154
-0.048184
0.123916
-0.068690
0.072645
-0.201984
-0.333056
0.053093
0.125445
0.234620
-0.288168
-0.114771
0.136883
0.079183
-0.112573
-0.029492
-0.155961
-0.081667
0.144804
-0.253124
-0.087321
-0.120536
-0.296396
-0.167819
-0.032509
0.005630
-0.032413
-0.425158
0.292942
0.044375
0.060387
-0.210416
-0.110914
-0.137062
0.592761
-0.088441
0.203945
0.015308
0.085913
-0.223417
0.126890
0.095233
-0.064821
0.043066
-0.135049
2.105718
0.135776
-0.393442
-0.112533
-0.184886
0.217181
-0.729761
0.005677
0.333523
-0.146092
0.060035
0.121985
-0.097008
-0.249282
0.064799
0.172872
-0.090726
0.097865
-0.120950
0.015342
-0.274168
-0.064949
0.121690
0.131505
0.383941
0.169040
-0.249317
0.142955
0.269526
-0.164326
-0.058799
0.044927
0.089805
-0.176292
-0.328811
-0.199779
0.092545
-0.096267
-4.304000
-0.073814
0.006023
-0.347960
0.432658
0.230850
0.155292
0.418941
-0.136880
0.164214
-0.485123
-0.174377
-0.084326
0.067183
-0.058476
