ORIGINAL Mean: -0.012341
ORIGINAL Variance: 1.351861
Output:
-0.349373
0.736851
-0.005219
0.207362
0.122203
-0.234500
0.472553
0.013025
-0.046703
-0.035429
1.198851
-0.507940
-0.584708
-0.105499
-0.010508
-0.069712
0.030596
-0.279740
-0.379978
0.711380
-0.002521
-1.293714
0.063014
-0.175173
0.125545
0.032466
-0.861408
0.022467
0.135111
0.030925
0.777313
-0.459915
0.288136
-0.438346
-1.175967
0.129969
0.002516
-0.803122
-0.052717
0.385209
-0.068261
0.216998
-0.180812
-0.127785
-0.319661
0.060849
0.175779
0.288847
0.239410
0.088532
-0.226773
-0.051624
-0.094856
0.178146
0.582134
0.228103
-0.664514
0.433170
0.270236
0.100404
-0.143942
0.326737
0.239406
-0.470704
-0.873692
-0.045875
0.071015
-0.791286
0.567868
0.301151
-0.477419
-0.125052
0.082109
0.016770
-0.434784
-0.309587
-0.291916
-0.205375
0.006887
-0.629458
-0.135978
0.102232
-0.229048
-0.214722
0.079094
0.618579
0.811230
0.161680
-0.323951
0.480882
0.114915
0.532621
0.543168
-0.193516
-0.783339
0.811516
0.010833
-0.891039
-0.119579
-0.154797
0.704122
0.023261
-0.313143
-0.175924
0.145874
0.241566
0.293817
0.047743
0.143046
0.672208
-0.026632
-0.089199
0.300236
-0.131951
-0.710550
0.220807
0.030221
-0.325703
-0.062286
0.632313
-0.151008
0.220980
-0.004912
-0.210179
-0.416586
-0.074982
0.093015
0.193581
0.790478
0.420464
0.008085
-0.718808
-0.017859
0.060941
0.088444
0.325474
-0.439080
0.236595
0.258801
-0.017239
-0.057481
0.174517
0.847898
0.231974
-0.069450
-0.111849
-0.275267
-0.076384
0.354840
0.339338
-0.535345
0.218849
0.366469
-0.284276
-0.030429
0.045790
0.355468
0.186909
0.062166
-0.176064
-0.086589
0.428664
0.136906
-0.271283
-0.071589
1.511960
-0.024808
0.139870
-0.236514
-0.370485
-0.077430
-0.247250
0.172185
-0.506659
0.027353
0.064353
0.262273
-0.516139
0.109920
0.456445
-0.063864
0.564050
-0.291524
-0.348588
-0.129823
0.592049
-0.114877
0.152198
-0.000012
-0.220450
0.675180
-0.750035
-0.046085
0.125206
0.189499
-0.119926
-0.203080
-0.281458
-0.324012
0.517029
0.164400
0.181125
-0.494484
0.010796
-0.554160
-0.021934
0.382801
0.485119
0.747981
-0.671530
-0.162238
-0.324672
0.432994
0.426322
-0.174236
-0.111450
0.611749
0.635854
0.181869
0.591488
0.020046
0.068374
0.110395
-0.320856
0.684539
-0.062861
-0.027277
1.725281
-0.117021
0.098999
0.234607
-0.305509
0.082416
0.307136
-0.396304
-0.041370
0.595752
0.021523
0.308023
-0.755576
-0.249094
-0.313589
-0.146913
0.081352
0.022202
-0.198408
0.393607
-0.231112
0.054504
-0.156229
-0.023009
-0.113677
0.189494
0.153961
-0.295032
0.143023
-0.014213
-0.122665
0.340475
0.161998
-0.182496
-0.333465
-0.112023
-0.138725
-0.120871
0.743095
0.054224
-0.783839
0.377148
0.005513
0.184061
1.568283
-0.280798
0.238477
0.146497
0.383371
-0.501633
0.561982
-0.116986
0.792771
-0.037327
-0.702595
-0.170039
0.261505
-0.065954
-0.174803
-0.252938
-0.218989
1.178011
0.122920
-0.067688
0.537813
-0.035903
-0.786386
-0.867607
0.207341
0.028757
0.056597
0.856904
-0.000510
-0.203207
0.357242
-0.082640
0.163793
-0.075141
-0.174824
-0.346815
0.026972
-0.096466
-0.197880
0.040357
-1.246127
1.313180
-0.041723
-1.065600
-0.296069
-0.170790
1.187935
-0.204949
0.578966
-0.406691
0.601381
-0.748488
-0.144619
-0.025415
-0.012610
0.099493
0.336581
0.395857
-0.066733
0.122152
1.827724
0.712272
0.459834
-1.091780
-0.203798
0.093189
-0.116816
-0.101784
-0.113975
-0.117865
0.415631
-0.437157
-0.625219
-0.174738
0.149455
-0.520722
0.280876
0.307593
-0.702084
-0.059509
-0.580747
-0.195661
0.152353
0.297020
0.025143
-0.392448
-0.030734
-0.079820
-1.194307
0.250238
0.042705
-1.362368
-0.098714
0.289551
-0.255481
-0.029929
0.403254
-0.307088
-1.940379
1.078004
-0.086402
-0.087540
0.127488
0.082447
0.203868
-0.048586
-0.340892
0.216735
-0.373912
-0.639448
0.125956
1.344325
0.066598
