ORIGINAL Mean: 0.019961
ORIGINAL Variance: 1.240549
Output:
0.426122
0.203994
0.141995
-0.148556
0.551025
0.100023
0.081387
0.050568
0.085001
0.501477
-0.406086
0.698861
0.535402
-0.171407
-0.102638
-0.201399
-0.033811
-1.387526
0.149398
-0.087102
0.060113
-0.733624
-0.403694
0.005209
0.048872
0.104344
-0.732461
-0.093891
0.080236
-0.117827
-0.403886
-0.595209
-0.016187
-0.015112
0.271191
0.037912
-0.023326
0.585978
-0.005952
-0.330599
-0.502231
-0.251434
0.651068
0.222827
-0.064912
0.173922
0.084679
-0.094882
-0.294907
-0.071587
-0.645591
-0.200300
0.306355
0.531492
0.849503
0.149172
1.013485
-0.400433
-0.214732
0.486482
0.420228
0.108650
-0.089291
0.256395
-0.296415
0.005745
-0.051834
1.116970
0.125267
0.231173
-0.079535
-0.409996
-0.118412
0.173508
0.442276
-0.123878
0.179911
0.161283
-0.249009
0.335600
0.163648
-0.288364
0.143586
0.006640
-0.261596
-0.218777
0.129756
0.641694
-0.153898
-0.116437
0.077900
0.535056
-0.914772
-0.193470
0.295683
-0.138555
0.301679
-0.338323
0.037192
-0.055992
0.112148
-0.153005
0.093857
0.301841
0.016735
0.336267
0.001820
-1.027975
0.267217
-0.945003
-0.124986
0.002880
-0.663804
0.099003
0.004102
0.085908
0.749935
0.365935
-0.144287
-0.427659
0.149360
-0.191958
-0.347998
0.264144
0.240491
0.089884
-0.412848
0.068018
-0.598647
-0.659276
0.043530
-0.158794
0.409202
-0.039045
-0.057286
-0.373746
-0.062846
0.016651
-0.049857
0.088193
0.306643
0.552664
-0.647012
-0.852350
0.316458
0.618636
0.323459
-0.175575
0.011076
-0.143981
0.299265
1.472328
-0.556444
0.470952
-0.071857
-0.151937
-0.549871
0.117353
0.135963
-0.116880
0.468400
0.485862
-0.336288
0.041828
-0.065274
-0.722066
-0.032941
0.226126
0.292454
-0.264502
-0.136972
0.522096
-0.250995
0.020011
-0.042196
-0.125254
-0.307231
0.219630
0.127238
-0.029504
0.101124
-0.660906
0.014877
-0.239635
0.129464
0.311367
0.078026
-0.005627
-0.000170
0.129011
0.415467
-0.886584
0.408208
0.097529
0.302226
0.088667
0.036178
0.006086
0.096461
-0.618553
-0.139252
-1.156772
0.443075
-0.126008
-1.160188
-0.059129
0.654297
0.410895
-0.493494
-0.075013
0.138395
0.211882
-0.296980
-0.027915
-0.029192
-0.286249
0.022561
-0.442614
0.076868
-0.116942
0.173067
-0.230861
-0.434294
-0.064120
-0.001162
-0.136784
-0.062679
0.597129
-0.140943
-0.139371
-0.368163
0.279076
-0.091703
-0.259859
0.198870
-0.143579
-0.666072
0.202264
0.897597
0.857898
0.045699
-0.106204
-0.165143
0.136573
-0.297615
0.066726
-0.003441
-0.294826
0.239070
0.286740
0.722067
0.883107
-0.017647
0.290505
-0.534852
0.055483
-0.224236
-0.132982
0.457066
-0.220706
0.347912
-0.124266
0.259791
-0.346806
-0.011514
-0.062345
-0.117525
0.020446
-0.095891
-0.112117
-0.187810
-1.388244
0.842763
-0.413606
-0.546090
-1.143903
0.103465
-0.064169
0.005167
-1.429460
0.279292
-0.481729
0.198643
-0.069590
0.182629
-0.634022
0.271119
-0.051162
0.253512
0.028064
0.030742
-0.582642
-0.019475
0.161947
0.086436
0.222325
-0.053491
-0.054777
-0.387444
-0.198333
-0.088881
-0.332922
0.046471
-0.396143
0.061129
-0.298685
-0.525946
-0.082975
-0.220652
0.196605
-0.152419
0.060337
-1.511970
0.043643
0.949687
0.187548
-0.309874
0.166220
0.092755
-0.363049
0.759036
0.471075
-0.597682
0.007400
-0.465513
-0.360297
0.070806
-0.080494
-0.133352
-0.051528
-0.109844
1.789112
-0.268002
-0.477873
-0.359988
-0.059018
0.306424
-0.666073
0.441548
0.229916
-0.508244
-0.451493
-0.035917
0.334838
0.185764
0.128464
-0.457008
-0.257764
-0.312609
0.168829
-0.191153
0.087905
-0.007406
0.094712
-0.241372
0.434242
-0.678807
0.025000
0.428124
0.099362
1.089455
-0.137521
-0.727944
0.087086
0.554217
0.140112
-0.178295
0.358857
0.507887
-0.182186
-0.651200
-0.712558
-0.001311
-0.405587
0.004881
0.407680
0.394027
1.061666
0.069453
0.855027
0.442667
0.239420
0.859259
0.008984
