ORIGINAL Mean: 0.033509
ORIGINAL Variance: 1.133672
Output:
-0.293829
-0.014315
0.163448
0.161555
0.208420
-0.044334
0.188508
-0.333814
-0.276466
0.127276
-0.413322
0.067317
-0.178403
-0.004640
-0.251371
0.029104
0.049733
0.176296
-0.338935
-0.006848
0.052566
-0.184687
-0.011809
0.241572
0.011862
0.007249
0.255210
-0.165516
0.030957
-0.104700
-0.433113
0.297794
0.279608
-0.200618
-0.070655
0.106893
-0.450260
-0.171898
-0.080808
-0.070912
-0.055278
0.401579
0.006060
-0.098682
-0.605467
-0.097844
0.260097
0.104896
-0.115804
0.069201
-0.108361
0.042693
-0.172918
0.686438
-0.046312
-0.296078
0.330062
-0.032149
0.432294
0.221241
0.224680
-0.124990
0.075024
0.239229
-0.316280
-0.104467
0.145097
-0.301098
-0.125569
-0.146385
-0.382358
-0.120875
0.107552
0.197001
0.125036
1.143332
0.134491
0.000971
0.118136
0.014936
0.270913
0.026357
0.281882
0.192151
0.085050
-0.213159
0.055270
0.054022
0.137879
-0.140718
0.139617
-0.268843
0.071332
0.174247
0.046002
0.148045
0.250020
0.025289
-0.118889
-0.245915
-0.067163
0.195742
-0.102758
0.106944
-0.534658
0.006468
-0.161669
-0.268170
-0.144904
-0.488121
-0.151206
-0.041584
0.121826
0.082830
-0.254016
-0.099982
0.257569
0.247739
0.083382
-0.169579
-0.204316
0.287344
0.014416
-0.471550
0.286702
0.074406
-0.034239
-0.057844
-0.113356
-0.242046
0.087345
-0.292132
-0.281710
-0.163739
-0.067788
0.151235
0.207907
-0.134583
0.041393
0.034717
-0.011487
-0.229189
0.262466
-0.044290
-0.089877
0.417705
0.071534
0.136107
0.195704
0.379815
-0.268725
0.129270
-0.129401
-0.607779
0.188736
0.097130
-0.239396
-0.180434
0.130887
-0.160295
-0.018999
-0.835869
-0.151849
-0.291852
0.077440
-0.226659
-0.062148
0.108828
-0.129666
-0.110118
0.090908
-0.063791
0.073680
-0.038486
0.044326
0.111673
-0.012117
-0.342627
0.144499
0.098600
-0.034467
-0.129285
-0.285918
0.252018
-0.022572
-0.123293
-0.236461
-0.202010
-0.000079
-0.314036
0.189575
0.099647
0.089426
0.182895
0.143027
0.038656
-0.087104
-0.291323
0.193778
0.177216
-0.143553
-0.300331
-0.006817
-0.071025
0.250523
-0.026764
0.122297
0.396582
0.145920
-0.049151
-0.053087
-0.026975
0.186498
-0.078144
-0.078225
-0.267812
0.050742
0.170427
-0.045189
0.046195
-0.052630
-0.537902
-0.057618
0.074846
0.212170
-0.245770
0.361169
2.705372
-0.025854
0.151511
0.298852
-0.177174
0.197018
-0.296347
-0.044900
-0.178928
0.464851
0.107520
-0.144005
0.105878
0.100784
0.030311
-0.009175
-0.252001
0.114974
-0.068243
0.049218
0.035239
0.081758
0.097845
0.400736
0.448793
-0.179092
-0.117228
-0.669622
0.059930
0.085189
-0.322465
0.058066
0.195187
0.223866
0.075562
0.038376
-0.044786
-0.116594
-0.151379
-0.043915
0.037795
-0.193293
0.028661
-0.463228
-0.070554
0.574428
-0.372282
0.327329
0.061099
0.163258
0.155227
-0.140179
0.225455
-0.247091
0.146343
0.003065
-0.351646
-0.219687
0.107987
-0.198670
0.015621
0.080964
-0.062634
-0.149358
0.359786
-0.139422
0.014430
0.518606
0.083216
-0.092203
-0.149669
0.076477
-0.292317
0.042973
0.014413
0.036246
0.164822
-0.037844
0.034570
-0.239063
0.156019
-0.078106
0.107923
0.201966
-0.191472
0.373506
0.193044
0.116849
-0.220203
-0.171781
0.061833
0.561512
0.033080
-0.208571
0.105647
-0.092312
-0.140739
-0.005010
0.432201
0.169594
0.045701
-0.434388
-0.073298
-0.063055
1.872795
-0.109344
0.614093
-0.163114
-0.271711
-0.110854
-0.328108
0.065641
-0.077406
0.292882
0.254622
-0.427882
-0.232865
-0.059478
0.093455
-0.225786
-0.112926
0.275447
0.346727
-0.229452
0.216163
0.101567
0.594632
0.217714
-0.059275
-0.000390
0.029993
0.137857
0.412481
-0.100389
-0.336092
0.047147
0.288114
0.163105
-0.124276
-0.043434
0.122032
-0.233176
-3.967495
0.102647
-0.458753
-0.013681
0.502571
0.002395
-0.102470
-0.082444
0.350869
0.109538
0.327716
-0.825280
-0.255320
0.120334
-0.031951
