ORIGINAL Mean: 0.045766
ORIGINAL Variance: 1.076584
Output:
0.387287
-0.137063
0.234682
0.129658
0.039215
0.066553
0.007503
0.129492
-0.355068
0.130188
0.053435
0.214793
-0.206306
-0.168345
-0.448902
-0.007735
-0.027533
-0.193468
0.154616
-0.153373
0.005251
-0.329345
-0.127282
0.215955
0.272388
0.301297
0.147651
0.084901
-0.096736
-0.044037
-0.057449
0.072269
0.277356
-0.318102
0.083619
-0.005412
0.047068
-0.404087
0.038518
0.005089
-0.133788
-0.012723
-0.003925
0.012383
-0.231761
-0.267009
-0.042059
0.027309
0.061872
0.106377
-0.478016
-0.150519
0.298347
0.171696
0.272491
0.169261
-0.041554
-0.316175
0.078562
0.284338
0.156770
0.179111
0.117377
0.096310
-0.152382
-0.039242
0.045067
0.140948
-0.343497
0.078010
0.078863
0.028803
0.116873
0.197790
-0.323199
0.225244
-0.162428
0.045978
-0.154284
-0.103576
0.020381
-0.019038
0.141637
-0.106666
-0.040371
-0.118179
-0.175655
0.226544
0.042654
0.064482
0.180022
0.078398
-0.290996
0.322931
-0.136360
-0.079673
0.060060
-0.220324
-0.316484
-0.155139
0.331827
0.379699
-0.429523
0.055947
-0.333516
0.044285
-0.042489
-0.095431
-0.259061
-0.432164
-0.231424
-0.090701
-0.092383
0.272899
-0.001792
0.044268
0.180541
-0.114091
0.062461
0.046526
-0.066332
-0.167179
0.191207
0.001823
0.222409
0.064789
0.289266
-0.094512
0.095848
0.017153
0.033436
0.105292
0.036171
-0.317867
-0.351634
0.447675
0.174512
0.175943
-0.053442
-0.192766
-0.053773
0.412889
-0.566228
0.221646
0.257681
0.210248
0.236109
0.338850
0.165601
0.093336
-0.022751
-0.076231
-0.168993
-0.202855
0.127655
-0.148707
0.421901
0.345609
0.041220
-0.219307
0.098257
-0.431225
0.151639
-0.260541
-0.073020
0.106139
-0.015624
0.057234
0.260755
0.029589
0.140477
0.090007
-0.148782
0.048526
-0.151457
-0.053393
-0.164934
0.480549
0.273254
-0.002338
-0.431271
-0.144158
0.254805
0.233417
0.033584
0.162460
-0.103058
0.061689
-0.000137
-0.193940
0.110280
0.190526
-0.028841
0.146513
0.104650
0.443955
-0.041870
-0.156160
0.047078
-0.272350
-0.026538
0.252687
-0.035295
-0.094939
0.012667
-0.093742
0.178535
-0.036508
-0.544055
0.244697
0.040898
-0.166720
-0.131447
0.173821
-0.201485
-0.023428
-0.178106
0.101496
-0.270254
0.254509
-0.408227
-0.644965
-0.077296
-0.233909
0.241994
0.085407
0.302669
2.535309
0.134434
0.076579
-0.050812
0.117783
-0.013485
0.212071
-0.205428
-0.191502
-0.106843
0.246661
0.002604
-0.271958
0.240626
-0.052982
0.112557
-1.067235
0.124217
0.064837
-0.021332
-0.254319
-0.160368
0.266087
0.244719
0.196735
0.093623
0.134705
-0.197822
-0.110330
-0.278815
-0.135600
-0.178920
-0.044229
0.088871
0.003840
0.311953
-0.099108
-0.128204
-0.148917
-0.196474
-0.027891
-0.109645
0.039310
0.493033
0.223833
0.204499
-0.190942
-0.011326
-0.096071
0.202293
-0.154841
0.011935
0.158559
-0.198949
0.025738
0.102885
0.086005
0.182446
0.077982
-0.180097
-0.106117
0.160445
-0.113142
-0.006866
0.017257
-0.227079
-0.011825
-0.005318
0.287588
-0.260266
-0.134133
0.099152
-0.038142
-0.118242
-0.052266
-0.118738
0.170406
0.092568
-0.126771
-0.235480
-0.111370
-0.183002
0.019396
0.096535
-0.066684
0.033203
-0.432601
0.197368
0.029656
-0.063668
-0.288298
0.221917
0.038219
0.729455
0.039210
0.071204
-0.065333
0.184632
-0.239327
0.136674
0.111609
-0.139668
0.039558
0.058436
2.076052
0.216969
-0.249369
-0.114711
-0.251969
-0.004389
-0.735604
0.117024
0.304695
-0.122209
0.165361
0.074681
-0.032257
-0.226788
-0.006689
-0.014778
-0.030824
0.169780
0.012195
0.002985
-0.066665
0.024975
0.204944
0.068965
0.297753
0.001978
-0.190666
0.054217
0.085738
-0.139189
-0.329210
-0.053461
0.208446
0.012370
-0.194189
-0.164855
0.215746
-0.035935
-4.309821
0.047562
0.130893
-0.367555
0.229425
0.232901
0.201726
0.217332
-0.146882
0.182191
-0.100914
-0.250147
-0.135306
0.180286
-0.101728
