ORIGINAL Mean: 0.027741
ORIGINAL Variance: 1.250429
Output:
-0.098686
-0.208627
0.133019
0.022842
-0.178901
-0.056238
-0.118263
-0.057730
-0.493972
0.248847
1.207969
-0.247178
0.027922
-0.241307
-0.027067
0.130510
0.135893
-0.429598
0.172219
1.049241
0.081656
-1.418707
-0.141040
-0.245204
0.160356
0.107479
0.603205
-0.177719
-0.090689
-0.134067
0.226097
0.315069
0.403274
-0.306268
-0.370936
-0.235782
0.496666
-0.156936
0.037326
0.009070
-0.063875
-0.073965
-0.033857
-0.092911
-0.237957
0.017509
-0.055025
-0.498675
-0.264570
-0.340396
0.186977
-0.274086
0.206818
0.316356
0.650806
0.833768
-0.493209
-0.425676
-0.076090
-0.398122
0.266273
0.327251
0.253068
0.074740
-0.001517
-0.109384
-0.357255
0.020722
0.285285
0.625078
-0.044004
0.459599
-0.069738
0.096690
0.174905
0.297003
0.134229
0.320384
-0.260878
-0.046733
-0.383148
0.165405
0.249686
-0.650881
0.161497
0.195118
0.196652
0.345225
-0.329828
0.970536
-0.094752
0.470183
1.137570
0.069362
-0.401910
-0.296523
-0.546514
-0.736595
0.160302
-0.074518
0.985655
0.016332
0.249686
0.299775
-0.366922
-0.909868
-0.087417
0.091364
0.033409
0.006987
0.215808
0.094667
-0.248017
0.003711
-0.850372
-0.711236
-0.371962
0.058497
-0.038782
0.356882
0.072931
-0.011992
0.247629
0.160044
-0.323637
0.070368
0.073076
0.407368
0.807476
-0.021409
0.057445
-0.310749
0.361872
-0.098026
-0.189991
0.188835
-0.052116
-0.128363
0.955895
0.085573
0.200164
-0.033557
-0.406426
0.197219
0.113781
-0.454906
0.175501
-0.134485
-0.903912
0.218597
0.644495
0.690206
0.323968
-0.240956
-0.006484
0.033529
0.059099
-0.085550
-0.221849
-0.263517
-0.770104
0.525180
0.153317
-0.122662
0.045975
0.906179
-0.088065
0.233547
-0.105350
-0.248942
0.205193
-0.066344
-0.197520
-0.342333
0.242990
0.102702
-0.460704
-0.111801
0.090755
0.128871
0.067604
0.980596
0.013900
-0.264547
0.103070
0.778133
0.100723
-0.148725
-0.000205
-0.050126
0.704216
0.143145
0.195017
0.172561
0.171324
-0.037160
-0.278661
0.025868
-0.885601
0.414316
-0.126622
0.129887
0.108825
-0.406169
-0.971159
-0.152916
-0.336787
-0.285730
-0.435296
0.061992
0.044956
0.393061
-0.018342
-0.087749
-0.137644
-0.066915
-0.527827
-0.065691
1.793826
0.331733
0.288584
-0.540808
-0.254381
-0.431662
0.396786
0.082573
0.287762
1.102925
0.087063
0.033230
-0.382549
-0.102594
0.056725
0.172254
-0.179201
0.056101
-0.297405
0.127703
0.044514
-0.185737
0.043932
0.609046
-0.755031
0.495691
-0.325686
0.354218
0.421060
-0.435861
0.244417
0.400290
-0.344995
-0.431530
-0.219041
0.313062
0.035402
-0.069714
-0.132482
-0.049882
-0.310589
0.331654
-0.499268
0.412600
0.195157
0.248652
-0.331080
-0.511613
-0.207845
-0.780322
-0.436815
0.164485
0.618814
0.211975
0.314714
-0.206406
-0.174350
0.411586
-0.527337
0.656204
0.069787
0.356228
0.348346
-0.404081
0.125953
-0.310549
-0.068621
0.073818
-0.310379
-0.494839
-0.156303
-0.008992
-0.188964
0.434181
0.258769
-0.635102
-0.246934
0.937567
-0.216688
0.302177
0.119126
-0.224493
0.102016
0.039609
-0.155648
-0.094097
-0.043981
-0.079501
0.304218
-0.155344
-0.210197
0.432618
0.170077
-0.617826
-0.579533
-0.069010
-0.559441
0.100119
-0.005994
-0.219691
0.134423
0.689752
0.670144
-0.229410
-0.649203
-0.126186
-0.349023
-0.452541
-0.008975
0.089652
0.605523
0.025252
0.073927
1.623489
0.622090
-0.449650
0.004154
0.027095
0.223286
-0.044896
-0.500286
0.054695
-0.705498
0.117946
-0.086283
-0.183378
-0.136268
0.115899
0.021909
0.708587
-0.444543
-0.894133
-0.238729
0.171271
-0.142194
0.006612
-0.296077
0.181976
-0.461817
-0.351606
-0.788577
-0.339933
0.540065
-0.112553
-0.189813
-0.138832
-0.153397
0.117975
-0.183168
-0.007195
0.294635
-1.626075
0.617547
0.539366
-0.246703
-0.418736
0.058766
-0.371930
-0.100805
-0.241966
0.246292
-0.642683
0.366650
0.510621
0.614853
-0.524185
