ORIGINAL Mean: -0.022802
ORIGINAL Variance: 1.015369
Output:
-0.301459
0.095881
0.130875
0.113944
0.072113
-0.202149
0.127281
-0.127570
0.130360
-0.179044
-0.466105
1.071170
0.315667
0.248200
-0.099001
-0.039727
-0.250566
0.721814
-0.276959
-0.361033
0.004563
-0.165199
-0.029658
-0.167118
-0.402033
-0.225488
0.438989
-0.077534
0.041541
-0.229919
-0.388632
-0.034232
0.124939
0.676290
0.154412
0.043765
-0.000583
0.335653
-0.145262
-0.190886
-0.218878
0.329162
0.080737
-0.011560
-0.604716
0.048922
0.160606
0.046543
0.198307
0.056717
0.120514
0.138235
-0.099312
-0.416046
-0.825634
-0.157306
-0.348971
0.129731
0.346822
-0.251529
-0.022828
-0.436355
0.178425
-0.016062
-0.845979
-0.105346
0.186133
-0.161404
-0.461645
0.202760
-0.361920
-0.538817
-0.071447
-0.095728
0.235504
0.187692
0.126239
-0.197635
0.237327
-0.231288
0.096905
-0.110101
0.321623
-0.155569
0.277640
0.040198
0.023478
-0.344090
0.356357
0.056393
0.129655
-0.400225
0.141143
-0.462378
-0.772394
-0.549876
0.078678
0.279723
0.041961
0.007586
-0.251273
-0.177665
0.190420
-0.266100
-0.142416
0.331080
0.214480
0.263740
-0.041538
0.442791
-0.033370
0.089528
-0.135292
0.275522
-0.310263
-0.103195
-0.082967
0.238738
0.223389
-0.206597
-0.172331
0.236087
-0.013177
-0.182086
-0.104520
0.087100
-0.299283
-0.221045
-0.379032
-0.225269
0.097114
-0.136467
0.212650
0.014247
-0.054061
-0.080610
0.040512
-0.390447
0.064945
0.174332
0.334247
-0.143829
0.583319
-0.528288
-0.166734
-0.095203
-0.331217
0.058996
0.656899
0.049990
-0.123946
-0.294446
-0.393898
-0.252441
-0.383578
0.164032
-0.303642
-0.418712
-0.045666
-0.127975
0.329486
-0.318689
0.077646
0.027538
0.093402
-0.057434
-0.031032
-0.194535
-0.300798
0.062357
-0.017327
-0.292441
0.312280
0.360562
0.148116
0.047971
0.318149
-0.259417
-0.069313
0.026958
0.299020
0.739160
-0.166156
0.178040
-0.117396
-0.248464
-0.169328
0.300426
-0.000033
-0.015011
0.416192
-0.401155
0.174003
0.150184
0.277954
-0.161919
-0.144293
-0.121159
0.211088
0.308508
-0.073604
-0.431237
0.368169
-0.009218
0.501122
-0.108510
-0.319935
0.155399
0.531334
-0.618054
0.049134
-0.447458
0.162757
-0.033598
-0.025157
0.051283
-0.048342
0.280322
-0.044412
-0.036714
0.048839
0.181838
-0.028833
0.146506
-0.117918
-0.425046
0.100028
2.038621
0.122269
0.092351
0.345326
-0.258841
0.333715
-0.049438
-0.110298
-0.104172
0.611177
-0.060295
-0.165304
-0.106366
-0.022862
-0.052436
0.003689
-0.559739
0.134352
-0.062917
0.423394
0.076423
-0.129488
-0.204632
-0.128338
0.247864
-0.310362
-0.371003
-0.335717
-0.031903
-0.038503
-0.207675
0.256143
0.429065
0.259380
0.189006
-0.225872
0.352905
0.335962
0.254893
0.034173
0.258597
-0.143151
-0.025626
-0.240800
0.013212
0.376944
-0.198006
0.258797
0.011262
-0.450249
-0.172409
-0.173836
0.376488
-0.411676
-0.084192
-0.103242
-0.093465
-0.164981
0.215182
0.061354
-0.350845
0.391584
-0.010002
-0.061814
0.540083
0.273708
0.041922
0.041124
-0.164628
0.055762
-0.098296
0.392250
-0.316118
-0.039878
0.085139
0.205576
0.186587
-0.141590
0.118288
-0.127208
0.297894
0.119115
-0.018274
0.129997
0.261800
0.154161
0.186137
-0.260119
-0.328483
0.152992
0.239901
-0.101535
0.277219
-0.673472
-0.092597
-0.521097
-0.141602
0.248571
0.056671
0.112478
-0.146176
-0.731940
-0.077615
-0.277482
1.785147
-0.673708
0.629881
0.132190
-0.070592
0.230834
-0.691221
-0.514724
-0.040799
0.103434
0.107754
-0.129734
-0.328771
-0.050272
0.052640
-0.031879
0.257586
-0.199603
0.168361
0.104154
-0.241477
0.291871
0.069937
0.221363
-0.356089
-0.056539
0.213361
0.084751
0.024238
-0.157453
-0.230431
0.673459
-0.012298
-0.212933
0.029703
-0.027344
0.337053
-0.249971
-0.260965
0.399125
-0.220349
0.135972
0.256244
-0.211607
0.040132
-0.399457
0.031322
0.055733
0.464267
-0.510213
-0.351056
0.194842
0.178936
