ORIGINAL Mean: 0.045164
ORIGINAL Variance: 1.294938
Output:
0.233976
-0.443735
0.186100
0.159235
0.473641
0.072177
-0.174449
-0.235503
0.143993
0.236003
0.003433
0.243836
0.147168
-0.062104
-0.181605
-0.043050
-0.132647
0.085506
0.147071
0.118708
-0.001318
0.356273
-0.459192
0.228068
0.297034
0.212389
0.022382
-0.146646
-0.154535
-0.359313
-0.433773
-0.496710
0.513743
0.376102
0.498459
-0.124588
0.237564
0.051424
-0.033631
-0.234824
-0.034105
-0.136482
-0.786463
0.067140
-0.603582
-0.118345
0.081289
-0.147396
-0.087483
0.054778
-0.259109
0.029266
0.047051
0.363071
-0.520835
-0.972866
0.684949
-0.226950
-0.118906
1.107563
0.243381
-0.042420
0.055388
-0.149163
-0.371326
-0.153910
-0.441028
-0.246361
-0.218909
0.011140
-0.113450
0.071236
-0.029317
0.282173
0.543770
-0.014625
0.216034
-0.226571
-0.110581
-0.415566
0.316090
-0.306884
0.325109
0.357008
-0.202675
-0.381770
-0.107530
0.198026
0.109416
-0.040670
0.300970
-0.785559
-0.265415
-0.236855
-0.333599
0.287892
-0.130441
0.824503
-0.297490
0.008708
0.133853
-0.182444
-0.178232
0.542988
-0.439203
-0.051181
-0.331533
0.807858
-0.687044
-0.004185
-0.157105
-0.114110
0.136822
-0.097853
-0.451120
0.458451
0.813016
0.707473
0.208412
-0.437176
0.013152
-0.137537
-0.052533
0.026031
0.137351
0.213007
0.120998
-0.368558
0.102270
-0.090622
0.078887
-0.464090
-0.352136
-0.367298
-0.088549
0.220098
0.291368
0.852463
-0.147626
0.005762
0.088750
-0.518797
-0.815389
0.261997
0.095621
0.064039
0.480579
0.485424
-0.557437
0.529544
0.109449
0.138275
1.058905
-0.631622
-0.616886
-0.093301
-0.009972
0.234015
-0.033781
-0.172136
-0.286496
-0.748919
-0.194600
-0.182507
0.121985
-0.757770
-0.008643
0.137092
0.224907
-0.191035
0.041943
0.236351
-0.117639
-0.366840
-0.011594
-0.066739
-0.048089
0.452937
0.125723
0.667141
-0.049960
-0.105131
0.530697
0.237453
-0.007725
-0.465434
-0.157708
-0.206083
-0.000147
-0.110946
0.386827
0.684087
0.081474
0.151855
0.191193
0.306317
-0.060409
-0.006806
-0.898603
-0.368126
-0.108598
0.061072
-0.002541
-0.064997
0.486061
-0.006607
-0.479963
-0.470511
-0.528225
-0.190166
0.027993
-1.121840
-0.065900
-0.268570
-0.013486
-0.200045
0.117257
0.129494
-0.032335
0.027487
-0.157388
-0.536530
-0.148395
-0.436030
1.155812
-0.429271
0.387088
1.818031
0.018479
-0.044780
-0.079587
0.004173
-0.052095
-0.467237
0.152730
-0.490366
-0.496911
0.280298
-0.700764
0.017056
0.282386
-0.285444
-0.129634
-0.792529
0.002740
0.070944
0.881419
0.843256
0.013496
0.160889
0.601663
0.252642
0.142610
-0.155512
-0.028590
-0.020937
-0.268835
-0.319647
-0.019792
0.404475
0.402307
-0.335093
0.124667
0.211139
-0.096619
-0.263851
-0.113333
-0.390410
0.039893
-0.139780
0.344433
-0.217389
0.326577
0.013998
0.572551
-0.807097
-0.148087
0.768287
-0.150502
0.651962
0.104204
0.147607
0.383195
-0.256801
-0.058118
1.024656
-0.027482
0.506484
-0.058965
-0.025031
-0.072993
0.623058
0.030673
0.353541
0.651590
0.169707
-0.128221
-0.213556
0.553519
-0.041937
0.135221
-0.296083
0.152087
0.396383
0.144045
-0.139278
-0.340719
-0.069691
-0.312691
0.123116
0.149206
-0.838349
-0.171633
0.013639
-0.051083
0.205344
-0.180296
-0.373399
0.405629
0.591939
0.474136
-0.196002
-0.698216
-0.145475
-0.348805
-0.016565
0.104082
0.180781
-1.637363
-0.069408
0.196338
1.792693
0.248103
-0.242552
-0.043856
-0.281977
-0.911561
-0.782787
-0.225938
0.270427
1.318973
-0.265674
0.023091
0.042092
-0.051650
0.070412
0.463944
-0.265682
0.650778
0.457552
-0.243831
-0.103503
0.235736
0.376088
-0.176276
0.058610
0.029885
-0.107235
0.284008
0.339479
-0.144421
-0.468573
0.826316
0.102242
0.696121
0.158942
-0.154815
0.244195
-0.003583
-3.056491
0.044383
-0.765410
0.107006
0.492146
0.171174
-0.361081
-0.244960
-0.782501
0.158917
0.044553
-0.011899
-0.339659
0.171923
-0.076583
