ORIGINAL Mean: 0.042572
ORIGINAL Variance: 1.244613
Output:
-0.078851
0.309735
0.205082
0.236251
0.584678
0.014352
-0.296020
0.143476
0.234217
0.006117
0.867324
0.275464
-0.052461
-0.118458
-0.094280
0.072216
-0.054632
-0.638221
0.025924
-0.025595
-0.017931
-0.801445
-0.083712
0.231718
0.157747
0.418867
-0.201812
0.119833
-0.051615
0.360584
0.113065
-0.083254
0.616911
-0.036892
-0.115822
0.097474
-0.151163
0.276770
0.004731
0.180502
-0.155566
-0.212710
-0.165914
0.134736
-0.330738
-0.221741
0.048538
0.199500
0.405095
0.181474
-0.642098
-0.549785
0.131305
-0.509702
0.082897
-0.943421
-0.008928
-0.478120
-0.163677
0.857208
-0.087477
0.743495
0.371028
-0.073403
0.056163
-0.071246
0.550652
0.143683
0.586061
0.254447
0.050070
0.343288
0.045205
0.162239
-0.280753
-1.105862
-0.142177
-0.215804
-0.216125
-0.436145
0.028130
-0.069669
0.310273
-0.176292
0.013163
-0.036895
-0.199797
0.541495
-0.633899
0.376633
-0.168472
0.066929
-0.210513
-0.657742
0.658458
0.139303
0.254117
0.575523
-0.361860
-0.129158
0.235469
0.059219
-0.322092
0.272596
-0.162132
0.624060
0.622478
0.626883
-0.295412
-0.741895
0.100415
-0.001895
-0.302215
-0.202329
-0.410454
0.295025
0.316380
0.519532
0.020793
0.271611
-0.070978
-0.318455
0.125308
0.699038
-0.112854
0.269684
0.284136
0.164648
-0.071570
-0.050349
0.027464
0.226409
0.107421
-0.597724
-0.133175
0.615250
-0.110531
-0.186946
0.305781
-0.043701
-0.083687
-0.013850
-0.381824
0.234834
0.244229
-0.499443
0.647740
0.496066
-0.256389
0.046851
-0.311984
0.581969
0.872288
-1.029617
-0.173521
-0.173469
-0.604542
0.266654
-0.282453
-0.282818
-0.514176
0.203361
-0.003124
-0.333606
0.117827
-0.552290
0.043836
0.177640
0.143077
-0.222761
-0.121713
0.210352
-0.031170
-0.057308
0.025939
-0.143884
0.265189
0.438296
0.132953
0.072596
-0.142763
0.361337
0.211942
-0.100678
0.203057
0.444571
-0.069341
0.883753
-0.000062
-0.106211
0.146619
-0.393036
0.127866
0.194631
0.168839
0.188847
-0.166831
-0.334110
-1.008967
-0.146981
-0.116359
-0.624636
0.420126
0.054769
0.138054
-0.126204
0.315083
-0.088108
0.114449
-0.132218
0.033221
-0.256684
-0.031347
0.096679
-0.128964
0.002826
0.249356
0.231970
0.213552
0.356517
-0.411546
-0.616081
-0.188076
-0.871337
0.808164
-0.949091
0.106012
2.188093
0.111559
0.059974
0.006471
0.059020
-0.096244
-0.199439
-0.144375
-0.603038
-0.103810
0.313612
0.270500
0.393698
0.180753
-0.062571
0.029726
-0.649265
0.143368
0.190976
0.489949
0.370231
-0.005645
0.134919
0.740615
-0.314219
0.163591
-0.071157
-0.223788
-0.105974
-0.215345
-0.107130
0.158004
0.611778
0.517639
-0.263878
0.377230
-0.023004
0.002845
0.657745
-0.092724
-0.128150
0.316490
-0.098055
0.172837
0.159243
0.086509
-0.200247
0.157246
-0.624925
-0.167208
0.727364
-0.055584
0.265931
0.171079
0.058911
0.090821
0.057481
-0.534006
0.275037
-0.063801
-0.020775
0.282112
0.033888
0.113346
0.154739
-0.061743
-0.090270
-0.395350
0.408039
-0.161137
-0.175248
0.362922
0.075218
-0.322004
-0.051411
0.389531
-0.453219
0.212195
-0.525713
-0.755199
-0.111460
0.022951
-0.171553
0.087217
-1.080961
-0.718000
-0.415152
-0.456748
-0.017765
0.136650
-0.337298
-0.443859
0.348870
0.139471
0.235599
-0.449688
-0.209505
-0.778945
-0.052910
0.104703
0.134490
-0.649446
0.035672
-0.223128
1.889822
-0.358924
-0.330893
-0.420795
-0.243519
0.035373
-0.584587
0.090302
0.319527
0.290881
0.121290
0.144197
0.007707
-0.235779
-0.046100
0.053035
0.632333
-0.238370
-0.057971
0.003150
0.307202
0.110481
0.332845
-0.014957
0.060210
-0.305356
-0.082008
0.242935
-0.505439
0.101462
-0.424151
-0.042583
-0.203922
0.089136
-0.107972
-0.139010
0.318924
0.034533
-3.259097
0.131127
0.171608
-0.250156
0.103261
-0.052265
0.619655
0.330685
-0.055262
0.268371
-0.305133
-0.109081
-0.405483
0.132895
-0.208756
