ORIGINAL Mean: -0.018220
ORIGINAL Variance: 0.983535
Output:
0.123348
0.890808
-0.062907
-0.096470
-0.102453
-0.216718
-0.462200
0.004915
0.116629
-0.108714
0.148636
-0.561573
-0.374094
0.068998
0.327174
0.080176
0.741366
-0.077060
0.278198
0.169946
-0.204392
0.438723
0.266556
-0.199755
-0.318492
-0.230958
-0.707557
0.039054
-0.363173
0.090170
-0.352594
-0.420004
0.982814
0.791918
0.095485
-0.152833
0.501909
-1.019007
-0.053284
0.227617
-0.023990
-0.029973
-0.106311
0.026639
-0.933983
0.130897
0.019793
0.101985
0.143286
0.179118
0.583921
0.471704
0.048051
-1.072314
-0.344167
0.164804
0.143269
-0.073041
-0.209084
0.319814
-0.207514
-0.943782
0.424818
-0.151359
0.073424
-0.058158
0.718199
-0.281038
0.740033
-0.091043
0.324218
0.641849
0.024517
0.116725
-0.167554
-0.443378
0.061352
0.213907
0.239885
-0.506079
0.053446
-0.199406
0.744928
-0.370599
0.317004
-0.030635
-0.475377
-0.706349
0.346310
0.138168
0.644332
0.348165
-0.209751
-0.353131
-0.565420
0.092797
0.211318
-1.072715
-0.286985
0.095642
-0.741993
-0.144601
0.108562
-0.254496
-0.110979
0.037195
0.251654
0.351828
0.085213
0.872313
-0.059338
0.142489
0.870148
-0.465492
0.149920
0.660857
0.071766
0.057283
-0.012200
-0.153658
-0.055044
-0.361543
0.085192
0.492680
-0.015377
-0.048073
0.053829
0.359716
0.157784
-0.029516
0.020263
-0.183877
0.507230
0.062978
-0.121886
-0.026592
0.092198
-0.165876
-0.699102
0.072192
0.098353
-0.353952
-0.315684
-0.439368
0.177762
-0.505213
-0.647229
0.155034
0.764767
0.124786
0.374464
-0.579749
0.015504
0.500060
0.157451
-0.034710
-0.247674
0.190790
0.011972
-0.106696
-0.420710
-0.761765
0.427716
0.109995
0.311598
-0.646676
0.070382
-0.493021
-0.216797
0.244468
0.007988
-0.008939
0.243346
-0.000070
0.209719
-0.027600
0.191078
0.450273
-0.262098
-0.742315
0.090324
-0.032115
0.369212
0.139533
-0.179513
-0.299932
-0.185061
0.573832
0.000109
-0.094563
-0.202732
-0.519086
-0.378816
0.094837
0.090282
0.203941
-0.027015
0.001272
-0.900956
0.031372
-0.232279
-0.930628
0.444893
0.187092
0.019353
0.045986
0.665253
0.038965
-0.167391
-0.449543
-0.210124
-0.074147
-0.179877
0.054357
0.156467
0.283548
0.486622
-0.008785
0.524463
-0.012566
-0.411053
0.184127
-0.073527
-0.432812
-0.276416
0.021214
-0.112512
0.639060
0.042815
0.247666
0.128144
0.123144
0.065815
-0.544978
0.002025
-0.279675
-0.033554
0.321777
0.365971
-0.190617
0.057662
-0.272476
0.519898
-0.411227
0.039860
-0.113330
-0.256397
0.228086
-0.137425
-0.038039
0.044060
-0.130078
-0.229860
-0.398105
-0.076401
-0.019548
-0.407813
0.016948
-0.262603
0.323522
0.137844
0.101918
0.073991
0.139808
0.259147
0.449678
-0.036345
0.538786
-0.637407
-0.100875
-0.486311
-0.241184
0.028261
0.206790
-0.000618
0.228815
0.156326
-0.100077
-0.173584
-0.163217
0.277375
0.079870
-0.314797
-0.454602
-0.090210
0.105005
0.223886
-0.418672
-0.075940
-0.015375
0.127861
-0.084401
0.218615
-0.012852
-0.849051
-0.112557
0.181543
-0.013448
-0.672285
0.093390
-0.123891
-0.219824
0.123179
-0.355200
-0.047235
0.265820
0.284547
0.010638
0.054267
-0.130153
-0.008907
0.158060
-0.604655
-0.196239
0.046320
0.079940
0.244795
0.809706
-0.287897
0.186201
-0.135128
0.194391
-0.347701
-0.161902
0.346858
0.012486
-0.006273
0.116347
-0.314864
-0.016152
-0.093507
1.831216
-0.440754
0.343528
0.334242
0.044687
0.131644
-1.235870
0.269987
-0.208657
0.291780
-0.138151
0.295948
0.080104
0.215473
-0.053455
0.215090
-0.041331
-1.093724
0.669989
0.084443
0.249909
0.237778
0.274329
0.012818
-0.220049
0.284666
-0.188922
0.228597
-0.453288
-0.418123
-0.163693
-0.486644
0.062205
-0.241325
0.144144
0.138194
0.080588
-0.186624
0.284205
-0.001404
0.012210
0.181582
-0.622091
-0.132526
0.111716
0.090415
-0.232233
-0.189288
0.540379
0.149016
-0.081296
0.361495
0.278403
