ORIGINAL Mean: -0.010538
ORIGINAL Variance: 0.918149
Output:
-0.179152
0.144446
-0.128659
-0.100168
0.053622
0.055988
-0.206319
0.201900
0.188714
0.275372
0.025943
-0.220016
0.372839
0.013752
0.523568
0.152977
0.396226
0.243719
0.275902
-0.044801
-0.194306
0.391036
0.270762
-0.464814
-0.430284
-0.167478
-0.185339
0.138954
-0.084943
-0.143537
0.487797
0.075281
-0.165692
0.046108
-0.038935
-0.161643
0.154090
0.209301
-0.052657
-0.124400
0.035534
0.029692
-0.065803
-0.332927
-0.179942
0.124267
-0.308592
0.148126
0.291366
-0.449810
0.620893
-0.121086
-0.035521
-0.799429
-0.507980
0.245073
-0.013512
0.340456
-0.103750
-0.092150
-0.017111
-0.224016
0.100289
0.216421
-0.314814
0.118232
-0.132632
-0.224642
0.464025
-0.357282
0.321602
-0.088339
-0.081776
0.122582
-0.226841
0.147962
-0.197086
-0.241028
0.019727
-0.098792
0.046473
0.101463
0.152314
0.061882
0.135909
0.050346
0.146144
0.200267
0.003307
0.113755
0.080884
0.096186
0.183889
-0.226293
0.040647
0.207491
-0.027605
-0.084073
0.008147
0.174963
-0.301203
-0.398441
0.203129
-0.357017
0.103828
-0.105439
0.108906
0.240109
0.144748
0.288011
0.045174
-0.027332
0.277498
-0.294641
0.418596
0.125164
-0.021921
0.114651
0.003947
0.254301
0.027466
-0.238576
0.167271
0.309723
0.069346
0.063145
-0.630140
0.357142
-0.030676
0.274810
0.013229
0.025236
0.051517
0.584130
-0.316285
0.039698
0.024791
-0.094939
-0.219498
-0.180810
0.026235
-0.559458
0.016073
-0.021636
0.006654
-0.263805
-0.143110
-0.132071
-0.105218
-0.238254
0.104275
-0.007076
-0.154499
0.167973
0.053798
-0.145800
-0.175469
0.287650
-0.290852
-0.148912
0.069330
0.561735
0.195507
0.241841
0.012314
0.147384
0.161946
-0.213816
-0.186312
0.250994
0.250673
-0.284907
-0.066268
-0.012458
0.266115
-0.021059
-0.130156
0.024039
-0.372559
-0.245879
0.184166
0.099951
-0.294162
-0.289754
-0.111690
-0.270399
-0.189338
0.119126
0.000191
-0.071253
-0.409021
-0.110865
-0.399054
0.152486
0.100157
-0.241691
0.378277
-0.139472
-0.333375
-0.077384
-0.241170
-0.161155
0.039847
0.280507
0.093894
0.148325
0.093655
-0.194599
-0.301110
-0.284406
-0.149750
0.107162
-0.177200
0.011981
0.119531
0.174799
0.061807
-0.060794
0.511245
-0.125533
-0.165849
0.550047
-0.121127
0.138894
-0.335739
0.105356
-0.057268
1.712957
-0.384653
-0.307100
-0.225336
0.179526
0.119468
-0.143496
0.117504
0.151965
0.121257
0.207516
0.429050
0.203402
0.071194
0.086844
0.111443
0.975684
-0.430372
-0.064508
0.025875
0.182465
-0.086988
0.236736
-0.109630
-0.462250
-0.171864
0.001029
0.486006
0.143048
-0.165799
0.160882
0.216620
-0.122988
-0.212774
0.016261
0.068777
0.026369
0.214359
0.292747
0.046850
-0.327099
0.068525
0.113910
-0.416431
-0.440631
-0.035409
0.084478
0.135715
0.110160
0.317629
-0.083433
-0.294082
-0.243435
0.210053
0.066308
-0.209207
-0.076907
-0.130760
-0.170339
0.125992
-0.021033
-0.360812
0.037390
0.229014
0.040403
0.208535
-0.441541
-0.359402
-0.216311
-0.015486
0.207238
-0.346436
-0.049659
0.189411
-0.044278
-0.146380
-0.386112
-0.051981
-0.060867
0.212704
0.066829
-0.197024
0.044307
-0.006882
0.202773
-0.063626
0.024671
-0.256611
0.090669
0.245538
0.387213
-0.650370
0.161459
-0.088046
-0.084371
-0.092968
0.088500
-0.185282
1.229740
0.045236
0.115190
0.299850
0.037571
0.117713
1.748426
-0.133556
-0.186292
0.303134
0.200642
-0.308025
-0.885216
-0.136579
-0.323349
-0.038364
-0.191468
0.435563
-0.053451
0.134758
0.071771
-0.027413
0.068685
-0.603618
-0.100196
0.050698
0.228777
-0.259344
0.560353
-0.078915
-0.028310
0.224529
-0.436699
0.406796
-0.066564
-0.022394
0.293508
0.010503
0.029843
-0.209442
0.026827
0.162669
-0.240819
-0.053358
-2.092944
-0.072214
-0.160790
0.220102
-0.529057
-0.361429
-0.469445
-0.090789
-0.079528
-0.265853
0.191750
0.490595
0.486992
-0.284624
0.224639
