ORIGINAL Mean: 0.039803
ORIGINAL Variance: 1.130114
Output:
-0.330500
-0.126950
0.195114
0.219899
0.037216
-0.013616
0.237467
-0.132392
-0.460014
0.250910
0.032356
0.074378
-0.160283
-0.074871
-0.319769
-0.004513
0.188832
-0.097428
-0.302467
0.059759
0.079155
-0.377900
-0.068224
0.256756
0.096759
0.253015
0.218088
-0.083478
0.200523
-0.052636
-0.094423
0.355689
0.251155
-0.728922
-0.011007
0.116237
-0.052741
-0.224408
-0.007512
-0.073234
-0.060340
0.277975
0.058205
-0.170604
-0.224308
-0.261111
0.074615
0.097271
-0.052471
0.057820
-0.296687
-0.100918
0.026332
0.313442
0.169737
-0.066970
-0.062051
-0.118661
0.410962
0.125738
0.217977
0.106313
0.038101
0.089318
-0.111279
-0.068478
-0.004362
-0.340445
-0.109165
-0.025006
-0.239806
-0.015926
0.111592
0.201934
-0.334371
1.124935
-0.054499
0.031461
-0.007480
0.066424
0.059653
0.130085
0.095052
0.018925
0.114516
-0.123879
0.073960
0.248520
0.005450
-0.134768
0.156814
-0.003724
-0.055512
0.265403
-0.029937
0.000048
0.073351
-0.135073
-0.126715
-0.352312
0.227636
0.264939
-0.079770
0.041997
-0.415231
0.023175
-0.072237
-0.205932
-0.077226
-0.587821
-0.153061
0.008609
-0.125330
0.360532
-0.205974
-0.153897
0.038890
0.006330
0.016799
0.043666
-0.216746
0.132927
0.043088
-0.316287
0.212589
0.097966
0.050047
-0.127310
0.010024
-0.024519
0.067935
0.031618
-0.041863
-0.001902
-0.191361
0.364633
0.090883
-0.043357
0.166052
-0.028446
-0.052699
0.122046
0.142208
0.127771
-0.008715
0.224543
0.119040
0.134272
0.316438
0.222298
-0.230814
-0.057725
-0.135195
-0.527671
0.423508
0.053164
0.128951
-0.073081
0.112318
-0.236209
0.026638
-0.486308
0.016045
-0.312287
-0.068743
0.109987
-0.118526
0.085370
-0.093362
-0.062847
0.148812
-0.098555
0.004428
0.125922
-0.034401
0.028748
-0.087545
-0.208659
0.253048
-0.009760
-0.139127
-0.091763
-0.166897
0.334120
0.047841
0.438167
-0.143077
-0.279598
-0.000104
-0.331103
0.149867
-0.003510
0.085906
0.182361
0.110683
0.027107
-0.011497
-0.272392
0.137824
0.091655
-0.014088
0.057458
-0.084590
-0.072950
0.144664
-0.125420
0.138642
0.402230
-0.022959
0.074001
-0.074604
-0.082310
0.149126
0.117843
-0.252468
-0.192823
-0.129062
0.361574
-0.329443
0.123792
-0.281757
-0.983179
-0.042907
0.069721
0.032017
-0.058497
0.347703
2.883996
-0.101767
0.182542
0.256843
-0.113987
0.154346
0.100131
-0.251175
-0.075798
0.471075
0.106055
-0.123831
-0.222314
0.105177
0.155072
0.089389
0.087090
0.128693
0.010201
-0.078749
-0.343954
-0.072200
0.346432
0.092469
0.361619
-0.214250
0.055338
-0.409866
0.024287
0.100922
-0.303326
-0.020628
0.010942
0.081609
0.098073
0.172108
-0.062489
-0.236536
-0.061317
-0.174324
0.053429
-0.161770
0.097986
-0.110023
0.238187
0.394111
-0.343478
0.033469
0.094283
-0.005296
-0.059762
-0.018996
0.178875
-0.345313
0.194285
-0.032019
-0.140337
-0.238755
-0.118760
-0.218871
-0.152525
0.100709
-0.131858
-0.150757
0.264611
-0.205659
0.105053
0.306173
0.190090
-0.176757
-0.164978
0.176075
-0.315621
-0.020169
0.095792
-0.079360
0.149442
-0.062187
0.058408
-0.242615
0.106296
0.005563
0.130375
0.267559
-0.103133
0.269096
-0.069262
0.209271
-0.298101
-0.020234
0.023553
0.335405
0.052395
0.081784
0.237181
0.151245
-0.114942
0.220637
0.147477
0.133920
0.138378
-0.203037
-0.006207
0.043188
1.990295
0.249320
0.350013
-0.246012
-0.231261
0.132258
-0.215561
-0.012651
0.005443
0.085703
0.399720
-0.327604
-0.232793
-0.201952
0.036544
-0.118730
0.090481
0.379493
0.098519
-0.153013
-0.003060
-0.055793
0.388484
0.264451
0.078562
-0.031190
-0.031901
-0.162328
0.333857
0.012087
-0.392693
0.132290
0.228315
0.220091
-0.248608
-0.055900
0.119437
-0.211049
-4.569280
0.243541
0.008398
-0.312021
0.358840
0.147939
0.300248
0.214744
-0.004945
0.189652
0.092599
-0.789861
-0.032930
0.272754
-0.058375
