ORIGINAL Mean: 0.032728
ORIGINAL Variance: 1.223342
Output:
-0.348178
0.781635
0.140844
0.191317
0.223798
-0.191717
-0.095416
-0.105520
-0.056102
0.330545
0.499858
0.434202
-0.572174
-0.138437
-0.273983
0.026855
0.089692
-0.314280
-0.360318
0.594617
0.008915
-0.364841
0.139953
0.122453
0.035794
0.065256
0.026196
-0.108689
0.072962
0.208068
0.183466
0.301413
0.132154
-0.569271
-0.223260
0.128669
-0.011621
0.016802
-0.041809
0.040659
-0.109909
0.431846
-0.027064
-0.170808
-0.071584
-0.023989
0.227002
0.086823
0.068759
-0.037413
-0.567308
-0.383342
-0.107667
0.485064
0.452971
-0.401072
0.053466
-0.130295
0.417375
-0.012064
0.240342
0.230021
0.235848
-0.170347
-0.037549
-0.053752
0.112597
-0.483634
0.429769
-0.201671
-0.002635
0.085716
0.180902
0.296954
-0.336723
1.034937
-0.117297
0.142930
0.059048
-0.066843
0.019019
0.152502
0.161497
-0.066260
0.180514
0.303536
-0.005884
-0.001137
0.262229
-0.180339
-0.035777
0.042713
0.147382
0.142060
0.539944
0.301694
0.181189
0.144342
-0.205959
-0.224924
0.415135
0.188895
-0.204602
-0.150829
-0.339871
0.309555
-0.010104
-0.082015
-0.062005
-0.996470
-0.079829
0.136218
-0.298753
0.110481
-0.762766
-0.016815
-0.004990
0.282613
-0.160913
0.013419
-0.198529
0.319543
-0.017991
-0.401839
0.136956
0.039037
0.070465
0.142067
-0.366097
0.132409
0.064826
-0.118614
-0.429121
0.023372
-0.050766
0.313030
-0.008214
-0.225864
0.203706
0.093186
-0.155399
0.154658
0.425238
0.363976
-0.087517
0.137758
0.211984
0.061754
-0.164439
-0.171336
-0.307688
0.048195
-0.123971
-0.452911
0.360416
0.023084
0.074571
0.000297
0.140101
-0.228610
-0.361499
-0.344122
-0.151276
-0.347862
0.127030
0.113095
-0.199395
0.079530
-0.142230
-0.223987
0.073312
-0.218259
0.059056
0.066136
-0.011760
0.089219
-0.079976
-0.399636
0.190746
0.138855
-0.177234
0.309642
-0.620873
0.531088
0.084304
0.505730
-0.128665
0.090580
-0.000028
-0.340066
0.103765
-0.258253
0.313725
0.173088
0.106245
0.031878
-0.022553
-0.378690
-0.241911
0.487377
-0.031452
-0.365886
0.008939
-0.179559
0.364580
-0.131887
0.506892
0.554341
0.193166
-0.167639
-0.071446
-0.059997
0.212146
0.151392
-0.128686
0.022867
0.328263
0.500841
-0.401833
0.280126
-0.519788
-0.533390
-0.209867
-0.053570
-0.060853
0.057586
0.285889
2.691371
-0.073095
0.029103
0.210787
-0.203093
0.217754
-0.100129
-0.131043
-0.183394
0.648269
0.081691
0.091177
0.301153
-0.060328
0.666121
0.044795
-0.014443
0.165904
-0.031009
0.145706
-0.168725
-0.005515
0.036218
0.151585
-0.029377
-0.192334
-0.013201
-0.319494
-0.091724
0.062776
-0.301037
-0.031437
-0.232892
0.027926
0.275688
0.091545
-0.051372
-0.154654
-0.312855
-0.078034
0.127478
-0.132759
0.230623
-0.164428
0.011977
0.513439
-0.264060
-0.001940
-0.033193
-0.081998
-0.182180
-0.082568
-0.048562
-0.247031
0.215042
-0.054473
-0.212755
-0.382210
-0.046571
-0.164335
0.196274
-0.040447
-0.068603
-0.141520
0.269850
-0.191260
-0.374058
-0.251421
0.388864
-0.170103
-0.165333
0.080784
-0.285247
0.007202
0.189881
-0.057862
-0.109166
0.033964
-0.156133
-0.176965
0.127775
0.015200
0.016947
0.167779
-0.404010
-0.554771
0.070077
-0.134868
-0.297648
-0.053509
0.061375
0.320654
0.206765
-0.122181
0.146817
0.177934
-0.139914
0.311239
0.240255
0.126653
0.096608
-0.121855
-0.061172
-0.235432
1.907126
-0.293361
0.541106
0.080400
-0.277850
0.360028
-0.209080
-0.579903
-0.080997
0.521439
0.606804
-0.428567
-0.299822
-0.144382
0.055876
-0.265319
0.160237
0.327419
0.022323
-0.123955
0.227458
-0.019765
0.496309
0.337566
0.068928
-0.314857
0.008362
-0.076964
0.089370
-0.139675
-0.256661
0.266219
0.220943
0.647516
-0.280517
-0.074815
0.240023
-0.347050
-4.134208
0.036370
-0.177635
-0.249912
0.360518
-0.175787
0.533840
0.163503
-0.038362
0.169866
0.319084
-0.817957
0.063337
0.638450
-0.057165
