ORIGINAL Mean: 0.026675
ORIGINAL Variance: 1.181440
Output:
0.216748
-0.501250
0.095434
-0.044631
0.301355
0.159796
0.234832
0.149561
0.122212
0.257064
-1.152440
0.672595
-0.168862
-0.138569
-0.170317
-0.139338
-0.491078
0.263334
0.067204
-1.246771
0.015919
0.854765
-0.417633
0.133195
0.067569
-0.004677
-0.004983
0.002344
0.059701
-0.477967
-1.071431
0.212227
0.186454
-0.183532
-0.148557
0.060104
-0.457948
-0.345002
-0.074340
-0.219704
0.200786
-0.238062
0.201987
0.004540
0.743185
0.178656
0.035127
-0.040997
-0.054824
-0.354616
-0.692366
-0.669077
-0.046396
0.915812
-0.333194
-0.309412
0.788925
-0.056093
-0.008342
0.232170
0.205967
-0.542990
-0.227639
0.697618
0.239511
0.109270
0.070294
0.543212
-0.136174
-0.777306
0.228487
0.000671
-0.058523
0.207414
0.535209
-0.011889
-0.014701
-0.186372
-0.240664
0.207671
0.320076
-0.089082
-0.510601
0.350473
-0.248480
-0.518528
-0.406116
0.036411
-0.458371
0.280923
-1.034862
-0.444344
-1.101591
0.312037
-0.084825
-0.412304
0.209748
0.785047
0.037513
0.107770
-0.624337
0.392655
0.080493
-0.025712
0.080491
-0.179300
-0.326807
0.079142
-0.438954
-0.325381
0.112851
-0.137012
0.020550
0.045765
0.306245
0.231499
0.455948
-0.005240
0.152834
-0.343933
0.156720
0.121646
-0.286917
-0.600775
0.627071
-0.015520
-0.202787
-0.138132
-0.961640
-0.324036
0.056643
0.428857
-0.351219
0.199121
-0.179305
-0.175479
0.354614
0.179573
-0.595501
-0.091725
0.103895
0.264650
-0.260578
0.230003
0.049753
0.499718
0.476952
-0.005633
0.223512
0.074005
0.216312
0.398365
-0.671801
0.059267
-0.743716
-0.195972
-0.307866
-0.050460
-0.045438
-0.146978
0.167210
0.534488
-0.669234
0.071656
0.110565
-0.970937
0.055405
0.280752
0.246492
-0.035959
0.050701
0.324399
-0.320934
0.271685
-0.137174
-0.011768
-0.271906
-0.043258
-0.060570
-0.265581
-0.127746
-0.328942
-0.128389
0.064119
0.142853
-1.005854
0.008720
-0.405176
-0.000207
0.191424
-0.303974
0.760975
-0.075194
0.115353
0.173799
-0.007054
0.024520
-0.031440
0.293112
-0.638875
0.065810
0.267993
0.321182
-0.069218
0.964766
0.091776
-0.781605
-0.309244
-0.185062
1.024133
0.185482
-0.613935
-0.287693
-0.231149
0.056801
-0.208955
-0.164938
-0.243264
-0.062183
-0.579281
-0.342601
0.369051
-0.218159
0.014640
-0.043459
0.228267
0.002196
1.402175
-0.073722
-0.345995
-0.400079
0.445850
-0.185093
-0.173670
0.386367
0.260452
-0.390451
-0.009454
-0.807173
0.730948
0.184159
-0.269863
-0.138491
-0.035350
-0.279297
0.037269
0.334209
-0.165925
-0.038627
0.155268
0.426377
0.921693
0.188102
0.212685
0.209005
0.147837
-0.218890
0.051186
0.426435
-0.929453
-0.077121
-0.328408
0.092202
0.069585
-0.005009
0.366958
0.056571
0.564708
0.052944
0.161719
0.301911
-0.531383
0.043208
-0.089324
1.031326
-0.646911
0.846012
0.290453
-0.052829
-0.663071
0.022108
0.243165
0.352570
0.509152
0.167776
0.172224
0.073660
0.707996
0.363790
-0.007424
-0.012405
0.229089
-0.005202
0.035947
0.946226
-0.343412
-0.237782
-0.041266
-0.281284
-0.163125
0.016471
-0.239065
-0.013984
0.418674
0.281664
-0.224224
-0.203937
-0.121290
-0.444369
0.115465
-0.006672
0.490112
-0.624426
0.239342
0.406491
0.212648
-0.099628
-0.453845
0.115069
-1.306819
0.365655
-0.369314
0.160921
0.118940
-0.127477
0.026913
0.030564
-0.305234
-0.536395
0.061684
0.150456
1.683404
-0.376335
-0.520047
0.282741
0.011236
-0.384776
-0.696507
0.322027
0.269485
-0.079622
-0.539223
0.185707
0.187132
0.085955
0.152608
0.140411
0.383675
0.194340
0.599436
-0.323513
-0.110790
-0.011135
-0.001909
-0.167162
0.550535
0.078479
-0.090622
0.256868
0.421294
0.485869
0.030819
-0.470111
0.168460
0.263975
-0.103958
-0.229024
-0.321415
0.269509
-1.783829
-0.050856
-0.784723
0.186433
0.116526
0.106834
-0.744185
0.082120
0.007183
-0.124078
-0.054589
0.364366
0.227103
-0.667213
0.017239
