ORIGINAL Mean: 0.042447
ORIGINAL Variance: 1.059020
Output:
0.020075
0.029716
0.015183
0.141089
0.281899
-0.007779
-0.029344
0.234427
0.441524
-0.039771
-0.218128
0.180138
-0.081859
-0.099741
-0.034878
0.216252
-0.197566
0.245051
0.102454
0.158718
-0.112949
-0.074750
0.505652
-0.278319
-0.482860
-0.311390
-0.057716
-0.112556
0.133113
-0.000112
0.456000
-0.015929
-0.691353
0.506199
-0.001971
0.174904
-0.175980
0.248124
-0.067666
0.176866
0.085074
0.365007
0.153047
-0.143362
-0.568264
0.178272
-0.027743
-0.242742
0.252685
-0.448550
0.205113
-0.422076
0.132809
-0.137927
-0.133049
-0.043838
0.246548
-0.104851
0.221615
0.006151
0.000098
-0.074659
0.222021
-0.276410
-0.259205
0.103021
-0.085788
-0.340537
0.511037
-0.179734
0.190655
-0.039002
-0.100597
0.053952
-0.292412
-0.345182
0.034370
-0.153851
-0.120924
0.109156
-0.100332
-0.141198
0.382462
-0.219543
0.211314
-0.212491
0.444086
0.106928
0.204921
0.091419
-0.334336
0.010032
0.025055
-0.291364
0.297978
-0.208907
-0.024712
0.128353
0.018537
0.207710
0.001872
-0.614880
-0.021322
0.101269
0.191946
0.180823
0.345197
0.187096
0.407373
-0.374804
0.064258
-0.098960
0.271888
-0.419404
-0.344606
-0.073563
0.131892
-0.042426
0.085476
0.155952
-0.035305
0.276598
0.183970
-0.176521
-0.138522
0.213925
-0.188570
0.334682
-0.129106
0.097132
0.073170
-0.070373
-0.149476
0.240306
-0.283871
0.084805
-0.090439
-0.193706
-0.053844
0.294204
0.069017
-0.373615
0.853670
-0.238830
-0.363494
-0.251833
0.110453
-0.271613
-0.358294
-0.382812
-0.287542
-0.058456
-0.116725
-0.034999
0.320326
-0.031743
-0.302324
-0.065285
-0.310828
-0.179598
-0.326417
0.996382
-0.331592
0.043099
0.015162
-0.362687
0.012570
0.066272
-0.189604
-0.073916
0.029616
0.007031
-0.053742
0.034304
0.243532
0.191385
0.320174
-0.511018
-0.214625
0.226385
0.248750
0.011167
-0.399579
-0.144865
-0.060028
-0.617629
-0.180356
-0.237812
-0.000018
-0.248449
-0.143102
-0.234360
-0.172687
0.198258
0.309752
-0.462669
0.050616
-0.285228
0.025224
0.195462
-0.095230
-0.471115
-0.076411
0.246070
0.274809
-0.149407
0.181936
0.106513
0.300742
0.006055
0.054629
-0.037182
-0.029549
-0.067398
0.276438
0.095835
0.249037
-0.142470
-0.269262
0.260549
-0.267603
0.830018
-0.118811
0.206041
-0.210148
-0.244316
0.128165
2.184326
-0.183745
-0.300397
-0.247963
0.321281
0.049969
-0.062224
0.229471
-0.047686
0.322315
0.105581
0.197143
0.370191
-0.221064
-0.170855
0.091821
0.434622
-0.225750
0.065766
0.321196
0.087988
0.292023
-0.341906
-0.101148
-0.249903
0.133793
-0.176425
0.014560
-0.040170
-0.172366
0.111219
0.244645
-0.014145
-0.241992
0.007926
-0.009771
0.009758
0.051829
0.100915
0.068760
-0.086205
0.424664
0.138487
-0.804274
-0.039849
0.165523
0.033612
-0.029233
-0.382114
-0.259422
0.292866
-0.038275
0.293862
0.166273
0.224097
0.000536
-0.034807
-0.409063
-0.295275
0.009663
0.315146
-0.220191
0.083797
0.071418
0.354301
0.324102
-0.222296
-0.003532
0.219675
-0.276075
0.128904
-0.212173
-0.266370
0.382899
0.055665
0.071201
-0.546516
-0.083809
-0.357280
-0.012749
0.112421
-0.033112
-0.183824
0.123234
-0.138727
-0.172649
0.135683
-0.933807
-0.123085
0.289912
0.261539
-0.350507
0.029740
-0.574942
-0.192977
-0.466869
-0.161380
-0.340312
0.069802
0.107764
-0.002600
0.107604
-0.047768
-0.118466
1.629253
0.016112
0.057909
0.327273
0.006130
0.256438
-0.359081
-0.626926
-0.165946
0.141678
0.066859
0.077483
-0.140868
0.071158
-0.146645
-0.001685
0.383262
-0.303225
-0.329046
-0.141605
-0.014137
0.090455
0.345374
0.027027
-0.216435
-0.105548
-0.368076
0.077724
-0.011733
-0.015780
0.491462
0.178111
-0.093359
0.163175
0.136109
-0.026884
0.217317
-0.170586
-4.076878
-0.061193
0.083626
0.166045
0.027099
-0.091694
-0.231372
0.102676
0.080725
-0.056853
0.518872
0.340402
0.033117
-0.025269
-0.202640
