ORIGINAL Mean: 0.034321
ORIGINAL Variance: 1.174820
Output:
0.181424
0.821298
-0.098383
-0.082637
0.155045
0.062032
0.421300
-0.057499
-0.423737
0.230344
-0.249378
-0.499255
-0.339640
-0.083041
-0.122395
-0.096305
0.004414
0.031903
0.002824
0.664377
-0.035574
-0.295969
0.227674
-0.241051
-0.251221
-0.405119
-0.174123
-0.306883
-0.121275
0.060873
-0.193910
-0.166635
-0.767477
0.127378
-0.461337
-0.007511
0.563420
0.428246
-0.103674
0.076573
0.236754
0.214444
0.173844
0.032101
-0.363544
0.463866
0.300369
-0.331932
-0.130375
-0.169473
0.117576
-0.207670
-0.144956
1.000150
-0.209874
-0.155196
-0.082436
0.176510
0.330033
-0.060541
0.260479
0.109959
-0.362900
0.066265
-0.688631
0.020071
0.025104
-0.344592
0.626895
0.268540
0.003860
-0.657063
-0.088903
0.224815
0.493981
0.150589
0.093421
0.001482
-0.079357
0.357140
0.187073
-0.184403
0.209013
0.047332
0.214756
0.881097
0.302561
-0.264852
0.879892
0.155433
0.542411
0.056305
0.569214
0.343817
0.235415
-0.277359
0.240401
-0.306846
-0.031580
0.030803
0.472590
-0.578554
-0.095921
0.002964
0.114202
0.066135
0.086622
-0.069475
0.555336
0.429353
-0.143921
-0.075902
-0.072189
-0.584831
0.938365
-0.475185
-0.324381
-0.188238
-0.056850
0.134501
0.072261
0.303170
0.325851
-0.887891
0.015101
-0.060439
-0.316267
-0.174702
0.805631
0.044566
0.035638
-0.471611
0.060148
0.496625
-0.244608
-0.327079
-0.058662
0.268728
-0.050233
-0.343052
0.216886
0.080585
0.382742
-0.292171
-0.294941
-0.035531
-0.693813
-0.255573
0.081400
0.169124
0.039524
0.215250
-0.392092
0.253783
-0.408709
-0.137235
0.723655
0.135245
0.294200
-0.078178
-0.042748
0.533750
-0.182271
0.066131
0.005720
-0.026781
0.151037
0.069063
-0.123992
-0.250351
0.049382
0.073923
0.016788
0.254258
0.173853
0.183307
-0.231701
-0.493740
0.111730
0.581638
0.015386
1.507178
-0.293053
-0.080589
0.031788
0.095480
-0.128338
-0.393708
-0.000057
-0.206663
0.260360
0.409259
-0.370537
0.126681
0.249199
-0.254134
-0.180506
-0.203314
-0.569142
0.385228
0.251775
0.207724
-0.984857
-0.262292
-0.960305
0.030162
-0.292981
0.183340
0.146696
-0.739397
-0.002282
0.483933
-0.001847
0.266164
0.100404
-0.161165
-0.024691
0.232866
0.022622
-0.009289
-0.051394
0.788029
-0.172091
-0.387183
-0.377197
-0.302531
0.112130
2.032659
-0.041851
-0.268792
-0.291619
0.110983
-0.025298
0.167934
-0.096029
0.396539
-0.056216
0.167497
-0.245881
-0.575163
-0.369449
0.172222
-0.296158
0.110398
-0.455521
-0.154673
-0.013260
-0.226206
0.174446
0.114452
-0.650734
0.235236
0.104898
0.112438
-0.614898
-0.054520
-0.253037
-0.118349
-0.198353
0.113945
0.208412
0.262586
0.033993
-0.307173
-0.013553
-0.562370
-0.008108
-0.239192
0.391534
0.064456
-0.237013
0.319654
0.456192
0.070538
-0.176001
0.422912
0.057715
0.103188
-0.041354
0.116199
-0.017943
-0.212644
0.068806
-0.135619
-0.442367
-0.209409
-0.024114
0.093460
0.911007
0.170431
0.014331
0.144758
0.221281
-0.446929
-0.341549
0.312748
-0.149567
0.174780
0.203510
-0.350192
0.044994
0.109623
-0.050671
0.635180
0.019514
-0.353459
0.692537
0.099892
-0.401817
0.207331
-0.003035
-0.116471
-0.431527
0.409711
-0.641657
0.004549
-0.231504
0.256417
0.243992
-0.249218
-0.035956
-0.287287
0.325703
0.030625
-0.260419
-0.309074
0.185571
-0.072253
0.247412
-0.063803
-0.080380
1.707036
-0.026299
0.218240
-0.098181
-0.075592
-0.380093
-0.794268
-0.537362
-0.180494
0.607124
-0.153198
-0.283981
0.000943
0.025364
0.133043
0.167433
0.206895
-0.240754
-0.283069
-0.336837
0.595020
-0.187682
0.180423
-0.001589
0.539007
-0.482319
-0.175923
-0.017284
0.247193
-0.353311
0.131853
0.272554
0.022895
0.399636
0.068143
0.005770
-0.080085
0.051891
-3.714752
0.527835
0.990802
0.145516
-0.290539
-0.052325
-0.501404
0.076303
-0.644893
-0.110955
0.254923
0.188732
0.239365
-0.013426
0.047478
