ORIGINAL Mean: 0.023754
ORIGINAL Variance: 1.151875
Output:
-0.364754
-0.004517
0.254354
0.176931
0.357878
0.302018
-0.712532
0.272212
-0.116901
0.342937
-0.874906
0.151745
0.563987
-0.015874
-0.165047
-0.131405
0.006380
-0.007225
0.108953
-1.295836
0.019202
0.027893
-0.386409
0.026156
-0.380750
0.273176
-0.038258
-0.151087
0.445096
-0.455777
-0.017162
0.292170
0.448787
0.181289
0.118836
0.089235
-0.449995
-0.069223
0.010632
0.191205
0.497156
-0.234935
-0.361002
-0.029580
-0.654631
-0.117121
-0.335943
-0.205258
0.105674
-0.277342
-0.118313
0.301127
0.443629
-0.795458
0.443040
0.667114
0.528488
-0.219497
0.035016
0.478873
0.073631
0.318024
-0.017205
0.368011
0.210480
-0.042775
0.139598
-0.085356
-0.958009
0.049831
-0.357951
0.262516
-0.281556
0.206790
-0.049848
-0.135759
0.044866
-0.381043
-0.210738
-0.464487
-0.237087
-0.260042
0.329559
-0.046822
0.113827
-0.688490
0.058814
0.086938
0.396257
-0.331297
-0.287291
-0.212795
-0.325961
-0.626210
0.220901
-0.630634
0.200448
-0.069012
-0.047772
-0.048181
-0.132758
-0.269789
0.406908
0.147621
0.163280
0.139734
0.478160
-0.360109
-0.042097
-0.252674
0.134248
-0.037436
0.064539
-0.358792
-0.123484
-0.209139
0.499414
0.142097
0.016193
-0.064074
0.010064
-0.185539
0.354046
0.167277
0.201535
0.287269
-0.502771
-0.184174
-0.394521
-0.310933
0.062940
0.001008
-0.577291
0.191346
-0.373515
-0.134306
0.148467
-0.077926
-0.445162
-0.014294
0.068744
0.339889
-0.495077
0.327603
-0.074578
-0.260754
0.398023
-0.049316
0.022243
-0.003614
-0.060655
0.406093
-0.823331
0.467100
-0.078814
-0.005282
-0.414190
-0.040447
-0.318906
-0.218369
-0.213930
0.598755
-0.079746
0.055275
-0.370122
-0.384906
0.108794
-0.094423
-0.208536
0.051596
0.010679
0.085768
-0.248685
-0.045316
0.133216
-0.060954
-0.071718
0.311464
-0.071593
0.151495
0.309586
-0.543265
0.441650
0.861551
-0.036236
0.073922
-0.101527
-0.193132
-0.000057
0.052139
-0.075669
0.126435
0.295555
0.173996
0.252732
-0.244210
0.027899
0.149666
0.100107
-0.353291
-0.151287
0.029122
0.327914
-0.029102
-0.413703
-0.087910
0.840180
-0.103847
-0.354957
0.424855
0.101102
0.485590
-0.157122
0.332067
0.030642
-0.084844
0.375505
-0.357005
-0.106073
0.292076
-0.171936
-0.589866
-0.227025
-0.050415
0.566942
-0.383686
0.076036
1.948422
-0.210731
-0.172644
-0.175775
0.214754
0.011264
0.344830
0.431251
0.158155
-0.267210
0.379089
-0.290744
0.054908
0.090885
-0.372846
0.072594
0.564488
-0.161572
0.171189
0.422473
0.402065
0.123615
0.493375
0.099322
0.173897
-0.102790
0.087082
-0.353828
0.231127
-0.181110
-0.297639
-0.138360
-0.329791
0.034350
-0.339665
0.003733
-0.019365
0.065418
0.754771
-0.321700
0.772911
-0.294224
-0.024848
0.171621
-0.087499
1.008847
-0.059560
0.468127
-0.080935
0.107532
-0.374848
0.007962
0.188735
-0.137602
-0.206030
-0.007807
-0.155893
0.438908
0.035094
0.200348
-0.028797
-0.163875
-0.020034
-0.039153
0.233872
-0.257940
-0.134987
-0.131407
-0.320542
-0.189207
-0.035515
-0.215256
-0.389308
0.225814
-0.255802
0.038911
-0.818130
-0.074958
0.079826
-0.786992
0.100006
0.000226
0.127822
0.210525
0.286583
0.074090
-0.169919
-0.372077
-0.078565
0.045543
-0.128286
-0.473203
-0.363736
0.228406
0.112946
-0.304755
-0.001622
-0.378991
0.436130
0.115581
-0.070427
0.400238
-0.017491
0.040859
1.701542
0.028266
-0.410145
0.487527
0.060235
0.249962
-0.756079
0.861617
0.221671
0.348609
-0.338356
0.301943
-0.090234
-0.070679
-0.024346
0.097955
0.463770
-0.198688
0.076139
-0.044754
-0.473851
0.101676
0.434862
-0.139316
0.162054
-0.306153
-0.131549
-0.063823
0.234994
0.096223
-0.152455
0.067802
0.042851
-0.013588
0.123367
-0.066009
0.137177
0.216366
-3.269920
-0.469461
-0.322982
-0.075370
0.030663
0.516463
0.339957
0.317357
0.649961
0.025250
0.447853
0.306333
-0.039859
0.350762
0.141284
