ORIGINAL Mean: -0.003461
ORIGINAL Variance: 1.074620
Output:
0.333085
0.348235
-0.055101
0.140457
0.024977
-0.195656
0.268135
0.145549
-0.213003
-0.025863
0.102199
0.196267
0.069629
-0.109300
-0.383797
-0.022312
0.115200
0.194093
-0.195961
-0.232722
-0.108734
0.073086
0.227147
0.127771
-0.082455
-0.131566
0.040994
0.117907
-0.039714
-0.061386
0.246713
0.105681
0.248302
-0.369023
-0.164158
0.106535
-0.194396
-0.001478
-0.041644
-0.030671
0.034613
0.476460
-0.173641
-0.046925
-0.600005
0.130316
0.205804
0.216628
0.243221
0.062041
-0.150025
-0.382066
-0.055626
0.500396
0.154600
-0.702367
0.065547
0.382774
0.427207
0.432126
0.033463
-0.018333
0.011964
0.017505
-0.621573
0.069572
0.428289
-0.147321
0.567937
-0.315376
-0.029206
-0.384643
0.121257
0.067142
-0.593517
0.013990
-0.345384
-0.013952
0.057941
0.039085
0.219395
-0.145011
0.233877
0.037342
0.071477
-0.055022
0.005462
0.176928
0.102416
-0.123400
0.399547
-0.119710
-0.107583
0.286834
0.100355
0.008527
0.305672
0.064797
-0.330964
-0.039171
0.223967
0.095087
-0.565880
-0.439233
0.127870
-0.157345
-0.010210
-0.215531
-0.071659
-0.359103
-0.207464
-0.145762
0.376438
-0.212144
-0.221506
0.023592
0.283061
0.239097
-0.022999
-0.131764
-0.127304
0.204247
-0.000931
-0.664804
0.132656
-0.148190
0.063555
0.172641
0.073026
0.177871
0.011510
-0.225478
0.064215
-0.127620
-0.216669
0.191336
-0.005410
-0.598421
0.124157
0.011307
-0.416871
0.089953
0.857413
0.349487
-0.082711
0.345653
-0.152309
0.013728
0.561588
0.133155
-0.306101
-0.079584
0.026417
0.111495
0.651026
-0.130397
-0.029467
-0.021460
0.286538
-0.154355
-0.172827
0.290103
-0.161042
-0.281250
0.033371
0.011875
-0.079746
0.050439
-0.056089
-0.040419
-0.050369
-0.096576
0.205385
0.246323
-0.005539
0.008654
0.188405
-0.395070
0.138560
-0.142995
-0.386257
-0.389913
-0.616701
-0.183523
-0.061758
-0.165410
-0.237293
0.394205
-0.000042
-0.397631
0.018995
0.024490
-0.144330
0.095493
0.135552
0.068623
-0.127192
-0.481997
0.456955
0.372550
0.006466
0.033642
0.133672
0.160377
0.341850
0.037140
-0.193949
0.396745
0.469250
0.108704
-0.115710
0.374313
0.296798
0.234744
-0.080788
0.067196
-0.120999
0.367448
-0.347071
-0.184079
-0.462917
0.548670
0.056581
0.266371
0.057493
-0.007205
0.053449
2.643529
0.086248
0.159492
0.074743
0.049380
0.045312
-0.144312
-0.263121
-0.085393
0.567524
0.279205
-0.179525
-0.265268
-0.099297
0.060586
-0.143262
-0.602846
-0.004817
-0.232619
0.227243
-0.281904
-0.146857
-0.174944
-0.163818
0.309744
0.120812
0.184306
-0.080823
-0.027969
-0.229093
-0.083513
-0.202295
0.107462
0.096180
-0.112747
0.040886
-0.057123
0.041448
0.616687
0.112834
-0.032155
-0.334765
0.210216
-0.873677
0.161828
0.019044
0.082018
0.159629
-0.062006
0.261211
0.117811
-0.101595
0.219075
-0.230651
0.162401
-0.022322
0.144605
-0.164862
-0.154268
-0.132576
-0.333684
0.089103
0.182536
0.080014
-0.080591
-0.021821
0.355672
0.258624
0.185970
-0.072725
-0.101385
-0.157488
0.004838
-0.046668
0.221293
-0.174559
0.000679
-0.017325
-0.137571
-0.356511
0.151384
-0.365080
-0.177535
-0.112780
-0.023719
0.618731
-0.070706
0.292479
-0.275866
0.013412
0.240909
-0.003813
0.159791
-0.214929
0.396112
0.040158
0.089756
0.179308
0.582239
0.176562
0.180375
0.195879
-0.069342
-0.131876
2.026715
-0.327449
0.494237
-0.172180
-0.234061
0.312746
-0.548198
0.398533
-0.161082
-0.050065
0.321146
-0.375177
-0.413558
-0.131993
-0.084111
-0.285931
-0.155304
0.114718
0.608828
-0.114396
0.270012
-0.102166
0.500996
0.407672
0.083755
0.126232
-0.266313
0.178593
0.395448
-0.265647
0.187263
0.020734
0.225466
0.154712
-0.389882
-0.059167
-0.010038
-0.506155
-3.749579
0.129778
-0.257838
-0.136168
0.368708
-0.034557
-0.079720
-0.121523
-0.219436
0.014809
0.271664
-0.526045
0.076660
-0.101430
-0.010957
