ORIGINAL Mean: -0.034216
ORIGINAL Variance: 1.032880
Output:
0.107827
0.301858
0.042648
0.118438
0.196587
-0.141381
0.533289
0.025949
0.363566
-0.328934
-0.199662
0.497742
0.335839
0.234522
-0.104876
-0.045101
-0.235943
0.123862
-0.183521
0.142678
-0.145308
0.297383
0.215694
-0.108421
-0.327808
-0.332379
0.023498
-0.045253
-0.155778
-0.526171
-0.240943
0.533529
-0.063603
0.939118
0.444156
-0.020277
-0.207619
0.563711
-0.137413
-0.186049
-0.251219
0.312520
-0.270087
0.046193
-0.438557
0.197102
0.213181
0.055172
0.170470
0.078994
-0.422635
0.067212
0.039805
-0.411830
-0.289275
0.025226
-0.131951
0.320496
0.169673
0.044933
-0.132432
-0.434521
0.513812
0.065653
-0.393577
-0.231987
0.044827
0.247735
0.168651
0.650730
0.032607
-0.163651
0.005427
-0.151768
0.212759
-0.240530
0.089928
-0.302243
0.202568
-0.003258
0.348416
0.063668
0.034396
0.279129
0.074413
0.193819
-0.148123
-0.209691
0.017471
0.543606
0.183102
-0.202980
0.511213
-0.393421
0.630833
0.272863
0.464414
0.287460
-0.047741
0.028267
-0.134025
-0.072722
-0.074628
-0.299059
0.029833
-0.110458
0.059679
0.375208
-0.237727
0.071258
0.170970
-0.117736
-0.146173
-0.289526
0.214380
-0.043051
-0.003855
0.057917
0.082955
-0.292448
-0.128060
0.118377
0.055479
-0.416636
-0.107444
0.109438
-0.305982
-0.058742
-0.442988
-0.335790
0.095314
-0.202923
-0.325507
-0.054712
-0.121879
-0.120073
-0.187637
-0.453474
0.409777
0.432824
0.283669
-0.151357
0.593947
0.070489
-0.169480
0.300239
-0.664561
-0.192172
0.156034
-0.288528
0.023866
0.258814
-0.328712
-0.499772
-0.141449
0.035660
-0.160595
-0.497637
0.037933
-0.144544
0.095243
-0.400229
-0.127717
0.038612
0.254119
-0.224152
0.156010
-0.192475
-0.198147
0.032848
-0.031106
-0.363440
0.260731
0.116525
0.322310
0.107985
0.201082
-0.099072
-0.137104
-0.036468
0.205475
0.295962
-0.572930
-0.119554
-0.274989
-0.340878
-0.316202
0.440218
-0.000102
-0.058969
0.535069
-0.016743
-0.423967
0.102679
0.186058
0.010831
-0.279868
-0.129314
0.325380
-0.058080
-0.081880
0.038744
-0.322589
0.080840
0.009204
-0.066765
0.023804
0.000111
0.440439
-0.245390
0.039594
0.254581
0.043402
-0.109676
0.055113
0.201967
0.065343
-0.050847
-0.009991
0.016927
0.316987
0.630872
0.207692
-0.242766
-0.421421
0.126804
-0.059439
1.583171
0.243897
0.132156
0.248124
-0.063553
0.230693
0.206588
-0.048520
0.030728
0.436877
0.202406
-0.567426
0.593367
0.070089
0.000393
-0.250175
-0.966255
0.078824
-0.148603
0.213341
0.222998
0.282488
-0.247499
-0.272069
0.156368
-0.205027
-0.230993
0.103407
-0.149749
-0.283323
-0.111349
0.028722
0.088091
-0.082607
-0.586111
-0.247619
-0.051852
0.437435
-0.050579
0.161216
-0.339972
0.133221
-0.203068
-0.355588
0.612577
0.279261
-0.133106
-0.090553
-0.117696
-0.588514
-0.147460
-0.441469
-0.700009
-0.314027
-0.149482
-0.015163
-0.100108
-0.339964
-0.093784
-0.220136
0.143843
0.091754
0.125795
0.102093
0.269187
0.318025
0.411508
0.019938
-0.372164
0.112849
-0.106020
-0.259010
-0.096546
0.411779
-0.106248
0.079427
-0.198838
-0.122600
-0.013642
-0.135464
0.058385
0.132267
0.128844
-0.043061
-0.320538
0.689091
0.070632
0.468199
-0.252977
0.161496
0.062200
-0.133235
0.181125
-0.681180
0.680264
0.329813
-0.078648
-0.133484
-0.150373
0.144717
-0.077551
-0.318306
-0.040876
0.000558
1.778101
-0.436308
0.565873
0.024095
-0.064866
0.048008
-0.871300
-0.289153
-0.052553
-0.204400
-0.057746
-0.085422
-0.188913
0.120831
-0.080513
-0.457118
0.431536
-0.300969
0.152865
0.015584
0.268079
0.390045
-0.047772
0.225564
-0.168265
0.018476
0.091827
0.249243
0.227141
-0.096072
-0.094443
-0.041242
-0.065085
-0.608944
0.080743
-0.062197
0.283545
-0.380202
-0.095193
0.175996
-0.103439
0.112564
0.106155
0.011689
0.152765
-0.143456
0.018299
0.047056
0.446885
-0.303112
-0.544535
-0.643629
0.034336
