# Golden Reference for Vector 0
Global S: 0.1354822174
Global ZP: 128
ORIGINAL Mean: 0.005623
ORIGINAL Variance: 1.485776
Reconstructed Mean: 0.006329
Reconstructed Variance: 1.485401
Output:
-0.012709
0.011304
-0.089763
0.026835
-0.034141
-0.061799
0.035564
-0.006149
0.022431
-0.013365
0.010915
0.032782
0.013932
0.001455
0.011365
0.004732
-0.054739
0.050967
-0.039954
0.032699
0.053754
0.017072
0.007577
0.063884
0.011905
-0.012052
0.013260
0.058330
0.003997
0.003543
0.020444
0.005293
-0.011182
0.015211
-0.016044
0.049955
-0.025201
-0.010831
0.020239
0.030979
0.047832
-0.013215
-0.015985
0.035538
0.038031
-0.001232
0.025905
0.068807
0.005589
-0.007278
-0.007596
0.007440
-0.123732
-0.062926
0.039078
-0.007013
0.059641
0.044980
0.022399
0.026767
-0.024049
0.024651
0.002286
0.009235
-0.016872
0.038137
0.064300
0.000937
-0.015437
0.025763
0.026421
-0.006196
0.031654
-0.052475
-0.043431
0.146226
0.014826
0.041720
-0.000145
-0.001699
0.046764
-0.018269
0.103930
0.023442
0.003626
0.002956
0.057213
0.045456
0.037712
-0.001252
0.039378
-0.000765
-0.009313
0.055109
0.022294
-0.019626
0.028518
0.037620
0.029825
0.018165
0.014310
0.015410
-0.101999
-0.002098
0.021047
-0.004642
0.012091
0.018568
-0.033798
0.003739
0.041231
-0.030646
-0.045683
0.041090
-0.034781
-0.032795
0.001079
0.013141
-0.010708
-0.032094
0.025174
0.023544
-0.028824
0.090444
-0.021259
-0.006697
0.055066
0.035661
0.023980
-0.007593
-0.144999
0.051113
-0.026343
0.002079
-0.064853
0.027425
-0.007714
-0.005756
0.001972
0.045699
-0.135670
0.082271
0.046158
0.009650
-0.046107
0.011778
0.013988
0.040779
0.046919
0.008985
0.047045
0.047077
-0.006212
-0.002165
0.003370
0.030065
0.000967
0.045564
0.031343
0.238249
0.000210
-0.083238
0.027513
-0.008900
0.002537
0.003093
-0.000933
0.080121
0.026910
-0.011612
0.017270
-0.024985
-0.053776
-0.012472
-0.007204
0.011838
0.013424
-0.038842
0.015722
0.027079
-0.000517
-0.039597
0.009945
-0.019479
0.024056
0.042293
0.010487
-0.009113
0.000427
-0.017722
-0.008637
-0.008178
-0.008026
-0.253673
-0.084520
-0.046812
0.050319
-0.043536
0.026196
0.003248
0.255797
0.003312
0.007428
-0.019925
-0.029819
-0.041204
0.001767
0.013152
0.027497
0.001065
0.032659
-0.003110
0.022728
0.023139
0.100820
0.009609
0.015843
0.042089
0.005515
0.042358
-0.004757
0.043090
0.078672
-0.020373
-0.008669
0.013710
-0.007748
-0.049135
0.053092
-0.025925
0.040750
0.023523
-0.040933
-0.008329
-0.025932
-0.023211
-0.016862
0.021344
-0.040280
-0.058040
0.029619
-0.010165
-0.032013
0.008093
0.014969
-0.032278
0.033989
0.031543
-0.013874
0.000324
-0.010367
0.007575
-0.026368
-0.015426
-0.018619
-0.010964
0.872385
0.012335
-0.019685
-0.000461
-0.004186
0.037898
-0.019096
0.040423
0.021782
0.019268
-0.019451
0.009027
0.055260
0.004385
0.028422
-0.030499
0.016112
-0.061648
-0.034016
0.032848
0.028080
-0.029420
0.076320
0.044325
0.012545
0.046389
0.013610
0.020368
-0.003002
0.011344
-0.034501
-0.008347
-0.002440
0.063166
0.006189
0.049530
0.011668
0.040660
0.029158
0.007978
0.022593
0.022774
0.007918
0.025047
-0.001172
0.135015
0.021680
0.005601
-0.018536
0.019015
0.041081
0.024894
0.083444
0.030632
0.017300
-0.027062
-0.112556
-0.008324
0.050843
0.003602
-0.067661
0.005691
0.026294
0.005133
0.007119
0.027782
-0.022139
0.117115
0.007279
0.658442
-0.045364
-0.002004
-0.030524
0.039408
0.026295
-6.058887
-0.057776
0.005430
-0.005693
0.025704
0.024005
0.987868
0.034736
-0.027405
0.052810
0.027414
0.029480
0.220184
0.043988
-0.041880
-0.022551
-0.006910
0.004258
-0.037063
0.059919
0.037360
-0.018737
-0.753971
-0.006594
-0.037157
0.022105
0.114411
-0.022978
0.038546
0.016680
0.031512
0.032697
-0.050356
-0.018359
0.025874
0.058252
0.047584
-0.001531
-0.167807
-0.036049
-0.009889
0.039051
0.002949
-0.011422
0.024044
0.019897
-0.039915
0.029090
-0.010673
0.020510
-0.043632
0.028019
0.042358
