ORIGINAL Mean: 0.002811
ORIGINAL Variance: 0.951784
Output:
-0.236317
0.099615
-0.124642
-0.409310
-0.143304
0.111891
-0.142234
-0.336552
-0.228481
0.260572
0.070225
-0.104215
0.210714
-0.135379
0.691422
-0.026776
0.540538
0.223209
0.287818
-0.096003
-0.144010
0.350633
0.161371
-0.321690
-0.118316
-0.202887
-0.224821
0.009629
-0.385725
0.064179
0.373975
0.047685
-0.175984
0.002332
-0.061578
-0.251043
0.189486
0.091944
-0.090331
-0.238004
0.002471
-0.001356
0.023048
-0.000324
0.072908
0.247402
-0.007085
-0.012537
-0.104995
-0.205729
0.414932
-0.144566
-0.299929
0.256275
-0.343102
0.328796
0.032398
0.363774
-0.169428
0.074411
0.104817
-0.218840
0.199920
0.336293
-0.205235
0.124503
-0.045607
-0.170392
0.327966
-0.431174
0.371880
-0.141834
0.033468
0.375123
0.523493
0.337115
-0.021266
0.051089
-0.000385
-0.127342
0.364065
0.251778
0.118710
0.274083
0.170816
0.088206
-0.090909
-0.097363
0.070269
0.147357
0.138023
0.259422
0.191962
0.176752
-0.066207
0.019201
-0.041013
-0.126483
-0.214418
0.004517
-0.037259
-0.241775
-0.018890
0.167378
-0.361962
-0.233656
-0.169202
-0.000430
0.088989
0.252400
-0.146499
-0.126078
0.287954
-0.445295
0.556513
0.077283
-0.098726
0.235872
-0.117578
0.195631
0.005075
-0.176592
0.056677
0.067064
0.238693
-0.096405
-0.257573
0.158138
0.102621
0.351419
0.031103
-0.123106
-0.237036
0.400635
-0.183153
0.210186
0.188454
0.129431
-0.482664
-0.343791
0.157388
-0.479762
-0.402183
-0.131358
0.058079
-0.290328
-0.011397
-0.242599
-0.041736
-0.134751
0.164990
0.150435
-0.138016
0.409734
0.043966
-0.227522
-0.022484
0.456007
-0.042646
-0.110381
0.197499
-0.234053
0.229294
0.088492
0.425217
0.254577
0.358646
-0.118315
-0.024555
0.038850
0.254930
-0.096448
-0.027893
0.137056
0.154090
0.058727
-0.051830
-0.046373
-0.163347
-0.161176
-0.004407
0.134634
-0.241593
-0.103799
0.020194
-0.347116
-0.158022
0.049762
0.000112
-0.218649
-0.473586
0.119592
-0.331078
0.105982
0.176682
-0.007216
0.353222
-0.236745
-0.342420
-0.068751
-0.069893
-0.045515
0.133234
0.208263
0.052596
0.286972
0.013361
-0.162263
-0.397760
-0.126519
-0.223402
0.038630
-0.131046
-0.266005
0.036219
-0.088993
-0.029211
-0.042094
0.387830
-0.263934
0.214425
0.406915
-0.016943
0.003943
-0.528494
0.281458
0.230126
2.228152
-0.367748
-0.228873
-0.194934
0.134022
-0.047118
-0.144676
0.054165
0.185627
-0.290309
0.214581
0.364326
0.240815
0.125519
0.298282
-0.043705
0.667572
-0.490499
-0.266413
-0.053177
-0.001408
0.023151
0.446485
0.190951
-0.420642
0.049332
-0.239836
0.133895
0.249060
-0.194715
0.109574
0.142850
-0.358930
-0.044507
0.111835
0.162995
-0.041845
-0.089986
0.076472
0.071541
-0.442666
-0.190795
0.070954
-0.323927
-0.357597
0.271308
0.043302
0.240826
-0.045005
0.277363
-0.041428
-0.226661
-0.251396
0.242842
0.107947
-0.135724
-0.237975
-0.127475
0.220116
0.040003
-0.182646
-0.379895
-0.066218
0.014439
0.106563
0.160135
-0.525411
-0.157788
-0.007808
-0.049623
0.240570
-0.336747
0.025311
0.106582
-0.047241
-0.348757
-0.355498
0.009021
-0.279369
0.434750
-0.029560
-0.329835
0.049024
-0.042098
0.061263
0.146908
0.164764
0.027366
0.248815
-0.074913
0.260474
0.093701
0.291842
0.225185
-0.106937
0.086944
-0.020007
-0.184276
0.893543
0.068507
0.128660
0.100413
0.046593
0.207969
1.717419
0.112360
-0.051749
0.360359
0.004605
-0.230853
-0.816749
-0.063801
-0.369852
-0.217998
-0.138618
0.000159
-0.043957
0.200338
0.232592
-0.085311
0.042915
-0.418870
0.072327
-0.200040
0.184196
-0.393962
0.491939
-0.179856
0.272217
0.093561
-0.451581
0.370548
-0.012052
0.017838
0.003336
-0.076124
0.244457
-0.061190
0.088895
0.119611
-0.452554
0.095603
-3.029600
0.073227
-0.116859
0.345547
-0.497007
-0.286999
-0.397632
-0.103246
0.306435
-0.357292
0.052155
0.395612
0.768293
-0.142895
0.098615
