ORIGINAL Mean: -0.009047
ORIGINAL Variance: 1.067711
Output:
0.670595
0.108324
-0.147846
-0.155165
-0.008306
-0.001117
-0.018385
-0.092170
-0.118258
0.206472
-0.658787
0.294371
-0.477450
-0.185102
-0.101242
-0.140734
0.495573
0.805394
0.428995
0.278447
-0.177429
0.835567
-0.289761
-0.139208
-0.092992
-0.459978
-0.162492
-0.065212
-0.142121
0.083829
-0.190764
0.306469
-0.425065
0.108194
0.283347
-0.086889
0.426526
0.268209
0.000737
-0.027924
0.299516
0.271345
0.267289
-0.131455
-1.666210
0.332076
0.062162
-0.249434
-0.120824
-0.388308
-0.035988
0.136171
0.015375
0.504915
-0.090268
-0.482023
0.724450
0.127799
0.106249
0.040158
0.291345
-0.681400
-0.308289
0.286612
-1.230178
-0.138400
-0.075815
-0.465724
0.506576
-0.983807
-0.153853
-0.382146
0.022729
0.122267
-0.014317
-0.250742
0.100547
0.162589
-0.030985
0.164844
-0.040270
-0.087705
1.091642
-0.177210
-0.034069
0.161180
-0.014114
0.384671
0.304630
0.501077
0.315710
0.272721
-0.355327
0.471807
0.163893
-0.062022
0.471801
0.283000
-0.175909
0.149706
0.462001
-0.746383
-0.048178
0.009624
-0.135133
-0.438594
0.008534
-0.037348
0.092697
0.032961
-0.223045
-0.065179
0.608079
-0.498133
-0.038492
0.010093
0.509566
0.314113
-0.070289
-0.032473
0.068216
0.071474
0.086194
-0.159733
0.052441
-0.166947
0.132679
0.177399
0.001298
0.106442
0.045233
-0.031229
-0.096262
-0.125550
-0.288507
-0.127652
0.086908
-0.495381
-0.253350
0.130018
-0.244844
-0.381339
0.109518
-0.222875
0.036265
-0.393228
-0.188738
-0.438638
0.222170
0.443526
-0.050047
0.711632
-0.295953
0.127590
-0.627965
-0.007428
-0.538275
0.478752
0.049196
-0.128203
-0.088487
0.665858
-0.314602
0.032162
0.183602
-0.394502
0.137022
0.116822
-0.022152
-0.201622
0.050516
0.461151
-0.016818
0.350136
0.270408
0.068122
-0.076358
-0.153541
-0.176732
-0.122530
-0.151901
-0.057401
-0.145341
-0.213632
-0.134293
-0.602617
-0.127160
-0.220096
-0.000075
-0.237075
-0.105669
-0.093492
-0.494838
0.029817
0.243892
0.005547
-0.306166
-0.187747
-0.343236
0.212975
-0.435764
-0.295572
0.095995
0.000273
-0.220277
0.108886
-0.016738
-0.335245
-0.320070
-0.128508
-0.153176
0.100020
0.134469
-0.209094
0.172476
-0.169163
0.215293
-0.073480
0.350302
-0.446603
-0.423143
0.703975
-0.221923
0.018091
0.423504
-0.333779
0.153167
1.769312
-0.000836
0.280097
-0.390503
0.229769
-0.006748
-0.224242
0.059714
-0.048078
-0.291766
0.529555
-0.351508
0.353504
0.001971
0.063186
0.043618
0.041542
-0.443705
-0.042728
0.274672
1.262348
0.275320
0.098184
0.745422
0.465086
-0.078234
0.094934
-0.062949
0.183905
-0.363730
0.104629
0.222154
0.008316
0.242162
0.144954
0.121210
-0.272069
-0.278853
0.010565
0.129363
-0.048146
0.018618
-0.021633
-0.101604
-1.058246
-0.048479
0.380127
0.250561
-0.345135
0.541175
0.174115
0.006363
-0.904844
0.026496
-0.272257
0.234311
-0.122186
-0.872385
-0.005491
0.054405
0.310074
-0.143135
0.173322
0.069981
0.069073
0.360419
-0.627639
0.083828
0.047529
-0.058759
0.054672
-0.261804
-0.088408
0.072574
-0.045545
-0.056290
0.270303
0.142829
0.040361
0.191792
0.116258
-0.417741
-0.079175
-0.014534
0.198834
0.277094
0.109971
-0.430559
0.173156
-0.278857
0.599792
0.045624
-0.025084
0.387444
-0.042946
-0.288405
0.123598
0.000673
0.818954
0.134720
0.049679
-0.189259
-0.052782
0.508377
1.695195
-0.308246
-0.015410
0.693180
0.014172
-0.827947
-0.501089
0.041109
-0.329148
0.526988
-0.314195
-0.133791
-0.221406
0.214638
0.174142
-0.178192
-0.411085
-0.105018
0.457865
-0.302945
-0.127992
-0.118151
0.446240
-0.173702
0.335573
-0.320592
-0.649745
-0.040602
0.654767
-0.480435
0.381201
-0.040151
0.160757
0.664461
0.090102
0.139186
-0.042033
0.039044
-2.123722
0.035467
-0.868864
0.128432
-0.304616
-0.347834
-0.355069
-0.643362
0.382642
-0.260681
-0.054549
0.652686
0.396566
-0.305652
-0.270804
