ORIGINAL Mean: -0.013137
ORIGINAL Variance: 1.263279
Output:
-0.644817
-1.025908
0.221455
0.123639
0.381144
0.293241
0.348820
-0.037560
0.050006
0.104107
-0.598352
-0.948079
0.490017
0.153544
0.034533
-0.138705
-0.008834
-0.621993
-0.190822
0.861641
0.023956
0.257608
0.098993
-0.231700
0.004412
0.246857
-0.737210
-0.169177
0.210922
-0.362903
0.743593
-0.943714
0.701688
0.278796
0.323693
0.152192
0.024916
0.009793
-0.041127
0.033723
-0.732476
-0.146220
-0.175157
-0.018193
0.176346
-0.118361
-0.065693
0.106801
0.024618
0.043491
-0.288289
0.474208
0.242901
-0.844842
0.207716
0.284584
-1.156641
-0.657457
-0.029196
0.377841
0.042462
0.455330
-0.193862
-0.786113
0.352810
-0.272390
1.127813
0.012922
0.047065
1.846846
-0.383618
1.138348
-0.134823
-0.005719
0.116745
0.131000
0.223498
-0.075790
0.029750
0.517417
0.011705
-0.258337
-0.455555
0.395062
0.046139
-0.515717
0.011371
0.593320
-1.014397
-0.871754
-0.911354
0.889842
0.196311
-0.565294
1.141671
0.292446
1.021964
0.229435
0.185867
-0.245020
0.683829
0.145520
0.368105
0.152440
-0.204943
-0.633569
0.074585
0.238289
-0.567448
-0.861222
0.217571
-0.043388
-0.568830
0.118017
0.655098
-0.179949
0.036364
-0.432413
-0.216264
-0.032644
-0.128646
-0.134234
0.406603
0.386011
-0.061446
0.363083
-0.318222
-0.352814
0.518554
-0.364404
0.079792
0.097718
0.108162
0.241761
-0.031608
-0.000813
-0.125895
0.752588
0.518525
-0.018254
0.147626
-0.181310
-0.395833
0.809874
-0.046521
0.983187
0.227540
-0.027424
-0.759035
-0.273719
0.413208
0.954077
-0.407786
-0.494189
0.071657
0.198269
0.068992
-0.262679
0.059105
-0.176477
-0.949580
-0.676927
-0.014125
-0.196731
-0.125241
0.698059
0.152086
-0.061644
-0.037295
-0.101526
-0.024217
-0.147450
-0.015694
0.024571
0.135317
-0.041538
0.023158
0.306824
0.176757
0.843317
0.455065
-0.024156
-0.297849
0.251079
-0.170845
0.572196
-0.087943
-0.501212
-0.000172
-0.003710
0.636777
-0.052979
-0.373988
0.115355
0.173300
-0.000098
-0.265370
0.064585
0.231243
-0.320444
-0.271836
-0.349756
-0.363525
0.044441
-0.883205
-0.213289
0.673124
0.066891
-0.068291
-0.534550
0.027090
0.719109
0.086889
0.002497
-0.296493
-0.160341
0.107741
-0.264906
-0.227569
0.229807
0.613848
-0.974659
0.070848
-1.626717
0.836945
-0.960812
0.096607
0.887557
-0.040704
-0.079212
0.333399
0.011173
0.147155
0.248095
-0.077958
0.035612
0.120934
0.130005
-0.318882
0.256231
0.138272
-0.707427
0.082733
-0.121336
0.100477
0.161584
-0.272075
-0.153143
0.283993
0.326891
-0.098689
0.544069
-0.298546
-0.126489
-0.041319
0.063042
0.035044
-0.258863
0.368828
0.316936
0.456086
-0.673385
-0.164218
0.294472
-0.050171
-0.386243
-0.213596
-0.504359
0.065529
-0.382861
-0.698134
-0.230109
0.163816
0.267403
-0.277193
-0.708507
0.163980
-0.420548
-0.130133
0.064260
-0.182899
0.073311
-0.004801
0.147373
0.925791
-0.527941
-0.041202
0.490600
-0.373696
-0.082992
-0.061315
-0.343607
-0.002669
0.402712
-0.111382
-0.426675
0.052158
-0.254719
0.196346
-0.287006
0.327112
-0.120321
0.279185
-0.073655
-0.068039
0.006013
-0.817647
-0.135838
0.477745
0.242141
0.224474
0.065778
0.501031
-0.044597
0.298154
-0.242963
0.141932
-0.470419
-0.133543
0.462975
-0.138852
0.395957
0.050181
-0.373823
-0.494267
0.444665
0.073257
-0.199590
-0.082961
0.102979
-0.172699
1.811846
-0.059370
0.037564
-0.456358
0.019296
-0.535229
-0.400452
0.247654
0.145300
0.336230
-0.017839
0.064796
0.271525
0.013081
0.066172
-0.393883
-0.183060
-0.637484
0.632810
0.017752
0.360883
0.203927
0.439658
0.015776
-0.069760
-0.131608
0.182467
-0.449564
0.404943
0.816430
-0.535495
0.080107
-0.051855
-0.298170
0.189732
-0.179202
0.637584
-0.088454
-0.228428
0.463685
0.359391
-0.083258
-0.596371
-0.159002
0.262254
-0.442277
0.662498
0.146754
1.309726
-0.300705
-0.264925
-0.313929
-0.005781
