ORIGINAL Mean: 0.051866
ORIGINAL Variance: 1.050266
Output:
-0.293707
-0.338699
0.251047
0.138150
0.126300
0.110747
-0.139907
-0.172454
0.038315
-0.108905
-0.090609
0.238179
-0.350534
-0.133318
0.219691
0.161756
-0.339720
-0.186621
0.045718
-0.160780
0.044045
0.310737
-0.150903
-0.160379
0.116792
0.152481
-0.203387
0.024984
-0.464822
-0.105946
0.026164
0.198025
-0.017552
-0.105964
-0.523816
-0.092132
-0.005520
-0.075038
-0.083546
-0.390914
-0.053890
-0.284207
0.169398
-0.247270
-0.206617
-0.001849
0.015269
0.033496
-0.262527
-0.050371
-0.182442
-0.395760
-0.224307
0.738601
0.179873
0.435154
0.094646
-0.083818
0.074215
0.077575
0.097882
0.304617
-0.057959
0.230916
-0.266257
0.224987
-0.217189
0.352624
-0.037915
-0.187885
0.318125
0.112511
-0.004453
0.249842
0.380754
0.692882
-0.069558
-0.157542
-0.205025
-0.006543
0.178436
0.130278
0.260195
-0.041841
-0.179291
0.004051
-0.399229
-0.117524
0.078743
0.327277
-0.093834
0.099917
-0.130064
0.203111
-0.230969
-0.160478
-0.083859
-0.120462
-0.119939
-0.100781
0.279020
0.664438
0.151796
0.065722
-0.557837
-0.024810
-0.071247
0.017552
-0.139613
0.029047
0.053631
-0.129480
-0.055057
0.098666
0.229370
0.214247
0.019660
-0.307778
0.272602
0.073796
-0.038232
0.139408
-0.010951
-0.497669
0.250821
0.114946
0.116878
0.057445
0.166664
0.119831
0.074681
0.338193
0.040934
0.530171
-0.149735
0.159492
0.480810
0.198990
-0.294277
-0.396903
0.177817
0.135121
-0.647720
-0.345801
-0.076754
-0.080638
0.301867
0.191501
-0.327884
-0.250128
-0.093818
-0.047901
-0.024262
0.302649
-0.066045
-0.137741
0.312993
0.244189
-0.143243
-0.151730
-0.095822
-0.591569
-0.167931
-0.096165
0.401678
-0.196193
0.119875
0.053759
0.368710
-0.000818
-0.064093
0.182597
-0.251698
0.130199
0.056437
0.068371
-0.154534
0.292338
-0.038910
-0.145245
-0.536040
0.136268
-0.078438
-0.041132
0.049440
-0.296564
-0.069536
-0.302468
-0.000095
0.036603
0.043496
0.207040
-0.179193
0.191302
0.125210
0.280629
-0.007125
-0.238174
-0.167052
-0.471870
0.189939
0.252770
-0.175588
0.055390
-0.071765
0.067103
-0.000288
-0.360287
-0.180093
0.463717
0.153553
-0.316287
-0.245607
-0.259774
0.192252
-0.179276
0.092564
-0.217619
0.348461
0.187531
0.052442
-0.148889
-0.147565
-0.126753
0.056338
0.257514
0.150118
2.259448
0.033310
-0.116778
-0.219002
0.101858
-0.208122
0.126325
-0.083517
0.057975
-0.013472
0.129547
0.298315
0.276090
0.248413
0.251300
0.053331
-0.297199
-0.073204
0.027975
0.187363
-0.090507
-0.080934
-0.070841
0.396086
0.076408
0.212314
-0.258816
-0.036286
0.084538
-0.000805
0.131500
0.084392
0.295272
0.147771
-0.007990
0.165114
0.142351
-0.145004
-0.129084
0.118541
-0.175646
0.025395
0.209486
0.176163
0.063950
0.317730
0.184043
0.193503
-0.254873
0.328853
0.016785
-0.099808
-0.018669
0.213213
0.024941
0.039862
0.430751
0.391249
0.114811
0.202698
-0.029185
-0.057712
-0.419546
-0.292167
0.191038
-0.166925
-0.392525
0.069267
0.286595
-0.279089
-0.023381
-0.088831
-0.291889
0.052943
-0.232835
0.050313
-0.177678
0.267245
-0.068028
0.473607
-0.002499
-0.129223
-0.014143
0.019540
0.120606
0.031552
0.110549
0.067904
0.262134
-0.130388
-0.193891
0.410078
0.034381
0.011588
-0.308204
-0.167345
-0.181698
-0.016987
-0.325569
0.054915
-0.113116
0.075116
0.088689
-0.175193
1.752567
0.608658
-0.387703
0.034663
-0.157728
-0.023908
-0.559834
0.133985
0.389053
-0.102024
-0.022039
0.192962
0.098269
0.034632
0.337768
0.340713
0.119150
-0.048915
-0.115056
-0.217289
0.002526
0.176337
0.070254
-0.263612
0.332433
0.096769
-0.161724
0.010684
0.056124
0.122597
-0.202973
0.089388
0.319660
-0.182605
-0.143534
-0.239069
-0.396619
0.003173
-4.292478
-0.082198
-0.105819
0.164867
-0.094025
0.007193
-0.044679
-0.049541
0.152636
-0.116854
-0.395060
0.009213
-0.056109
-0.033685
-0.069833
