ORIGINAL Mean: -0.019033
ORIGINAL Variance: 0.907255
Output:
-0.511722
0.510666
-0.060766
-0.274793
-0.094538
-0.044455
0.055689
-0.124665
-0.193498
-0.185404
0.332050
-0.412384
0.303365
0.014313
0.716753
0.041281
0.619187
0.240606
0.232393
-0.170914
-0.185906
0.485157
0.297943
-0.286418
-0.190891
-0.010455
-0.218902
0.276961
-0.308201
-0.093491
0.089843
0.225406
-0.316199
0.121691
0.076574
-0.175463
0.265858
0.087700
-0.072531
-0.108166
0.018864
-0.045080
-0.224671
-0.075318
0.221469
-0.017350
-0.163107
0.359031
0.427540
-0.017937
0.424348
-0.079755
-0.304203
-0.912636
-0.392005
0.229034
0.211452
0.588965
-0.154619
0.018593
-0.275159
-0.147330
0.087449
0.246646
-0.310388
0.084136
-0.036445
-0.511173
0.400467
0.188680
0.514092
-0.095221
0.031580
0.145918
-0.062223
-0.489226
-0.293338
-0.176647
0.151090
-0.284502
0.235601
0.374759
-0.100468
0.086859
0.323203
0.172911
-0.166968
-0.079953
0.012960
0.097617
0.186879
0.013637
0.328544
-0.233901
0.019479
0.495688
-0.058941
-0.190075
-0.066351
0.009630
-0.238118
0.053931
-0.058500
-0.117877
-0.372062
-0.145568
0.372573
0.162761
-0.034409
0.486248
0.011987
-0.004632
0.383946
-0.351868
0.602666
0.131826
-0.024934
0.248829
-0.044927
0.586394
-0.113277
-0.267436
0.344633
0.579748
0.101493
-0.018592
-0.070574
0.421592
-0.025553
0.432670
0.024471
0.079229
-0.048897
0.066307
-0.078129
0.548935
0.029528
0.129519
-0.360274
-0.403395
-0.035142
-0.486602
-0.045680
0.125639
0.214987
-0.500674
-0.377358
0.051321
0.040635
-0.359679
0.141733
-0.121041
0.017025
0.116874
0.285625
-0.172085
0.246856
0.180644
-0.272118
-0.128281
0.222375
-0.405224
0.381287
-0.030527
0.352123
0.349784
0.317450
-0.306752
-0.219459
0.374112
0.099117
-0.302153
0.253910
0.162814
0.258474
-0.121899
0.250908
0.164061
-0.332447
-0.221301
-0.043988
0.250491
-0.215396
-0.309217
-0.007623
-0.159909
-0.165856
0.328939
0.000170
-0.302295
-0.338996
0.378525
-0.431267
0.119709
0.055515
0.084888
0.157391
-0.163779
-0.481485
0.069699
-0.352842
0.185731
0.033824
0.485669
0.158808
0.235732
0.148081
-0.037295
0.146222
-0.326825
-0.227007
-0.119040
-0.055316
0.023212
-0.011326
0.062991
-0.063580
0.057407
0.392828
-0.264684
0.285900
0.276078
0.103057
0.021928
-0.391564
0.255932
0.137855
1.646544
-0.097311
-0.067480
0.108196
0.069548
0.035502
-0.068853
-0.229993
0.213976
0.348243
0.157107
0.647342
-0.214613
0.243028
-0.067819
-0.134705
0.029073
-0.231917
-0.141208
-0.035582
0.105475
-0.281551
0.166185
-0.322883
-0.573621
-0.029448
-0.333790
0.362880
0.153665
-0.179423
0.361099
0.286394
-0.000217
-0.164330
-0.074195
0.209660
-0.097863
0.008779
0.383763
0.098352
-0.521338
0.119052
-0.007569
-0.413466
-0.540902
-0.413118
0.107614
0.121680
0.449912
0.304149
-0.144187
-0.399968
0.069017
-0.020238
-0.097700
-0.313031
-0.033260
-0.051352
-0.120009
-0.077845
0.048616
-0.197357
-0.016235
0.137063
0.047486
0.102327
-0.070803
-0.274176
-0.075357
0.098008
0.110707
-0.224238
0.186354
0.242187
0.014307
-0.095361
-0.249192
-0.095304
-0.297760
0.267346
-0.140948
0.082499
-0.100406
-0.083792
0.263713
0.206662
-0.251348
-0.072214
0.092647
0.311981
0.174233
-0.532969
-0.007891
-0.264435
-0.026343
-0.168854
-0.088490
-0.176631
1.326572
0.041802
0.147223
0.177483
0.109599
-0.096904
1.839693
0.036649
0.108829
0.280778
0.024013
-0.139703
-0.811252
0.117752
-0.313623
-0.085648
0.019705
0.259225
-0.158280
0.145916
0.086899
0.042230
-0.123537
-0.680716
-0.278404
0.221682
0.092843
-0.202062
0.830002
0.023196
-0.195680
0.207275
-0.318974
0.286937
0.202242
-0.726454
-0.162073
-0.124608
-0.027128
-0.340366
-0.022414
0.105999
-0.336910
-0.042188
-1.852376
0.004409
0.152845
0.074186
-0.302436
-0.371071
-0.579391
-0.056757
-0.232188
-0.305466
-0.082333
-0.044515
0.405578
-0.505067
0.220122
