ORIGINAL Mean: 0.016127
ORIGINAL Variance: 1.310450
Output:
-0.283677
-0.711394
0.166433
0.121591
0.056136
0.176138
0.160112
-0.253388
0.000244
0.196489
0.400474
0.896994
0.668165
0.026399
-0.061308
-0.345463
0.080084
0.572010
0.034574
1.078937
0.003116
-0.820955
-0.780167
-0.336068
0.331141
0.333147
0.941042
-0.126911
0.057192
-0.484983
0.888734
-0.198343
-0.101503
0.069203
0.526525
-0.167457
0.066028
-0.208353
-0.023048
-0.304802
-0.189156
-0.163241
0.188688
0.281415
0.763226
-0.172946
0.063720
-0.128661
-0.317193
0.151909
-0.414854
0.053150
0.173531
0.304186
0.386284
0.734031
-0.265853
-0.393392
-0.215985
0.466373
0.079256
-1.316329
0.194813
0.991188
-0.417172
-0.233472
-0.182543
1.109238
-0.762333
-0.066221
-0.181647
-0.234654
-0.184788
0.344200
0.617761
0.165249
0.310843
-0.134283
-0.051580
-0.289771
0.291928
0.042098
-0.158293
-0.289902
-0.058696
-0.135774
-0.164837
0.591033
-0.504493
0.426638
0.036037
0.083081
0.664731
-0.477995
0.459043
-0.197179
0.320801
0.939882
0.146564
-0.067685
0.599077
-0.078688
0.015403
0.558970
-0.383621
0.147699
-0.228392
0.688049
0.054691
0.119814
0.186264
-0.033414
-0.495361
-0.027529
-0.495826
0.023023
-0.223719
0.285838
-0.077830
-0.179195
-0.004977
-0.138672
-0.052098
-0.137540
0.358909
0.154515
-0.161347
-0.933695
-0.253033
-0.261688
0.091051
0.692836
-0.179659
-0.364582
0.107516
0.309667
0.024808
0.443469
0.527430
0.038748
0.069971
-0.047146
-0.708363
0.678376
0.089276
0.945482
0.221760
0.156566
-0.653954
-0.041676
-0.006431
0.948613
-0.902198
0.180102
0.018974
-0.007938
0.647421
-0.055712
-0.047672
-0.131542
-0.138620
-0.779103
-0.137192
-0.150766
0.103534
-0.007370
0.001562
0.087674
0.053740
-0.503567
-0.116999
-0.502660
-0.023300
-0.310585
0.093028
0.181067
-0.317630
0.318753
0.232049
-0.375279
0.116717
0.392712
0.293739
0.752636
0.091868
0.561824
0.068031
0.118415
-0.000190
0.017697
0.867080
-0.471681
-0.207612
0.114468
0.036167
0.241686
-0.050763
0.215422
0.541245
-0.442379
-0.156629
0.468483
0.342942
-0.190856
-0.144789
0.030574
-0.867554
0.189875
-0.511137
-0.088388
-0.004488
-0.181301
0.000947
-0.047596
-0.264999
-0.061011
-0.006409
0.213408
0.098293
0.237517
0.369351
-0.910179
-0.408752
-0.140564
0.021449
0.370854
0.404075
0.363094
0.141272
-0.219306
0.055432
-0.176828
0.010303
0.457599
-0.233376
0.437795
-0.360380
-0.037380
-1.481336
-0.025742
0.195232
-0.057045
-0.253614
-0.283064
0.078086
0.066306
0.399595
-0.326499
0.234120
0.189528
-0.353058
-0.356719
0.039921
-0.064845
-0.150306
-0.039284
-0.122726
-0.254827
-0.139506
-1.234728
0.112903
-0.736315
-0.099945
0.168421
-0.399757
-0.483834
-0.121272
-0.628224
-0.519392
-0.179095
0.406954
1.133939
-0.056435
-0.218515
0.096352
-0.490920
0.463450
0.329757
-0.168795
0.276320
-0.500038
-0.218709
0.250506
0.663988
-0.175379
0.307645
-0.300432
-0.197658
0.312555
0.017321
-0.136608
0.864850
-0.223999
-0.319072
0.257215
0.118954
-0.008741
-0.059428
0.248828
-0.066261
0.113550
0.110442
-0.205798
0.883707
0.180940
-0.018460
-0.471625
-0.230028
0.015196
0.328133
0.024986
0.022477
-2.100422
-0.008407
-0.027083
0.104176
-0.179228
-0.483132
0.501633
0.037584
0.586046
-0.278155
0.211160
-0.248998
0.011601
-0.032337
0.024999
-0.139172
-0.127391
0.101763
0.231670
1.795703
0.002765
-0.104705
-0.389947
-0.208270
-0.332336
-0.504553
0.103483
0.186956
-0.283008
-0.089095
-0.029912
-0.138317
-0.319648
0.111998
-1.149979
0.463807
0.919301
0.303051
-0.160843
-1.042131
0.104114
0.603623
-0.087769
0.035353
-0.638497
0.202289
-0.395436
0.121693
0.844953
-0.491304
0.014823
0.183988
0.502908
0.258084
-0.241023
0.203949
0.186592
-0.103206
-0.204136
-0.597638
-0.120803
-0.391284
0.123000
-0.358580
-0.372587
-0.195299
0.087731
-0.659696
-0.123733
-0.066875
0.214287
-0.152414
