ORIGINAL Mean: 0.002755
ORIGINAL Variance: 0.968180
Output:
-0.215730
0.386762
-0.089138
-0.273332
-0.042247
-0.021150
-0.170051
-0.356051
-0.365713
0.139731
0.127574
-0.061844
0.183245
-0.074106
0.732345
0.006849
0.604555
0.275325
0.301067
-0.056197
-0.163221
0.244294
0.197724
-0.363769
0.011638
-0.122154
-0.149328
0.038741
-0.493016
0.064094
0.324357
0.061440
-0.149342
0.121100
0.055325
-0.257447
0.163046
0.015702
-0.084657
-0.249242
0.048949
0.072698
-0.001986
-0.158685
0.071856
0.139709
0.009755
0.160279
-0.086905
-0.125547
0.460335
-0.169498
-0.349089
0.196213
-0.257082
0.299807
-0.057209
0.384967
-0.129209
0.070881
0.006361
-0.189578
0.163459
0.310597
-0.354712
0.064132
-0.059893
-0.392372
0.349973
-0.313796
0.388147
-0.126328
0.152183
0.439014
0.352717
0.652843
-0.047873
0.077299
0.112261
-0.172918
0.390995
0.393411
0.092960
0.143740
0.138371
0.096477
-0.294632
-0.082312
0.095923
0.109394
0.325133
0.256225
0.190327
0.238665
-0.156063
0.214221
0.088339
-0.154260
-0.287349
-0.025452
-0.118584
-0.160754
-0.099438
0.174593
-0.462044
-0.140501
-0.266483
0.022057
0.067308
0.270797
-0.146861
-0.137403
0.477196
-0.361667
0.571613
0.220458
-0.080377
0.246134
-0.067970
0.155499
-0.090065
-0.183168
0.222571
0.027036
0.401841
-0.115086
-0.139030
0.243930
0.142696
0.240154
0.037221
-0.167712
-0.176069
0.282743
-0.217178
0.313579
0.262390
-0.055528
-0.424386
-0.416240
0.134116
-0.468039
-0.482761
0.009542
0.132941
-0.152011
-0.160790
0.002847
0.070453
-0.195315
0.102238
0.016092
-0.057421
0.254984
0.063865
-0.163127
0.158361
0.293772
-0.076854
-0.109973
0.085019
-0.854869
0.301339
-0.005411
0.457545
0.252545
0.333459
-0.168423
-0.093491
0.040642
0.211181
-0.166331
0.046237
0.031982
0.164025
0.029699
-0.032073
0.127949
-0.172913
-0.238042
-0.199796
0.064895
-0.235601
-0.078039
-0.112925
-0.358638
-0.194193
0.188217
0.000131
-0.330187
-0.415301
0.205046
-0.378268
0.135610
0.057865
0.201358
0.354487
-0.270769
-0.326557
-0.087230
-0.207500
0.015846
0.178563
0.161191
0.242561
0.203234
0.105225
-0.171166
-0.421569
-0.147954
-0.248270
0.065379
-0.101422
-0.288458
-0.013367
-0.059815
-0.077571
-0.029979
0.334014
-0.178809
0.145092
0.323373
0.035994
0.053049
-0.465603
0.303476
0.244320
2.290709
-0.147593
-0.099311
-0.064765
-0.007529
0.007537
-0.170915
0.010379
0.223378
-0.078601
0.103968
0.404214
0.071663
0.252982
0.297271
-0.104154
0.109621
-0.341984
-0.220833
-0.164015
-0.037532
-0.081323
0.303910
0.109422
-0.507399
-0.039592
-0.234262
0.116997
0.180883
-0.215497
0.147813
0.041481
-0.329110
-0.056828
0.028142
0.223191
0.004060
-0.089770
0.164454
0.125115
-0.397008
-0.174554
-0.060180
-0.394216
-0.384068
0.268940
-0.100133
0.259628
0.115494
0.474014
-0.254272
-0.282649
-0.204155
0.065052
0.012849
-0.090977
-0.120155
-0.029130
0.066525
-0.001957
-0.181309
-0.320228
-0.125938
0.087773
0.084008
0.106958
-0.298856
-0.277103
-0.081065
-0.005928
0.120708
-0.319731
0.054499
0.190920
-0.100398
-0.194720
-0.166825
0.040226
-0.276957
0.337516
-0.071479
-0.216498
0.081837
-0.047760
-0.039654
0.436505
-0.007075
0.172107
0.227424
-0.074762
0.234636
0.328764
0.074638
0.237740
-0.032020
0.086791
-0.069208
-0.267249
0.927308
0.067739
0.165408
0.022437
0.025622
0.261671
1.782253
-0.048491
0.138736
0.370341
-0.027112
-0.285641
-0.906560
0.016620
-0.351006
-0.135128
0.035664
0.064574
-0.104355
0.139842
0.129322
-0.046693
-0.053525
-0.532601
0.045761
-0.143051
0.246047
-0.234763
0.533549
-0.123007
0.263757
0.247466
-0.353828
0.500159
0.040893
-0.288099
-0.074208
-0.188534
0.376046
-0.193482
0.030331
0.098658
-0.458838
0.007294
-3.082673
0.018996
-0.115857
0.260410
-0.352134
-0.340652
-0.376605
-0.203723
0.280855
-0.337598
0.002689
0.089750
0.551650
-0.140947
0.168064
