ORIGINAL Mean: 0.041879
ORIGINAL Variance: 1.037875
Output:
-0.229731
-0.247595
0.214685
0.289471
0.129377
0.119494
-0.201943
0.393815
0.433014
0.139258
-0.164667
-0.097760
-0.057335
-0.128332
0.124536
0.302028
-0.388448
-0.150499
0.066286
-0.252958
0.041113
0.379815
0.037182
-0.185034
-0.342325
0.164960
-0.234045
0.067569
-0.075013
-0.376604
0.169173
0.208477
-0.057681
-0.068954
-0.631168
0.022551
0.051265
-0.042460
-0.048522
-0.194686
0.019304
-0.314533
0.023540
-0.450224
-0.140042
-0.033210
-0.267381
0.063197
0.148819
-0.345946
-0.096626
-0.383635
0.045852
-0.259317
-0.029468
0.447239
-0.038359
-0.091129
0.104637
-0.163036
0.082520
0.328653
-0.259867
0.222241
-0.224520
0.240340
-0.276387
0.360370
0.151267
-0.114998
0.498898
0.223823
-0.181562
0.120626
-0.160420
0.295080
-0.239406
-0.544558
-0.265635
-0.056597
-0.113930
-0.072393
0.073355
-0.106629
-0.071970
0.051063
0.030798
0.142688
-0.042895
0.326432
-0.176895
0.146993
-0.123095
-0.196928
0.098202
-0.136320
-0.184851
-0.003068
0.078067
0.100719
-0.049210
0.275066
0.444374
-0.461491
0.063803
-0.038344
0.270320
0.226882
-0.155395
-0.082124
0.216007
-0.020318
-0.116964
-0.010258
0.200178
0.030699
0.000125
-0.371670
0.331997
0.267052
0.017327
0.041199
0.025512
-0.276767
-0.077759
0.313197
-0.344601
0.237544
0.059112
0.088658
0.039881
0.348893
0.259898
0.746607
-0.367662
-0.038241
0.306552
0.007935
-0.157127
-0.149786
0.060709
0.089495
-0.334531
-0.275998
-0.180839
-0.186831
0.203991
0.073833
-0.394959
-0.371873
-0.087621
-0.121834
-0.117362
0.088983
-0.021440
-0.177004
0.083592
0.268468
-0.367449
-0.206768
-0.060289
0.581394
-0.200592
0.158581
0.042450
-0.037209
-0.048609
-0.031208
0.210188
0.191096
-0.060516
-0.044140
-0.331461
0.076454
0.202374
0.033824
-0.281538
0.270408
-0.266056
-0.165656
-0.192632
0.300733
-0.088439
-0.102129
0.052007
-0.192750
-0.049607
-0.317062
-0.000025
0.243612
-0.119608
0.173727
-0.125890
0.222003
0.197994
-0.151287
0.104670
-0.051555
-0.250372
-0.471849
0.143270
0.043151
-0.299784
0.207009
-0.141626
0.010164
-0.124954
-0.383602
-0.110014
0.384999
0.209682
-0.089051
-0.373798
0.019504
0.285269
0.102834
0.252971
-0.273570
0.359565
0.297744
-0.309754
0.145915
-0.222392
-0.096129
0.044082
0.154535
-0.056917
2.015061
-0.251605
-0.444315
-0.396089
0.172917
-0.139112
0.236098
0.074454
-0.012732
0.041364
0.298690
0.406665
0.373574
0.122083
0.108450
0.222137
0.615311
-0.181419
0.154663
0.196425
0.089951
-0.103990
-0.007941
0.144580
-0.066900
0.029137
-0.025906
0.321237
0.087419
0.005446
0.118090
0.227659
0.360653
-0.063038
0.114613
0.053393
0.134830
0.103997
0.054619
0.001580
-0.085264
0.257638
0.393894
0.076539
0.117561
0.038937
0.312883
0.110426
-0.248859
0.146229
0.116349
-0.130040
0.187824
0.367865
-0.002768
-0.097423
0.363286
0.362968
-0.067183
0.280006
0.037416
0.017896
-0.240450
-0.147834
0.199707
-0.120378
-0.553839
-0.287174
0.177976
-0.306985
0.096782
-0.069384
-0.348029
0.070177
-0.128511
0.117883
-0.428317
0.160183
-0.047288
0.332490
0.065469
-0.091848
0.018394
0.066488
0.252228
-0.278335
0.077701
-0.406800
0.091557
0.191790
0.137071
-0.498450
0.005870
-0.365665
-0.289668
-0.393593
-0.086975
-0.194167
0.108995
0.033890
-0.075042
0.258116
0.039908
-0.224435
1.716150
0.497851
-0.601880
0.040856
0.085535
-0.014048
-0.512862
0.103322
0.392758
-0.197867
-0.179445
0.526519
0.134361
0.065946
0.209903
0.526936
0.341564
-0.281309
-0.280421
-0.033619
-0.037484
0.092825
0.153252
-0.272627
0.109881
0.090349
-0.175155
-0.081532
-0.010958
0.279869
0.107530
0.222259
-0.081897
-0.239751
-0.132285
-0.244982
-0.305052
0.014370
-4.080390
-0.098155
0.137081
0.071084
-0.285333
0.039622
0.014988
-0.064716
-0.113514
-0.046986
-0.317100
0.317192
0.017515
-0.143243
0.078933
