ORIGINAL Mean: 0.037770
ORIGINAL Variance: 1.056116
Output:
-0.244067
-0.323553
0.219653
0.265983
0.051466
-0.006918
-0.212834
0.241258
0.297952
-0.078216
0.006447
0.131952
-0.040772
-0.251763
0.101537
0.157459
-0.196609
-0.054005
-0.047347
-0.321659
0.050346
0.084979
-0.050889
0.054063
0.086120
0.430289
-0.332095
0.318898
-0.113940
-0.055134
-0.029297
0.328851
0.263149
-0.762249
-0.332621
0.049591
-0.017147
-0.062322
-0.012823
-0.215408
-0.260738
-0.311565
0.121702
-0.229715
-0.167684
-0.177921
-0.192918
0.408009
0.298639
0.006811
-0.205986
-0.258174
-0.129942
0.179288
0.110855
0.081794
-0.176448
0.083648
0.114471
0.315016
-0.086998
0.446285
-0.151414
0.220010
-0.112018
0.294024
0.026986
0.289508
-0.138647
-0.023722
0.343177
0.319181
0.081475
0.137005
-0.536671
-0.132017
-0.526073
-0.479546
-0.318357
-0.141471
-0.052108
-0.263141
0.074667
0.028732
-0.206367
-0.025183
-0.098273
0.220094
0.209867
0.095557
-0.217839
-0.058709
-0.055673
0.058628
-0.172386
0.222095
-0.146980
-0.213518
-0.122873
-0.084024
0.109981
0.653363
-0.007413
-0.369517
-0.135489
-0.367307
0.355709
-0.168900
-0.192376
-0.352435
0.100833
-0.118411
-0.179365
0.243836
0.056905
0.101706
0.179837
-0.271672
0.274676
0.425069
-0.072956
0.009990
-0.026961
-0.120586
-0.000288
0.085842
0.292064
0.201861
0.006102
0.277015
0.016350
0.464562
0.372596
0.242714
-0.211584
0.466046
0.256894
0.010685
-0.184492
-0.300698
-0.020074
0.318420
-0.040057
-0.137244
0.025455
-0.099212
0.255620
0.316913
-0.080508
-0.080493
-0.511587
-0.134969
-0.112583
0.046528
0.152952
-0.233277
0.302018
0.295464
-0.206811
-0.227124
-0.054771
0.490458
-0.200708
-0.236244
0.125158
-0.091632
-0.011393
0.185159
0.377107
0.218582
-0.152315
0.152554
-0.157245
0.007523
0.005484
-0.024896
0.002297
0.128664
-0.046736
-0.189547
-0.672733
0.169464
-0.208850
-0.051557
0.242103
0.039464
-0.066358
0.010099
-0.000110
-0.023166
0.024669
-0.007061
-0.363923
0.179896
0.160184
0.163818
0.040583
-0.292223
0.056010
-0.407721
0.212668
0.202669
0.075777
0.350870
-0.110073
0.081908
0.098445
-0.058973
0.322816
0.274974
0.112780
-0.173979
-0.138766
0.075535
0.085736
-0.029133
-0.128671
0.012388
0.287547
0.068343
-0.655657
-0.221033
-0.100283
-0.299739
0.466977
0.135587
0.003903
2.486428
-0.117816
-0.008523
-0.279452
0.075584
-0.249457
0.174532
-0.417856
-0.173920
0.361047
0.227393
0.338867
-0.119856
0.183232
0.184930
-0.161743
0.200696
0.008762
0.009990
-0.036364
0.046502
-0.311626
-0.011039
0.255135
0.044008
0.341573
0.082215
0.305598
0.130370
0.122978
0.246804
0.344478
0.492724
0.032095
-0.079037
0.233837
0.133909
-0.191484
0.068484
0.156966
-0.288554
-0.026134
0.393809
-0.026696
0.092454
-0.171969
0.263302
0.149824
-0.129096
0.317349
-0.136064
-0.150185
0.232555
0.207770
0.068638
-0.130141
0.670099
0.536430
-0.125179
0.079461
0.096852
-0.043669
-0.265237
-0.152380
0.054707
-0.361033
-0.236289
-0.078160
0.208003
-0.248580
-0.040562
-0.039509
-0.070658
-0.207912
0.051959
0.018575
-0.610141
0.260750
-0.098804
0.167975
-0.025408
-0.105910
-0.331125
-0.066340
0.303886
0.354579
-0.139431
0.055264
0.049729
0.226735
-0.032437
-0.390890
0.200632
-0.151204
-0.024420
-0.514835
-0.072702
0.049398
-0.101339
0.039311
0.105657
0.038278
0.054537
-0.255564
1.949918
0.666968
-0.571399
-0.110277
-0.107571
0.288556
-0.189531
0.124122
0.385789
-0.219292
0.089793
0.141937
0.033152
-0.094121
0.274413
0.398798
0.371144
-0.060813
-0.166755
-0.035265
-0.009823
0.005042
0.062214
-0.069829
0.182406
0.052785
-0.219119
0.026548
0.208671
0.110449
-0.000886
0.075708
-0.019335
-0.340592
-0.450320
-0.260875
-0.242740
-0.144177
-4.346926
0.081704
-0.118136
-0.212236
0.009931
0.076462
-0.070870
-0.253988
-0.028960
0.048842
-0.357743
-0.158641
0.019353
-0.324029
0.036372
