ORIGINAL Mean: 0.054174
ORIGINAL Variance: 1.054894
Output:
0.273285
-0.064681
0.236137
-0.172387
0.090887
0.157594
0.018396
-0.107633
-0.069501
0.086500
-0.230364
0.182469
-0.327127
-0.163518
-0.242896
0.079664
-0.452910
-0.215214
0.139918
-0.000815
0.051969
-0.141542
-0.115934
-0.038409
0.060475
0.086706
0.073123
-0.132070
-0.327243
-0.106805
-0.131660
-0.092714
0.077965
0.421539
-0.033754
-0.080070
-0.067161
-0.125271
-0.078820
-0.188297
-0.011676
-0.263738
0.178884
0.177894
-0.974711
0.042245
0.045246
-0.292382
-0.117411
-0.045675
-0.183641
-0.277004
0.027904
0.753007
0.154540
0.213237
0.063497
-0.333606
0.013646
0.246792
0.173623
0.276025
0.077965
0.019293
-0.447915
0.086784
0.132732
0.494235
-0.332764
0.050511
0.015663
0.133839
-0.051142
0.235686
0.751609
-0.387792
0.193292
-0.099105
-0.273759
-0.069167
0.145642
0.018343
0.545281
-0.060717
-0.047259
-0.123931
-0.104840
-0.071989
0.076041
0.255166
-0.005216
-0.012260
-0.089360
0.166935
-0.088684
-0.329179
-0.049843
-0.015952
-0.327814
0.007668
0.379787
0.094254
-0.072820
0.445728
-0.164764
0.105723
-0.157970
0.084899
-0.129926
0.164440
-0.156254
-0.237079
-0.147573
-0.020115
0.082375
-0.115490
0.071326
-0.099100
0.219092
-0.061113
0.120343
-0.091182
0.062658
-0.298245
0.064297
0.133760
-0.020727
-0.047062
0.259701
-0.059444
0.036889
-0.206821
-0.004851
0.150336
-0.251426
-0.020303
0.282847
0.296415
-0.294504
-0.233886
0.237091
0.258448
-0.694201
-0.130715
0.113758
0.292045
0.118228
0.218270
-0.274494
0.032473
0.244440
0.045832
-0.051686
0.266650
-0.181440
-0.206781
0.009985
0.346778
-0.186329
-0.159233
-0.017241
0.014165
-0.012104
0.011721
-0.001414
-0.227858
0.220240
0.176031
0.373538
-0.103928
0.042104
0.156069
-0.239011
-0.001233
-0.009727
0.046323
-0.174098
0.316826
0.106616
-0.011879
-0.108789
0.134265
0.186067
0.036143
0.112218
-0.239969
-0.168298
-0.171038
-0.000130
-0.036854
0.183062
0.184783
0.159071
0.184423
0.221674
0.112093
-0.059040
-0.118720
-0.208377
-0.298452
0.033418
0.131860
-0.089161
-0.178192
-0.177613
-0.007956
-0.089312
-0.351814
-0.394511
0.217700
0.127324
-0.253526
-0.439996
-0.110244
0.109100
-0.239038
0.060367
-0.171177
0.225297
-0.009326
-0.065699
0.079869
-0.156729
0.080469
0.091489
-0.121487
0.187583
2.291068
0.133665
-0.082350
-0.336139
0.176122
-0.093919
0.111251
0.071509
-0.143078
-0.622192
0.316845
-0.019484
0.285976
0.084669
0.013923
-0.005944
-0.591863
-0.242980
0.048173
0.291535
-0.194901
0.021403
0.242951
0.411637
0.095848
0.303748
-0.051076
-0.280510
-0.008000
-0.296241
-0.133039
-0.321955
0.054127
0.261318
0.156715
0.272911
0.102347
0.056197
-0.279478
-0.113303
0.069953
0.036433
0.088498
0.562565
0.018900
0.457627
-0.044357
0.156896
-0.217601
-0.035070
0.040110
0.066063
0.110485
0.132694
0.129022
0.282221
0.107958
0.361692
0.196660
0.156159
-0.031533
0.166114
-0.078616
-0.102616
0.178434
-0.160092
-0.278760
-0.060183
0.384703
-0.274154
0.097991
0.127260
-0.101936
0.072286
-0.345286
-0.004897
0.009788
0.183229
-0.210748
0.218680
-0.016345
-0.481413
0.164487
0.028635
-0.003322
-0.075222
-0.034777
0.040260
0.265867
-0.159688
-0.367441
0.325996
-0.006492
0.509449
-0.297676
-0.091530
-0.075430
-0.165806
-0.171158
0.152192
-0.122362
-0.074604
-0.054539
-0.036441
1.797258
0.059987
-0.460111
0.046857
-0.201299
0.028154
-1.040675
-0.175302
0.334714
0.026478
-0.347051
0.117914
0.167926
-0.014870
0.106898
0.256613
-0.004845
-0.000444
-0.090173
-0.292238
0.049502
0.042161
0.279633
-0.253886
0.361065
-0.041442
-0.185905
0.094758
-0.111525
-0.221887
-0.220159
0.113545
0.092865
-0.014749
0.167955
-0.201915
-0.001652
0.230518
-4.284406
0.054219
0.098619
0.212127
0.111390
0.107364
-0.204054
0.116907
0.241460
0.019487
-0.062370
0.298676
-0.057515
0.197492
-0.121540
