ORIGINAL Mean: -0.017762
ORIGINAL Variance: 1.007578
Output:
0.402855
0.147300
-0.063583
0.111923
-0.014287
-0.308490
-0.023670
0.247287
0.046645
-0.169195
-0.022217
-0.067621
-0.016224
0.101733
-0.074709
0.159262
-0.070977
0.368296
0.157477
0.027465
-0.121632
0.291170
0.781089
-0.151861
-0.507761
-0.458306
0.224166
-0.146697
-0.139749
-0.189623
-0.006892
0.107993
0.170970
1.016162
-0.043151
-0.134558
-0.273672
0.332246
-0.096129
-0.262318
-0.380734
0.298393
-0.457900
0.034372
-0.013149
0.299952
0.072362
-0.341303
0.226707
-0.100390
0.607819
-0.178239
0.148149
-0.525581
-0.458253
-0.186925
0.170353
0.154095
0.275339
-0.489045
-0.006209
0.019853
0.420767
-0.212445
-0.113189
-0.054328
0.071281
0.146156
-0.006406
0.311073
0.623019
-0.112766
-0.014055
-0.084546
0.035221
-0.264977
0.044759
-0.037110
0.140387
-0.330446
-0.030402
-0.084721
0.027288
-0.024833
0.326124
-0.042131
0.021388
-0.218653
-0.427188
-0.053818
0.010499
-0.405855
0.396828
-0.135260
-0.278934
0.016077
0.058271
0.494745
-0.257544
0.253532
-0.309901
-0.162541
-0.112743
-0.450279
0.281504
0.193043
0.169460
0.046942
0.008749
0.260470
-0.052176
0.170550
0.325357
0.412735
0.019020
-0.159658
-0.323309
0.414289
0.259557
-0.381726
-0.035079
0.009889
-0.145861
-0.267264
-0.275006
-0.053169
-0.302514
-0.276590
-0.617046
-0.020027
0.050566
-0.173008
-0.152826
0.086842
-0.338793
-0.037462
0.086773
-0.114316
-0.160222
0.404685
0.427221
-0.380094
0.253198
0.025267
-0.074159
0.217335
-0.414440
-0.104752
-0.111347
-0.325158
0.091269
-0.671381
-0.011075
0.174611
0.311385
-0.094081
-0.573202
0.110316
-0.153719
-0.162933
0.106031
0.180187
0.200540
0.218387
0.259524
-0.275475
-0.154945
-0.405916
-0.162818
0.112701
-0.112025
-0.364623
0.218910
0.121082
0.128808
0.123601
0.154945
0.157172
-0.137041
0.052113
0.116450
-0.121759
-0.343569
0.150891
-0.167314
-0.704587
-0.067311
0.316933
0.000129
-0.005941
-0.316865
-0.302667
0.336634
0.149875
0.261123
-0.030867
0.023080
0.080970
-0.087511
0.445086
0.123533
-0.375578
0.318714
-0.011405
0.497979
-0.064756
-0.035006
-0.125874
0.021140
-0.375888
-0.014437
-0.125874
-0.055594
0.061531
0.085455
0.586794
0.120568
-0.190369
0.566512
0.035949
-0.113199
0.900357
0.136212
0.308523
-0.327654
-0.181856
-0.049328
1.585697
0.163996
-0.225651
-0.030997
-0.169379
0.133658
-0.203567
0.060827
-0.423889
0.149132
0.149088
0.095052
0.470625
-0.241954
0.487194
0.215774
-0.826248
0.149733
-0.117006
0.246915
-0.125529
0.092694
-0.322198
-0.207305
-0.327846
-0.248606
-0.110737
0.033150
-0.228641
-0.533007
-0.121282
-0.397269
0.344986
0.136714
0.411204
-0.072052
0.305774
0.571952
-0.278679
-0.035260
0.762222
-0.015734
0.191285
-0.407753
-0.383826
0.216178
-0.060243
0.201205
0.086830
-0.499147
0.109489
-0.181574
0.038782
-0.080777
0.202577
-0.119191
-0.626282
0.155166
0.425530
0.269515
-0.157076
-0.631047
0.028886
0.173635
-0.137089
0.388326
-0.011441
-0.367459
0.137615
-0.056583
0.025501
0.264908
-0.101556
0.089751
-0.251733
0.149160
-0.430945
-0.146426
-0.010177
-0.023846
0.208115
-0.191714
0.049448
-0.015193
-0.191740
-0.026880
0.075405
-0.252773
-0.149611
0.204124
0.072022
-0.187209
0.208415
-0.228314
-0.025106
0.211678
0.032798
0.163497
-0.879491
0.090953
-0.112225
-0.362106
-0.048212
-0.114456
1.763419
-0.889166
0.345660
0.328072
0.051445
0.393418
-1.240463
-0.245021
-0.126264
0.233079
-0.203027
0.149868
-0.067635
0.076573
-0.250627
0.130295
0.114991
-0.372610
0.230965
0.117322
-0.044850
0.262835
-0.472143
0.096465
-0.202019
0.202112
-0.055232
0.116004
-0.032336
-0.087768
0.087577
0.094415
-0.113306
-0.239228
0.110209
0.005769
0.370122
-0.157779
-0.579016
-0.493269
-0.014837
0.073863
0.083909
-0.043904
-0.124167
-0.183344
0.143117
-0.095508
0.534445
0.241785
-0.184058
-0.142669
-0.143293
