ORIGINAL Mean: 0.050152
ORIGINAL Variance: 1.084564
Output:
-0.454399
-0.276561
0.218985
0.068210
0.210396
0.192383
-0.060703
0.123219
0.130228
0.130156
-0.195447
-0.064382
0.241138
-0.097563
-0.003679
0.090007
0.003667
-0.223553
0.030793
-0.328457
0.053171
-0.061892
0.013008
-0.052686
-0.334487
0.240311
-0.162649
-0.190635
0.411944
-0.187513
0.049098
0.339407
0.007579
0.022973
-0.052248
0.232508
0.231452
0.191222
0.018777
0.136176
0.122299
-0.003636
0.121126
-0.222993
-0.475621
-0.234087
-0.275305
-0.163805
0.137688
-0.355193
-0.117586
-0.177626
0.317446
-0.644368
-0.070836
0.164442
0.094977
-0.354448
0.023489
-0.059735
-0.024019
-0.105894
0.182218
-0.058069
-0.154843
0.051439
-0.159813
0.191266
-0.122708
0.224769
-0.156941
0.048684
-0.178208
0.156552
-0.297730
0.107817
0.164212
-0.186909
-0.268930
0.115005
-0.273497
-0.089328
0.162868
-0.264754
0.170621
-0.542052
0.403997
0.268797
-0.208640
0.026189
-0.292875
0.097864
-0.126787
-0.488767
0.058694
-0.633207
-0.103372
0.012728
0.073660
-0.099518
0.070664
-0.165356
0.412597
0.521005
-0.045593
-0.134265
0.330599
-0.168389
0.196628
-0.182546
0.041688
-0.130557
-0.139913
0.057458
-0.165355
-0.418055
0.229342
-0.278354
0.125947
0.228961
-0.076918
0.002315
0.325262
0.285889
-0.009709
0.497853
-0.212861
0.239035
0.037136
-0.185833
0.081768
0.132450
0.022230
0.462264
-0.374092
0.279283
0.023081
-0.001943
0.059918
0.127832
0.174054
-0.127020
0.028246
-0.173243
-0.121086
-0.347615
0.207403
-0.188244
-0.164448
-0.082874
-0.095690
-0.078739
-0.347363
-0.271576
0.349328
0.114170
-0.557329
-0.123682
-0.528303
-0.241170
-0.222894
0.715338
-0.052185
0.103355
-0.254965
-0.074219
0.045176
0.182719
-0.171646
0.096725
0.100306
-0.011981
-0.206478
0.132682
0.195444
0.066057
0.212718
-0.203477
-0.085316
-0.081176
0.398942
0.005737
0.107986
-0.125285
0.021990
0.047279
-0.156611
-0.741396
-0.000131
-0.141846
-0.017707
-0.134879
0.191903
0.274341
0.289747
-0.560034
0.135605
-0.133596
0.016619
-0.253482
-0.092941
-0.004881
-0.039690
0.071570
-0.093773
-0.270428
-0.105315
-0.132142
-0.125789
0.131493
0.075628
0.158981
-0.232845
-0.084402
-0.140511
-0.135442
-0.059997
-0.249308
0.106465
0.250754
-0.370154
-0.598742
-0.112474
0.175280
0.112849
-0.311426
0.178557
2.232107
-0.241326
-0.160683
-0.187964
0.234713
0.049233
0.158318
0.128574
0.059973
-0.012438
0.040825
0.119835
-0.103682
0.045130
-0.170817
0.385500
1.185987
-0.157310
0.358925
0.248207
-0.122320
0.072625
0.233912
0.111585
0.309225
-0.048731
-0.132971
0.235008
0.063267
0.076588
-0.072315
0.293960
0.316593
-0.067542
0.152204
0.171621
0.047583
-0.164616
0.066256
-0.206468
0.070071
0.131174
0.025895
-0.294243
0.022775
0.341334
-0.002067
0.039223
-0.175003
-0.179307
-0.045038
0.101994
0.240493
0.024794
0.074363
-0.014947
-0.147493
-0.188715
-0.172530
0.058294
-0.027522
-0.131929
-0.092795
-0.084072
0.168945
0.090467
-0.318995
0.169497
0.031921
-0.326863
0.120186
-0.083146
-0.445969
0.213840
-0.085363
0.255159
-0.096787
-0.060612
-0.092646
-0.369016
0.043361
0.208721
0.073543
0.336299
0.459692
0.478193
-0.052784
-0.318911
-0.159433
0.319360
0.116703
-0.356045
-0.269411
-0.184433
-0.057518
-0.187565
-0.294653
-0.109342
0.064809
0.028583
-0.012944
0.171947
-0.039689
0.032583
1.682985
0.348267
-0.357022
0.236186
0.110913
0.044881
-0.115071
0.037660
0.078787
-0.126249
0.014290
0.176821
-0.023093
-0.021779
-0.159408
0.074284
0.027100
-0.193969
0.112971
-0.127246
0.038679
0.040601
0.305317
-0.164240
-0.239758
-0.047551
-0.238549
-0.220761
0.169088
0.195213
0.057591
0.392357
-0.105945
-0.032876
0.158848
-0.091904
0.225000
0.004753
-4.371950
0.018121
-0.077194
-0.016519
-0.254036
0.216216
-0.009607
0.378636
0.119287
0.066902
0.436590
0.256810
0.109957
-0.168241
-0.094600
