ORIGINAL Mean: 0.046537
ORIGINAL Variance: 1.056611
Output:
-0.211411
-0.112015
0.088791
0.189578
0.163982
-0.002273
0.247637
0.128256
0.187151
-0.041233
-0.222512
-0.180771
0.185789
-0.065272
-0.077272
0.141793
-0.247714
0.109398
-0.026774
-0.167923
-0.044579
0.195901
0.340922
-0.175397
-0.473194
-0.167329
-0.025890
-0.181699
0.191320
-0.317850
0.275185
0.346638
-0.134845
0.274796
-0.217035
0.288292
0.225652
0.244764
-0.075487
0.074133
0.103659
0.349444
0.268351
-0.188048
-0.417820
0.054870
-0.063824
-0.184272
0.218731
-0.416780
0.043830
-0.152923
0.109605
-0.156503
-0.307993
0.122588
0.128435
-0.019685
0.264580
-0.072547
-0.030168
-0.220690
0.185390
0.043199
-0.334308
0.088750
-0.252086
-0.092747
0.034623
-0.030650
-0.045920
-0.134270
-0.207395
0.073199
-0.294180
0.057154
0.022474
-0.306136
-0.117434
0.014492
-0.101269
-0.157153
0.190184
-0.090867
0.242736
-0.438294
0.486505
0.167855
0.083144
0.030468
-0.270191
-0.078642
0.043043
-0.327818
0.294060
-0.137540
-0.027100
-0.035315
0.088913
0.070333
-0.079600
-0.410600
0.163799
0.191881
0.127775
-0.020879
0.318430
-0.013540
0.167311
0.071900
-0.006223
-0.127207
0.018295
-0.111925
-0.130194
-0.214061
0.102824
-0.197443
0.135894
0.244021
-0.085544
0.360419
0.076158
-0.214096
-0.064235
0.310101
-0.265449
0.213390
-0.094427
-0.068787
0.080826
-0.030942
0.023458
0.372672
-0.327330
0.116665
-0.031151
-0.222548
0.109655
0.175649
0.128382
-0.376212
0.869393
-0.324506
-0.345110
-0.179966
-0.046970
-0.301260
-0.177937
0.072933
-0.190633
-0.108310
-0.171274
-0.326845
0.374798
0.056166
-0.434832
-0.095052
-0.372825
-0.176587
-0.197069
0.977003
-0.231377
0.140856
-0.094741
-0.130635
-0.038887
0.136215
-0.255620
0.010157
0.044030
-0.146763
-0.041915
0.147782
0.268162
0.212149
0.319688
-0.665996
-0.183335
-0.063677
0.342453
0.184499
-0.370447
-0.047420
-0.071382
-0.435268
-0.243966
-0.636991
-0.000031
-0.192154
-0.030421
-0.217425
0.034393
0.261474
0.293050
-0.582715
0.089711
-0.220218
-0.004704
0.011736
-0.003302
-0.139069
-0.080901
0.232153
0.167339
-0.176694
-0.083121
-0.102467
0.355184
-0.063584
0.083803
0.048682
-0.095521
-0.045026
0.104136
-0.057763
0.094907
-0.167831
0.063466
0.228955
-0.204921
0.494045
-0.103002
0.272260
-0.085676
-0.159437
0.114474
2.368860
-0.190799
-0.285199
-0.190500
0.193087
0.098827
-0.053432
0.101683
0.078219
0.410486
-0.015343
0.070192
0.020683
-0.154858
-0.099754
0.113460
0.885370
-0.201727
0.095967
0.339707
-0.006309
0.259449
-0.213917
-0.140842
0.295327
0.040973
-0.190971
0.057850
-0.013068
0.051064
0.035273
0.222765
0.219893
0.113957
0.147093
-0.004397
0.015360
0.000529
0.023558
0.001244
0.137249
0.160849
0.130653
-0.561101
0.012573
0.291144
-0.074141
0.038375
-0.077488
-0.177849
0.098145
-0.039010
0.094562
-0.062537
0.098290
-0.056004
-0.172262
-0.294169
-0.382375
-0.051145
0.115870
-0.118392
0.052882
0.029282
0.068974
0.184545
-0.387814
0.186668
0.075399
-0.249946
0.157665
-0.119594
-0.390190
0.286822
0.029402
0.142311
-0.161749
-0.111489
-0.252495
-0.059416
0.111939
0.101168
-0.037193
0.186332
0.320477
0.139234
0.159110
-0.534157
-0.217008
0.231582
0.407453
-0.310652
-0.063453
-0.636959
0.156460
-0.161663
-0.175995
-0.025546
0.008778
0.076265
-0.048519
0.251433
-0.071211
-0.020053
1.653261
0.303378
0.111602
0.119324
0.048696
0.184882
-0.193210
-0.304206
-0.137919
0.059728
0.073072
0.024354
-0.171112
0.056426
-0.100346
-0.110314
0.167492
-0.081328
0.009817
-0.160839
-0.029993
0.060957
0.358801
0.011776
-0.189531
-0.126872
-0.220953
-0.061918
0.187824
0.078236
0.428784
0.241549
-0.106554
-0.114638
0.123589
-0.050366
0.148082
-0.197414
-4.543010
-0.001902
-0.074756
0.093107
-0.234359
0.046833
-0.199099
-0.069103
0.020600
0.020945
0.158655
0.129059
0.064187
0.064233
-0.161597
