ORIGINAL Mean: 0.036022
ORIGINAL Variance: 1.262414
Output:
0.450156
0.490122
0.136197
-0.022777
0.394088
-0.044549
0.290887
0.102642
-0.324864
0.259646
0.137180
-0.011232
0.100038
-0.291727
-0.150845
0.034833
-0.392607
-0.133218
0.071505
0.866854
0.076883
-0.578240
0.317520
-0.317827
0.117701
-0.095705
-0.005568
-0.041684
-0.397885
-0.281475
0.442861
-0.567624
0.193654
-0.308139
-0.467128
0.006593
0.618657
-0.007580
-0.034031
0.139165
0.010805
-0.103276
0.187651
-0.433305
0.207508
0.046212
-0.027994
-0.207237
-0.076275
-0.486566
-0.314341
-0.393940
0.044416
0.631336
0.275081
0.178455
-0.342031
-0.257635
0.086045
-0.298450
0.252926
0.531474
-0.644508
0.032763
-0.964327
0.088499
0.057289
0.934992
0.670321
-0.161289
0.088764
0.264019
-0.112380
0.102095
0.288451
0.168241
-0.047892
-0.227481
-0.315773
0.248257
-0.299516
-0.192604
-0.235024
0.117820
0.047646
0.489592
0.292549
0.740442
-0.011562
0.917008
0.250602
0.995237
0.123402
0.217993
0.580835
0.466501
0.188670
-1.009365
0.288001
0.010761
1.613324
0.062901
0.075198
-0.044047
-0.273173
-0.346470
-0.199569
-0.129231
0.708568
-0.320613
-0.217599
0.025575
-0.876880
-0.517522
0.111398
0.391088
0.080700
0.158454
-0.090151
0.417188
0.127069
0.100088
0.223721
-0.101092
-0.160585
0.050928
0.090637
0.477651
1.145220
0.436829
0.009813
0.393532
-0.028815
0.455829
-0.282890
-0.172073
0.081883
0.414385
0.263272
-0.521000
0.205221
0.197540
-0.083196
-0.685742
0.201574
-0.201783
0.384499
-0.221702
-0.655055
-0.367377
-0.036773
0.870602
0.130069
0.291960
0.353436
-0.111996
0.367848
0.154078
0.029308
-0.185915
-0.308009
0.607411
-0.197963
0.078618
-0.080383
0.135309
0.019795
0.320998
0.427891
-0.068584
-0.057619
0.296067
-0.312085
-0.105118
0.140126
-0.035616
-0.372998
-0.183033
-0.108455
0.188952
-0.171095
1.475280
-0.238056
-0.638778
-0.044160
0.718585
0.057627
-0.445938
-0.000185
0.011624
0.300890
-0.160944
-0.164301
0.110183
0.223647
0.005911
-0.269456
-0.117373
0.032975
-0.002525
0.049153
0.718965
-0.721673
-0.120324
-1.781114
0.002128
-0.260906
-0.040927
-0.092335
0.157004
0.152237
0.431191
-0.181524
0.018456
0.074972
-0.389816
0.194415
-0.101211
-0.068926
0.157022
0.628500
0.367227
-0.255983
-0.138820
0.273861
-0.612280
0.132052
1.433942
0.139405
-0.406672
-0.445277
0.156600
-0.041740
0.488008
-0.141117
0.270629
-0.101302
0.319937
-0.251011
0.283802
0.093295
0.643378
-0.627156
-0.083558
-0.512681
0.162649
-0.092830
-0.367414
0.192124
-0.090657
0.363720
0.007228
0.017774
0.335398
0.058869
0.090279
-0.120917
0.145601
0.319906
-0.403043
-0.032906
-0.156060
0.186071
0.200613
-0.279137
-0.550750
0.064527
-1.159596
0.392159
0.187634
0.466207
-0.509767
0.062976
0.190927
-0.564455
-0.493704
-0.123112
0.027687
-0.092179
0.248365
0.208178
-0.165589
0.174274
0.612269
-0.997325
-0.734196
0.198404
-0.295883
0.298812
-0.054715
-0.168460
-0.349166
-0.058691
-0.472207
-0.448588
0.200777
-0.270465
0.169700
0.742455
-0.245208
0.087042
0.068919
-0.198833
0.316786
0.160755
-0.308921
0.882219
-0.186713
-0.286457
0.164475
0.037692
0.516605
0.121069
-0.004904
-1.373260
0.285775
-0.298347
0.247246
-0.125923
-0.245740
0.387762
-0.363939
-1.172250
-0.114736
-0.671483
-0.366626
0.050762
0.013829
0.258822
0.029316
-0.009009
1.636411
0.599048
-0.559999
0.264027
-0.014682
-0.368679
-0.045835
-0.801838
0.194933
0.269863
0.108808
0.075557
0.402258
0.014490
0.399412
0.154853
0.127540
-0.230608
-0.751265
-0.229557
0.084305
-0.159592
-0.136275
-0.314427
0.447119
-0.300247
-0.293110
-0.389227
-0.054860
-0.005358
0.166666
0.367802
-0.056241
0.441073
-0.072442
-0.293914
-0.205182
0.229518
-2.811600
0.203921
0.576852
-0.098611
-1.074734
-0.249660
-0.311246
-0.547704
-0.173974
0.042275
-0.580436
0.411395
0.258516
0.648488
-0.167164
