ORIGINAL Mean: -0.010070
ORIGINAL Variance: 1.258660
Output:
-0.281890
0.205105
0.091111
0.293145
0.071459
-0.145744
-0.028707
-0.119064
-0.573247
0.067232
1.440523
0.986868
-0.325447
-0.005349
-0.216124
-0.120796
-0.017292
-0.976765
-0.458071
-0.631025
-0.058658
-0.513139
-0.217229
0.294080
0.146713
-0.106619
-0.455090
-0.011708
0.055139
0.344527
-1.051601
0.383094
0.611200
-0.401452
-0.157925
0.067230
-0.337968
-0.502974
-0.053865
0.570085
0.004123
0.506866
-0.275704
-0.044854
-1.032761
0.044709
0.315498
0.100345
-0.149529
0.008245
-0.319410
0.153678
-0.072475
0.662277
-0.370181
0.483035
1.008551
-0.159077
0.213925
-0.670969
-0.006534
-0.422194
0.869799
0.375100
0.748555
0.002188
-0.557722
-0.120582
-0.678447
-0.028315
-0.777253
0.519186
0.196543
0.005558
-0.240281
0.782689
-0.091203
0.399100
0.179100
-0.022376
-0.088229
-0.272783
0.548188
0.168943
0.082288
0.094120
-0.219332
-0.284724
0.004836
-0.801556
0.120072
-0.750337
0.387691
0.016044
-0.998220
0.768488
-0.128433
-0.187987
-0.164657
-0.133374
-0.005632
0.766911
-0.322871
-0.364485
-0.044497
0.698925
-0.155136
-1.020219
0.920139
-0.452468
0.209477
-0.075333
0.595148
0.134331
-0.043561
-0.955807
0.206276
0.632190
-0.372156
-0.229131
-0.069807
0.264538
0.259993
-0.219908
0.302418
-0.436872
0.069564
0.254782
-0.955428
0.155890
0.030892
-0.234873
-0.854612
0.319044
0.137626
0.416937
-0.167557
0.935054
0.273556
0.071871
-0.103126
0.011881
0.736361
0.111770
-0.155731
0.280790
0.440688
-0.395609
0.345480
0.370621
-0.442515
-0.061738
-0.295074
-0.375198
0.261186
0.130223
-0.346425
-0.298662
0.191971
-0.126335
0.419007
-0.300636
-0.073611
-0.301066
0.042061
-0.361694
-0.016618
0.018789
-0.186653
-0.103040
0.346589
-0.001088
0.079273
-0.468204
-0.187761
0.181633
0.092948
-0.407824
0.156688
0.152591
-0.173508
0.094829
-0.619594
0.321021
-0.055408
0.127844
-0.156892
0.964263
-0.000093
-0.124339
0.075183
-0.036735
-0.066003
0.048144
-0.044142
0.192222
-0.177838
-0.229058
-0.526317
0.302263
-0.205487
0.244296
0.213070
-0.283101
0.349576
0.098544
0.611980
-0.209838
0.266516
-0.618887
-0.064670
-0.069257
0.331514
0.016134
-0.147090
0.020949
0.608859
0.099995
0.562567
0.718029
-0.088713
0.057847
-0.180436
-0.783003
-0.399385
-0.051752
-0.007570
0.512850
0.040024
0.437082
0.250380
0.003461
0.237694
0.369714
0.011423
0.151278
0.677136
-0.223613
-0.535327
-0.040489
-0.134129
0.518135
-0.077957
-0.429073
0.155078
-0.093680
0.426836
-0.124342
0.124860
-0.210301
0.784435
-0.403252
-0.073669
0.250513
0.068297
-0.021698
-0.122910
-0.259849
-0.144105
0.557160
-0.512171
-0.253439
-0.092630
-0.226725
-0.176133
-0.004742
-0.101696
0.813202
-0.616940
0.197767
-0.329871
0.194987
0.123745
-0.966916
-0.102183
0.663301
-0.440814
0.148615
-0.057282
0.302285
0.087695
-0.737477
-0.189866
-0.327972
-0.751703
0.387215
-0.272339
-0.688545
-0.486670
0.108006
-0.029318
0.104316
0.225923
-0.030760
0.250855
-0.181423
0.030885
-0.117118
1.278185
-0.063403
-0.294150
0.127985
-0.268115
0.503919
0.028876
-0.003017
-0.235839
0.119286
-0.189545
-0.176069
-0.088986
0.107778
-0.428078
0.125588
-0.965976
-0.231126
-0.056538
0.450790
0.286942
0.015983
-0.361021
-0.220569
1.111397
0.011087
1.073003
-0.106898
0.058760
-0.135747
-0.557995
-0.054875
-0.197990
1.857921
0.032427
0.597787
0.159640
-0.147284
0.903023
-0.248785
0.158315
-0.111939
-0.431396
0.469849
-0.408027
0.029838
-0.260991
-0.161286
-0.675163
-0.170884
-0.169576
0.485732
-0.123730
0.054644
-0.044889
0.522100
0.392033
0.017215
-0.133061
0.010968
-0.159090
-0.132365
0.927259
0.019634
-0.401699
0.304649
0.571063
-0.391094
0.028495
0.100510
-0.275066
-0.195992
0.312217
0.381048
-0.117054
1.000764
0.271907
-0.268684
0.634949
0.026836
0.103196
-0.043130
-0.724320
-0.358947
-0.189107
-0.123176
