ORIGINAL Mean: 0.044826
ORIGINAL Variance: 1.106679
Output:
0.044999
0.242887
0.210348
0.047829
0.134278
0.002715
0.161397
0.256992
0.053225
0.146753
0.645951
0.109269
-0.069986
-0.262396
-0.316241
-0.010186
0.029970
-0.501964
0.073105
0.165274
0.006638
-0.459995
0.122150
0.257029
0.172068
0.489019
-0.190152
0.190643
0.126382
0.294098
-0.142882
-0.144599
-0.035998
-0.413260
-0.004074
0.089843
-0.150781
-0.207883
0.036743
0.091092
0.104828
-0.217381
0.147455
0.105131
-0.049070
-0.264121
-0.088755
0.149506
0.463892
0.107727
-0.519282
-0.130521
0.209891
-0.263158
0.681940
-0.142083
-0.318810
-0.265611
-0.035091
0.257721
-0.067964
0.115005
0.168022
-0.187215
0.061214
-0.054000
-0.114177
0.439533
0.170597
0.162605
0.178001
0.099944
0.033958
0.273214
-0.506185
-0.890512
-0.265421
-0.174829
-0.252486
-0.026965
-0.135499
0.102443
0.047086
-0.009988
-0.130504
-0.013618
-0.097883
0.496693
-0.331487
-0.139571
0.199381
-0.030595
-0.245187
-0.167411
0.176024
0.177778
0.091264
-0.504727
-0.312431
-0.227236
0.732224
0.319747
-0.404320
0.135075
0.032873
0.474165
0.362896
-0.266743
-0.062734
-1.209389
-0.060852
-0.066859
-0.154735
-0.092803
-0.230144
-0.074064
0.272580
-0.430531
0.037814
0.270333
-0.035575
-0.287834
0.333756
0.335947
-0.008017
0.223280
0.248154
0.270827
0.023508
0.149228
-0.003266
0.112823
-0.263440
-0.170506
-0.243792
0.485989
0.006079
-0.218345
0.178587
-0.207231
-0.222013
0.615604
-0.352038
0.253794
0.260372
0.197338
0.334024
0.370869
0.069726
-0.170281
-0.025606
-0.029335
-0.190610
-0.373789
0.201404
-0.198490
0.062094
0.294332
-0.057717
-0.278358
0.073237
0.408694
0.180846
-0.301174
-0.091107
-0.067800
0.043279
0.196782
0.255387
0.007733
0.016603
0.072657
-0.049069
-0.033404
-0.099720
-0.090105
0.129782
0.374732
0.233280
-0.191946
-0.294554
-0.054212
0.165111
-0.249936
0.171912
0.481540
-0.011539
0.155122
-0.000115
-0.214518
0.023356
-0.207934
0.146348
0.161180
0.152004
0.195311
-0.065924
-0.214675
-0.005099
-0.238596
0.045521
0.248437
-0.206161
0.004873
-0.138117
-0.073825
0.263291
-0.008723
-0.033309
0.394085
0.040214
0.024707
-0.030822
0.225417
-0.244018
0.017109
-0.146877
0.088105
-0.548177
0.196814
-0.731738
-0.636463
-0.127416
-0.160920
0.597461
-0.367608
0.059472
2.543906
0.162198
0.012675
-0.101197
0.168437
-0.140697
0.386015
-0.393886
-0.275520
-0.097579
0.291563
-0.036521
0.277384
0.116589
-0.250950
0.031683
-0.492251
0.140290
0.160175
0.000062
-0.384386
-0.261526
0.269991
0.528504
-0.152884
0.302653
0.176602
0.146606
-0.046044
-0.163824
-0.102308
0.069330
0.033285
-0.048633
-0.062452
0.423504
-0.122628
-0.127119
-0.004034
-0.117503
-0.229850
-0.131154
0.127688
0.194995
-0.027445
-0.199479
0.380180
-0.248121
0.055132
0.240653
-0.139572
0.047500
0.220217
0.026351
-0.218842
0.067969
0.482525
-0.531316
0.160773
0.043077
-0.349817
0.005139
0.019144
0.044244
-0.033136
-0.233098
-0.184251
-0.293058
0.285681
-0.215655
-0.061911
-0.099593
0.044714
-0.328803
0.096935
0.086253
-0.341217
0.181748
-0.358877
-0.450159
-0.119787
-0.045482
-0.171685
0.050894
-0.015038
-0.446701
-0.404542
-0.175462
-0.029447
0.161991
-0.227111
-0.352041
0.149554
0.481439
-0.167328
-0.180181
-0.084040
-0.013875
-0.006897
0.127113
-0.001698
0.006652
0.099621
-0.134413
2.076747
0.048562
-0.411378
-0.101426
-0.157664
0.473641
-0.601265
0.415511
0.268491
0.236185
0.114045
0.112418
-0.100208
-0.238274
-0.102234
0.102255
-0.478419
-0.345943
0.092889
-0.007397
-0.162706
-0.101195
0.273902
0.061936
0.101194
-0.024896
-0.194870
0.094494
0.047671
0.293805
-0.258626
0.090793
-0.020384
0.425654
-0.221366
-0.133882
0.314836
-0.174305
-4.136628
-0.003147
0.281005
-0.357084
0.358644
0.013874
0.249790
0.684026
-0.142997
0.210956
-0.144181
-0.156122
-0.346127
-0.093143
-0.034782
