ORIGINAL Mean: 0.032856
ORIGINAL Variance: 1.098174
Output:
0.040233
-0.041620
0.207829
0.219748
0.001784
0.064336
0.142229
0.184945
-0.358666
0.275852
-0.150012
0.198838
-0.047665
-0.162347
-0.356474
-0.039543
0.271480
-0.193857
0.043670
0.091173
0.047960
-0.471986
-0.135526
0.355491
0.174746
0.507541
0.155548
0.130744
0.213626
-0.163134
-0.002987
0.225326
0.285377
-0.718004
0.147579
0.046157
-0.047659
-0.412289
0.058058
-0.124234
-0.185739
-0.075838
0.030173
0.053224
-0.313192
-0.339181
-0.166268
0.107594
0.134584
0.132740
-0.389041
-0.132332
0.327601
-0.173157
0.279677
0.106275
-0.027977
-0.284941
0.127120
0.286878
0.129699
0.278308
-0.076206
0.081907
-0.213898
-0.020315
0.096138
0.026194
0.025505
0.129835
0.016529
0.008039
0.046849
0.195335
-0.563170
0.111011
-0.240219
-0.147447
-0.196890
-0.117744
-0.101095
-0.107569
0.192731
-0.183321
-0.008206
-0.166456
-0.072392
0.629591
0.027062
0.039806
0.121398
0.075658
-0.278490
0.126613
0.174916
0.040013
0.065085
-0.050175
-0.266248
-0.309333
0.289029
0.347561
-0.231861
0.111877
-0.151174
0.052631
0.148122
-0.211407
-0.234225
-0.649152
-0.184439
-0.031999
-0.235587
0.353756
-0.081393
0.034549
0.194356
-0.147930
0.110335
0.101075
-0.141344
-0.228879
0.109980
0.075198
0.102478
0.188501
0.136920
-0.205194
-0.043176
-0.004994
0.034240
0.133325
0.155662
-0.380852
-0.290146
0.437785
0.084352
0.111018
0.087571
-0.018031
-0.089234
0.422690
-0.378942
0.358594
0.206218
0.114780
0.150155
0.294017
0.150977
0.225076
-0.143547
0.226259
-0.056321
-0.463503
0.303245
-0.153912
0.155186
0.151388
-0.004283
-0.259515
0.110729
0.094503
0.177864
-0.299927
-0.155475
0.176863
-0.052544
0.091541
0.068427
0.027272
0.035679
0.026630
-0.084215
0.142202
-0.089824
-0.098225
-0.148673
0.290990
0.315736
-0.032439
-0.282572
-0.196909
0.075246
0.364246
0.154317
0.601109
-0.090760
-0.206597
-0.000145
-0.265028
0.103583
-0.120597
0.074420
0.159746
0.122844
0.171943
0.053683
-0.199016
0.134767
-0.141707
0.014916
0.238859
-0.151170
0.032135
-0.025920
-0.143864
0.059176
0.247927
-0.282392
0.339753
-0.034789
-0.090137
-0.008694
0.237391
-0.255890
-0.071437
-0.260036
0.243720
-0.327676
0.072531
-0.563514
-1.024819
-0.065174
0.075307
0.160028
0.117891
0.250968
2.668883
-0.038282
0.200090
-0.021158
0.047114
-0.067851
0.074995
-0.365131
-0.219688
0.006882
0.296973
-0.025034
-0.123655
0.174528
0.013868
-0.088546
-0.143908
0.089807
0.102221
-0.220251
-0.331271
-0.221749
0.500723
-0.061538
0.235785
-0.009980
0.229108
-0.188818
-0.001805
-0.091067
-0.163642
0.096517
-0.214154
0.151070
-0.018424
0.327500
-0.041436
-0.216039
-0.016993
-0.216755
-0.100280
-0.133778
0.018397
0.324029
0.248579
0.208883
-0.314752
0.016966
0.026121
0.209278
-0.204252
-0.007314
0.166381
-0.318651
0.326046
0.091558
0.151124
-0.001967
-0.116933
-0.118985
-0.010358
0.042049
-0.077664
-0.022398
0.078242
-0.377529
0.300264
0.176108
0.292408
-0.188166
-0.164892
0.288668
-0.100513
-0.012140
0.030624
-0.166778
-0.006275
0.007574
-0.060474
-0.401656
-0.023186
-0.068216
0.071588
0.135121
-0.053178
-0.029091
-0.432578
0.281053
-0.132637
0.158845
-0.252089
-0.053962
0.023415
0.635281
0.373165
0.032355
-0.041069
0.336884
-0.018058
0.097068
0.246303
-0.151350
0.019363
0.005105
2.112482
0.273246
-0.190496
-0.243848
-0.207055
0.034606
-0.411226
0.180746
0.185989
-0.084420
0.138760
-0.059769
-0.083323
-0.256315
-0.032340
-0.082523
0.201031
0.266737
-0.012809
-0.045934
-0.104103
-0.126957
0.252484
0.146255
0.208664
-0.021259
-0.230931
-0.088093
0.308091
-0.054249
-0.368394
0.181987
0.071761
-0.144336
-0.232110
-0.112701
0.187513
-0.113744
-4.407273
-0.053710
0.040255
-0.485709
0.186242
0.220605
0.499156
0.437675
-0.212133
0.239632
-0.228331
-0.373625
0.086398
0.235638
-0.097606
