ORIGINAL Mean: -0.028497
ORIGINAL Variance: 1.290312
Output:
0.151646
1.315765
-0.225841
0.061641
-0.160147
0.057757
-0.130358
0.174792
-0.293314
0.075241
-0.004790
0.416018
0.955073
-0.054886
0.104288
0.003908
0.912682
0.054179
0.368977
-0.608218
-0.205332
0.457468
-0.383589
-0.216094
0.098980
0.025375
0.064038
0.139215
-0.097302
0.064029
0.867827
-0.469904
-0.308948
-0.543573
0.129680
-0.122044
0.479073
0.153822
0.038394
-0.187255
0.374205
0.078641
-0.236620
0.125949
0.986266
0.066889
-0.079383
-0.053534
0.036905
0.033783
-0.033442
-0.399210
0.041006
-0.137649
-0.073260
-0.124718
-0.484394
0.645604
0.051271
-0.224058
-0.177395
1.083422
-0.507148
0.154440
0.096360
0.122153
0.761728
-0.041462
-0.389455
0.280746
0.087310
-0.091180
-0.036975
0.298694
-0.658382
-0.199600
-0.443491
-0.153714
0.183779
0.364304
0.265642
0.137796
-0.379747
0.193672
0.239625
0.024118
-0.081442
0.634892
0.649155
0.109210
-0.666189
0.043244
0.471902
0.351984
-0.212287
0.535426
-0.850024
-0.412366
-0.147424
-0.125087
0.899979
0.495371
-0.375709
-0.151896
0.168977
0.422134
0.569651
-0.186149
-0.285342
0.237894
0.021155
0.047746
0.727239
0.283046
1.035826
-0.590806
-0.286987
0.374903
-0.430650
0.325134
-0.038241
-0.135054
0.185308
-0.058261
0.501953
-0.303601
-0.054891
-0.234918
-0.673484
0.489972
0.014136
0.201896
0.359368
-0.834152
-0.280841
0.550172
0.283492
-0.897103
-0.363921
-0.553243
-0.344017
-0.138858
-0.014153
0.122465
0.177257
0.566493
-0.473251
-0.106837
0.629645
-0.122586
0.003512
0.334690
0.205218
0.626366
0.338770
-0.202157
0.682838
0.300136
0.048917
-0.043165
0.697879
0.211633
0.036873
-0.139646
0.101637
-0.312421
-0.228547
-0.257182
-0.005762
-0.046991
0.074698
-0.202847
0.238990
0.649947
0.104523
-0.140272
-0.223358
0.133660
0.153583
-0.361589
-0.464197
-0.231885
-0.169869
-0.297794
-0.037889
-0.186904
0.026253
0.675067
0.000186
-0.250229
-0.517249
0.660566
-0.113066
0.024535
0.024132
0.188079
0.127833
0.030711
-0.043203
-0.033040
-0.226899
-0.140853
0.135303
0.272611
-0.249284
0.152446
0.243390
0.270255
-0.130843
-0.037181
-0.155669
-0.006138
0.215400
0.718458
-0.220558
0.151797
-0.038428
0.051842
-0.148209
-0.512771
0.414476
0.116480
-0.205187
1.548157
-0.200207
0.565446
0.046013
1.328587
-0.047670
-0.179624
-0.018739
0.164599
-0.102692
-0.452769
-0.608386
0.667626
0.056576
-0.302981
0.688598
-0.784700
-0.007779
0.616172
-0.785182
0.047404
0.069017
-0.214987
-0.374261
-0.460063
-0.266535
-0.079809
-0.847347
-0.025753
0.140848
0.116196
-0.335319
0.123785
-0.481730
0.155193
0.287999
-1.204782
0.488380
-0.165302
0.046725
-0.567269
-0.307160
0.108344
-0.045457
-0.341072
0.562057
0.160305
-1.319229
0.030265
0.040903
-0.465990
0.009010
0.839821
0.460345
-0.461079
-0.375467
0.449240
-0.489381
-0.304701
-0.289908
0.051472
0.413801
-1.096516
-0.088283
-0.284398
-0.019113
0.140152
0.364596
-0.944863
-0.369560
0.422746
0.521573
0.075465
0.042378
-0.104985
-0.163231
0.097542
0.171397
0.327077
-0.742387
0.048843
-0.015683
-0.206416
0.124439
-0.203077
-0.180372
-0.023689
-0.320757
-0.119401
-1.109717
-0.254355
0.924954
-0.014674
-0.176125
-0.214906
-0.123374
0.134108
0.520869
0.787381
-0.216873
0.213256
0.508774
0.678691
0.021271
0.154171
0.263301
0.070520
0.146766
1.890883
-0.003418
0.243264
-0.695407
0.032365
0.625749
-0.734083
0.271653
-0.259957
-0.340661
-0.190050
0.074319
-0.143021
-0.041068
-0.009514
0.383701
0.019832
-0.674015
0.079740
0.123414
0.557742
-0.288232
0.536275
0.225026
0.353701
-0.195068
-0.059408
0.387326
-0.184790
-0.770943
0.130101
-0.697607
0.304590
-0.208208
-0.150262
0.048906
-0.024104
0.154064
-1.321672
-0.259021
0.228596
-0.352400
-0.513901
-0.454212
-0.414336
0.270256
0.000161
-0.264785
-0.479717
-0.091378
0.290504
-0.761281
0.135995
