ORIGINAL Mean: -0.027007
ORIGINAL Variance: 1.196907
Output:
-0.425552
-0.240436
0.176465
0.190699
-0.026455
0.134381
-0.279787
-0.141408
0.095646
-0.120359
-0.318418
0.368599
0.248342
0.197576
-0.140811
0.099910
-0.206019
0.420809
-0.208448
-0.656058
0.069797
0.590294
-0.432842
0.255327
-0.487813
-0.103303
0.418010
-0.196644
0.217763
-0.232667
-0.501025
0.578872
-0.228649
0.435949
-0.023100
0.266427
-0.579348
0.384308
-0.115282
-0.347092
0.281119
0.198614
0.132559
-0.123820
-0.616706
-0.190506
-0.007047
0.020888
0.112672
0.093900
-0.255416
0.381836
-0.168010
-0.574341
-0.246641
0.352306
-0.290088
-0.010959
0.311850
-0.560762
-0.153558
0.697257
-0.194127
0.012876
-0.068472
-0.105545
0.042642
-0.487800
-0.792206
0.393336
0.063227
0.377504
0.114266
-0.107707
0.143388
0.364953
0.047577
-0.169550
0.173209
-0.190610
-0.210041
-0.102379
0.030399
-0.278773
0.218100
-0.161966
0.036303
-0.291012
0.036267
-0.188772
-0.201663
-0.043138
-0.045698
-0.313308
-0.370152
-0.549942
-0.401198
0.201592
-0.072867
-0.128594
-0.159592
-0.178750
0.344715
-0.098364
-0.108370
0.359454
0.241738
-0.907055
-0.294209
0.300890
0.273664
0.117681
0.597724
0.590785
-0.173050
-0.046348
-0.193288
-0.137713
0.227684
-0.067039
-0.125299
0.181125
0.234406
-0.436797
-0.015553
0.124569
-0.181152
-0.668509
0.075234
-0.086729
0.117495
-0.643810
0.345566
-0.088724
0.014660
0.181615
0.166139
-0.481912
-0.622165
0.324765
0.472657
-0.137776
0.232028
0.104373
-0.161282
-0.243117
-0.368181
0.037693
0.958597
0.025034
-0.066652
-0.751700
-0.311715
0.130361
-0.222024
0.217890
0.016735
-0.228493
-0.076857
-0.209037
-0.236791
-0.507678
0.000048
-0.031223
0.097028
-0.604391
0.029150
-0.263601
-0.422100
0.054043
-0.080572
-0.203526
0.205261
0.297918
-0.020789
0.062192
0.305259
-0.199211
-0.055137
-0.208588
0.329944
-0.244457
0.113028
0.697070
-0.042383
-0.209884
-0.106506
0.483089
0.000021
0.018948
-0.541759
-0.240294
0.167445
0.156739
0.117364
-0.336952
-0.041054
-0.022556
0.154068
0.213378
-0.004564
-0.773441
0.663825
-0.012719
0.469653
-0.205631
0.330391
0.255558
0.421714
0.040947
0.010425
-0.538756
0.199154
0.176564
-0.052803
-0.026592
0.206682
-0.132158
0.027130
-0.000441
-0.414010
-0.422837
0.424973
0.667054
0.624730
0.080940
0.150999
1.255935
-0.095601
0.381732
0.403511
-0.430049
0.209329
-0.473943
0.119225
-0.100049
0.496157
0.158191
-0.353414
0.109927
-0.096602
0.272296
0.538587
-0.089477
0.282120
-0.055050
-0.228714
0.518299
-0.095987
-0.024170
-0.224615
-0.025702
-0.379008
-0.356635
-0.748523
-0.072100
0.119182
-0.267902
-0.662363
-0.379119
-0.198207
0.187925
-0.274183
0.230612
0.142970
0.188220
-0.165609
1.100739
0.272181
0.092921
-0.412637
0.535732
0.960751
-0.579787
0.279572
0.404215
0.001101
-0.120128
-0.092084
1.001098
-0.145872
-0.292036
-0.230090
-0.757361
0.501930
0.386654
-0.089172
0.623095
0.099143
-0.137231
-0.029892
0.511903
0.183426
0.372064
-0.432240
-0.194091
0.083493
-0.160843
-0.676611
-0.224993
0.092953
-0.082632
0.308484
-0.033807
-0.207300
0.402275
-0.259534
0.270306
0.127242
0.115200
0.235895
-0.223206
2.267146
0.089973
0.176767
-0.313508
0.110205
-0.214805
-0.073559
0.070024
-0.603146
0.373140
0.037801
-0.143731
-0.091491
-0.064570
0.102509
-0.186117
-0.511221
-0.136535
-0.334347
1.742900
-0.390474
0.496618
0.162804
-0.039801
-0.090506
-0.418109
-0.005819
0.022643
-0.105606
0.215254
-0.202826
-0.219975
0.025750
-0.154590
0.446239
0.035553
-0.078996
0.074312
0.012761
0.362312
0.297275
-0.003758
0.104192
-0.417366
-0.059998
0.203513
0.214298
-0.203712
-0.321485
-0.332719
0.425911
-0.090492
-0.235719
0.136140
0.031367
0.295274
-0.437469
-0.336427
0.148560
-0.030157
0.043125
-0.380320
0.019530
0.790305
0.215409
0.401163
-0.044529
0.191221
-0.553900
0.067303
-0.444882
-0.055585
