ORIGINAL Mean: -0.016715
ORIGINAL Variance: 0.936067
Output:
0.436146
0.530221
-0.148442
-0.094490
-0.311217
0.130569
-0.047501
-0.243775
-0.319230
0.016109
0.442106
-0.155414
0.244111
-0.112785
0.134889
-0.063090
0.954732
0.386662
0.361696
0.159597
-0.238120
0.556385
0.329980
-0.290723
0.132897
-0.206648
0.079418
-0.013731
-0.528667
0.075089
0.251983
-0.266414
-0.443710
0.080549
0.428452
-0.300842
0.094986
-0.403911
-0.012993
-0.146180
-0.074688
0.122098
-0.034425
0.056826
0.118090
0.099999
0.049005
0.049149
-0.166552
0.176638
0.329857
-0.169574
-0.013540
0.212112
-0.656151
0.350687
-0.006534
0.338240
0.030074
0.051758
-0.058639
-0.283908
-0.186368
0.235528
-0.116242
-0.080688
0.348498
-0.635821
-0.300277
-0.140488
0.181169
-0.310373
0.085293
0.322580
-0.185209
0.513358
0.010032
0.173187
0.249417
-0.457821
0.259781
0.191320
-0.226451
0.140265
0.070504
0.279644
-0.303660
0.049356
0.273399
-0.164538
0.540957
0.048146
0.366273
0.620545
-0.397076
-0.105734
0.145966
0.148548
-0.183494
-0.041734
0.175066
-0.069020
-0.326866
-0.029870
-0.402802
-0.546360
-0.228468
0.302998
-0.067329
0.248391
-0.397962
-0.159429
0.499494
-0.268063
0.651046
0.017903
-0.615071
-0.165634
-0.161741
0.044407
-0.120220
-0.190922
0.552335
0.047151
0.354986
-0.189259
0.209877
-0.170080
0.337337
0.406725
0.015888
-0.061713
-0.422947
0.038196
-0.252216
0.220045
0.166673
-0.222027
-0.423161
-0.493700
-0.165939
-0.293328
-0.412931
0.247896
0.028827
-0.069133
-0.511292
-0.039519
0.460902
-0.247324
-0.061256
0.063309
-0.362288
-0.088441
0.260033
-0.132030
0.745085
0.417159
0.208796
0.021408
0.360510
-1.115532
0.339347
-0.131025
0.129914
0.278926
0.199872
-0.349934
-0.087699
0.079983
0.093867
-0.135988
0.187495
0.162565
0.191841
0.052751
0.007558
0.310894
-0.063493
0.067626
-0.391574
-0.293977
0.063400
0.340684
-0.154816
-0.279113
-0.186314
0.544250
0.000026
-0.295644
-0.156967
0.308060
-0.596477
0.007348
0.061323
0.392528
0.019002
0.040192
-0.213570
0.100131
-0.344630
0.221368
0.328435
0.130241
-0.065820
0.152783
-0.017184
-0.168916
-0.603395
-0.064504
-0.233188
0.098885
0.041997
0.055465
-0.141357
0.034453
-0.324484
0.091943
0.103016
-0.081485
0.336103
0.124488
0.117359
0.143843
-0.539774
0.252214
0.333304
1.390394
-0.001358
-0.062898
0.089965
0.004978
0.069859
-0.242451
-0.165596
0.347582
-0.216486
0.069434
-0.062609
-0.212142
0.089386
0.310401
-0.294417
-0.574097
0.012214
-0.210235
-0.037373
0.028311
0.018567
0.109751
0.189110
-0.224627
0.107520
-0.267884
0.017370
0.181178
-0.460475
0.080422
-0.128199
-0.369233
-0.053516
-0.255588
0.093373
-0.157639
-0.184145
-0.177982
-0.049999
-0.057904
0.047503
-0.124748
0.154265
-0.203800
0.043471
0.091093
-0.083651
0.521680
0.499345
-0.537318
-0.285095
-0.306100
-0.273162
-0.157581
-0.264399
0.136174
0.074305
-0.007331
-0.157563
-0.192551
0.086922
0.051437
0.139287
-0.366251
0.174738
-0.069177
-0.230799
0.062355
0.102064
-0.042939
-0.297184
0.088686
0.231360
0.009538
-0.344745
-0.034969
0.057304
-0.095868
0.387021
-0.184214
-0.124420
-0.032051
-0.110585
-0.024865
0.756540
-0.077370
0.382611
0.160304
-0.192137
0.084727
0.443049
-0.134091
0.362440
-0.052749
0.188814
-0.040255
0.202544
1.141159
0.078617
0.079076
0.250387
0.017926
0.229829
2.022734
-0.073465
0.441598
0.243461
-0.071364
0.133705
-1.125346
-0.131095
-0.318477
-0.338027
-0.057804
0.028069
-0.136271
0.067843
0.172584
-0.082115
-0.188499
-0.577654
-0.049056
0.061638
0.231369
-0.078697
0.733028
0.083111
0.123174
0.236235
-0.176981
0.246635
0.088277
-0.534981
-0.028137
0.001426
0.374050
-0.449878
0.018320
0.174278
-0.090365
0.030482
-1.742413
0.187468
0.011157
-0.005037
-0.134445
-0.195762
-0.126459
-0.059588
-0.337888
-0.389969
-0.284338
-0.100049
-0.047311
-0.547511
0.196681
