ORIGINAL Mean: -0.024352
ORIGINAL Variance: 1.140833
Output:
0.457748
0.438843
-0.038738
0.198523
0.176359
-0.023467
0.508129
-0.038704
-0.671509
-0.096076
0.067589
-0.325054
0.703114
-0.018172
-0.313803
-0.126236
0.074072
-0.063892
-0.214102
-0.124058
-0.068369
0.193202
0.876855
0.267083
0.034116
-0.252353
-0.709762
0.064547
-0.075974
-0.006213
-0.151200
0.009774
-0.587391
-0.184018
0.360717
0.141422
-0.343281
0.273829
-0.049659
-0.406505
0.199499
0.537956
-0.277158
0.013668
-0.277686
0.225234
0.264974
0.334731
-0.055989
0.153231
-0.045555
0.167162
-0.095730
0.751456
0.582907
0.220921
0.469097
0.625646
0.321492
0.019437
-0.034986
-0.196564
0.373158
-0.034549
-0.765288
-0.096353
0.485361
0.426755
-0.122574
0.610913
-0.278166
0.818369
0.182069
-0.026187
-0.321248
0.491971
-0.153314
0.001906
0.209368
-0.401946
0.284853
-0.131780
-0.154179
0.024496
-0.063342
0.450958
-0.100991
-0.444379
-0.884969
-0.738082
-0.337352
-0.066893
0.661487
0.468093
-0.769726
0.203358
0.111956
-0.152267
-0.142952
-0.085739
-0.114517
0.015146
-0.519874
-0.440563
-0.069712
-0.246951
-0.019281
-0.254598
-0.670817
-0.315211
-0.367826
-0.182660
-0.072952
0.196051
0.185131
0.117531
0.146583
-0.793850
-0.195683
-0.082975
-0.086862
0.277033
0.107442
-0.504678
0.180868
-0.428984
0.013356
-0.319437
-0.329055
0.051239
0.041766
0.160112
-0.182669
-0.490073
-0.014320
-0.051990
-0.241437
-0.108008
0.059606
0.009432
-0.156773
-0.234146
0.662820
0.499545
-0.051070
0.561811
-0.402056
-0.347803
0.741958
0.219891
-0.308207
0.145371
0.336584
-0.379632
-0.029232
-0.002128
0.487029
-0.160933
0.264188
-0.021107
-0.376623
-0.333602
-0.045058
-0.091966
-0.085699
0.489281
-0.056057
-0.100802
-0.135354
-0.132918
0.017160
-0.062742
0.214108
0.381840
-0.185742
0.019618
0.277247
-0.279312
0.082358
0.086795
-0.340215
-0.509113
-0.536621
0.221437
-0.123872
-0.299663
-0.114833
0.181867
-0.000065
-0.206352
-0.042825
0.023240
-0.017805
-0.006726
0.039758
0.200023
-0.114161
-0.231549
-0.396615
0.104030
-0.254541
-0.069991
0.577309
-0.069417
0.002499
0.117036
0.040245
0.243458
0.239982
-0.216823
-0.044403
0.481521
0.284368
0.165172
-0.169419
-0.087262
-0.109502
0.295347
-0.089142
-0.013172
0.011413
0.507441
0.214656
0.010182
-0.733472
0.226592
0.097177
0.666806
-0.059330
0.152727
0.206319
-0.031498
0.095842
-0.140829
0.078346
-0.036816
0.457039
-0.156389
-0.233059
-0.950719
-0.120232
-0.350738
0.159644
-0.968185
0.095525
-0.305519
-0.153674
-0.620316
0.128494
-0.289203
0.471866
1.225744
0.049257
0.121209
-0.242432
-0.102506
-0.297821
-0.025964
0.393382
0.807193
0.795268
-0.096756
-0.066710
-0.350154
-0.060350
0.100214
0.129889
0.356210
0.511605
0.197511
-0.408977
-0.026698
0.233042
-0.401994
0.226986
0.062487
0.001061
-0.051488
-0.133505
-0.109506
-0.483406
-0.040201
-0.096390
-0.135860
0.281274
-0.352263
-0.354744
0.394488
0.121899
0.140729
0.159064
-0.656643
0.571374
-0.625649
0.592028
0.221606
0.135633
-0.167765
-0.176568
0.052622
-0.232793
0.127967
-0.058791
0.497735
0.002875
-0.033018
-0.079982
0.088136
-0.246979
-0.069357
-0.250246
-0.422614
1.180678
0.007605
1.408043
-0.219006
-0.323330
0.295665
0.328980
-0.223479
-0.178609
0.334222
0.506624
0.060176
-0.258702
0.582156
0.142236
0.020939
-0.643420
-0.033185
0.169759
2.009904
-0.205677
0.560294
-0.930075
-0.206601
0.114020
-0.463561
0.639659
-0.127675
-1.741865
0.199043
-0.375954
-0.141405
-0.012139
0.010888
-0.727583
-0.890810
0.833256
0.742754
0.038334
0.833665
-0.004275
0.637176
0.367827
0.018056
-0.036845
0.019724
0.475920
1.367310
0.278555
0.178956
-0.673882
0.334697
-0.100058
-0.255421
0.014748
0.242585
-0.198948
-0.385876
-0.816595
-1.546352
-0.146548
0.244443
0.210967
0.152214
0.244010
0.002626
-0.056788
0.008387
-0.568485
-0.043866
-1.579458
-0.006779
