ORIGINAL Mean: -0.035203
ORIGINAL Variance: 1.004002
Output:
-0.081138
0.137115
-0.135503
-0.164485
0.159464
0.220499
-0.232738
-0.012947
-0.272342
-0.099420
-0.004464
-0.308416
0.430055
-0.088011
0.207634
-0.208092
0.947713
-0.128894
0.282388
-0.147591
-0.248854
0.404844
0.534696
-0.218175
-0.081959
0.042350
-0.510322
0.176858
-0.242819
-0.239596
1.103356
-0.895502
-0.138023
-0.161200
-0.406053
-0.084811
0.328411
-0.173135
-0.005236
0.646947
-0.300194
-0.126400
-0.674529
0.206045
-0.066029
0.040712
-0.048152
0.254212
0.213631
0.296715
0.243614
-0.158881
-0.059393
-0.663987
-0.303385
0.825018
-0.132864
0.150044
-0.160080
-0.359559
-0.526080
-0.506628
-0.181887
-0.336027
-0.138610
0.009865
0.269430
0.047425
0.193014
-0.724642
-0.203244
0.394317
0.019208
0.207396
-0.600896
-1.225140
-0.209601
-0.109172
0.125719
-0.080085
-0.024894
-0.005118
-0.062881
-0.013536
0.398727
0.050128
-0.440898
-0.272842
0.169109
-0.169046
0.488980
0.308779
0.000313
-0.263936
-0.378960
0.486359
0.254591
-0.170742
-0.120787
-0.004502
-0.134105
0.101347
-0.222533
-0.064162
0.065393
-0.041274
0.458129
-0.187957
0.177232
0.434210
-0.367051
-0.204767
0.597214
0.067823
0.811982
0.417128
0.044361
0.214950
-0.221407
0.363527
-0.127207
-0.323539
0.593028
0.556485
0.186570
-0.161990
0.319938
0.101906
0.577189
0.572816
-0.039176
-0.050284
-0.014518
-0.142331
-0.046770
0.415854
-0.061730
0.364059
-0.678993
-0.683134
-0.249983
-0.009835
0.037350
0.290458
0.058283
-0.796301
-0.553064
-0.041509
0.746154
0.083725
0.144631
0.394278
-0.358433
0.644921
0.265736
-0.020358
0.827070
0.291228
0.045361
-0.001686
0.562704
-0.128312
0.463229
-0.105774
-0.007884
0.684849
0.377320
-0.299990
-0.051929
0.144404
-0.224564
0.005322
0.256203
0.308560
-0.033796
-0.035845
0.546213
0.227112
-0.133846
-0.175234
-0.219594
0.232073
-0.034825
-0.341719
-0.006891
0.180352
-0.130743
0.522982
0.000084
-0.201358
-0.309331
-0.332059
-0.413758
-0.036990
0.055044
0.166382
-0.106520
-0.059305
0.077185
0.156467
-0.241373
0.061772
0.126809
0.298115
-0.123692
0.138010
0.090912
0.040174
0.238263
-0.271639
-0.272994
0.377130
0.092463
0.204001
-0.100113
-0.041122
0.380808
0.323910
-0.551230
0.022223
-0.211655
0.108329
0.010590
0.038727
-0.671914
-0.031702
-0.039594
0.763148
-0.026515
0.130398
0.190913
0.242497
-0.091996
0.063230
-0.339646
0.477764
-0.051099
0.216739
0.042808
-0.286285
-0.117953
-0.107392
0.044935
0.045102
-0.137338
-0.182648
-0.436985
-0.309426
-0.249053
0.050021
-0.195126
0.336761
0.278885
-0.226717
0.307752
0.260626
-0.350416
0.290326
-0.030034
-0.585974
0.206294
-0.458434
0.112291
-0.033181
-0.241575
0.129583
0.010049
-0.046452
-0.239400
-0.168373
-0.107823
0.506026
-0.544608
-0.031692
-0.022791
1.343018
-0.072256
-0.697907
-0.047176
-0.058833
-0.368803
0.776782
-0.470756
0.265889
0.090996
-0.267354
-0.019146
-0.454368
0.296549
0.164886
0.256904
-0.585489
-0.115312
-0.234804
-0.766938
-0.582930
0.197270
-0.101107
0.057767
0.136319
0.064876
0.194119
-0.215805
-0.314756
0.221778
-0.031753
0.214234
-0.092451
0.103665
-0.401833
-0.117181
0.198566
0.558259
-0.376520
0.450404
0.029743
0.054004
0.675101
-0.436374
-0.233767
0.008892
-0.021977
0.228695
-0.125334
0.453959
1.078890
0.031131
-0.033717
0.333325
0.113968
-0.275089
1.998809
-0.145194
0.294236
0.154315
0.010847
0.105556
-0.889772
0.456107
-0.277200
0.197050
-0.043507
0.143085
-0.218440
-0.032588
-0.019690
-0.788066
0.031105
-0.382887
0.288837
0.172822
0.047044
-0.284020
0.774043
0.205400
-0.027597
0.158324
-0.115606
-0.094927
-0.146180
0.203510
-0.001681
-0.176834
0.090430
-0.572953
-0.098906
0.259706
-0.038302
-0.204621
-0.685439
-0.219237
-0.051005
-0.039426
-0.506937
-0.100453
0.354486
-0.291294
-0.412625
-0.307527
0.282004
-0.037283
0.238331
-0.414405
0.341062
