ORIGINAL Mean: -0.027823
ORIGINAL Variance: 0.915548
Output:
0.235519
0.340558
-0.138670
-0.149926
-0.176004
0.299280
-0.311549
0.205782
0.112172
-0.082935
-0.073820
-0.287767
0.549023
-0.048595
0.236092
0.129127
0.576126
0.191091
0.496889
-0.321846
-0.240088
0.740709
0.399809
-0.291118
-0.451229
-0.341964
-0.174140
0.053878
-0.101519
0.004530
0.551296
0.008581
-0.725759
0.300218
-0.000006
-0.035585
0.195987
0.095795
0.000103
0.113383
0.519382
0.044204
-0.190086
-0.075057
0.192530
0.104308
-0.316610
-0.117771
0.091937
-0.317009
0.461557
-0.347480
0.240649
-0.568305
-0.542329
0.653182
0.067006
0.469617
-0.175849
-0.058460
-0.252739
-0.317984
-0.182280
0.209647
-0.303028
0.101309
0.103404
-0.097529
0.189014
-0.062233
0.513843
-0.036563
-0.197974
0.031239
-0.611979
-0.505867
-0.045227
-0.136774
0.041097
-0.014083
-0.114803
0.007250
-0.147111
-0.369089
0.282209
-0.175726
-0.010187
-0.024764
0.162416
-0.155607
-0.025055
0.112901
-0.231948
-0.136376
0.354307
-0.339714
0.235439
0.019892
0.151794
0.092200
-0.506685
-0.244231
0.141635
0.188449
0.134966
-0.375248
0.235143
0.281407
0.066590
0.679962
-0.060604
-0.131537
0.317431
-0.552914
0.509191
0.007382
-0.249024
-0.094845
-0.117284
0.251309
-0.004319
-0.131204
0.518062
0.228930
0.044533
-0.057570
-0.140622
0.552733
0.123991
0.270559
0.067527
0.051215
-0.182686
0.240124
-0.338796
0.071181
-0.034189
-0.320038
-0.459053
-0.068170
-0.238373
-0.487278
0.187906
0.060373
-0.123158
-0.602991
-0.385369
-0.386294
0.123816
-0.198706
0.023142
-0.166493
-0.300915
0.111720
0.209431
-0.015651
-0.161448
0.040712
-0.331879
-0.071211
0.029792
0.713571
0.152951
0.303722
-0.012385
0.135724
0.078100
-0.171972
-0.175004
0.192320
0.083973
0.011691
-0.036695
0.448106
0.267509
0.045320
0.265300
-0.109005
-0.317331
-0.355286
0.149938
0.019980
-0.117958
-0.070044
-0.108207
-0.613304
-0.175963
-0.070728
0.000120
-0.129859
-0.675356
0.055855
-0.198182
0.069399
0.132714
-0.406517
0.145560
-0.174990
0.119791
0.011314
-0.398811
0.191167
0.091361
0.257083
0.083549
-0.033980
0.014580
-0.222459
-0.297161
-0.198788
-0.106026
0.303598
-0.151321
0.110303
0.021014
0.215051
-0.385741
-0.128687
-0.143233
-0.041278
-0.157385
0.424838
0.049959
0.378622
-0.696158
0.239216
-0.026802
0.771524
-0.171107
-0.210168
-0.245042
0.538940
-0.046590
-0.048081
0.182864
0.451567
-0.192061
0.020512
0.198271
0.100696
-0.129581
-0.077495
0.231798
1.067800
-0.240452
0.121538
0.223069
-0.009783
-0.014707
-0.126633
-0.555688
-0.078513
0.096890
-0.258813
0.399079
-0.087108
-0.326309
0.320766
0.105739
-0.275555
-0.223493
0.066561
0.014682
-0.077001
-0.050935
0.575168
0.028222
-0.269267
0.086000
-0.068725
-0.537798
-0.087290
-0.086783
0.077120
0.147399
0.598758
-0.123698
0.015847
-0.182221
0.028986
0.004470
0.116595
-0.242109
-0.042201
0.171753
-0.448328
0.024304
-0.002196
0.226374
0.072609
0.208017
-0.428963
0.272124
-0.221638
-0.117393
-0.146051
-0.061263
0.237113
-0.525490
-0.093932
0.425106
-0.022399
-0.111326
-0.431342
0.018716
-0.102653
0.063663
-0.044135
-0.047332
-0.084049
-0.024453
0.533506
0.811702
-0.197019
-0.253470
0.163895
0.289539
0.279991
-0.484357
-0.246978
-0.066634
-0.144536
-0.075803
-0.062199
-0.295899
1.244397
0.015623
-0.022203
0.316856
0.010721
0.085298
1.784787
-0.067374
-0.130410
0.386998
0.183885
0.103369
-0.568537
-0.020706
-0.325835
-0.020671
-0.210102
0.428683
-0.071107
0.117380
-0.105666
0.025652
0.062712
-0.668627
-0.026057
0.035493
-0.005466
-0.168723
0.603933
-0.164926
-0.158055
0.189144
-0.353695
0.026261
0.182567
-0.530880
0.547887
0.057590
0.060166
-0.468044
0.166389
0.196086
-0.270147
0.069937
-0.892796
0.053039
-0.115952
0.198655
-0.804605
-0.092845
-0.157015
0.209791
-0.064460
-0.302171
-0.124600
0.651335
0.552933
-0.744409
-0.161339
