ORIGINAL Mean: 0.052532
ORIGINAL Variance: 1.099145
Output:
0.303111
-0.303744
0.236138
0.130298
0.130448
0.112545
0.015649
0.324258
0.506616
0.004140
-0.439082
-0.208899
-0.101200
-0.180688
-0.094266
0.285200
-0.560192
-0.251222
0.127459
-0.145606
0.053115
0.299649
0.064489
0.007322
-0.244646
0.003015
-0.331817
0.057039
-0.118102
-0.327773
0.330542
0.348102
-0.066563
0.133887
-0.261499
0.311725
0.099328
0.188188
-0.039532
0.077866
-0.029605
-0.074401
0.094967
-0.355609
-0.564303
-0.178714
-0.278022
0.070379
0.305536
-0.397587
-0.150190
-0.494468
0.165422
-0.162190
-0.240846
0.374855
-0.019959
-0.269249
0.027486
-0.025862
-0.058494
0.057520
-0.121650
0.012670
-0.580347
0.200144
-0.201288
0.664128
-0.144973
-0.013643
0.512864
0.306202
-0.083499
0.076381
-0.179431
-0.310655
-0.098139
-0.375033
-0.360095
-0.005978
-0.319989
-0.238878
0.231099
-0.238504
-0.062079
-0.085013
0.283150
0.217731
-0.042957
0.204657
-0.249018
0.094333
-0.189777
-0.093288
-0.000774
-0.064255
-0.053190
0.192578
-0.029268
0.136631
0.016801
0.093422
0.103506
0.055954
0.055066
-0.179474
0.116697
0.182681
-0.101185
-0.182941
-0.147944
-0.076192
-0.028211
-0.040797
0.154910
0.090053
0.207943
-0.392706
0.303950
0.347903
0.063772
0.041110
0.039785
0.050970
-0.124427
0.367784
0.011160
0.451860
0.092003
0.060454
0.046393
0.212056
0.356585
0.553572
-0.429348
0.068954
0.167302
0.019789
-0.331628
0.073160
0.181307
-0.091482
0.024841
-0.221066
0.040230
-0.466803
0.217304
-0.023335
-0.364681
-0.324026
-0.222861
-0.235433
-0.123697
-0.217684
0.289836
-0.133089
-0.386114
0.367040
-0.541327
-0.222205
-0.196665
0.784410
-0.181805
0.207771
-0.086771
-0.076178
0.030127
0.173642
0.286849
0.172634
-0.059730
0.070542
-0.356617
0.117906
0.097318
0.074925
0.041068
-0.052020
-0.211940
-0.127217
0.026533
-0.039030
-0.045863
-0.191396
0.031376
-0.387017
-0.156223
-0.626390
-0.000106
0.080203
-0.255708
0.065173
0.205488
0.238484
0.235190
-0.302856
0.171803
-0.284031
-0.242966
-0.440090
-0.001958
0.012120
-0.272806
0.300866
0.235990
-0.159914
-0.341309
-0.482781
-0.063144
0.194160
0.201596
-0.334295
-0.458727
-0.146285
0.210235
-0.017457
0.192209
-0.329820
0.079883
0.326417
-0.343063
0.437030
-0.096327
0.399866
-0.120785
0.124115
0.050595
1.964431
-0.059836
-0.343201
-0.432275
0.335744
-0.082525
0.237566
0.113960
-0.118767
-0.049161
0.206761
0.465464
0.331863
0.082597
0.090315
0.541324
0.369595
-0.220962
0.305753
0.286270
0.144090
-0.042183
-0.319089
0.180253
0.094024
0.250814
-0.091890
0.366143
-0.062095
-0.148049
0.191242
0.366170
0.363370
-0.119180
0.311124
0.233954
0.237573
0.068232
-0.131126
-0.018819
0.046767
0.358551
0.309091
0.069616
0.061925
-0.176225
0.255638
0.073930
-0.477830
0.048563
0.115562
0.027121
0.300821
0.305040
0.036221
0.086666
0.227028
0.291478
-0.172403
0.183334
-0.166855
-0.184573
-0.178923
-0.073010
0.032776
-0.094979
-0.652404
-0.310006
0.156814
-0.369022
0.151835
-0.012438
-0.153553
0.219284
-0.208622
0.208263
-0.272250
0.116717
-0.284223
0.068288
-0.027740
-0.092887
-0.071665
0.102829
0.575182
0.335512
-0.200983
-0.381129
0.128801
0.245567
-0.043179
-0.475943
-0.157623
-0.199693
-0.139796
-0.365179
-0.275746
-0.242174
-0.240493
0.012663
-0.021852
0.192622
-0.066545
-0.102394
1.625353
0.261210
-0.622450
0.272868
-0.027542
0.028892
-0.253985
0.035508
0.296305
-0.230752
0.034767
0.432056
0.109800
0.052054
-0.039088
0.530333
-0.124470
-0.391252
-0.238386
-0.098833
-0.036839
0.072960
0.020085
-0.250616
0.040167
0.087337
-0.283666
0.081700
-0.220629
-0.215008
0.351421
0.163071
-0.111721
-0.221290
0.012385
-0.249698
0.024988
-0.061682
-4.193869
-0.157786
-0.179991
0.089078
-0.345113
0.111515
0.022787
-0.098446
-0.072085
-0.031524
-0.058088
0.422559
0.123819
-0.100116
-0.253352
