ORIGINAL Mean: 0.046548
ORIGINAL Variance: 1.086022
Output:
0.071010
-0.028439
0.293093
0.081430
0.429639
0.073585
0.111189
0.429855
0.092456
0.092768
-0.055980
-0.152271
0.061634
-0.031553
-0.163388
0.017746
-0.586439
-0.493888
0.097612
-0.202443
0.017583
0.094688
0.068797
-0.266473
-0.201495
0.013615
-0.330962
-0.054527
-0.097154
-0.312832
0.183639
-0.509590
0.034742
0.723728
-0.214251
0.018785
-0.012589
0.050952
-0.051716
0.259740
0.125099
-0.219186
0.159203
-0.149808
-0.019719
0.042153
-0.170330
-0.110560
0.270279
-0.262527
-0.414057
-0.208839
0.363047
-0.539355
0.214010
0.191344
0.239343
-0.267022
0.029452
0.168219
0.046227
0.139577
-0.136266
-0.130634
0.061166
-0.115657
0.310564
0.299663
-0.208582
0.205928
-0.007805
0.085636
-0.182898
0.069678
0.195349
-0.308477
-0.005016
-0.202203
-0.123888
0.044646
0.049476
0.062110
-0.094626
0.127003
0.042250
-0.319478
-0.003127
-0.054937
-0.568172
-0.005051
0.111413
-0.091260
-0.373521
-0.220730
-0.037144
-0.152942
-0.171968
-0.194346
-0.104533
0.092122
0.406030
0.489304
0.071063
-0.253706
0.117356
0.304309
0.195540
0.247417
-0.098274
-0.064093
-0.000183
-0.069740
-0.091875
-0.055091
0.051804
0.060465
0.196246
-0.551043
0.176854
0.001506
0.069395
-0.068422
0.347387
0.018611
0.018282
0.332585
-0.313129
0.257742
0.561923
-0.121874
0.023606
-0.001203
0.014277
0.463518
-0.443893
-0.104463
0.112733
0.519624
-0.019834
-0.316938
0.015579
0.164521
-0.489422
0.025033
-0.035808
0.106875
0.196106
0.125647
-0.324740
-0.359037
0.268846
0.329601
-0.168974
0.147458
-0.116770
-0.089506
-0.151723
0.222450
-0.153574
-0.193247
0.123985
0.090891
0.012524
0.035962
-0.173355
-0.070344
0.120992
-0.094822
0.194679
0.097931
0.138801
0.097787
-0.246891
-0.108210
0.006468
-0.022333
-0.171065
0.541479
-0.068571
0.100837
0.003081
-0.187421
0.297068
-0.299525
-0.232750
-0.316295
-0.158691
-0.199012
-0.000127
0.055068
0.260962
0.129411
0.146155
0.161789
0.242515
0.170327
-0.137690
0.087297
-0.160813
-0.621282
-0.045973
0.094895
-0.166604
-0.010564
-0.269611
-0.064162
0.328225
-0.490554
-0.384029
0.395865
0.193367
-0.040132
-0.331705
0.095189
0.063510
-0.023165
0.347480
-0.421720
0.085755
0.312336
-0.099100
0.065127
-0.111360
-0.004638
0.223087
-0.264563
-0.030069
2.269878
0.110437
-0.480247
-0.129308
0.405554
-0.015062
0.173271
0.129464
0.097133
-0.106485
0.320699
0.217734
0.302050
0.172941
-0.590216
0.352345
-1.003694
-0.146842
0.130614
0.208807
-0.209183
-0.026949
0.149599
0.351823
0.258700
0.042827
0.021093
0.146986
0.029347
-0.382228
-0.082197
-0.159499
0.528263
0.608262
-0.262826
0.070595
0.011985
0.304792
-0.174143
-0.175233
-0.191388
0.314250
0.007118
0.455915
0.138226
-0.048402
0.276104
-0.010551
-0.267342
-0.134614
0.134371
0.010560
0.243104
0.143146
-0.097860
0.109135
0.425684
0.351051
-0.210844
0.297990
-0.134129
0.172576
-0.082056
0.039319
-0.210442
0.124360
-0.364742
-0.056324
-0.148637
-0.312593
-0.009099
-0.175144
-0.219465
-0.046562
-0.285213
0.291829
0.004726
0.083397
-0.249027
-0.161955
-0.118573
-0.070386
0.050057
0.163020
0.005785
-0.174877
-0.170590
-0.153404
0.061609
0.064112
-0.276229
-0.348210
-0.228145
0.159233
-0.379564
-0.107714
-0.074838
-0.145265
0.029116
0.143450
-0.292723
0.586698
0.108668
-0.127147
1.755772
0.114835
-0.427721
-0.060988
0.087736
0.034960
-1.110842
0.380797
0.370266
0.083233
-0.254820
0.561556
0.083428
-0.000384
-0.073623
-0.417448
-0.362943
-0.277257
0.025242
0.037921
-0.116128
0.229324
0.381271
-0.120140
0.183310
0.263414
-0.139434
-0.009528
-0.241363
0.198264
-0.188151
-0.385334
0.033116
0.303578
0.136957
-0.256651
0.204205
0.072438
-4.178028
-0.314057
0.078728
0.043656
0.176996
0.179789
-0.041961
0.239009
0.099797
0.031338
-0.124281
0.283483
-0.514843
0.087394
0.224680
