ORIGINAL Mean: -0.011968
ORIGINAL Variance: 1.144458
Output:
0.487238
-0.129084
-0.126339
0.184141
0.104617
-0.252703
-0.162012
0.116593
-0.011113
0.014139
0.002769
0.261471
-0.008021
-0.122543
-0.210957
-0.168011
0.343024
0.610389
-0.012116
0.641618
-0.148105
-0.134842
0.346758
0.078718
0.128233
-0.061544
-0.183615
0.158420
0.027901
0.042811
-0.438543
-0.366224
0.504186
-0.187642
-0.035035
-0.047661
-0.799813
-0.039432
-0.008919
0.065617
-0.418628
0.441761
-0.150192
0.080164
-0.725860
0.157967
0.233613
0.318511
0.214857
-0.023388
0.054587
0.208681
0.033823
0.375574
0.055761
-0.793254
0.839933
0.428120
0.151684
0.395362
0.137361
-0.418299
0.480433
0.466856
-0.182370
-0.123793
-0.176847
-0.218844
-0.045235
-0.299625
-0.591599
0.203049
0.140351
0.221571
-0.648857
-0.381805
-0.233191
0.022506
0.116282
0.250732
0.131226
-0.058082
0.460078
0.547846
-0.160840
-0.321703
-0.168274
0.001968
0.115064
-0.503013
0.304723
-0.276337
-0.138686
0.120023
-0.185544
0.105694
0.603646
-0.138113
-0.319907
0.166413
-0.026071
-0.501232
-0.653116
-0.505303
0.170774
-0.001641
0.117811
-0.298094
-0.243811
-0.398354
-0.196043
-0.191434
0.748536
-0.018109
-0.868288
0.176102
0.729102
0.373132
-0.020373
-0.326481
-0.067751
0.041417
0.030926
-0.046650
0.243612
-0.275631
0.155621
0.214225
-0.827023
-0.027731
0.021929
0.027969
-0.159865
-0.611518
0.012296
0.018345
-0.172658
0.289999
0.084665
0.127157
-0.452550
-0.331798
0.657823
-0.128375
-0.060202
0.498764
0.278511
0.006928
-0.164857
0.331230
-0.518157
0.381734
-0.039961
-0.303402
-0.165058
-0.070470
-0.389237
0.316379
0.210738
-0.015675
0.152660
0.253135
-0.271297
-0.339761
-0.068816
-0.690695
-0.230064
-0.058423
0.011722
-0.020719
-0.177483
0.177985
0.243970
-0.139486
-0.111875
0.088512
0.292331
-0.060470
-0.003003
0.174898
-0.398624
-0.899689
-0.367112
-0.079869
-0.029588
-0.565393
-0.108673
0.717160
-0.000015
-0.278392
0.086789
-0.612352
-0.303687
0.013405
0.135804
0.306255
0.057449
-0.176827
0.447724
0.275156
-0.246373
-0.268131
0.110820
-0.034365
0.116122
0.242121
0.722999
0.487265
0.230284
-0.077288
-0.166538
0.321906
0.359688
-0.148509
-0.013772
0.146063
-0.277022
0.414033
-0.653811
-0.027942
-1.130110
0.664617
-0.241445
-0.044241
0.555980
-0.719649
-0.007168
1.442043
0.040778
0.001124
0.029741
0.001404
0.029724
-0.938689
0.021147
-0.460420
0.360582
0.062193
-0.165632
-0.211375
-0.138669
-0.681939
0.053864
-0.838349
0.083457
-0.282457
0.164317
0.442858
0.057413
-0.237570
0.801660
-0.449771
0.223618
0.255386
0.276434
0.037089
-0.401376
-0.090291
0.310517
0.235670
0.436992
-0.213228
0.006116
0.051152
-0.118776
0.029815
0.280533
0.109172
-0.450711
0.162584
-0.314209
-0.474552
0.008706
0.128753
0.321174
-0.334251
0.705820
0.427684
0.029944
-1.083728
-0.201751
-0.099063
0.054098
0.546020
-0.354824
0.763184
-0.200106
-0.020836
-0.501334
0.292316
0.195931
0.381317
0.174214
-0.678381
0.081078
0.119591
0.011609
-0.202517
-0.163233
0.194818
-0.644987
0.347935
-0.053936
0.284614
0.148387
-0.028267
-0.628246
0.151785
-0.463979
-0.527632
-0.285017
0.270486
-0.172055
0.033687
-0.013807
-0.135683
-0.249847
0.538739
-0.043899
0.515517
0.006841
0.832580
0.618744
0.169054
0.291793
0.721935
0.142224
0.136930
-0.275568
0.010123
-0.004910
2.048852
-0.376457
0.417060
0.242258
-0.112164
-0.497568
-0.698713
0.556537
-0.208424
0.533182
0.001793
-0.256515
-0.485000
-0.021934
0.107139
-0.758683
-0.558278
0.447127
0.603572
-0.006463
-0.030278
-0.029181
0.672829
0.360261
0.070546
-0.050263
-0.244670
0.225273
0.352983
0.220696
0.257970
-0.272046
0.319832
-0.027814
-0.323436
0.079584
0.324235
-0.339931
-1.458057
-0.802172
-0.787253
-0.044806
0.751586
0.008739
-0.461818
-0.159981
0.102017
0.077138
0.249900
-0.254018
-0.179664
-0.334834
0.111788
