ORIGINAL Mean: 0.041403
ORIGINAL Variance: 1.189743
Output:
-0.088802
-0.357565
0.257188
0.222520
0.109507
0.207350
-0.348757
0.240657
0.253014
-0.210482
-0.669248
-0.103595
-0.157428
-0.173455
0.123250
0.262463
-0.218272
-0.037926
0.137246
-0.481926
0.075539
0.510050
0.034491
0.087547
-0.334469
0.111017
-0.535232
0.108464
-0.098394
-0.158936
-0.365847
0.395854
-0.607974
-0.063424
-0.768514
0.187891
-0.502052
-0.538379
-0.009836
-0.161489
0.127682
-0.172763
0.211650
-0.472016
-0.885414
-0.235509
-0.317450
0.049339
0.100070
-0.269072
-0.007870
0.046397
0.068545
-0.182735
-0.031351
0.388403
0.233933
-0.179836
0.044816
0.022892
-0.046287
-0.176653
-0.057710
0.720105
-0.688991
0.390661
-0.580987
-0.075461
0.278402
-0.416054
0.402733
0.335083
-0.065679
0.042894
-0.258603
0.145235
-0.223995
-0.513527
-0.363513
0.291211
-0.447715
-0.069855
0.362362
-0.626544
0.082320
-0.097813
0.134004
-0.224220
-0.222826
0.322458
-0.105836
0.060754
-0.532221
-0.137311
0.403399
0.018602
0.165224
-0.211631
-0.002646
0.087073
-0.464557
0.292760
0.285736
-0.009669
-0.064800
-0.044575
0.262812
0.154043
0.202422
0.126921
0.189264
-0.145586
0.095398
-0.074507
0.022960
0.205661
0.176245
0.005022
0.306188
0.432631
-0.025905
0.085713
0.110011
-0.176945
-0.148170
0.286267
-0.017451
0.463816
0.102012
-0.067989
0.085278
0.486188
0.138551
0.501970
-0.367380
0.103415
0.192596
-0.187809
-0.616637
0.176740
0.117159
0.124897
-0.104670
-0.776834
-0.015850
-0.322507
0.028431
0.016022
-0.477858
0.124265
-0.139148
-0.641474
-0.300290
0.089484
0.502379
-0.099922
-0.337353
0.229743
-0.640562
-0.190283
-0.123902
0.545527
-0.263996
0.193759
0.062031
-0.061635
-0.026746
0.132092
0.119324
0.429198
-0.191780
0.063493
-0.325869
0.004952
0.184576
0.025261
-0.057721
0.050176
-0.352807
-0.605751
-0.185088
0.077559
0.007671
-0.137469
0.059824
-0.579673
-0.174023
-0.643877
-0.000046
0.099948
-0.525453
0.229698
-0.098046
0.209436
0.216465
-0.309865
0.170382
-0.201824
0.007232
-0.396816
0.028600
0.349712
-0.277686
0.301089
-0.079259
-0.038204
0.012658
-0.202897
0.008425
0.738908
0.152620
-0.117163
-0.465532
0.077135
0.266820
0.057627
0.372912
-0.337257
0.152334
0.208348
-0.458003
0.219910
0.003602
-0.127821
0.136958
-0.138079
0.100415
1.703974
-0.210405
-0.122174
-0.426263
0.144129
-0.188391
0.297768
0.142654
-0.087772
0.033277
0.227938
-0.109118
0.296819
0.106636
0.085349
0.392629
0.886597
-0.112572
0.194912
0.161883
0.209251
-0.041467
-0.268950
0.134582
0.005160
0.190583
-0.106302
0.114834
0.084017
0.068402
0.266176
0.161385
0.180882
-0.416793
0.292085
0.110961
0.032341
-0.124121
0.724659
0.107237
0.396683
0.236295
0.423607
0.043037
-0.196609
0.356352
0.364322
0.354691
-0.056326
0.511935
0.348656
0.005905
-0.054807
0.380625
0.232627
-0.155517
0.140967
0.041480
-0.271485
0.275656
0.454429
0.049545
-0.234844
-0.233253
0.227680
-0.174054
-0.493254
-0.559922
0.147144
-0.375688
0.204095
-0.337373
-0.181013
0.149531
-0.140303
0.126355
-0.169584
0.196866
-0.060610
0.166700
0.048130
-0.173620
-0.201208
0.055015
0.545622
1.443160
-0.116007
-0.393858
0.170158
0.236486
-0.031478
-0.419400
-0.700633
-0.479812
-0.346530
-0.630551
-0.241845
-0.291228
0.108690
0.010806
0.111072
-0.153617
-0.069526
0.061621
1.534852
0.548395
-0.589769
0.585569
-0.000929
-0.230929
0.095802
0.130244
0.357445
0.128658
-0.031781
0.360371
0.038133
0.134185
0.164507
0.381554
0.475336
0.216821
-0.062489
-0.105441
0.027649
0.127122
0.032512
-0.349226
-0.076777
0.055181
-0.232436
-0.120364
0.275179
-0.011404
0.279145
0.036020
-0.053349
-0.345570
-0.040455
-0.225131
-0.197901
-0.037469
-3.695300
-0.301112
-0.139113
0.148520
-0.332502
0.134875
0.124465
0.228098
0.455988
-0.141028
-0.245636
0.372263
0.060079
-0.413181
-0.147369
