ORIGINAL Mean: 0.042113
ORIGINAL Variance: 1.117269
Output:
-0.066258
-0.156945
0.242395
0.049794
0.034631
0.082944
0.109521
0.001502
-0.334188
0.186431
0.110351
0.175591
-0.499166
-0.126287
-0.351416
0.015688
0.228031
-0.253532
0.028700
0.045998
0.058926
-0.589671
-0.175481
0.197686
0.269825
0.409546
0.082437
0.019963
0.132050
0.126932
-0.204992
0.075244
0.298292
-0.523891
0.117248
-0.019474
-0.031819
-0.392740
0.045600
0.036079
-0.147972
0.021763
0.195118
-0.083158
-0.315981
-0.316970
-0.062852
0.039569
0.044565
0.090811
-0.360958
-0.094923
0.229751
0.043938
0.102509
-0.186799
0.046246
-0.252026
0.144448
0.293765
0.235542
0.016656
0.052923
-0.167787
0.062408
-0.077328
0.072717
-0.048321
-0.287846
-0.069210
-0.302538
0.114069
0.149811
0.274049
-0.370755
0.552844
-0.042210
0.104043
-0.087551
0.020173
0.000559
0.250616
0.117721
-0.042253
0.016466
-0.266729
0.020321
0.219607
0.004189
-0.159475
-0.019518
-0.099732
-0.139523
0.300376
-0.144477
-0.164850
0.073833
-0.241042
-0.222281
-0.271820
0.378308
0.466986
-0.259141
0.148796
-0.431996
0.065258
-0.132183
-0.241675
-0.195767
-0.611855
-0.212674
-0.071521
-0.106750
0.324150
-0.332650
-0.055443
0.116405
-0.040897
0.035853
0.035394
-0.129420
-0.153388
0.250011
0.210953
0.166356
0.166664
0.128602
0.021220
0.191493
0.012947
0.039254
0.010293
0.030359
-0.204081
-0.287602
0.441532
0.165859
0.027972
0.180458
-0.170123
-0.190949
0.307154
-0.531839
0.174485
0.202030
0.306779
0.194656
0.315589
0.087297
0.142942
-0.121701
0.002747
-0.064127
-0.316238
0.239423
-0.024086
0.106268
0.238460
0.011020
-0.208786
0.102029
-0.526650
0.179100
-0.347481
-0.162585
0.194537
-0.099678
0.069634
0.115025
0.051368
0.231949
0.097900
-0.101139
0.081896
-0.077453
-0.079312
-0.168851
0.373731
0.306327
-0.027082
-0.279865
-0.072998
0.218870
0.071042
0.048012
0.342266
-0.097912
-0.320052
-0.000137
-0.268204
0.211133
0.112966
0.225939
0.157991
0.115586
0.320802
-0.016414
-0.132031
0.124276
-0.133310
-0.135312
0.075971
-0.073312
-0.132000
-0.084208
-0.087124
0.073492
0.157036
-0.475644
0.158229
-0.023658
-0.134903
-0.101866
0.033744
-0.288411
-0.130390
-0.293321
0.111381
-0.309683
0.195304
-0.537329
-1.018883
-0.151402
0.157909
0.242572
-0.083005
0.353186
2.716074
0.029565
0.114681
0.091761
0.001020
0.039720
0.183277
-0.212627
-0.201795
-0.038643
0.131900
0.006211
-0.117900
0.192714
-0.147197
0.235952
-0.545193
0.158810
0.150014
-0.039404
-0.247794
-0.235282
0.448118
0.580630
0.205332
-0.010252
0.128111
-0.265893
-0.010667
-0.147915
-0.200780
-0.097458
0.009454
0.079520
0.198856
0.309214
-0.025916
-0.245095
-0.158561
-0.226035
-0.027239
-0.051557
0.057411
0.264647
0.071870
0.023240
-0.280867
-0.038018
0.149861
0.075984
0.086698
0.098532
0.136035
-0.242236
0.178065
0.034631
0.049758
0.002531
0.040687
-0.097506
-0.101163
0.137178
-0.086014
-0.094009
0.203231
-0.341303
-0.165389
0.294633
0.369247
-0.231475
-0.123170
0.115398
-0.187946
-0.111651
-0.017694
-0.027698
0.202498
0.060635
0.066638
-0.172686
-0.021377
-0.111560
0.034044
0.183734
0.035571
-0.069783
-0.297399
0.270071
-0.064976
-0.048635
-0.245979
0.237158
-0.048294
0.626024
0.053333
0.024185
-0.101779
0.143078
0.353397
0.139407
0.008168
-0.206052
0.037482
0.138542
2.046052
0.116481
-0.102332
-0.220856
-0.199269
-0.014253
-0.524842
-0.144684
0.197463
-0.118528
0.163229
-0.021627
-0.090551
-0.236912
0.000104
-0.065453
-0.430264
0.281414
0.172919
-0.038371
-0.231949
-0.055830
0.463760
0.104420
0.066099
0.129324
-0.143317
-0.122390
0.210340
-0.203900
-0.455854
0.014094
0.264666
0.281531
-0.140113
-0.085576
0.238630
-0.008298
-4.337565
0.145631
0.081576
-0.349178
0.529920
0.075360
0.232852
0.378394
0.069978
0.195271
-0.025053
-0.410808
-0.115468
0.226704
-0.017671
