ORIGINAL Mean: -0.000113
ORIGINAL Variance: 1.082875
Output:
0.444466
0.289392
-0.183183
0.115948
-0.216210
-0.221594
-0.233429
0.272341
0.272668
0.039078
0.071483
-0.199711
-0.067626
0.107103
0.061899
0.215222
0.346224
0.790216
0.234627
0.158030
-0.180828
-0.316031
0.670328
-0.192111
-0.368835
-0.349088
0.791698
-0.089966
-0.163654
-0.388549
0.353017
-0.634715
-0.743344
0.885595
0.296152
-0.153153
-0.208278
0.426296
-0.049037
-0.099401
-0.054059
0.181799
-0.293059
0.008248
-1.175209
0.250238
-0.018437
-0.230535
0.153374
-0.026192
0.524764
0.273001
0.214817
-0.767264
-0.232907
0.160428
0.202842
0.219645
-0.052370
-0.119333
-0.094639
-0.378408
0.246898
-0.023673
-0.086756
-0.150576
0.155989
0.081913
0.051342
-0.402928
0.349111
-0.418789
-0.156467
0.101093
-0.049185
-0.368338
0.106978
0.101131
0.163571
-0.603501
0.047614
-0.050901
1.268879
0.199804
0.071700
0.152899
0.025793
0.297513
-0.148351
0.090652
0.417350
-0.543507
0.306772
-0.266696
-0.373329
0.153667
-0.212724
0.245263
-0.349817
0.240164
0.296521
-0.262064
-0.015747
-0.301659
0.327256
0.167348
0.039978
-0.402083
0.224829
0.509721
-0.036856
0.147173
0.597718
-0.118366
-0.526973
0.566150
0.208926
-0.167511
0.175330
-0.431948
0.083704
-0.239118
-0.118195
-0.001735
-0.099070
0.011618
-0.255012
0.169036
0.295258
0.012039
0.017163
0.128978
-0.472196
-0.056486
-0.263057
-0.284312
-0.007624
0.315169
0.500414
0.278158
-0.027280
-0.760388
-0.079658
0.052509
-0.024811
0.184649
-0.371338
0.123012
0.049532
-0.417730
-0.084043
-0.566630
0.373558
0.535749
0.233695
-0.164304
-0.434357
0.145309
0.072684
-0.147158
0.644649
0.078774
0.137939
0.092930
0.341752
-0.898357
-0.181625
-0.467613
-0.102164
-0.031881
0.174730
-0.155773
0.154693
-0.141700
0.291162
0.023335
-0.059531
0.376112
-0.182294
0.478165
0.141074
-0.630780
0.210183
-0.107217
-0.271141
-0.236690
-0.104796
0.409488
0.000026
-0.024161
-0.196513
-0.521350
-0.257039
0.113870
0.081559
0.099652
0.000575
-0.047260
0.568076
0.190243
-0.086662
-0.242091
-0.015767
0.217519
0.286340
0.010498
-0.001454
0.096208
-0.284451
-0.570825
-0.092786
0.281264
-0.079555
-0.101377
0.312072
0.479424
0.433777
-0.007469
-0.230052
0.067212
0.268921
0.651049
-0.342043
1.109753
-0.160401
0.078241
-0.155980
0.948747
0.184873
0.074328
-0.099621
0.085514
0.091807
0.190603
-0.123314
-0.319453
-0.050356
0.335733
-0.195608
0.160534
0.055288
-0.057196
0.487092
-0.620241
0.048132
-0.064249
-0.280504
0.694682
0.179728
-0.134562
0.200369
-1.075674
-0.231499
-0.109006
-0.202251
-0.230778
-0.572129
-0.099855
-0.070539
0.077371
0.486887
-0.355093
-0.098363
0.202324
0.438192
0.232800
-0.085821
-0.624749
0.332364
-0.160556
-0.454302
0.101838
-0.654592
-0.074394
0.436839
-0.672527
-0.225026
0.328398
-0.228112
0.085989
-0.094169
-0.207764
0.107174
-0.027968
-0.429244
0.174312
0.214340
-0.087561
-0.280861
0.073759
0.254094
0.403216
0.255807
0.031410
0.040948
0.015328
0.088512
0.056926
-0.099476
-0.001235
0.034488
-0.337939
-0.139296
-0.363998
-0.111466
-0.041658
0.141262
0.136420
-0.025462
0.066347
-0.040908
-0.218557
-2.941714
0.023381
-0.797921
-0.004093
0.325520
-0.136392
-0.309998
-0.021235
-0.021644
-0.201220
0.648866
0.056394
-0.415836
-0.684872
0.025186
0.011821
0.289100
0.099359
-0.044511
1.754109
-0.277561
0.300113
0.329274
0.067811
-0.013401
-1.283290
0.053340
-0.146478
-0.079209
-0.264488
0.280206
-0.227732
0.093665
-0.292800
-0.137258
-0.473735
-0.558335
-0.126498
-0.073248
-0.233062
0.250929
0.035086
0.119991
-0.031022
0.202523
-0.215593
0.386447
-0.425082
-0.605206
0.000606
0.202539
0.043351
0.381215
0.260097
0.072744
0.134041
-0.055083
0.075030
-0.110526
-0.158120
0.071714
0.109689
0.025671
-0.185679
-0.171869
-0.400412
-0.141202
0.079900
0.398956
-0.239738
-0.011589
-0.213481
