ORIGINAL Mean: 0.049309
ORIGINAL Variance: 1.023533
Output:
0.170976
-0.173273
0.235730
-0.153798
0.113043
0.130797
0.090858
-0.129752
0.107908
0.056555
-0.145698
0.136281
-0.302688
-0.204309
-0.128526
0.139805
-0.624553
-0.332333
-0.007203
0.016284
0.101659
0.080566
-0.095973
-0.109568
0.049639
0.006577
-0.135880
-0.068302
-0.375262
-0.106625
0.051196
-0.010395
-0.014898
0.248398
-0.290543
-0.004926
-0.015505
-0.098894
-0.115702
-0.129168
-0.120354
-0.271102
0.186041
-0.048265
-0.612122
0.067644
0.034795
-0.153361
-0.112016
-0.136973
-0.311220
-0.322208
-0.115927
0.913785
0.173573
0.321085
-0.046483
-0.308223
0.104621
0.220470
0.206265
0.362941
0.150056
0.009210
-0.340692
0.165083
0.030770
0.539078
-0.175553
0.011154
0.306031
0.170736
0.021676
0.096536
0.779297
-0.035295
0.062561
-0.184896
-0.303861
-0.203156
0.201043
-0.062405
0.215949
0.154974
-0.110798
0.027361
-0.016496
-0.146102
-0.009300
0.311143
-0.046041
0.166943
-0.065430
0.295714
-0.113880
-0.294236
-0.152735
0.017562
-0.212583
0.066817
0.312199
0.214242
0.020834
0.217551
-0.260163
0.001186
-0.115535
0.199996
-0.229363
0.070938
-0.136513
-0.194566
-0.194572
0.024901
0.085361
0.026400
0.023338
-0.226753
0.266768
0.095640
0.130925
0.060729
-0.160750
-0.510017
0.017239
0.063344
0.032788
-0.006474
0.226115
0.075052
0.031441
-0.020343
0.052824
0.389904
-0.190714
0.037512
0.278535
0.383296
-0.316506
-0.217740
0.387836
0.227824
-0.493347
-0.283624
0.056979
0.064022
0.347213
0.185472
-0.456106
-0.157329
0.110990
-0.013777
-0.073636
0.422318
-0.162194
-0.230212
0.011887
0.412123
-0.137600
-0.156279
-0.068850
-0.011624
-0.126889
0.063988
0.082037
-0.165970
0.189998
0.165533
0.402434
-0.038066
0.047085
0.211444
-0.288297
-0.046294
-0.030440
0.087191
-0.141854
0.140411
-0.028411
-0.098859
-0.173369
0.071931
0.012126
-0.041611
0.142583
-0.343080
-0.139186
-0.171950
-0.000126
0.024910
0.082789
0.064763
-0.033264
0.183410
0.273839
0.071085
-0.004149
-0.086342
-0.298546
-0.381035
0.146398
0.098921
-0.115586
-0.058352
-0.150115
0.030713
0.022844
-0.448181
-0.219534
0.291388
0.154041
-0.292283
-0.462996
-0.150362
0.208008
-0.235948
0.235846
-0.170672
0.404620
0.039000
-0.025343
0.253709
-0.008398
-0.080161
0.038381
0.058512
0.173347
2.209057
-0.038395
-0.208088
-0.341179
0.141228
-0.116976
0.120859
0.100997
-0.164377
-0.397253
0.360512
0.179593
0.368800
0.058997
0.268644
0.043546
-0.363061
-0.274068
-0.060548
0.256997
-0.111907
0.026853
0.095301
0.387698
-0.061943
0.324216
-0.109476
-0.266747
0.071514
-0.221150
-0.029963
-0.128441
0.276111
0.124936
-0.002936
0.231960
0.140936
0.073974
-0.176062
-0.021115
0.097705
0.066376
0.236542
0.501607
-0.018975
0.366517
0.165921
0.086481
-0.353020
0.012542
0.032517
0.038368
0.161429
0.337612
0.137579
0.174810
0.174678
0.465805
0.307782
0.106959
0.001871
0.036924
-0.204801
-0.191960
0.290934
-0.075392
-0.496930
-0.227394
0.391376
-0.306288
0.131391
0.094062
-0.085976
0.005907
-0.326088
-0.085835
-0.200429
0.189514
-0.230429
0.240720
-0.030376
-0.503959
0.072337
0.011727
-0.001534
0.639090
0.052966
-0.069607
0.265729
-0.203863
-0.241277
0.305606
0.077660
0.275371
-0.322199
-0.194112
-0.135018
-0.161227
-0.309577
0.137476
-0.069472
0.003906
-0.078694
-0.090938
1.771810
0.201888
-0.447742
0.024505
-0.190721
-0.021485
-0.938884
-0.115400
0.369173
-0.072984
-0.197303
0.048616
0.081202
0.043979
0.258618
0.333525
0.184720
-0.099349
-0.183570
-0.278011
0.081388
0.081066
0.074836
-0.265181
0.380914
0.027694
-0.231103
0.066688
-0.108114
0.051433
-0.129434
0.080947
0.021077
-0.053594
0.027063
-0.244577
-0.208575
0.114503
-4.347834
-0.040914
0.026256
0.278357
-0.009649
0.103496
-0.078149
0.100083
0.305627
-0.032936
-0.253813
0.210397
0.115414
0.108881
-0.137908
