ORIGINAL Mean: -0.012477
ORIGINAL Variance: 0.971191
Output:
0.048284
0.746631
-0.057021
-0.074677
0.049818
-0.073169
0.100741
0.044843
0.072927
-0.343467
-0.402203
-0.198287
-0.060164
0.183646
0.069406
-0.024657
0.431031
0.069314
0.280130
0.943430
-0.236910
-0.152536
0.339761
-0.467180
-0.159483
-0.239122
0.258344
-0.011284
-0.263628
-0.196951
0.684863
-0.087329
-0.211427
0.934241
0.800475
-0.324779
-0.557181
0.837859
-0.072945
0.063105
-0.188955
0.107328
-0.409052
0.182111
-0.495155
0.177552
0.091424
-0.099014
0.131565
0.066050
0.335700
0.009247
0.169770
-0.804669
0.078338
-0.243981
0.108173
0.326475
-0.052492
-0.217092
-0.081963
-0.699695
0.226779
-0.431025
0.484417
-0.171046
0.209561
0.105046
-0.766209
0.130986
-0.455754
-0.327308
-0.039722
0.106858
-0.039274
-0.847290
0.098491
0.047118
0.294119
0.237078
0.216070
0.256854
0.398435
0.693417
0.229131
0.026445
-0.390094
0.188642
0.604182
-0.058152
0.101830
0.003030
0.312125
-0.202383
0.777713
-0.163578
0.079417
0.278375
-0.141294
0.139807
0.004497
0.047408
-0.083382
-0.224696
0.016899
-0.127764
0.179285
0.216992
0.169851
0.220440
0.012085
-0.055809
0.561051
-0.269147
0.354358
-0.039667
-0.023726
0.405067
-0.046098
-0.322786
-0.120609
-0.241889
0.294925
0.343814
0.083070
0.131759
-0.134543
0.413157
-0.438092
0.022242
0.044510
-0.465658
0.309043
-0.485133
-0.187999
-0.075938
-0.000684
0.011033
0.418827
-0.089742
0.065750
0.145898
-0.042836
0.019328
-0.083133
-0.199684
-0.423781
-0.001515
-0.263382
-0.644842
0.257391
0.190323
0.168628
0.348324
-0.261989
0.020106
0.417045
0.160697
-0.179153
0.007721
-0.206590
-0.407455
0.267103
-0.069371
0.212450
-0.224895
-0.001783
-0.410144
-0.022024
0.063785
-0.056184
-0.240719
0.291833
0.327627
0.342100
-0.033846
0.151453
0.464848
-0.186363
0.423041
0.038646
-0.383068
-0.107276
-0.287396
-0.258592
-0.483555
-0.150107
0.769344
0.000096
-0.119112
0.364936
0.046553
-0.267314
0.071065
0.122793
0.277319
-0.163086
0.191188
-0.119978
0.118877
-0.275634
-1.043032
0.456496
0.009610
0.771845
0.025184
0.527584
0.338860
-0.048534
-0.780287
-0.070548
-0.254209
0.106206
-0.094702
0.048003
0.179570
0.201178
0.013558
-0.104050
-0.023487
0.220170
0.518273
-0.217949
0.380643
-0.035913
0.246682
-0.084291
0.713411
0.350736
-0.129517
0.194110
0.051599
0.129954
-0.144158
0.029287
-0.037425
-0.050981
-0.025568
0.134018
0.111732
-0.024817
-0.416856
-0.145800
-1.114352
0.159186
-0.056210
0.314325
0.296210
-0.027072
-0.141303
-0.151627
-0.561619
-0.041937
-0.216063
0.173073
0.008028
-0.480962
0.044064
-0.871185
0.210231
-0.752813
-0.151794
-0.064569
-0.106106
0.319686
-0.439626
0.074410
0.688900
0.275322
-0.251261
-0.732674
-0.174999
-0.137142
-0.107600
-0.245483
0.507551
0.108904
-0.252493
-0.174479
-0.965523
-0.507211
0.114825
-0.151943
0.285722
0.069226
-0.052063
0.051111
0.534265
0.083126
0.158813
0.257640
-0.056864
-0.196601
-0.475495
0.077899
-0.057719
0.063014
-0.064865
-0.594733
0.028602
0.151901
-0.022479
-0.000554
-0.188515
-0.055241
-0.002923
-0.010589
-0.015280
0.090073
-0.171649
-0.177627
0.127281
-0.830057
-0.066452
-0.340937
0.025923
-0.010443
-0.135159
-0.262033
-0.284541
-0.073617
-0.030646
-0.032941
0.000955
-0.501240
-0.052894
0.102779
-0.089594
0.625555
0.033594
-0.112062
1.888733
-0.394172
0.439121
0.449236
0.120026
-0.340332
-1.324548
-0.692997
-0.186221
0.370346
-0.403587
0.319835
-0.334300
0.157971
0.005087
-0.288465
-0.204109
-0.713660
-0.255620
0.156595
-0.318235
0.226807
0.399655
0.150295
-0.084748
0.007379
-0.025590
0.327962
-0.103615
-0.757608
-0.070898
0.022974
0.131164
-0.269275
0.262156
0.145570
0.042196
-0.093313
0.281139
-0.373843
0.168035
0.137740
-0.080895
-0.133985
-0.219837
-0.490876
0.281794
-0.137078
0.836170
0.189604
-0.399068
-0.588328
0.225699
