ORIGINAL Mean: 0.043686
ORIGINAL Variance: 1.040707
Output:
0.269567
-0.054868
0.220617
0.101589
0.117170
-0.023469
0.051419
0.322494
0.015722
-0.043900
-0.027522
0.233871
-0.083741
-0.240853
-0.341170
0.016434
-0.306694
-0.178883
0.059886
-0.279304
0.008101
-0.212638
-0.182570
0.183741
0.197215
0.376420
-0.130020
0.256026
-0.042602
-0.145731
-0.056759
0.008682
0.383002
-0.368982
0.064491
0.068834
-0.058498
-0.263514
0.003680
0.065863
-0.180079
-0.201543
0.009969
0.082162
-0.079151
-0.247448
-0.115324
0.182847
0.485277
0.040264
-0.466866
-0.298446
0.160671
0.022431
0.164789
-0.044416
-0.011431
-0.117113
0.043868
0.354188
-0.107055
0.339570
0.049818
0.143775
-0.007264
0.041822
-0.019015
0.214375
-0.100144
-0.006542
0.194898
0.130158
0.048948
0.127337
-0.441475
-1.004462
-0.390095
-0.367019
-0.269850
-0.194870
-0.036370
-0.170523
-0.023694
0.095654
-0.088432
-0.116430
-0.068696
0.299392
-0.044776
0.091778
-0.041626
-0.186162
-0.251784
0.048704
-0.092636
0.106578
-0.131903
-0.139341
-0.288137
-0.071096
0.314426
0.597004
-0.467476
-0.031984
0.089124
0.049083
0.347556
0.131020
-0.188941
-0.576196
-0.047667
-0.156067
-0.095146
0.203463
-0.111784
0.203153
0.312953
-0.137841
0.244663
0.319726
-0.021271
-0.178816
0.089080
0.033176
0.025669
0.117003
0.332667
0.081078
0.038952
0.151040
-0.000028
0.122048
0.202696
-0.309965
-0.288683
0.523000
0.047758
0.132216
-0.057150
-0.232138
-0.103209
0.561679
-0.117059
0.207163
0.210083
-0.008955
0.202786
0.429972
-0.045596
0.010516
-0.074543
0.100663
-0.169924
-0.024538
0.073083
-0.246550
0.298582
0.324538
-0.185368
-0.255163
0.073025
0.560477
0.021788
-0.248355
-0.081393
-0.009271
0.078717
0.246203
0.359918
0.181970
-0.053501
0.109069
-0.092085
-0.113984
-0.175145
-0.073624
0.065932
0.282547
0.152660
-0.046114
-0.442599
-0.012577
0.071212
-0.024006
0.168634
-0.035442
-0.103983
0.138273
-0.000138
-0.146834
0.085605
0.110699
-0.126701
0.160763
0.164945
0.240082
-0.050234
-0.223551
-0.001316
-0.326593
0.083847
0.300071
-0.004449
0.187043
0.040076
-0.061409
0.027844
-0.006298
0.106086
0.494433
0.087170
-0.181014
-0.169310
0.233033
-0.109389
0.022124
-0.132119
0.128953
-0.127022
0.058721
-0.781396
-0.162474
-0.024608
-0.027378
0.355216
0.086093
0.031387
2.571970
0.178435
-0.012483
-0.181102
0.210013
-0.150769
0.110641
-0.380578
-0.233316
0.033382
0.271593
0.128656
-0.051989
0.144088
-0.144861
-0.270687
-0.811513
0.083903
0.045098
0.001839
-0.129731
-0.301862
0.106368
0.161490
-0.068307
0.405218
0.182475
0.090402
-0.055365
-0.221861
0.063353
-0.084259
0.091976
0.078015
-0.157475
0.333370
0.011187
0.009039
-0.009513
0.006497
-0.045208
0.032776
0.116810
0.554923
0.186918
-0.147669
-0.040267
0.002817
0.079644
0.379858
-0.142497
-0.009759
0.120048
-0.032029
0.049178
0.111970
0.548277
0.160365
-0.131448
-0.074681
0.007329
0.163289
0.021553
0.084503
-0.076126
-0.235696
0.036210
-0.081248
0.162611
-0.279356
-0.070730
0.075361
0.146466
-0.219505
0.045070
-0.010478
-0.283738
0.180519
-0.396604
-0.192420
-0.146161
-0.187766
-0.248866
-0.022749
0.029434
0.284068
-0.443658
0.126880
0.016128
0.161924
-0.257393
-0.373877
-0.073325
0.364668
0.017611
-0.030683
-0.003396
0.219210
-0.165569
0.132017
0.068090
0.033444
0.058016
-0.186429
2.106342
0.186893
-0.454894
-0.071279
-0.160916
0.107196
-0.682208
0.005175
0.343280
-0.067881
-0.005461
0.132620
-0.025418
-0.200586
0.055086
0.054695
0.093631
0.185766
-0.108539
-0.009534
-0.101245
-0.041782
0.166997
0.077276
0.266242
0.040319
-0.212324
0.142777
0.089753
-0.165114
-0.087563
-0.009800
-0.100602
-0.219564
-0.306101
-0.222640
0.137588
-0.164576
-4.460954
-0.201351
0.031293
-0.281523
0.286512
0.205139
0.013698
0.224597
-0.229124
0.195853
-0.390114
-0.134854
-0.135354
0.019644
0.001176
