ORIGINAL Mean: 0.054963
ORIGINAL Variance: 1.104315
Output:
0.241034
-0.036054
0.294343
0.008876
0.118536
0.112164
-0.063816
-0.065521
-0.303054
0.017198
0.044332
0.177513
-0.235820
-0.100706
-0.386043
0.059926
-0.076025
-0.304983
0.169974
0.034940
0.017024
-0.467342
-0.131674
0.083505
0.246497
0.232951
0.277391
-0.029596
-0.240277
-0.033493
-0.151044
-0.051792
0.193765
0.083918
0.195057
-0.058143
-0.054565
-0.287915
-0.002233
-0.078090
-0.138003
-0.044895
-0.011772
0.031343
-0.744379
-0.244489
0.032066
-0.131523
-0.055686
0.154309
-0.307305
-0.120199
0.186017
0.333593
0.137780
0.134139
-0.022361
-0.415875
0.069154
0.195553
0.159320
0.194219
0.044777
0.047251
-0.262912
-0.018238
0.127359
0.240471
-0.256524
0.091025
-0.139546
0.057958
0.077390
0.243899
0.134677
0.271508
0.069033
0.084187
-0.098628
-0.185034
0.105149
0.165076
0.463013
-0.110710
0.050704
-0.238433
-0.176530
0.153787
0.121645
0.077839
0.169437
-0.015442
-0.088056
0.255762
-0.158365
-0.047314
0.032529
-0.097387
-0.283368
-0.173701
0.343733
0.331770
-0.358160
0.318456
-0.513133
0.099584
-0.153924
-0.024969
-0.207809
-0.126765
-0.182778
-0.128794
-0.051969
0.128186
-0.006427
0.037705
0.083601
-0.051796
0.101843
-0.002418
-0.053833
-0.148336
0.288675
0.005308
0.231161
0.119899
0.192085
-0.085175
0.201524
-0.028123
0.042309
-0.050382
0.008806
-0.317930
-0.316854
0.373367
0.312432
0.066298
-0.071461
-0.237255
0.011620
0.273577
-0.747901
0.005078
0.245445
0.300692
0.088654
0.404385
0.027768
0.064678
0.121786
-0.081470
0.023062
-0.099818
0.213314
-0.094440
0.180294
0.272814
-0.061041
-0.175217
0.142102
-0.824699
0.187146
-0.231030
0.006124
-0.049573
0.028891
0.045799
0.266196
-0.012376
0.141216
0.019939
-0.132091
0.031929
-0.031405
-0.029730
-0.172256
0.535358
0.231550
0.047136
-0.308837
-0.127094
0.264286
0.060278
0.010040
0.058760
-0.162250
-0.165174
-0.000132
-0.191217
0.155993
0.302949
0.109070
0.169452
0.129066
0.436428
-0.095531
-0.094494
-0.001624
-0.242427
-0.120403
0.145227
-0.087339
-0.137149
0.030130
-0.080228
0.127523
-0.079653
-0.570744
0.213560
0.074050
-0.323118
-0.232799
0.061190
-0.079119
-0.154118
-0.077922
-0.042540
-0.087076
0.183664
-0.076426
-0.654777
-0.147255
-0.033524
0.181342
-0.051098
0.350282
2.539453
0.235581
0.126577
-0.014695
0.092566
-0.003351
0.114752
-0.148712
-0.154554
-0.252603
0.263823
-0.033031
-0.082005
0.257262
-0.054903
0.073018
-1.227001
0.099877
0.128216
0.158872
-0.203599
-0.118942
0.212194
0.359213
0.091817
0.087182
-0.015466
-0.422882
-0.083192
-0.267814
-0.156941
-0.333056
-0.001927
0.143269
0.058329
0.297582
-0.016801
-0.101620
-0.266163
-0.189870
-0.056124
-0.051665
0.000752
0.464666
-0.009956
0.266452
-0.241201
0.021113
0.123632
0.171048
-0.074043
-0.006731
0.191314
-0.161036
0.085938
0.133391
0.044519
0.223728
0.071598
-0.085247
-0.059660
0.241997
-0.090380
-0.061981
0.051418
-0.318251
-0.047202
0.177998
0.378170
-0.222032
-0.092236
0.174906
-0.088159
0.123623
-0.239975
-0.076136
0.084937
0.092839
-0.067264
-0.020405
-0.090890
-0.219348
0.109084
0.087565
-0.071694
-0.248218
-0.318850
0.322146
0.150901
-0.143510
-0.482382
0.430587
-0.222290
0.627152
-0.106908
-0.013047
-0.149038
-0.049286
-0.032930
0.160667
-0.013689
-0.122233
-0.008839
0.020768
1.955025
0.109139
-0.182830
-0.052461
-0.280958
0.039722
-0.842299
-0.003871
0.318985
0.124961
0.041108
0.100545
0.017998
-0.186595
0.006297
0.048164
-0.215284
0.197386
0.005775
-0.087823
-0.183665
0.122854
0.386899
-0.020997
0.173279
0.028990
-0.124892
0.070038
0.125618
-0.335976
-0.427497
-0.023634
0.239592
-0.036521
0.012496
-0.133004
0.167659
0.078147
-4.297551
0.086451
0.120756
-0.182811
0.250461
0.134282
0.055308
0.181922
0.070659
0.106666
-0.013235
-0.210213
-0.221583
0.216948
-0.154036
