ORIGINAL Mean: -0.034155
ORIGINAL Variance: 0.987172
Output:
0.036836
0.620938
-0.002910
0.049246
0.109555
-0.274682
0.356710
-0.033509
-0.068459
-0.385869
0.392734
-0.202548
0.292293
0.014459
-0.104480
-0.229261
-0.000774
0.321520
-0.246437
0.634528
-0.083462
0.166396
0.632068
0.058555
-0.049061
-0.071992
-0.480720
0.149181
-0.128846
-0.198106
-0.177467
0.233040
-0.165001
0.146279
0.062497
0.041139
0.095866
0.450314
-0.093659
-0.034647
-0.214048
0.268304
0.460379
0.197161
0.155317
0.110758
0.272464
0.201692
0.388560
0.244038
0.097761
0.349098
-0.175401
0.003670
0.190404
-0.901310
0.041988
0.460761
0.192806
0.310267
-0.318832
-0.071376
0.151263
-0.061939
-0.065378
-0.175688
0.243278
-0.492106
-0.577206
0.327840
-0.158109
-0.576049
0.119477
0.014848
-0.327974
-1.014297
-0.185041
-0.483536
0.064032
0.337869
0.073543
-0.219391
-0.459092
0.157838
0.041734
0.020860
0.151900
-0.046021
0.374718
-0.158862
0.118792
-0.532318
0.130400
-0.257135
0.556150
0.450559
0.239738
-0.089426
-0.048020
-0.019046
-0.350105
0.003760
-0.451993
-0.134513
0.076409
0.095787
0.229662
-0.272811
-0.068975
-0.251215
-0.135256
-0.159686
-0.177018
-0.051559
-0.345873
0.099265
0.275602
-0.170010
-0.008104
0.155667
-0.192493
0.020734
-0.007893
0.093742
-0.231311
-0.057333
0.107859
0.421768
-0.026530
0.187007
0.050022
-0.028258
-0.039606
-0.169132
0.043672
0.095576
-0.354972
-0.513288
-0.085258
0.077502
0.313289
-0.048405
0.952167
-0.154366
-0.077357
0.164505
-0.168596
0.092816
0.432720
0.336719
-0.394005
-0.159587
0.423704
-0.199671
0.699140
0.004153
0.099066
-0.380798
-0.116047
-0.115864
0.177783
0.248602
0.212116
-0.151955
0.111051
0.046152
0.126153
0.021258
-0.118628
0.116589
-0.201383
-0.109035
0.366023
-0.065893
0.123511
-0.030044
0.676903
-0.353451
-0.029431
0.257590
-0.052622
0.209756
-0.410887
-0.009735
-0.044936
-0.349737
-0.131896
0.584259
0.000009
-0.177548
0.360014
-0.168126
0.115707
0.063831
0.204905
0.011348
-0.205625
-0.285497
0.348400
0.315353
0.085873
-0.121280
-0.147809
0.164257
-0.206827
0.019643
0.022360
0.331465
0.954170
-0.641144
-0.035931
-0.456534
0.198396
0.083373
-0.151773
0.115502
-0.371848
0.205048
-0.481901
0.003586
-0.187402
0.535719
0.188109
0.468970
0.036963
-0.217408
-0.127292
1.416806
0.218056
0.075659
0.291040
-0.368642
0.136240
-0.200873
-0.285305
-0.311122
0.484673
-0.205878
0.141097
-0.571815
-0.171074
-0.171358
-0.495939
-0.668457
0.222594
-0.195297
0.064801
-0.017966
0.095596
-0.256821
-0.060689
0.283597
0.196314
-0.219049
0.168377
-0.073646
-0.170793
0.036790
-0.190766
0.229172
-0.033167
-0.102924
0.052045
-0.314265
0.203299
-0.315425
0.269754
0.336873
-0.216491
0.035360
-0.237666
0.435880
0.241891
0.000613
-0.062564
-0.058811
-0.512374
-0.084658
-0.286996
-0.330654
-0.208509
-0.129506
-0.188034
0.101996
-0.279885
-0.120156
-0.129453
0.003324
-0.183230
0.194785
0.051373
0.123229
-0.040436
0.266468
-0.349750
0.102457
0.127775
-0.045959
-0.343952
0.102380
-0.293496
0.337960
-0.021376
-0.318284
-0.052728
-0.133401
0.077825
0.118782
0.141509
-0.291760
-0.127563
-0.256084
1.358919
-0.055725
-0.004089
-0.278468
0.062136
0.335640
-0.340218
0.452445
-0.615084
0.488281
-0.384900
-0.020216
0.595548
-0.356555
0.140560
0.093964
0.767250
-0.038948
0.006051
2.037467
-0.076904
0.522093
-0.099877
-0.165647
0.596776
-0.527908
-0.433841
-0.120240
-0.152690
0.037837
-0.333654
-0.438160
0.089758
0.060399
-0.229701
-0.000552
0.300799
-0.134891
0.106547
0.162067
0.007398
-0.200860
0.329337
-0.273237
-0.075090
0.136729
0.366421
-0.042949
-0.882831
0.010252
-0.025720
-0.035104
-0.600214
-0.245188
0.034144
0.227392
-0.407974
-0.099996
0.039490
-0.052406
-0.076989
0.246907
-0.098926
0.303118
-0.343649
-0.147612
0.069262
-0.259198
-0.514949
-0.365385
0.254530
0.247692
