ORIGINAL Mean: -0.017325
ORIGINAL Variance: 0.984730
Output:
0.122980
0.632752
-0.161342
0.083524
0.113974
0.216191
-0.104892
0.277532
-0.132099
0.173695
-0.108975
0.040838
0.315378
0.089962
0.186218
-0.059477
0.606463
0.346456
0.457482
0.053141
-0.204346
0.923281
0.378091
-0.479857
-0.468589
-0.194637
-0.026215
0.002717
-0.058444
-0.400635
0.522840
-0.447719
-0.938366
0.295348
0.244758
-0.223849
-0.166110
0.234856
-0.010682
-0.205093
0.111080
-0.061839
-0.266810
-0.004415
-0.171722
0.211571
-0.297755
-0.173038
0.010156
-0.275242
0.516957
0.136026
0.190482
-0.727357
-0.865788
0.239277
-0.271633
0.209384
-0.012539
-0.510766
-0.152862
-0.101235
-0.355746
-0.289605
-0.188977
-0.024232
0.240567
-0.374240
-0.639069
0.337051
-0.164647
-0.449369
-0.339610
0.194686
-0.342675
-0.463550
-0.034091
-0.194398
0.114829
-0.148325
-0.188551
-0.156917
0.150787
-0.052969
0.248732
-0.121674
-0.001532
0.416222
0.712686
0.029667
-0.176169
0.687521
0.291936
-0.199693
-0.237638
-0.158506
0.005950
0.004237
0.014986
0.129645
-0.340017
-0.262549
0.300361
-0.220508
0.425331
0.425296
0.322627
0.194138
0.263180
0.587369
-0.203659
-0.038923
0.350343
-0.486070
1.201201
-0.215002
-0.187355
-0.124612
-0.135976
0.048957
0.035431
-0.235384
0.592284
0.200994
0.219033
-0.014718
-0.500227
0.005377
0.235504
0.310677
0.022242
-0.008532
-0.008080
0.465986
-0.320657
-0.257980
0.122809
0.455510
-0.561284
-0.443202
0.035042
-0.278212
-0.139858
0.006216
-0.299674
-0.224721
-0.351652
-0.308786
0.516931
-0.259856
0.212395
-0.268172
-0.247738
0.338004
0.078049
-0.039917
0.463513
0.356726
-0.210889
0.000257
0.271826
0.541371
0.273933
0.226864
-0.196218
0.180819
0.135779
-0.505231
-0.216973
0.084370
-0.071591
-0.132101
0.048907
0.464598
0.186776
-0.077283
0.051719
0.171717
-0.245330
-0.026065
0.090226
-0.192930
0.095454
0.418129
-0.174144
-0.344480
-0.018564
0.123670
0.000194
-0.007903
-0.546687
0.410016
-0.061556
0.032183
0.140294
-0.238015
0.195683
0.154983
-0.101454
-0.008677
-0.276645
0.091018
0.214782
0.092942
-0.035295
0.172655
-0.127185
-0.088056
-0.339420
-0.495758
-0.098007
0.323460
-0.113166
0.298596
0.063835
0.104474
0.012536
-0.094516
-0.049426
-0.098024
0.207822
0.420920
-0.206699
0.286780
-0.767641
0.020543
-0.054181
0.753523
-0.203001
-0.320294
-0.148002
0.192708
0.031391
-0.190973
0.162496
0.474854
-0.325476
-0.113717
0.109788
-0.216893
-0.168985
-0.104786
-0.118729
0.708402
-0.223140
-0.076048
0.161617
-0.173847
-0.056067
0.139455
-0.264514
-0.175331
-0.021527
-0.063385
0.331920
0.206907
-0.497540
0.105884
0.115859
-0.362028
0.083651
-0.203519
-0.095769
-0.292561
0.124548
-0.062785
-0.110934
0.345762
0.629483
-0.087011
-0.267455
-0.080539
0.335981
0.115808
0.291394
0.925480
0.397403
-0.299024
-0.166957
0.424036
-0.307247
0.408573
-0.250158
0.285888
0.114983
-0.155288
0.266056
-0.216840
-0.062979
0.098426
0.293109
-0.497038
0.016535
0.104663
-0.212343
-0.068683
0.082707
-0.008609
-0.459940
-0.172486
0.336703
0.029662
-0.167634
-0.033638
-0.041245
0.063089
0.099359
0.148102
-0.113978
0.029371
-0.130679
0.232999
-0.315380
0.002789
-0.098586
0.017081
-0.069189
0.202738
-0.458611
-0.291926
0.224471
0.108131
-0.107766
0.154347
0.084127
0.955010
0.028201
-0.049963
0.625533
0.002886
-0.093675
1.804671
-0.529334
-0.033520
0.319221
0.272241
0.088482
-1.235251
0.130004
-0.268745
-0.196326
-0.623375
0.491814
-0.076406
0.114360
-0.024258
-0.208680
-0.231829
-0.430359
-0.042557
0.186360
0.797291
-0.127772
0.617020
-0.012758
0.132015
0.111512
-0.188790
0.360230
-0.295948
-0.039107
0.306668
-0.195462
0.188170
-0.767622
0.108255
0.242259
0.033596
0.057870
-0.706050
-0.328396
0.011332
0.075162
-0.397563
-0.370615
-0.379044
0.288895
-0.068193
-0.455534
-0.003355
0.530715
0.126038
-0.724095
0.357038
