ORIGINAL Mean: 0.044607
ORIGINAL Variance: 1.154895
Output:
-0.252120
0.054611
0.242502
0.101440
-0.139389
-0.006012
0.294517
-0.095743
-0.431986
0.152103
0.212198
0.208316
-0.068208
-0.087307
-0.273138
0.107953
0.256318
-0.127689
-0.211466
-0.147139
0.113713
-0.659063
-0.174294
0.320151
0.159792
0.398606
0.015681
-0.059650
0.208153
0.042121
-0.395104
0.072571
0.383843
-0.630141
0.070549
0.030742
-0.307001
-0.364511
0.031934
-0.227204
-0.020508
0.132106
0.098883
-0.133996
0.038910
-0.334758
-0.017028
0.050146
-0.031868
0.085571
-0.327914
-0.215995
0.141394
0.120467
0.305553
-0.094636
-0.229863
-0.050331
0.285145
0.081001
0.282586
0.126024
0.265152
0.262657
-0.010068
-0.078456
-0.061329
0.124925
-0.282765
0.200687
-0.078877
0.213140
0.185688
0.228183
-0.378941
0.905330
-0.025578
0.046218
-0.065387
-0.039498
-0.034626
0.218313
-0.113197
0.058027
0.084683
-0.395971
0.009225
0.195324
0.024548
-0.336621
0.237019
-0.090573
-0.219809
0.319005
-0.048394
0.086832
0.083863
-0.215914
-0.201193
-0.408453
0.046779
0.349260
-0.131287
0.199351
-0.457126
0.060005
-0.113760
-0.132100
-0.026476
-0.640814
-0.213075
0.003048
-0.278306
0.110282
-0.327115
-0.320299
-0.025600
0.035871
-0.006937
0.082670
-0.186848
-0.026336
0.091080
-0.065090
0.097869
0.152446
0.076811
-0.066054
0.171324
0.006703
0.059573
0.097187
0.019843
0.042568
-0.250864
0.273878
0.070511
-0.191829
0.577619
0.039738
-0.045193
0.195432
-0.278751
-0.080380
0.147280
0.387734
0.139861
0.113376
0.061044
0.228987
-0.274148
-0.151546
0.128526
-0.568874
0.634268
-0.008746
0.104934
-0.002108
-0.003765
-0.266732
-0.309671
-0.538868
0.195726
-0.258885
-0.114194
-0.065972
-0.127223
0.092100
0.016892
0.021054
0.268147
-0.033937
-0.040243
0.360106
0.006240
-0.080065
-0.149690
0.098603
0.234325
0.057621
-0.147141
-0.114854
-0.040686
0.167271
0.081204
0.431547
-0.102886
-0.296561
-0.000096
-0.291694
0.122852
0.345751
0.129251
0.186765
0.083838
0.144512
0.007251
-0.174956
0.331289
0.053570
-0.049118
0.335468
-0.031935
-0.101610
0.511928
-0.125114
0.384956
0.151825
-0.266580
0.197013
-0.056442
0.024969
-0.040034
0.107645
-0.354763
-0.083084
-0.335288
0.208726
-0.261349
0.107412
-0.268049
-1.105716
0.036877
-0.000525
0.099936
-0.144763
0.382682
2.713077
-0.027597
0.182136
0.213047
-0.113404
0.074855
0.302985
-0.221596
-0.231673
0.195643
0.060737
-0.270903
-0.258574
0.177795
0.209218
0.141864
-0.082134
0.215415
0.113047
0.142025
-0.333786
-0.129813
0.445816
0.138675
0.085996
-0.205492
0.144601
-0.378858
-0.051050
-0.006251
-0.265157
-0.170472
0.207510
-0.205651
0.348539
0.323497
-0.182789
-0.173961
-0.173079
-0.221760
0.205473
-0.225385
0.111518
-0.026739
0.298698
0.333169
-0.455983
-0.219971
-0.113264
-0.050242
-0.429424
-0.009967
0.026441
-0.314917
-0.032918
0.020375
-0.188215
-0.164195
-0.139725
-0.177181
-0.396346
0.071033
-0.157002
-0.173751
0.258488
-0.215271
-0.068605
0.324853
0.268550
-0.205151
-0.081058
0.229785
-0.222148
-0.107081
0.019300
-0.054213
-0.078962
-0.039429
0.107260
-0.115405
0.046416
0.020811
0.199978
0.253334
-0.104288
0.629384
-0.266155
0.287025
-0.206436
-0.008066
-0.364014
0.310020
-0.039281
0.323572
0.005701
0.195347
-0.106936
-0.029328
0.180789
0.123983
0.153222
-0.346137
-0.019468
0.080321
1.993964
0.195323
0.084522
-0.128893
-0.208867
0.255933
-0.302497
-0.126295
0.102367
0.179219
0.304613
-0.196038
-0.183911
-0.268332
-0.022369
0.304307
-0.030386
0.119872
0.132960
-0.102772
-0.220325
-0.057573
0.307828
0.114560
0.081140
0.137626
-0.052307
-0.102031
0.179786
-0.061714
-0.482261
-0.285528
0.219023
0.011530
-0.210926
-0.074968
0.118316
-0.023879
-4.412317
0.500349
0.151881
-0.385075
0.519886
0.286785
0.343483
0.184314
0.296209
0.257228
0.020161
-0.631033
-0.099976
0.222285
-0.157451
