ORIGINAL Mean: 0.054204
ORIGINAL Variance: 1.036525
Output:
-0.287515
-0.315796
0.225509
-0.026552
0.018467
0.191258
-0.140946
-0.134360
0.050978
0.044434
-0.260608
0.130656
-0.217985
-0.218054
0.203586
0.190737
-0.302469
-0.202473
0.030029
-0.163960
0.092677
0.450230
-0.189884
-0.109918
-0.041150
0.102092
-0.172194
0.012276
-0.342011
-0.180616
0.024423
0.236408
-0.241044
-0.122559
-0.529105
-0.061200
-0.019660
-0.053449
-0.082729
-0.336377
0.053491
-0.378751
0.168564
-0.156733
-0.425628
0.088332
-0.006145
-0.066903
-0.354582
-0.166001
-0.200299
-0.348658
-0.200207
0.762745
0.144898
0.461148
0.092792
-0.146804
0.058510
0.020983
0.174654
0.369334
-0.095092
0.271488
-0.159897
0.230744
-0.206816
0.388614
-0.109317
-0.366860
0.386491
0.190361
-0.030745
0.165835
0.517977
0.368798
-0.045146
-0.303398
-0.311210
-0.100632
0.165173
0.004896
0.477621
0.009337
-0.134004
-0.026040
-0.216077
-0.038615
0.077994
0.269655
-0.095901
0.222209
-0.153976
0.151169
-0.147544
-0.220044
-0.174783
-0.176571
-0.081794
-0.072979
0.174454
0.457431
0.267174
0.090666
-0.410905
-0.070553
0.005625
0.111027
-0.187113
-0.091017
0.098352
-0.105017
-0.058496
0.039881
0.228672
0.040358
-0.043813
-0.205943
0.260134
0.182394
0.053320
0.074921
-0.172816
-0.564519
0.113102
0.055813
-0.029652
0.023474
0.184152
0.223727
0.058920
0.339628
0.071753
0.643289
-0.134623
0.069278
0.394617
0.224125
-0.265634
-0.227000
0.352342
0.075519
-0.587691
-0.467584
-0.064332
-0.044277
0.289989
0.060267
-0.347801
-0.121755
-0.008189
-0.081027
-0.026579
0.471291
0.008292
-0.214246
0.225601
0.273950
-0.180691
-0.160083
-0.180580
-0.052693
-0.195328
0.027436
0.334753
-0.140290
0.166765
0.061135
0.371561
-0.011846
-0.002126
0.234335
-0.350371
0.289129
0.070962
0.117221
-0.155542
0.151510
-0.094350
-0.164182
-0.362724
0.157130
-0.114887
-0.055723
0.215064
-0.285653
-0.022244
-0.363931
-0.000114
0.082888
-0.112632
0.329243
-0.198455
0.172542
0.201067
0.069593
-0.006367
-0.205024
-0.037650
-0.428103
0.175151
0.193692
-0.149710
0.099388
-0.153479
0.108034
-0.112908
-0.316510
-0.134299
0.598348
0.130757
-0.139538
-0.387498
-0.206495
0.344620
-0.194954
0.169457
-0.219631
0.421785
0.045204
0.103893
0.034704
-0.200433
-0.130100
-0.093026
0.368198
0.154489
2.157393
-0.218557
-0.154698
-0.377275
0.162044
-0.229805
0.163635
-0.042625
0.093373
-0.268742
0.208610
0.187413
0.362596
0.164920
0.339810
-0.005851
0.313513
-0.233907
-0.008886
0.251388
-0.161639
0.058763
0.061431
0.267705
0.031992
0.212055
-0.198618
-0.083849
0.176912
0.036736
0.104891
0.044136
0.188923
0.055113
-0.032956
0.167008
0.151175
-0.124345
-0.168142
0.051073
-0.094526
0.048865
0.316628
0.139774
0.090533
0.332993
0.216793
0.137978
-0.296502
0.115351
-0.049586
-0.011821
0.023848
0.383618
0.114288
0.088487
0.258395
0.391371
0.049783
0.197682
0.053050
-0.141459
-0.353953
-0.299980
0.306616
-0.160391
-0.463065
0.198137
0.430175
-0.286394
0.124221
-0.031680
-0.333907
0.076395
-0.208984
-0.087007
-0.360137
0.238344
-0.069251
0.520840
0.043643
-0.265168
0.046652
0.010095
0.216664
-0.251029
0.190382
-0.086692
0.272739
-0.022326
-0.081592
0.225696
0.071894
-0.003202
-0.276728
-0.145021
-0.103059
-0.139111
-0.408271
0.065383
-0.124098
0.247214
0.040414
-0.166881
1.736135
0.628153
-0.488764
0.020875
-0.128880
-0.012602
-0.543243
0.094751
0.385908
-0.156980
-0.182814
0.141869
0.109415
0.076934
0.302077
0.339971
0.304045
0.011440
-0.105976
-0.323098
0.026033
0.032019
-0.051164
-0.334218
0.360115
0.026486
-0.240947
-0.054137
0.028899
0.244327
-0.147149
0.115538
0.241283
-0.206731
-0.065412
-0.248479
-0.560699
0.095679
-4.207481
-0.084085
-0.082665
0.220491
-0.200953
0.072703
-0.063624
0.118801
0.162621
-0.144713
-0.280027
0.194732
0.212635
-0.153896
-0.139062
