ORIGINAL Mean: -0.012573
ORIGINAL Variance: 1.262329
Output:
-0.345533
-1.127560
-0.057272
-0.035485
-0.224743
0.120484
0.117974
-0.080589
-0.096362
0.471967
0.005302
-0.597930
-0.255195
-0.079004
-0.102586
0.101032
0.116951
-0.163129
-0.093600
1.259471
0.064826
-0.064258
-0.347684
0.254613
-0.026332
0.031493
-0.262729
-0.357490
0.438282
0.043472
0.051217
-0.345766
-0.123959
-0.491085
0.292811
0.151992
0.089926
0.053630
-0.049521
-0.152066
0.505579
-0.071740
0.909738
0.035654
1.101842
0.136970
0.049049
-0.269335
-0.240715
-0.096848
-0.128344
-0.327593
-0.146154
0.661530
1.096374
0.639696
0.278401
-0.498848
0.055100
0.430090
0.391206
-0.218502
-0.335176
-0.665201
1.277248
-0.086825
0.014322
0.045341
0.294147
-0.345402
0.693918
0.164866
-0.027906
0.194636
0.348464
0.746687
0.192133
0.077321
-0.155333
1.012536
0.224996
-0.296528
-0.630630
-0.263115
-0.051796
-0.046428
-0.018740
0.047186
0.595957
0.236244
0.576522
0.054477
0.466022
0.415544
0.034029
-1.325726
0.562411
-0.258868
0.173973
-0.184695
-0.027258
-0.114005
0.436203
0.338081
0.060471
-1.240402
-0.201443
-0.091717
-0.449804
-0.217451
0.153992
0.073360
0.346574
-0.166464
0.754512
0.513524
-0.567065
-1.243349
0.078970
-0.203838
-0.038962
0.120983
-0.373027
-0.865731
-0.011374
0.227002
-0.230736
-0.634099
-0.190997
-0.387818
0.068947
-0.485654
0.279353
0.063453
0.034019
-0.235717
0.039026
-0.277938
0.259671
0.204883
0.156780
-0.181650
-0.113144
0.734090
0.043646
-0.299936
-0.259245
0.177041
0.345992
0.291244
0.283762
0.229441
0.124588
-0.332286
-0.571614
0.035810
0.304278
-0.254290
0.216234
-0.213733
0.298355
0.157296
-0.470202
-0.030412
0.136001
-0.141986
-0.202459
0.147833
-0.412047
-0.407642
0.045654
0.139185
-0.061501
-0.717714
0.088743
0.147690
-0.479604
-0.453432
0.186583
-0.629566
0.368488
0.359285
-0.047146
0.086212
0.201229
0.650342
0.135362
-1.002091
-0.000176
-0.023009
-0.449134
-0.184026
-0.315411
0.147288
0.069792
-0.395204
0.045473
-0.017137
-0.403766
0.039305
0.125586
-0.548765
-0.229463
-0.175092
-0.290126
-0.274667
0.333450
0.366987
-0.074852
-0.575624
-0.015699
-0.160822
0.314830
-0.271228
-0.052025
-0.203056
-0.212895
0.272936
-1.239804
-0.342092
-0.277624
-0.612036
-0.030956
0.046948
0.836864
-1.123779
-0.017946
0.548243
-0.257772
-0.095175
-0.183248
-0.050684
-0.002883
0.292564
-0.065257
-0.014585
-0.204613
0.216187
-0.144313
-0.094802
-0.087371
-0.222669
0.050662
1.064945
-0.145225
0.020086
-1.401159
-0.028605
0.183233
0.444980
-0.829478
0.534049
-0.272553
0.050422
-0.555419
-0.221222
0.082450
-0.288578
-0.212691
0.800184
0.467513
0.274190
-0.064578
0.134963
-0.096380
-0.149718
-0.148017
-0.203531
-0.387469
-0.199550
-0.843897
-0.567775
-0.238246
1.018202
-0.261590
0.558205
-0.555077
0.395507
-0.014335
-0.435402
0.206043
0.590441
0.147389
-0.428000
-0.081192
0.254803
-0.053964
0.490274
0.256667
-0.046671
-0.034332
0.690065
0.056347
0.045251
0.380364
-0.375075
-0.001856
0.048283
0.085423
-0.287230
0.162338
-0.250683
-0.051856
-0.226500
-0.108844
0.087054
-0.098576
-0.077918
0.008527
0.478857
0.291604
0.533640
-1.161551
0.351139
1.315321
-0.119682
0.155061
-0.040945
0.324641
1.036249
0.151217
0.697233
0.285764
-0.115738
0.185928
-0.388560
-0.070438
-0.053258
-0.937065
-0.047519
0.138099
1.722990
0.189835
0.004194
-0.255243
-0.015712
-0.287679
-0.202696
0.177176
-0.106859
1.554580
-0.103664
-0.291662
0.277088
0.159098
-0.055950
0.950279
0.347971
-0.822075
0.209591
-0.473898
-0.180113
-0.171418
-0.043014
-0.096170
0.409488
0.110405
0.091469
-0.556915
0.846380
0.257538
-0.255293
0.300631
-0.040842
-0.105198
0.126403
-0.189638
-0.032416
-0.127253
0.190587
0.060241
1.066525
0.037864
-0.965776
0.225455
0.326178
0.085504
0.683061
0.122711
0.656171
-0.072005
0.790426
-0.889301
-0.269967
