ORIGINAL Mean: 0.020660
ORIGINAL Variance: 1.640447
Output:
0.811844
0.005917
-0.135455
0.063940
-0.336517
0.074773
-0.130817
-0.055854
0.060790
0.133711
-0.480487
1.031397
0.554902
0.044428
0.051083
0.008630
0.510826
0.364529
0.330413
-0.605113
-0.144326
0.437840
-0.439489
0.176177
-0.088575
-0.255030
0.881648
-0.211712
-0.254411
-0.165225
-0.547981
-0.143850
-0.666259
0.487351
0.090665
0.075949
-0.001162
-0.048771
-0.049590
-0.482762
-0.231766
0.166117
0.268982
0.213337
0.551288
0.168931
0.363416
-0.116257
-0.216243
0.346879
-0.027732
-0.215221
-0.140748
0.289576
-0.481051
0.758779
-0.607264
0.143899
-0.183248
-0.586434
-0.159391
-0.418755
0.293567
0.510295
-0.815191
-0.049327
-0.217696
0.861369
0.850588
0.303455
1.363385
-0.128934
0.098234
0.290265
0.283172
-0.212726
0.103490
0.360892
0.139712
-0.197254
0.553421
0.087177
0.088845
-0.617600
0.053560
0.110647
-0.249793
-0.371511
0.500210
1.037859
0.728707
0.077543
0.116987
0.098910
-0.717293
0.233175
-0.406390
0.309764
-0.294928
-0.000908
-0.888022
-0.542874
-0.393888
0.195037
0.050586
-0.381928
0.067736
0.709991
0.229736
-0.083185
0.193803
0.189622
1.362251
-0.261981
0.729353
-0.344528
-0.409629
-0.663667
0.021253
-0.291662
0.044334
0.049668
-0.012199
-0.689687
0.400152
-0.154366
0.223343
-0.916539
0.092343
-0.744768
0.066146
-0.056359
0.640497
-0.738637
-0.009734
0.413292
0.128823
0.663085
-0.186230
0.289417
0.205079
-0.439404
-0.377311
-0.082175
0.112560
0.020342
-1.297846
-0.198523
1.345032
0.116200
0.213948
-0.625112
-0.586291
0.863528
-0.575130
-0.217513
0.900650
-0.003346
0.545735
-0.154404
-0.673620
-0.870235
-0.126387
0.065053
0.658939
-0.461115
0.049081
-0.254380
-0.031060
-0.115375
0.039341
-0.047902
0.184819
0.430645
-0.141056
0.291320
-0.073262
0.144144
0.206205
-0.227305
-0.068348
-0.318286
0.225309
0.199658
0.071098
-0.478414
0.016998
0.463246
0.000002
-0.077370
-0.526474
0.065540
-1.009839
0.122733
-0.092540
0.200998
0.033159
-0.078319
0.838231
-0.407623
0.094072
-0.956801
0.542002
0.192395
0.873352
-0.168458
0.246747
0.348931
-0.275383
-0.252672
-0.098632
0.105053
-0.294895
-0.113913
0.037318
0.309878
-0.483593
0.040598
-0.305455
-0.185743
-0.574680
0.442842
0.172260
0.028542
-1.167221
1.321628
0.163133
0.253295
0.014770
0.175934
-0.034761
0.225766
-0.251543
0.881561
-0.312101
0.318140
-0.350392
0.257526
-0.316884
-1.068742
0.012794
0.320535
0.478601
-0.544881
0.042964
-0.207359
-1.406819
-0.081781
0.004757
-0.251190
-0.228168
-0.172170
-0.056925
-0.263588
-0.915144
-0.457281
-0.498526
-0.032054
0.263684
-0.354692
-0.121058
-0.363629
0.107351
-0.283476
0.148638
-0.377073
-0.040736
-0.777002
0.286056
-0.094773
-0.367020
0.555280
0.048884
-0.413882
0.042716
-0.002412
-0.159234
-0.149972
-0.372068
-0.340975
0.003668
-0.179195
0.096116
-0.636664
0.066294
0.535553
-0.232174
-0.766655
-0.063537
-0.004478
0.247572
0.201197
0.368968
0.313856
-0.299602
0.047997
0.130547
-0.016124
-0.789503
0.180559
-0.060936
-0.025785
-0.019700
0.020200
0.010410
-0.252518
0.498751
-0.221902
0.027117
0.270709
-0.099711
0.210648
-1.558554
-0.020328
0.871300
0.072092
0.087102
0.507314
0.537409
0.542201
0.118313
0.147187
0.647553
-0.102404
0.043887
-1.000344
0.010944
-0.024895
-0.730764
0.088595
0.139210
1.563152
-0.173154
0.369012
-0.831319
-0.212016
-0.835595
-0.790962
0.593789
-0.156561
-1.420442
-0.022893
-0.157251
-0.313715
0.182900
-0.091505
0.071160
0.592699
-0.724722
0.022206
-0.219238
0.189860
0.157160
-0.049418
-0.023726
0.391646
-0.111028
0.100077
0.721986
-0.479683
0.756882
-0.089759
0.514282
-0.119801
0.374919
0.194073
-0.042201
-0.016054
0.017394
-0.266790
-0.198850
0.620336
0.002236
-0.706164
0.102881
0.245052
-0.308255
-0.433067
-0.104872
0.122809
0.123383
-0.752667
0.010233
-0.309279
