ORIGINAL Mean: 0.021462
ORIGINAL Variance: 1.063213
Output:
-0.626339
0.187842
0.195550
0.195662
0.175011
0.051498
-0.059220
0.058112
-0.027002
0.160091
-0.279038
-0.169411
0.219906
0.137717
-0.150656
0.073108
-0.231192
0.264338
-0.279019
-0.380264
0.040727
0.173562
0.068000
-0.123225
-0.566419
-0.062229
0.162906
-0.261321
0.293972
-0.332292
-0.149176
0.238968
-0.185376
0.362978
-0.040625
0.099799
-0.240724
0.097139
-0.100318
-0.085004
0.406469
0.195288
0.135252
-0.197228
-0.311090
0.037280
-0.043670
-0.164634
0.145188
-0.241848
0.073647
0.151489
0.067286
-0.515940
0.146551
-0.025525
0.296184
-0.107986
0.452207
0.038938
0.080686
0.202676
-0.259834
0.115845
0.114723
-0.133429
0.217855
-0.433196
0.145311
0.054313
-0.293369
-0.100855
-0.229648
0.059661
0.119174
0.735542
0.072281
-0.297450
0.114248
-0.003099
0.106642
0.089432
0.176685
0.143993
0.348854
-0.516358
0.201795
-0.022820
0.027656
-0.063961
-0.474364
-0.323674
0.019981
-0.310331
0.376701
-0.342662
0.149437
0.121514
0.087942
-0.099922
-0.133511
0.059741
0.439178
-0.220054
-0.004503
0.285035
0.359707
0.157586
0.133186
-0.261666
0.200222
0.094540
0.062096
0.176527
-0.113031
-0.094758
-0.086022
-0.094347
0.175343
-0.024298
-0.106862
0.245405
0.042904
-0.449691
0.065440
0.308829
-0.599485
-0.180664
-0.019916
-0.297697
0.098169
-0.075591
-0.231136
0.406795
-0.260360
0.004229
0.109498
-0.299281
-0.040646
0.102251
0.086447
-0.069092
0.379402
-0.060463
-0.338166
0.405806
-0.151614
0.014722
0.203170
0.001729
0.089936
-0.204412
-0.425532
0.236284
0.050196
0.095106
-0.285157
-0.340686
-0.114807
-0.202322
-0.225183
0.072938
-0.103818
0.002467
-0.142392
-0.103348
-0.078158
-0.158174
-0.469713
0.052847
0.103573
-0.282194
0.045003
0.132300
0.266622
0.083773
-0.019701
-0.313925
-0.059413
0.068884
0.359339
-0.060021
-0.095114
0.376855
-0.129752
-0.150971
-0.169585
-0.316797
-0.000008
-0.139400
-0.018421
-0.096168
0.209948
0.232104
0.227537
-0.382361
-0.035928
-0.004632
0.149244
-0.027088
-0.081501
-0.239076
-0.009791
-0.039687
0.035228
-0.095315
0.372390
0.101720
0.216124
-0.065179
0.047125
0.122997
-0.004178
0.236793
0.035133
-0.057932
0.199171
-0.051297
-0.154702
0.021985
-0.101724
-0.261587
-0.103753
0.361976
0.149606
-0.292985
0.108454
2.564532
-0.131544
-0.190318
0.165624
-0.069459
0.244186
0.126652
0.136180
0.014077
0.600696
0.128638
-0.341548
-0.030631
-0.054421
-0.085531
0.135174
0.324143
-0.013569
-0.002324
0.145829
0.070933
0.110023
0.234282
-0.068888
0.131438
-0.377191
-0.105985
-0.564040
0.042737
0.091512
-0.335338
-0.278547
0.005736
0.303869
-0.021237
-0.192719
-0.054744
0.272245
0.451173
-0.188455
0.442384
0.093488
0.077110
-0.297141
-0.032377
0.642059
-0.126667
0.231026
0.208449
-0.073614
0.222637
-0.086816
0.200914
-0.152010
0.060463
-0.111745
-0.283487
-0.176589
-0.216160
0.139634
0.112898
0.170848
-0.051425
-0.018839
0.379967
0.004512
-0.030835
0.197593
-0.010866
-0.177031
-0.032987
-0.253266
-0.544997
0.167525
-0.095827
0.204124
-0.329309
-0.209013
0.119130
-0.282687
0.192252
0.112860
0.196181
0.277581
-0.046715
-0.124496
0.259558
-0.131715
-0.365141
0.093520
0.187055
-0.194271
-0.371990
-0.508151
0.189126
0.171113
-0.042457
-0.028332
0.432175
0.178121
-0.155434
-0.069838
-0.049700
0.017579
1.733159
-0.055873
0.394689
-0.225817
0.076092
0.222402
-0.660445
-0.018156
-0.017248
0.525537
-0.071443
-0.013520
-0.257367
-0.020798
-0.054043
-0.169747
0.333090
0.154823
0.126482
-0.088025
-0.216576
0.215376
0.611216
0.147527
-0.101257
-0.087889
0.046261
-0.031085
0.172177
-0.191931
-0.235413
0.238026
-0.009599
0.094510
0.094842
-0.051045
0.068583
-0.163710
-3.825558
-0.268139
0.077320
0.020066
-0.070546
0.107988
0.114104
0.216492
0.279013
0.051855
0.393652
-0.311709
-0.187775
0.247763
0.167928
