ORIGINAL Mean: -0.026440
ORIGINAL Variance: 1.197915
Output:
0.796732
-0.499363
-0.148056
0.004189
0.126181
-0.429120
0.069140
0.034441
-0.604762
-0.205589
0.068983
0.405205
-0.713902
-0.060210
-0.191750
-0.083421
0.250387
-0.535817
0.080621
-0.189371
-0.090866
-0.327601
0.347664
0.050370
0.035952
-0.206803
0.027364
0.028556
-0.181718
-0.286708
-0.584845
-0.307026
-0.000023
-0.044893
-0.033994
-0.034712
-0.086873
-0.457672
-0.025150
0.108045
-0.375713
0.394661
0.132039
0.041459
1.053386
0.134604
0.242974
0.064315
0.028721
0.145117
0.267933
0.069782
0.004537
0.544473
-0.268478
-0.583288
-0.451328
0.839874
0.286097
0.298512
0.121890
-0.188962
0.432342
0.386300
-0.950173
-0.013179
-0.161125
0.539293
-0.453439
-0.180167
0.404808
-0.536238
0.257291
0.059651
-0.428078
0.057489
-0.200352
0.042842
0.116498
0.430600
0.140148
0.195263
-0.731892
0.001080
0.133191
-0.062237
-0.045749
-0.084747
-0.063061
0.233574
0.986487
1.053899
0.646898
0.440015
-0.424699
-0.532554
0.980503
-1.051268
-0.194686
0.066511
0.010222
0.051584
-0.655305
-0.332139
-0.072752
-0.035317
0.128202
0.173773
0.829174
0.410649
-0.485307
0.003835
0.062777
-0.029898
0.610141
0.099016
-0.076468
0.452938
-0.044004
-0.142508
-0.161155
0.044272
-0.006014
-0.445378
0.010117
-0.294594
0.237391
0.468825
0.412341
-0.158366
0.011809
-0.384648
-0.380363
-0.203239
-0.092376
0.181338
-0.187046
-0.529247
0.471156
-0.057615
-0.164115
-0.075970
0.333239
-0.471080
0.184691
0.696203
-0.770382
-0.006271
-0.297528
-0.041524
-0.000574
-0.260711
0.924946
-0.495614
0.562569
-0.092557
0.621292
0.410376
0.334905
-0.053060
-0.262297
-0.408489
0.069067
-0.100611
0.013808
-0.660320
-0.424592
-0.225101
0.047973
0.053959
-0.446977
-0.044429
0.252030
-0.246406
-0.068657
0.067005
0.136965
-0.019141
0.101901
-0.166684
-0.369789
-0.763273
-0.214302
-0.316661
-0.161585
-0.076235
0.111595
0.925302
0.000123
-0.192314
-0.038328
-0.546941
-0.135961
0.013404
0.132418
0.311864
0.049219
0.012298
0.178043
0.267245
-0.055756
0.115838
0.192644
-0.140529
0.420203
0.108196
0.063370
0.581053
0.083566
1.036740
-0.147168
-0.021263
0.537033
0.072866
-0.130175
0.216392
-0.194186
0.243285
-0.041095
0.133965
-0.109038
0.652422
0.167590
-0.682869
0.504355
-0.772458
0.104020
0.837503
0.104756
-0.261856
0.138082
-0.218867
0.044615
1.225239
-0.079538
-0.202742
0.203495
-0.035246
-0.482257
-0.540771
-0.180897
0.534932
0.308964
-1.104601
0.188436
-0.350366
-0.968109
-0.252286
0.117965
-0.427987
0.158669
0.448727
0.079725
0.165117
0.078285
-0.138483
-0.448437
-0.075954
0.115085
0.315468
-0.621370
0.259552
-0.001238
-0.396029
0.210318
0.152818
0.133423
-0.272910
-0.681832
0.105436
-0.876317
-0.290093
0.241477
0.617904
-0.416761
0.204884
0.120304
0.095002
-0.060982
-0.024873
0.049110
0.255322
-0.178000
-0.363644
-1.092671
0.543045
-0.157792
-0.033556
-0.138056
0.087951
0.042251
0.029620
0.563260
-0.132618
-0.684855
-0.007155
0.032308
-0.078529
-0.438559
0.225304
-0.265809
0.219175
-0.074062
0.070074
-0.009774
-0.023203
-0.413059
0.079485
-0.519720
-0.220584
-0.209746
-0.200619
1.182752
-0.186756
0.342361
-0.121159
-0.384130
-0.118228
0.351678
-0.711549
0.148751
1.279155
1.079356
-0.004732
-1.340042
0.135253
0.078185
0.273656
0.249482
-0.020848
0.020667
1.970933
-0.374610
0.484914
0.459721
-0.215119
-0.040030
-0.757250
1.021101
-0.236222
-1.259002
0.194726
-0.262259
-0.097664
-0.117897
-0.119001
-0.332229
-0.065254
-0.220956
0.297106
0.151728
0.037852
-0.039495
0.094964
0.191309
0.120766
0.032004
0.063634
0.134087
0.297069
-0.023556
0.179173
-1.679180
0.264153
0.339897
-0.328795
-0.010895
0.358495
-0.160182
-0.085405
-0.478790
0.211439
-0.092809
0.250400
-0.100514
-0.543339
0.237410
0.539178
-0.044602
0.235442
-0.294027
-0.074432
-0.663644
-0.039814
