ORIGINAL Mean: -0.024005
ORIGINAL Variance: 1.036090
Output:
-0.271145
-0.653945
0.292839
-0.033909
0.133792
0.019984
0.071402
-0.070418
0.250454
-0.212277
0.151787
-0.114122
0.400845
0.140210
-0.147683
-0.047861
0.006948
-0.206812
0.000897
0.233560
0.038560
-0.124854
0.026101
0.302445
-0.070243
0.424944
-0.052722
0.140999
0.218198
-0.038167
-0.338786
0.139625
0.296687
0.251035
0.018655
0.070732
-0.107851
-0.155238
-0.017524
-0.087790
-0.280904
-0.266420
-0.470253
0.190881
-0.041179
-0.459567
-0.133827
0.012351
0.218741
0.319917
-0.251181
0.567680
0.153029
-0.875023
-0.378289
-0.131175
-0.200055
-0.224048
-0.172417
0.788141
-0.015853
-0.273896
-0.253438
-0.152722
0.365646
-0.207185
-0.293206
-1.008448
0.069094
0.839554
-0.015250
-0.587439
-0.043610
0.040132
-0.046446
-0.749110
0.052391
-0.296381
-0.038267
0.502119
-0.016526
0.211539
-0.186994
0.201318
-0.102292
-0.528179
-0.129912
-0.263242
-0.390770
0.359189
0.653492
0.156830
-0.327777
-0.448971
0.517170
-0.298347
-0.377044
0.249917
-0.082865
-0.240682
-0.038982
-0.079678
0.060077
0.380632
-0.278189
1.219545
0.282625
0.823481
-0.974393
0.103357
0.140845
0.029717
-0.292087
-0.433837
0.005977
-0.101698
0.196203
0.084421
0.147415
-0.124715
-0.184703
-0.349340
0.137358
0.495369
-0.095937
0.394300
0.086871
-0.013718
-0.487314
-0.366025
0.078526
0.121725
1.026430
-0.403362
-0.020616
0.427861
0.188679
-0.715038
0.319319
0.145782
0.095472
0.058310
-0.534365
-0.286565
0.339897
0.018773
0.117619
0.341116
0.240847
-0.338760
0.232430
-0.467596
-0.260944
-1.045437
0.120254
0.063753
0.265468
-0.147404
-0.277681
-0.216617
-0.401253
-0.577911
0.297248
-0.107420
-0.023576
0.422937
0.127319
-0.028711
-0.016696
0.004007
-0.204082
0.001943
0.157808
0.550003
0.036800
-0.215788
0.372447
0.415142
0.035522
0.332165
0.179463
-0.404012
0.640390
-0.206959
0.075528
-0.014666
0.045959
-0.595624
-0.000095
0.018635
-0.024552
-0.188862
0.548322
0.149581
0.151277
0.074177
-0.081626
0.093466
0.367809
-0.371623
-0.225810
0.409680
0.023927
0.000147
0.524010
-0.163163
-0.336949
-0.196478
0.032200
1.108120
-0.007103
-0.001355
0.030476
-0.017102
-0.293726
-0.062067
-0.079024
-0.292868
0.369393
-0.070232
-0.501722
-1.068746
0.178113
-0.040340
-0.224899
0.006689
0.128182
1.312491
0.115643
0.250242
0.315776
-0.020769
0.028920
0.023890
-0.136355
-0.101233
-0.135308
0.250550
-0.728720
-0.153269
0.277234
-0.421538
0.578945
-0.511640
0.297611
0.198441
0.119096
0.087565
-0.331270
0.168837
0.096013
0.180580
-0.096356
-0.297619
0.036268
-0.009544
-0.025547
-0.162102
0.274298
-0.989651
0.336646
0.365460
0.215023
-0.011895
0.085184
-0.222017
-0.152029
0.276321
-0.191996
-0.089951
0.136903
0.372089
-0.227298
0.672568
-0.346038
-0.183126
-0.102504
-0.414350
0.027530
-0.045842
-0.067490
0.254227
-0.066757
-0.141937
0.587948
0.109620
-0.006482
0.161326
-0.145855
-0.087640
-0.055867
-0.034987
-0.253007
0.404981
0.079715
-0.376734
0.037843
-0.245600
0.049684
0.008538
-0.182122
0.095093
0.331633
0.477251
0.013045
0.072695
-0.275791
-0.002124
0.204101
0.101634
0.201876
-0.205816
0.645970
-0.429489
0.292043
-0.108617
0.165736
-0.571682
-0.253543
0.093582
0.003220
0.373219
-0.488036
-0.272053
-0.130040
0.331836
0.015177
-0.170547
-0.178268
-0.032482
-0.296280
1.992809
0.246719
-0.147151
-0.120338
-0.091013
0.243276
-0.533264
-0.063397
0.258257
0.234369
-0.023977
0.093224
-0.152115
-0.176594
-0.084276
-0.158604
-0.377519
0.248292
0.276402
0.149971
-0.114744
0.147817
0.189919
-0.058395
-0.347383
0.193248
0.115000
-0.012925
-0.398688
-0.401015
-0.629705
-0.742408
-0.042654
0.003319
0.090510
-0.068747
0.176793
-0.263419
0.052328
0.038955
0.121342
-0.151520
0.547110
0.173625
0.694376
0.114907
-0.322523
0.193355
0.413359
-0.331673
-0.499372
0.429697
-0.011879
