ORIGINAL Mean: -0.008019
ORIGINAL Variance: 1.065733
Output:
-0.686682
0.682926
0.155212
0.153018
0.071909
-0.035109
0.417497
-0.156768
-0.026065
-0.078250
0.435874
-0.114687
-0.429679
0.107790
-0.034360
-0.027146
-0.109253
0.173555
-0.395621
0.302534
0.065399
-0.272791
0.087157
0.051257
-0.148888
0.162654
0.319216
-0.013607
0.287389
-0.516506
0.162766
-0.424179
0.035010
0.141054
0.171815
0.151854
0.437904
0.195191
-0.108466
0.319784
0.364128
0.154741
-0.170406
0.088157
0.713009
-0.090347
0.176973
0.218844
0.200879
0.140393
-0.131665
0.288082
-0.179041
-0.436636
0.375540
0.193653
0.212575
-0.354461
0.117047
-0.434827
-0.158422
-0.155788
-0.769282
0.173234
0.780656
-0.276072
0.003962
0.015057
0.753033
-0.031028
-0.218049
-0.053263
-0.117761
0.080902
0.002033
-0.212735
0.112153
-0.229723
0.165856
0.553311
0.129929
0.021584
-0.333572
0.669054
0.177790
-0.784678
-0.209796
-0.022011
-0.795130
0.029572
-0.517324
0.914595
-0.125527
-0.448319
-1.013680
-0.174055
0.346742
-0.301755
0.320510
-0.123035
0.229421
0.079789
0.186028
0.048330
-0.236336
0.132119
0.179765
-0.477948
0.746460
-0.669135
0.070640
0.034826
-0.026835
0.235480
0.105156
0.112464
0.314344
0.522408
0.082056
-0.041561
-0.220266
0.107095
0.022304
-0.069819
0.141049
0.302579
-0.024648
0.007294
-0.112530
-0.788186
0.096252
0.317112
0.528952
-0.235187
0.224316
0.016145
-0.167331
0.250925
0.159541
0.066773
0.107070
0.092771
0.509859
0.122243
-0.219421
-0.459356
-0.215184
0.043185
0.586619
-0.251636
0.203194
0.506705
0.308137
0.126947
0.599937
0.173984
-0.133519
-0.518457
0.065898
-0.135750
-0.116321
-0.481169
0.080328
-0.212723
0.102184
-0.720272
-0.071610
-0.058469
-0.287650
-0.099945
-0.185538
-0.112506
0.285762
-0.183800
0.031850
0.057513
0.324184
-0.344891
0.000177
0.070930
0.306651
0.029621
-0.135781
-0.046991
0.018008
0.275871
-0.026649
0.210732
-0.000044
-0.117855
0.363835
0.128873
-0.463824
0.159373
0.131258
-0.161224
-0.171101
-0.092418
0.007424
0.088449
-0.131151
-1.003671
-0.858357
0.167551
0.424883
-0.105758
0.177961
0.635266
0.774653
0.024521
0.007181
-0.373192
0.428471
-0.178231
-0.094079
-0.182855
0.275677
0.371187
-0.176833
0.185545
-0.191208
-0.541993
-0.171268
0.593970
-0.248385
-0.467388
-0.058800
1.068578
0.122861
-0.180644
0.484144
-0.218011
0.173076
-0.139920
-0.024816
-0.048599
0.622664
-0.084407
-0.380097
-0.422691
0.007376
-0.333645
-0.153440
-0.056836
0.209468
0.028858
-0.234093
-0.324429
-0.022197
-0.001352
-0.807413
0.346942
-0.175928
-0.304241
-0.471631
-0.062206
0.168700
-0.088247
-0.123465
0.770576
-0.847216
-0.326370
-0.059634
0.127149
0.064575
0.157266
0.083213
0.258645
-0.384183
-0.208731
-0.681623
0.548080
-0.006716
-0.194477
-0.452876
0.381846
0.075846
0.351106
-0.119746
0.549896
-0.249656
0.149329
-0.221639
-0.122742
-0.042485
0.284746
-0.168570
-0.246900
0.278280
0.023884
-0.047988
0.579010
0.150621
0.132489
0.376699
-0.165573
0.085401
-0.187976
-0.227035
-0.210854
0.040954
0.151261
0.186483
0.048578
-0.167013
0.110770
-0.177956
0.084848
0.529607
-0.091861
0.204441
-0.700135
-0.975791
0.163804
0.184754
-0.355096
0.266071
0.108548
-0.139002
-0.573724
-0.665130
0.260892
-0.032764
-0.263407
0.118911
0.143795
0.057795
-0.136817
0.347535
0.133068
-0.269712
1.914349
-0.292230
0.551545
-0.265899
-0.071514
-0.100214
-0.262622
-0.016851
-0.045697
-0.461636
0.137167
-0.175876
-0.209638
0.034909
-0.025100
-0.481375
0.425026
-0.206173
0.562335
0.047430
-0.214742
0.036999
0.506284
0.283964
-0.370576
-0.096734
0.337398
-0.040974
-0.142600
-0.189953
-0.398739
-0.161313
-0.142611
-0.156844
0.009486
-0.102579
0.035856
-0.414785
0.004092
0.122440
-0.151980
-0.033578
0.733724
-0.031191
0.621044
-0.261405
-0.680350
0.177517
-0.245239
-0.763293
-0.569460
-0.561732
0.109058
