ORIGINAL Mean: 0.051231
ORIGINAL Variance: 1.029777
Output:
0.187789
-0.146674
0.282207
-0.027061
0.218745
0.069076
-0.058759
-0.200135
0.079621
-0.087478
-0.035535
0.174189
-0.303495
-0.151964
-0.099581
0.111054
-0.631111
-0.306869
0.003101
-0.086240
0.076612
0.038881
-0.133592
-0.118430
0.173626
0.036826
-0.066119
-0.053703
-0.454530
-0.049045
0.026930
-0.065098
0.156195
0.246385
-0.246112
-0.050489
-0.017131
-0.075646
-0.110730
-0.152950
-0.076994
-0.177892
0.159729
-0.080146
-0.176705
-0.012360
0.075411
-0.072938
-0.072639
-0.032121
-0.295631
-0.305033
-0.128941
0.838335
0.159658
0.219703
-0.019434
-0.271037
0.092609
0.256033
0.122203
0.360144
0.114069
0.141188
-0.194843
0.052074
0.001155
0.445830
-0.221865
-0.034603
0.281589
0.088305
0.045899
0.179990
0.631329
0.274753
0.037723
-0.142359
-0.154972
-0.250230
0.277731
0.048447
0.069465
0.171113
-0.084914
-0.033383
-0.248814
-0.227126
-0.024892
0.296667
-0.047722
0.102690
-0.152158
0.294071
-0.203212
-0.200136
-0.099815
-0.065785
-0.159997
-0.005598
0.414177
0.480128
-0.106153
0.250240
-0.450840
0.066322
-0.168061
0.161752
-0.240554
0.029721
-0.093304
-0.159784
-0.102863
0.081980
0.175968
0.304362
0.102820
-0.204086
0.246494
0.040147
0.042314
0.086364
-0.053319
-0.454614
0.197552
0.036764
0.192550
-0.060212
0.147972
0.008932
0.059253
0.128379
0.029202
0.202895
-0.226295
0.206172
0.367428
0.303991
-0.198083
-0.336708
0.262725
0.240944
-0.540537
-0.300192
0.069575
0.081113
0.279380
0.344727
-0.271617
-0.210758
0.094516
-0.015102
0.001765
0.318073
-0.143665
-0.174691
0.228233
0.390906
-0.076345
-0.156258
-0.043069
-0.625378
-0.100237
-0.046382
0.198606
-0.167533
0.136687
0.169831
0.426645
0.031652
0.092277
0.150153
-0.224462
-0.119821
-0.078714
0.075508
-0.135660
0.256185
0.080723
-0.039635
-0.316200
0.092727
0.098312
-0.099498
0.018507
-0.371775
-0.130201
-0.096020
-0.000134
-0.017442
0.120740
0.104872
-0.148514
0.179641
0.174745
0.310989
-0.016606
-0.138263
-0.100902
-0.477449
0.090236
0.116890
-0.042630
-0.064458
-0.072417
0.018865
0.043600
-0.362808
-0.225755
0.378669
0.176867
-0.319096
-0.322122
-0.142515
0.109928
-0.141350
0.156602
-0.171184
0.182414
0.140968
-0.026069
0.113105
-0.035258
-0.151726
0.037419
0.012328
0.167150
2.240022
0.201580
-0.189871
-0.173054
0.148029
-0.073719
0.068518
0.000525
-0.145624
-0.088725
0.202085
0.080146
0.266015
0.171857
0.147902
0.030768
-0.998921
-0.057377
-0.029323
0.233084
-0.171020
-0.060458
-0.052036
0.421988
0.012835
0.300086
-0.212999
-0.220862
-0.093546
-0.205192
-0.019417
-0.187786
0.219544
0.201154
-0.043627
0.211815
0.131060
0.036597
-0.315342
0.020389
0.012127
0.077864
0.161600
0.445478
0.108266
0.306960
0.076741
0.121568
-0.295097
0.139812
-0.034005
-0.023782
-0.039813
0.155490
0.063630
0.159769
0.273126
0.422315
0.242250
0.041749
0.028088
0.035279
-0.254290
-0.150092
0.129601
-0.117712
-0.380815
-0.033163
0.303051
-0.314635
0.011919
0.043674
-0.102954
0.014678
-0.276517
0.060325
-0.088906
0.209640
-0.248332
0.178613
-0.134322
-0.298596
-0.021580
0.011017
-0.076824
0.246100
-0.033177
0.056726
0.283505
-0.225834
-0.381434
0.470764
-0.002472
0.227627
-0.287050
-0.012195
-0.168119
-0.122700
-0.486307
0.144446
-0.132789
0.002080
0.015275
-0.103316
1.840705
0.217469
-0.336278
0.009029
-0.239532
0.004108
-0.935508
-0.097093
0.402181
0.004442
-0.029374
0.132857
0.092552
-0.048356
0.237223
0.248604
0.012668
0.026661
-0.117425
-0.203520
-0.083075
0.197080
0.088285
-0.200623
0.331322
0.007396
-0.091462
0.119388
-0.032466
-0.024541
-0.227360
0.078454
0.150172
-0.140717
-0.077545
-0.240739
-0.151103
0.036882
-4.258231
-0.170486
-0.027881
0.148803
-0.052872
0.114157
-0.150393
0.049025
0.222857
0.019993
-0.302723
-0.070803
-0.123460
0.060010
-0.112534
