ORIGINAL Mean: 0.048217
ORIGINAL Variance: 1.022407
Output:
0.288425
-0.200267
0.277487
0.085845
0.148817
-0.047124
-0.070435
-0.004843
0.013786
-0.048922
0.023205
0.204668
-0.276781
-0.142344
-0.239160
0.119765
-0.575223
-0.371681
-0.018243
-0.045878
0.056298
-0.037651
-0.132034
-0.073869
0.265220
0.072931
-0.029746
0.071987
-0.454896
-0.062390
-0.060995
-0.035989
0.209209
-0.052950
-0.063187
0.018360
-0.002434
-0.171840
-0.077046
-0.105766
-0.208398
-0.043038
0.175045
-0.226943
-0.113101
-0.136426
0.060486
0.096228
0.018529
-0.053186
-0.391649
-0.295786
-0.033704
0.807971
0.116518
0.248248
-0.016350
-0.232060
0.138043
0.260317
0.135020
0.364158
0.063801
0.202927
-0.193353
0.065344
0.004423
0.284835
-0.128977
-0.098693
0.263276
0.183233
0.158727
0.103659
0.195930
0.571198
-0.135130
-0.082471
-0.128924
-0.156201
0.170022
0.036270
0.022450
0.120087
-0.110742
0.038080
-0.182189
-0.177346
-0.008165
0.324015
0.092724
0.044332
-0.214637
0.464667
-0.215326
-0.047686
-0.042493
-0.089721
-0.199245
-0.004950
0.260789
0.675985
-0.330980
-0.081845
-0.465594
0.069514
-0.097752
0.059333
-0.250635
-0.206722
-0.109645
-0.105586
-0.031911
0.203428
0.067649
0.377570
0.150938
-0.214095
0.215754
0.123289
0.003433
0.110100
-0.041262
-0.390079
0.268691
-0.002143
0.297807
-0.023003
0.111568
0.088632
0.029520
0.196546
0.098529
0.031777
-0.269961
0.321404
0.370841
0.333688
-0.180895
-0.346174
0.141779
0.295693
-0.383099
-0.182248
0.130869
0.093388
0.334766
0.394398
-0.176244
-0.138934
-0.075204
-0.093630
-0.098405
0.175240
-0.007081
-0.170026
0.296423
0.364727
-0.023786
-0.171191
0.040962
-0.665243
-0.070079
-0.155682
0.137663
-0.164874
0.022572
0.106300
0.402999
0.075395
0.094162
0.151594
-0.203601
-0.193078
-0.122412
0.033571
-0.187092
0.322671
0.054055
-0.021256
-0.521948
0.050373
0.023039
-0.109352
0.003253
-0.299265
-0.135982
-0.094670
-0.000163
-0.054706
0.122212
0.252107
-0.180280
0.177137
0.142802
0.444427
-0.021093
-0.161720
-0.151248
-0.527306
0.028462
0.139941
-0.069556
-0.031909
-0.069990
-0.014281
0.068068
-0.228290
-0.296863
0.359800
0.178046
-0.317493
-0.293909
-0.038126
0.096773
-0.107676
0.004443
-0.074584
0.210326
0.216718
-0.143719
-0.009634
-0.025391
-0.197094
0.168754
0.081877
0.211608
2.361486
0.160665
-0.173189
-0.102888
0.133959
-0.016549
0.059888
-0.085044
-0.127156
0.115108
0.204353
0.139073
0.168863
0.247283
0.134459
-0.026826
-1.281944
0.034453
-0.013237
0.149904
-0.041571
-0.148653
-0.107903
0.388812
-0.050143
0.207725
-0.096376
-0.158277
-0.064518
-0.238178
0.041327
-0.088615
0.331119
0.191373
-0.080278
0.213970
0.072435
0.023139
-0.262862
0.010371
-0.047833
0.120323
0.168761
0.359197
0.025366
0.151232
0.077737
0.105023
-0.176371
0.380391
-0.083105
-0.049293
0.073665
0.096830
0.066634
0.104656
0.350729
0.305369
0.160117
-0.124550
0.031411
0.037951
-0.255625
-0.095480
0.047198
-0.148803
-0.281593
-0.070783
0.377637
-0.310924
-0.086256
0.045887
-0.017805
-0.079643
-0.212452
-0.076316
-0.075460
0.180801
-0.266293
0.150962
-0.139502
-0.284216
-0.084052
0.007020
-0.074990
0.249453
-0.166611
0.278286
0.195092
-0.174345
-0.345409
0.410744
0.000759
0.275913
-0.321439
0.042867
-0.148953
0.042472
-0.407488
0.122074
-0.060142
-0.020049
0.009015
-0.103470
1.921710
0.237326
-0.256772
-0.044802
-0.234276
-0.020396
-0.865717
0.119435
0.399022
-0.098466
0.169066
0.113186
0.068980
-0.061546
0.239885
0.109237
-0.016534
0.067540
-0.102156
-0.083069
-0.067718
0.210653
0.106224
-0.031315
0.331911
0.127753
-0.092442
0.142853
0.009124
-0.022080
-0.181194
0.082136
0.182351
-0.224729
-0.206887
-0.251973
-0.059455
-0.082335
-4.349521
-0.129456
-0.077504
-0.051910
0.106741
0.143106
-0.077442
0.076700
-0.004899
0.063213
-0.277245
-0.298017
-0.206843
0.062524
-0.025414
