# SOLE Quantized Vector 147
384
159
125
203
104
94
105
149
136
117
100
130
151
115
59
21
157
122
133
183
118
113
119
118
144
151
190
116
223
162
123
126
118
154
102
142
78
132
100
149
135
116
121
137
196
135
101
85
172
171
168
109
121
184
143
152
137
125
132
158
162
133
141
124
146
120
93
150
129
113
128
149
117
94
114
61
132
134
90
81
120
155
128
124
121
80
116
122
168
135
138
139
136
122
158
132
128
147
133
92
106
141
148
126
103
88
152
139
145
94
100
131
67
104
146
123
136
172
112
195
159
89
77
154
148
136
132
131
140
126
177
125
148
128
105
52
184
176
138
118
117
125
178
129
136
168
167
140
158
148
114
141
134
128
121
131
33
136
169
114
88
128
151
171
64
108
142
155
181
181
108
157
140
108
112
100
129
122
175
200
124
82
97
107
126
154
140
126
118
185
70
122
127
120
150
141
178
162
76
145
94
154
162
120
105
128
107
148
137
68
153
137
120
124
158
89
120
126
166
121
163
83
66
146
118
143
127
105
221
137
105
104
135
163
156
82
90
115
174
133
109
162
110
130
89
173
133
125
128
77
175
153
137
131
110
122
122
144
117
126
135
134
144
199
142
122
145
99
131
111
104
146
148
129
106
109
123
148
120
160
149
118
142
160
148
140
99
81
128
137
76
148
127
110
128
132
147
72
124
121
133
150
161
118
128
151
114
108
153
140
107
158
115
137
83
154
122
139
114
128
127
225
143
132
151
156
119
172
139
118
168
114
158
157
80
119
134
134
56
138
164
129
137
169
117
92
146
119
126
144
129
171
128
136
167
164
114
122
88
147
142
125
103
132
155
131
56
103
132
101
33
132
120
80
146
168
164
158
115
156
102
100
128
128
132
