# SOLE Quantized Vector 63
384
165
139
136
112
102
69
160
111
113
95
130
143
133
66
63
155
129
154
132
109
77
140
141
133
112
89
125
181
145
120
139
132
140
119
114
102
111
126
90
141
125
234
114
164
110
146
145
169
178
176
126
76
161
177
147
103
130
175
227
169
124
123
122
148
112
97
165
111
147
114
143
70
94
92
38
146
127
121
134
127
161
120
137
129
89
136
125
156
147
123
149
128
123
166
136
124
160
135
82
128
139
133
112
28
116
127
123
128
104
109
126
77
137
125
110
131
175
148
159
130
64
100
134
75
143
91
107
152
123
166
122
121
120
118
52
142
151
108
121
127
96
141
209
139
120
177
120
130
178
105
125
128
129
144
160
86
120
131
143
103
117
169
151
87
126
128
157
178
142
94
147
115
180
129
131
148
171
94
147
116
73
107
25
97
127
113
55
143
176
21
121
122
115
134
136
143
140
19
170
155
141
135
135
115
139
133
115
177
167
130
82
155
166
159
101
126
127
165
115
142
89
167
146
136
123
121
78
187
137
121
131
127
199
135
102
115
202
180
114
99
116
120
117
85
154
77
140
108
73
150
134
162
118
110
122
119
145
116
115
136
129
143
168
151
143
194
138
133
93
119
74
139
130
113
121
129
144
138
152
141
105
150
123
141
113
115
66
117
126
119
157
118
141
142
151
133
95
125
100
123
161
200
110
128
109
112
108
198
114
79
127
120
150
135
154
64
138
146
140
149
124
160
127
174
153
153
206
140
137
143
91
197
106
208
127
121
152
86
151
81
130
173
110
53
122
141
90
120
130
160
163
159
133
173
234
88
129
76
151
162
115
170
138
165
137
70
126
110
59
26
148
118
113
161
152
128
127
101
126
136
86
136
120
136
