# SOLE Quantized Vector 59
384
156
134
137
94
89
90
130
34
113
109
122
121
113
83
85
155
103
169
140
199
98
134
144
133
108
41
139
161
122
114
114
100
109
173
134
93
119
145
25
131
118
196
138
188
104
177
192
98
82
186
145
118
146
205
145
157
136
149
174
135
127
173
121
138
120
67
126
123
134
145
149
72
78
99
187
146
183
136
122
118
163
132
151
160
84
154
113
119
112
90
107
133
130
135
113
124
130
128
105
140
128
103
145
121
114
140
87
106
141
104
142
81
125
153
127
103
105
148
153
96
97
99
126
82
131
68
73
158
88
136
149
123
96
146
97
97
144
142
96
158
205
151
177
123
109
170
109
81
158
76
161
131
113
165
131
94
130
101
138
122
129
137
172
172
158
119
201
159
133
55
157
127
155
140
135
172
183
97
133
167
114
132
23
166
147
75
111
147
176
81
112
118
137
137
155
113
151
51
121
151
199
132
156
57
130
118
106
144
134
104
140
80
133
101
126
113
144
141
128
168
141
180
134
136
70
123
56
142
121
119
102
120
202
172
140
121
109
142
160
114
78
141
116
109
124
80
138
89
134
155
139
100
105
89
104
100
144
104
114
119
70
158
172
149
160
143
129
163
111
116
121
134
173
75
120
116
109
114
148
122
141
135
120
103
140
140
88
116
106
101
138
168
201
94
119
130
127
160
141
80
170
173
108
151
101
109
138
202
135
129
122
90
115
213
125
118
119
170
218
137
126
104
139
145
112
56
179
99
135
138
101
185
110
192
129
130
175
75
124
91
118
118
105
94
168
141
79
154
128
154
133
111
145
113
167
100
77
103
167
126
120
136
104
151
126
111
147
108
119
125
119
146
174
160
179
145
139
148
114
132
127
126
151
119
