# SOLE Quantized Vector 62
384
180
142
138
116
114
93
179
77
76
88
128
101
185
82
66
139
123
133
128
116
85
146
178
149
122
62
102
179
139
123
120
123
104
130
161
104
96
137
83
106
132
249
103
169
120
155
157
188
123
194
132
140
158
193
185
141
144
196
209
147
111
107
143
145
107
69
169
143
115
157
131
176
103
76
68
172
144
122
170
95
166
120
120
126
70
189
114
115
68
66
115
131
160
188
72
134
149
126
110
117
125
128
115
24
99
122
121
123
44
110
106
69
116
146
132
136
159
55
149
135
69
105
144
91
150
44
98
122
100
156
137
157
95
86
84
119
135
127
116
126
121
94
198
148
124
201
99
89
189
113
124
142
141
97
123
111
144
115
140
139
108
102
164
125
107
144
161
152
129
81
156
118
183
138
78
150
186
102
136
130
75
100
29
132
114
102
94
131
182
55
115
121
122
100
117
168
142
50
102
126
70
129
165
77
125
154
125
160
133
114
114
163
165
150
86
101
127
159
125
159
125
165
165
124
77
131
83
133
111
120
156
115
210
134
126
117
188
128
108
39
111
90
143
64
175
60
121
75
107
142
169
250
104
104
110
107
141
126
146
163
184
144
150
110
128
151
141
152
158
116
99
124
145
83
124
135
131
123
147
125
77
138
111
117
146
104
12
143
127
114
171
59
216
79
178
135
141
110
96
131
143
185
122
173
114
123
126
189
131
95
97
102
167
148
245
74
89
150
190
117
126
154
145
168
118
153
193
121
101
152
114
198
112
221
69
126
136
88
164
86
62
156
109
91
139
151
48
69
188
170
189
206
150
183
228
79
111
98
180
241
137
169
83
184
124
80
145
132
94
114
69
65
110
148
172
141
142
119
111
124
81
128
53
136
