# SOLE Quantized Vector 137
384
77
124
190
104
138
116
142
95
167
105
117
140
132
101
84
157
110
117
172
134
115
108
124
112
103
179
131
171
183
125
106
135
154
177
138
90
116
113
99
140
124
109
142
169
129
114
85
133
183
174
123
122
188
93
165
130
150
102
139
168
136
112
133
148
139
55
119
115
119
134
138
91
58
124
126
136
177
103
129
121
150
153
127
129
89
97
121
147
142
118
129
135
119
66
150
108
164
145
132
108
129
137
179
122
77
138
148
155
88
116
166
109
123
124
92
142
172
154
173
129
70
62
178
225
130
199
59
132
128
122
158
123
122
121
59
128
161
131
131
134
131
139
110
106
138
167
154
172
153
101
155
150
136
111
112
125
105
113
82
90
118
78
156
104
119
124
164
161
146
114
168
136
128
112
176
133
140
167
134
118
126
146
117
100
130
125
96
113
196
82
132
113
145
173
142
157
149
90
136
87
70
116
129
84
125
92
134
136
66
129
176
125
98
120
89
117
137
119
118
184
92
69
120
135
140
88
108
171
150
104
158
120
203
144
126
101
115
179
119
162
179
75
147
87
190
172
130
171
80
192
188
168
61
78
117
114
153
88
131
141
146
148
182
191
146
142
78
125
135
70
134
133
135
93
126
117
148
141
161
145
114
165
133
134
97
141
160
130
151
95
138
146
132
115
136
138
71
128
110
77
160
139
188
124
137
125
119
170
206
127
218
118
112
130
143
110
161
85
102
137
144
146
107
97
114
157
187
89
130
181
84
190
87
100
152
177
106
76
138
166
143
112
174
105
139
148
120
97
124
109
189
146
207
190
142
44
134
100
122
116
115
25
129
128
147
124
116
145
119
51
103
127
127
171
155
130
149
124
160
140
119
100
146
162
