# SOLE Quantized Vector 105
384
90
131
171
121
97
80
162
94
97
118
140
144
139
66
73
168
146
117
100
121
129
102
133
171
121
190
128
176
203
135
108
169
144
89
127
104
123
114
124
115
119
182
137
162
132
112
111
165
157
178
135
113
174
155
160
129
131
164
226
153
148
156
137
164
131
88
125
114
122
142
148
84
95
113
40
184
139
115
104
133
143
132
125
124
103
134
134
175
143
104
147
123
120
158
133
139
142
125
106
43
130
148
154
100
93
141
137
118
109
91
143
112
104
142
117
102
149
140
162
166
50
87
136
125
133
136
100
143
122
165
144
138
123
144
55
152
151
117
150
137
127
147
176
108
134
190
131
141
167
120
115
114
124
50
159
104
126
112
111
67
128
156
184
90
115
129
141
203
139
105
178
113
143
122
140
140
136
101
169
127
95
125
60
155
183
169
102
114
185
34
127
143
138
175
129
112
177
35
160
143
158
154
121
91
136
88
128
181
133
125
102
118
143
159
67
111
89
164
127
163
85
66
141
122
122
110
106
193
111
125
152
108
208
179
98
107
197
154
129
107
145
138
110
138
194
138
137
104
69
192
143
133
62
112
116
113
171
83
113
151
114
186
215
137
126
152
90
144
103
113
115
149
158
85
103
133
128
100
153
138
106
145
123
114
106
112
65
118
121
90
124
149
119
140
156
144
74
133
111
78
158
194
132
114
82
121
130
190
177
135
188
110
136
123
138
47
172
130
146
123
140
143
141
155
154
128
171
147
122
157
91
200
137
172
129
137
183
105
118
109
137
180
114
78
105
145
127
148
143
127
163
128
125
164
204
85
120
95
129
161
126
82
134
137
137
72
125
110
107
3
176
142
61
208
177
144
145
125
182
125
68
132
140
129
