# SOLE Quantized Vector 3
384
102
130
126
71
90
116
129
34
113
118
129
121
144
65
142
153
179
155
214
121
72
153
137
84
110
78
118
172
94
129
144
128
123
141
124
74
143
130
62
123
124
139
131
165
132
155
104
134
116
127
160
106
139
161
105
145
129
171
117
149
136
109
133
163
124
107
130
111
136
110
160
94
82
137
169
161
154
129
121
117
168
148
132
155
103
150
117
138
144
146
137
158
137
152
125
125
140
128
102
137
129
116
155
122
80
124
106
146
120
140
133
83
133
114
152
134
132
147
152
165
91
72
139
155
157
101
64
150
125
177
132
131
95
160
62
143
162
137
87
90
152
67
127
111
141
110
131
104
144
78
157
142
123
169
128
70
121
179
106
116
131
115
190
161
181
136
221
148
146
105
184
116
124
122
173
156
133
122
93
116
107
131
65
106
142
102
85
125
141
60
85
127
105
137
143
129
220
57
110
110
122
131
135
123
128
197
125
118
46
120
37
129
120
97
119
104
133
130
145
134
141
156
137
125
93
134
108
173
64
100
83
138
179
135
125
130
88
170
153
140
155
136
126
149
60
74
127
133
97
190
152
96
107
80
136
157
146
151
133
119
119
159
185
152
125
149
130
114
106
100
107
104
147
112
126
130
144
126
133
120
152
146
108
111
117
133
106
123
93
96
145
136
162
90
119
120
102
192
88
127
173
155
93
98
119
98
160
167
120
117
141
124
136
172
133
175
126
147
153
158
152
118
129
149
126
167
162
134
133
172
119
181
132
118
164
169
113
78
127
43
124
110
145
112
168
172
109
133
90
120
148
151
85
170
114
109
126
65
167
130
127
137
131
166
127
113
172
74
131
50
143
124
190
80
132
111
128
147
59
127
155
175
119
148
