# SOLE Quantized Vector 70
384
131
129
148
113
126
99
139
128
164
95
120
145
124
70
90
192
92
161
187
144
78
134
158
88
77
55
123
168
173
126
150
126
103
173
132
109
116
138
74
161
129
213
145
158
112
151
100
101
181
84
150
75
178
141
125
132
138
137
190
148
120
122
136
134
123
104
130
102
146
122
154
104
58
92
76
128
161
106
94
135
141
122
144
103
108
123
167
153
158
145
118
142
131
101
153
114
143
139
138
182
132
97
157
113
122
144
166
166
152
110
159
86
134
116
105
127
161
127
166
164
83
107
153
131
105
149
72
163
114
161
155
139
104
150
43
134
146
126
112
160
146
81
209
105
79
116
142
101
129
50
128
131
125
134
144
108
109
128
75
98
113
244
134
155
125
117
173
182
123
92
159
129
119
116
203
184
193
86
83
144
128
127
48
104
129
83
78
111
172
52
110
111
115
168
170
46
173
48
140
138
118
111
124
130
138
86
134
149
144
127
166
126
132
122
155
132
153
123
120
187
106
186
127
135
110
112
92
175
93
95
72
165
201
145
138
118
170
161
145
154
96
106
139
139
111
137
146
144
131
139
139
113
122
83
130
119
149
154
140
133
106
154
161
163
146
155
131
132
155
110
80
128
142
112
112
114
121
155
163
146
147
155
128
128
98
110
101
142
106
110
157
163
187
108
132
137
52
174
99
76
203
176
139
82
90
89
133
193
165
80
177
117
128
171
60
99
178
151
91
142
101
113
109
121
117
128
182
121
135
152
94
181
128
137
165
173
151
95
99
82
139
139
154
102
153
136
118
157
100
92
160
139
168
164
157
59
107
69
143
133
127
225
153
114
139
117
138
132
101
19
136
133
165
131
149
121
138
131
114
148
153
135
125
115
