# SOLE Quantized Vector 35
384
172
129
107
67
75
97
126
118
132
81
121
147
100
67
49
133
189
136
199
149
57
137
142
102
139
108
129
217
148
160
133
119
126
122
139
40
106
159
134
148
109
174
93
207
170
157
119
162
164
169
122
110
164
148
69
95
134
183
153
149
111
98
128
140
170
102
133
126
107
115
136
120
110
126
32
120
136
154
159
134
181
155
88
166
101
143
115
140
179
108
135
119
132
171
124
126
219
145
114
151
122
121
114
55
120
110
111
107
111
122
129
46
145
120
115
143
153
152
169
127
80
81
200
167
158
80
117
120
108
213
120
110
94
90
73
152
172
122
71
97
47
107
163
119
133
157
117
139
155
84
93
132
116
155
120
66
118
153
130
144
151
149
143
38
121
114
126
149
155
125
146
132
174
115
112
137
157
136
154
122
71
117
68
115
132
113
138
127
151
54
83
118
131
109
97
184
166
91
175
135
75
147
153
107
127
159
164
188
98
66
63
119
135
137
89
144
85
162
120
137
62
184
120
137
123
131
80
141
134
86
122
133
170
156
106
123
125
125
123
128
101
89
107
92
178
87
112
122
74
156
167
129
144
102
146
117
133
142
109
124
136
122
152
152
111
171
137
120
117
103
94
109
108
98
129
167
158
129
150
104
92
165
88
146
128
107
92
131
115
130
176
62
132
120
146
130
120
121
91
147
144
187
121
113
147
117
141
152
125
63
100
130
128
131
171
121
123
113
129
116
177
199
143
184
138
164
151
121
136
173
111
158
33
174
122
171
122
39
118
66
139
113
149
72
154
141
115
83
106
134
180
134
115
221
196
79
142
95
147
159
88
172
112
201
135
51
157
120
101
112
129
96
107
180
120
82
154
89
110
74
115
158
126
209
