# SOLE Quantized Vector 37
384
148
126
127
83
36
89
156
90
129
18
149
111
176
96
72
169
177
170
176
83
53
137
143
118
115
121
127
221
115
103
117
117
134
162
151
68
128
106
110
153
113
153
123
227
56
128
128
166
169
212
139
114
160
122
82
149
124
158
134
140
71
192
159
124
136
87
115
142
148
104
129
159
71
90
68
82
155
105
140
149
180
192
215
144
111
102
104
189
160
34
136
131
151
105
117
159
188
117
86
123
148
130
121
108
112
198
173
109
124
130
135
42
152
127
150
130
136
161
178
160
78
71
123
180
115
104
134
164
99
243
118
116
44
100
84
161
142
138
129
119
106
117
163
115
158
211
110
137
113
140
174
135
137
100
172
44
105
154
114
126
130
160
185
89
161
89
166
128
161
103
129
98
195
145
209
131
201
155
111
84
98
90
58
114
134
141
103
206
141
79
112
92
133
117
101
161
121
76
99
139
85
129
145
139
98
150
156
124
146
147
79
133
175
129
119
137
157
145
157
165
172
178
96
106
106
154
56
131
213
154
134
131
178
142
66
104
125
151
124
134
134
106
125
92
176
100
156
147
118
136
142
93
133
70
108
128
131
150
121
119
40
125
169
130
147
205
139
125
130
70
94
131
95
93
101
141
160
130
144
104
102
111
97
162
83
53
74
111
159
126
188
70
163
117
134
110
154
141
105
166
198
134
110
125
111
116
97
164
160
85
85
138
90
99
181
123
148
180
86
111
138
178
177
145
166
109
158
136
169
164
98
155
82
179
129
138
179
33
116
87
52
99
160
104
110
118
128
106
111
121
173
114
128
194
192
83
104
93
148
99
120
146
80
137
125
82
194
131
77
125
131
141
116
168
133
98
197
145
104
91
128
100
103
63
