# SOLE Quantized Vector 124
384
98
140
208
107
81
108
162
94
155
96
101
206
93
126
61
165
107
163
159
62
116
139
123
145
80
150
131
190
193
63
120
138
165
171
117
68
59
18
105
110
147
120
157
181
132
109
55
109
128
150
106
177
190
105
146
134
103
129
161
101
129
83
122
149
94
48
169
163
114
110
138
124
46
51
125
166
198
18
133
83
166
145
118
159
108
73
140
192
107
154
104
61
94
89
138
171
150
98
148
88
134
140
189
131
93
184
135
150
75
110
146
122
122
156
104
98
169
53
211
125
80
85
93
134
94
161
26
126
124
129
161
156
135
105
67
122
202
137
156
150
203
149
127
131
135
180
122
119
128
57
179
150
102
61
115
128
72
115
111
86
183
139
172
218
111
186
153
139
108
130
163
100
131
113
184
130
117
159
114
146
143
87
80
100
108
136
119
55
178
120
138
126
146
141
160
95
147
118
225
104
108
89
120
101
145
54
108
100
73
181
162
168
140
135
94
125
140
108
141
125
210
36
180
114
138
127
101
156
61
113
143
110
205
119
100
108
137
156
138
205
166
124
127
132
159
154
130
164
112
170
140
175
30
79
113
130
149
79
147
47
107
137
125
176
156
182
73
136
122
65
145
80
158
89
113
144
116
168
121
141
102
119
160
127
137
60
110
115
111
57
140
106
153
152
179
63
112
128
148
64
219
106
138
134
43
132
43
174
194
182
183
90
147
138
134
84
151
118
114
81
151
128
89
143
86
119
154
118
86
156
98
151
120
114
95
175
118
52
146
143
224
94
169
31
83
162
71
162
132
81
183
94
176
153
142
94
115
112
135
158
152
70
161
97
129
115
118
140
127
122
112
88
113
130
142
199
147
147
153
148
110
108
142
117
