# SOLE Quantized Vector 122
384
75
108
209
84
82
108
174
73
148
66
112
115
154
112
67
155
121
147
113
105
125
114
123
143
113
178
108
204
180
104
141
96
147
158
165
88
89
127
100
145
89
111
129
195
156
92
105
199
161
200
114
75
166
106
154
146
128
137
136
131
107
112
99
145
125
63
141
139
82
136
138
118
79
89
107
125
210
86
122
91
169
162
96
129
93
126
120
170
58
106
163
118
129
76
78
120
100
242
140
73
139
160
165
147
58
165
114
170
90
103
139
74
80
182
101
105
149
132
185
140
62
74
122
184
110
166
100
187
134
152
144
137
69
135
103
135
141
137
171
136
155
93
138
158
163
147
131
125
144
60
170
169
128
26
145
148
99
87
105
87
120
85
184
114
122
175
178
167
139
83
153
115
155
131
154
114
183
148
133
160
133
115
87
187
142
142
111
173
187
97
188
107
143
149
156
128
121
83
118
107
100
136
82
114
186
71
55
116
130
119
133
116
152
94
62
101
140
140
93
176
139
7
178
124
110
117
89
175
137
121
185
134
189
172
97
107
142
147
165
109
176
112
158
116
185
158
137
121
91
172
130
131
74
41
143
123
156
117
141
156
136
163
174
159
147
98
106
98
148
55
137
153
83
84
110
85
112
114
144
145
104
133
93
138
98
82
82
128
175
64
122
149
144
125
165
84
120
117
156
93
166
165
158
99
110
134
71
159
227
138
206
115
139
111
128
80
168
142
116
104
115
115
169
78
130
138
141
106
136
172
74
155
129
133
91
145
154
75
133
142
129
143
153
59
99
130
71
114
113
144
183
84
149
164
161
72
134
116
135
112
97
38
117
107
139
109
117
130
104
123
137
132
116
140
165
179
167
160
158
84
59
111
132
149
