# SOLE Quantized Vector 143
384
135
99
212
57
147
107
117
64
142
95
102
198
64
69
66
144
101
141
181
133
121
99
109
118
149
168
120
196
157
161
120
132
182
190
131
46
134
110
100
102
42
108
197
219
98
142
141
104
98
149
131
134
167
171
160
82
143
138
107
159
163
100
192
171
113
82
141
140
125
123
135
122
89
141
177
130
223
164
88
179
188
198
152
193
44
84
146
151
146
182
133
139
108
91
180
140
161
116
89
129
117
119
155
170
63
236
141
192
116
121
185
62
102
176
68
108
224
212
187
104
113
73
121
176
135
145
64
140
95
65
154
155
145
93
104
146
161
149
145
177
194
102
106
78
154
227
154
141
107
142
157
138
162
168
89
68
108
179
90
95
86
134
132
107
149
99
150
206
187
84
164
159
85
91
109
157
123
172
165
116
113
124
108
46
170
99
158
101
177
109
159
78
132
162
134
167
182
86
171
71
119
73
135
49
141
145
159
134
41
110
147
99
29
97
110
118
144
117
128
173
76
92
85
119
163
119
89
147
124
93
84
96
178
142
133
50
43
158
144
182
142
88
156
110
169
123
121
211
120
173
212
102
114
81
97
106
142
83
130
151
135
157
181
133
131
96
102
148
127
98
135
87
158
84
119
71
151
162
177
97
171
127
220
91
121
150
131
182
87
74
136
169
133
74
96
187
80
164
114
121
117
154
169
148
192
108
123
167
116
121
137
72
111
161
116
162
87
31
179
174
215
172
113
150
159
105
161
98
95
152
133
154
159
67
73
148
88
38
112
162
123
84
156
139
174
173
101
108
174
131
137
141
190
182
90
108
54
102
167
98
157
79
137
145
184
124
121
153
198
93
58
145
163
201
124
117
141
175
160
136
159
109
156
123
