# SOLE Quantized Vector 12
384
113
137
131
66
86
110
121
104
139
101
125
124
161
113
140
156
152
163
197
104
74
160
141
92
50
80
116
212
123
113
135
134
116
182
129
46
126
132
91
136
133
140
111
153
106
151
61
191
169
111
156
117
152
101
105
148
134
163
132
147
115
102
123
158
111
105
130
122
151
116
151
100
91
94
108
157
146
98
145
118
180
165
147
143
115
131
121
141
141
135
136
134
126
112
129
131
157
140
126
155
119
122
165
50
79
123
140
162
106
138
145
95
137
119
140
151
138
145
178
153
98
80
151
170
137
114
51
163
118
188
132
146
121
155
64
140
172
127
61
117
155
65
138
119
136
123
124
124
146
67
163
128
122
146
125
79
114
147
94
112
124
130
173
210
134
127
189
109
119
139
169
103
136
129
177
126
135
144
2
110
118
120
82
102
107
100
82
138
131
86
71
124
108
132
125
125
189
91
122
104
52
119
129
135
139
158
117
122
65
113
66
133
115
124
133
135
129
124
140
124
127
174
146
133
107
134
93
166
28
101
110
143
199
120
133
125
156
165
139
142
159
115
151
131
92
99
127
146
87
167
138
116
68
66
167
150
141
157
135
120
116
142
151
152
155
161
125
119
122
105
103
109
127
120
127
129
147
116
128
111
142
143
92
118
122
112
130
130
110
81
159
131
161
107
121
75
117
155
93
120
169
136
127
97
101
132
135
166
145
111
141
129
140
134
122
141
158
143
85
141
125
124
116
159
128
172
157
133
138
153
116
149
91
125
179
187
112
37
138
71
142
115
215
121
177
143
111
129
80
121
183
141
134
214
134
80
147
77
165
124
98
142
128
149
124
96
168
94
104
92
126
103
156
88
122
89
128
128
81
140
163
175
116
194
