# SOLE Quantized Vector 85
384
130
145
154
100
93
84
156
56
95
123
120
109
78
42
73
171
118
147
164
145
122
122
121
126
103
77
128
158
164
135
119
182
103
118
99
107
170
132
84
150
135
205
153
144
125
146
123
80
117
93
145
115
155
193
169
140
134
145
230
135
157
145
105
155
117
82
129
83
142
123
159
111
87
106
127
193
164
133
84
134
129
125
121
84
97
180
158
136
136
136
141
140
138
210
127
95
133
141
153
117
143
98
184
113
80
128
107
127
118
115
146
108
125
142
137
88
122
124
164
171
81
112
143
92
112
119
101
159
149
149
158
111
93
170
56
129
161
126
100
131
161
108
185
114
122
88
117
89
143
92
145
124
112
140
126
132
112
126
109
72
108
183
158
151
125
140
172
226
115
81
172
150
110
114
198
169
126
61
117
119
113
152
71
144
152
135
132
81
198
47
98
145
121
176
145
54
122
54
117
153
161
140
101
66
121
81
129
137
128
124
143
143
131
128
102
67
128
117
136
161
94
122
160
137
116
112
119
173
109
118
72
106
201
186
130
122
160
185
150
103
120
165
123
163
90
141
120
116
106
185
150
155
49
106
108
121
174
123
121
134
120
190
200
157
105
127
101
133
124
128
111
129
165
103
118
140
126
164
169
152
150
133
131
79
102
124
89
122
116
96
105
168
145
109
113
131
66
176
120
55
174
169
144
157
88
133
176
183
145
165
230
132
178
200
109
107
123
169
175
115
140
105
116
136
139
118
172
129
138
138
117
185
158
146
167
177
119
115
112
75
130
163
103
95
158
161
151
149
99
100
124
174
121
148
124
94
89
72
108
139
124
156
140
106
157
103
128
92
114
19
182
152
126
130
169
120
138
99
117
132
129
168
122
115
