# SOLE Quantized Vector 10
384
83
140
137
54
73
100
139
80
117
59
135
104
145
100
152
155
175
149
188
117
75
153
140
95
89
116
111
221
109
119
130
137
110
160
133
52
143
130
84
132
122
130
113
178
141
135
85
221
190
152
153
115
136
104
105
147
133
176
121
142
85
116
126
152
116
106
129
99
144
134
158
103
91
110
108
121
133
88
149
110
179
172
120
132
122
150
113
136
136
138
145
135
139
111
129
144
144
123
124
135
122
129
147
90
50
126
157
151
112
146
145
83
141
120
148
142
136
143
171
190
82
77
185
192
135
115
97
186
120
214
128
144
113
132
88
196
166
135
73
92
136
77
144
125
156
95
108
132
143
68
171
126
128
139
137
52
131
146
90
114
134
103
189
143
161
144
196
119
119
138
157
100
175
124
184
124
167
143
24
114
109
139
79
96
134
117
91
144
128
61
74
136
105
138
116
141
175
79
104
124
67
150
127
156
132
171
131
128
122
100
53
118
126
130
115
125
130
143
141
132
142
159
162
126
106
135
100
175
94
97
134
128
179
137
92
134
160
156
162
109
165
115
120
120
112
102
127
137
74
162
125
91
101
40
163
140
143
181
137
132
113
141
178
140
135
162
133
114
127
96
107
98
106
117
120
149
141
119
112
136
126
133
56
126
122
111
90
131
109
84
157
129
148
118
114
106
132
158
102
148
173
156
121
110
93
102
161
145
167
100
131
132
135
110
125
139
167
136
78
132
116
124
114
133
125
175
146
134
139
174
102
151
127
140
175
163
120
49
134
69
128
130
191
100
179
151
120
123
81
101
195
139
118
227
147
76
134
86
152
141
80
112
126
120
116
90
159
92
107
89
134
136
143
103
125
84
129
106
80
117
119
168
108
180
