# SOLE Quantized Vector 45
384
103
121
128
62
86
47
194
30
136
89
211
129
103
68
87
193
127
51
146
153
79
112
187
93
128
46
112
157
115
164
117
55
163
181
102
57
55
120
46
186
168
162
78
173
94
168
159
74
136
162
154
176
151
197
57
127
122
190
166
142
165
1
141
92
135
68
88
110
115
87
114
125
83
114
187
124
188
143
140
119
163
171
159
98
91
114
162
112
247
152
138
52
205
162
105
125
139
140
94
185
225
80
140
151
114
96
29
133
161
145
110
63
161
60
58
124
105
65
160
111
100
81
160
105
59
82
100
170
217
172
98
102
74
151
64
63
163
136
114
78
118
108
160
149
113
131
113
138
99
6
166
67
196
137
188
109
119
166
119
132
149
117
168
130
134
170
159
174
181
54
193
98
174
50
193
155
132
115
134
153
115
121
70
44
97
71
116
148
165
53
140
204
139
137
145
136
128
101
77
235
168
170
112
29
140
162
103
110
98
77
70
166
166
92
125
110
163
155
186
161
139
189
99
150
153
71
84
146
170
108
93
111
213
198
133
111
76
157
65
146
78
86
138
93
130
108
191
107
107
154
189
85
177
94
142
135
129
68
95
156
76
221
161
191
125
151
112
143
72
131
104
102
56
140
118
139
69
193
183
154
131
160
132
155
90
152
145
128
167
126
117
182
145
74
138
138
109
211
95
118
217
183
113
139
160
141
167
191
49
86
139
102
107
215
109
163
109
142
195
184
138
28
100
129
110
110
189
103
121
120
111
184
126
180
197
144
242
64
102
57
186
100
134
70
122
158
172
35
102
134
125
30
120
152
148
24
174
75
91
121
121
154
21
181
184
123
164
103
112
96
250
163
229
206
129
56
136
197
96
116
146
77
93
130
