# SOLE Quantized Vector 181
384
138
123
206
122
116
113
142
163
150
84
120
115
125
85
60
187
54
126
176
109
123
139
142
105
65
131
117
208
143
106
128
112
131
176
85
87
125
117
81
114
130
109
135
159
128
134
62
138
176
97
131
113
168
137
151
167
131
135
165
143
131
144
125
157
108
117
119
146
122
127
158
126
54
105
116
129
157
40
73
127
140
128
132
123
92
133
129
148
142
158
134
145
122
121
135
119
150
125
119
167
130
135
169
65
133
152
158
161
112
133
151
80
122
139
126
140
133
95
222
165
111
94
149
112
116
163
69
153
131
171
135
156
131
161
46
102
199
137
96
113
152
140
140
103
119
130
137
155
127
88
166
118
130
156
119
36
126
161
85
97
117
202
146
218
112
114
158
157
174
119
150
126
74
110
140
150
107
149
70
120
110
131
105
120
138
115
129
102
164
137
110
128
128
170
159
104
182
87
124
81
149
140
115
108
107
123
133
108
96
159
216
119
69
137
147
130
139
106
136
173
101
177
126
134
131
110
73
204
113
57
68
138
174
161
143
104
125
171
138
154
150
108
148
117
121
142
137
156
93
157
151
120
114
81
141
127
138
137
125
166
135
154
162
173
171
147
109
135
148
127
137
129
137
121
118
117
142
149
163
165
144
143
146
153
144
111
135
130
138
59
144
134
155
103
96
148
55
160
109
100
153
120
147
122
144
113
174
176
134
120
162
131
128
127
109
140
149
134
87
127
144
122
113
152
121
131
153
114
147
159
93
151
142
53
169
175
131
37
136
179
127
103
246
144
152
150
154
142
104
107
174
141
170
178
119
109
131
92
140
119
132
158
138
108
121
85
98
115
117
38
114
135
142
114
157
123
145
117
130
92
172
129
123
134
