# SOLE Quantized Vector 58
384
146
153
132
71
106
112
166
85
103
107
119
98
106
80
51
142
118
142
163
176
102
123
141
97
76
49
113
176
133
129
122
116
80
165
96
67
170
157
61
148
141
175
144
200
113
211
160
58
114
134
142
104
150
195
119
127
126
155
198
142
159
135
105
148
98
97
136
105
167
140
142
60
69
118
163
150
193
122
107
147
182
112
143
132
111
220
150
129
198
147
177
143
152
167
145
113
179
117
130
142
147
103
148
102
106
145
134
141
160
148
134
61
112
110
169
86
112
116
178
156
106
112
192
63
127
109
64
136
158
177
134
104
123
164
61
74
162
142
101
95
183
140
171
106
95
137
87
106
149
114
167
145
104
155
108
57
152
146
143
126
120
186
147
182
124
128
185
174
132
79
156
135
135
130
175
174
110
58
153
161
111
242
68
112
144
132
100
84
173
70
150
141
106
143
181
90
131
68
98
153
195
157
71
62
63
133
100
153
122
68
137
161
140
159
129
98
133
174
131
156
124
222
115
112
105
96
94
202
109
74
73
135
178
158
106
152
120
162
114
84
78
129
108
123
74
99
130
117
117
165
112
153
119
90
60
118
142
114
118
145
139
167
162
121
135
104
117
124
149
103
114
149
157
115
106
151
134
138
157
144
128
130
144
121
100
104
98
137
182
112
145
141
167
99
108
154
87
175
132
70
165
176
125
180
125
94
217
182
113
141
148
111
122
203
89
127
108
146
170
120
143
108
148
157
123
111
200
115
150
144
101
152
124
158
137
151
107
41
107
85
177
111
114
123
160
160
131
143
108
100
128
180
121
171
148
135
77
90
133
149
103
156
155
137
147
99
144
109
126
42
174
196
157
103
148
89
143
75
107
142
150
161
125
155
