# SOLE Quantized Vector 194
384
95
120
186
122
122
117
129
140
165
99
124
127
129
74
108
190
63
130
176
106
121
162
128
93
92
136
116
178
124
96
134
137
130
153
81
93
134
127
76
131
129
80
138
139
130
133
57
149
162
121
123
87
171
130
136
149
133
137
178
142
134
152
114
160
126
113
122
145
125
127
165
122
56
92
112
173
135
69
83
122
147
134
128
124
83
143
120
150
144
163
126
144
118
116
127
115
133
134
151
157
135
154
193
12
91
135
162
168
100
129
170
107
118
138
137
140
145
97
179
175
95
90
135
133
117
162
59
150
126
159
148
188
140
184
32
135
172
140
103
107
154
146
125
100
103
122
155
145
126
54
145
130
127
150
125
87
127
160
81
98
127
144
151
157
143
124
174
144
185
131
151
122
66
122
193
146
110
155
72
120
89
138
81
98
130
108
107
109
183
135
125
127
115
167
154
145
159
91
123
60
179
139
115
128
128
139
128
98
78
145
247
116
102
131
157
124
156
108
146
184
122
130
122
121
128
129
80
175
92
91
71
145
165
163
123
120
159
187
158
152
169
120
155
111
132
140
143
150
80
165
155
144
92
87
145
138
158
164
138
150
126
148
162
181
151
145
121
134
148
137
133
142
134
128
120
117
143
133
142
141
161
140
116
163
156
119
157
136
124
68
103
152
138
87
118
128
39
152
112
61
169
145
153
89
156
128
149
178
169
107
171
133
136
153
104
149
156
129
84
140
114
108
115
122
134
122
179
110
140
178
85
184
157
48
146
184
141
83
140
201
130
117
193
137
157
174
145
153
112
96
187
127
192
153
98
91
128
86
129
129
131
119
154
125
118
97
78
90
121
13
129
132
146
99
159
132
132
123
114
114
141
131
120
154
