# SOLE Quantized Vector 166
384
137
127
190
108
139
111
150
162
138
105
126
120
136
83
80
163
43
105
187
115
110
143
134
89
102
120
115
172
138
104
138
88
133
187
113
95
130
130
84
169
131
98
146
158
130
139
71
121
185
118
111
100
199
118
156
142
138
124
155
157
128
139
115
142
132
70
160
138
114
140
145
115
43
94
134
130
158
100
93
131
151
137
124
143
87
112
126
143
99
137
138
134
112
109
130
117
135
127
119
158
148
156
165
58
116
150
149
172
105
126
152
90
118
135
127
135
169
83
172
147
102
78
169
153
128
168
53
159
151
144
130
146
119
169
15
117
160
155
114
92
141
155
122
121
129
155
149
144
131
52
168
156
123
151
121
96
116
159
93
94
130
150
172
154
97
127
191
155
183
112
174
140
72
106
138
144
116
169
110
136
107
118
114
90
96
104
85
113
197
110
142
129
135
157
158
164
140
98
126
52
131
140
118
90
117
109
141
85
44
145
233
126
99
143
124
114
160
99
135
193
119
136
128
126
134
111
66
178
143
84
94
177
190
165
131
126
112
187
147
149
167
77
162
65
127
150
141
118
90
174
164
161
106
98
139
129
137
118
119
154
173
133
175
164
182
133
83
127
147
90
152
141
127
126
113
120
127
143
171
144
145
137
144
166
156
114
165
126
136
93
152
109
163
99
128
111
43
146
102
84
163
121
164
132
147
101
123
157
160
118
186
123
128
120
122
139
147
104
91
122
150
97
123
140
132
126
197
88
155
195
93
187
134
56
137
191
135
63
152
194
137
94
201
137
143
144
82
108
102
119
190
131
193
167
127
100
145
87
135
115
136
105
111
135
146
117
76
131
130
15
116
133
145
146
171
132
144
133
131
121
149
102
130
166
