# SOLE Quantized Vector 18
384
152
135
120
57
69
117
123
42
115
88
128
121
127
79
104
146
204
166
205
132
71
151
145
96
121
91
123
186
81
122
141
97
115
193
139
26
134
116
92
132
107
141
119
206
139
167
128
117
94
180
148
129
150
156
97
159
122
153
137
137
111
118
128
146
126
83
143
105
99
121
148
96
86
140
135
149
201
131
159
105
188
144
116
150
104
137
102
139
143
126
151
160
136
156
105
129
162
130
110
131
130
119
143
136
46
131
99
144
133
141
109
48
150
119
150
149
122
131
166
128
84
79
194
151
157
95
114
137
130
197
130
136
101
135
78
132
184
136
85
94
139
96
119
114
132
145
102
120
155
84
173
133
113
155
129
65
138
168
126
143
136
48
187
156
145
131
186
121
137
110
150
123
160
122
175
157
152
159
90
127
97
109
93
128
123
106
107
151
146
66
77
122
104
118
141
174
172
104
120
122
83
134
135
101
131
160
131
111
50
113
53
138
116
115
107
120
128
138
133
149
141
154
142
125
97
110
114
165
121
86
122
123
172
130
110
126
80
151
137
120
133
137
115
110
137
89
128
119
105
160
160
98
120
40
115
135
134
131
118
109
127
141
178
149
125
123
118
138
115
87
124
111
141
111
113
151
140
97
131
112
123
139
72
129
119
140
104
116
104
87
153
119
148
111
113
108
130
149
97
124
172
153
107
120
143
121
178
149
137
113
128
120
140
153
137
165
102
130
195
129
176
125
147
129
141
166
161
125
139
162
116
153
106
171
185
155
115
19
119
68
122
97
160
102
174
152
96
117
96
122
163
141
136
224
135
102
131
98
157
115
120
122
127
215
110
107
169
101
127
89
119
127
156
115
140
120
121
131
77
114
142
138
121
173
