# SOLE Quantized Vector 67
384
136
135
162
99
109
87
169
97
150
37
120
156
147
132
56
146
93
142
132
135
79
146
137
109
66
64
121
197
127
95
118
156
125
240
159
68
112
161
47
126
101
186
109
195
108
165
141
152
157
168
112
127
161
125
110
135
123
160
168
144
101
97
146
145
112
66
133
131
128
151
142
96
84
73
132
131
186
59
159
123
193
138
128
149
96
153
113
129
136
169
144
121
146
95
162
136
192
150
126
139
125
124
147
65
95
127
130
167
94
130
160
52
104
122
132
125
138
129
187
114
76
100
144
107
111
130
67
142
101
122
156
122
91
124
79
104
144
116
142
164
186
110
178
123
110
162
89
111
149
69
160
144
105
94
119
113
116
89
116
110
125
102
148
165
152
113
180
134
121
107
144
92
179
121
201
158
163
109
75
122
124
143
48
106
94
105
47
154
176
94
179
121
102
134
155
130
115
78
151
112
118
138
107
107
123
107
121
131
155
103
149
140
142
116
121
142
136
128
128
154
144
198
183
115
102
126
73
175
183
113
155
114
211
155
110
117
172
162
92
159
142
117
111
78
162
100
137
146
127
141
127
142
73
47
136
106
138
113
127
138
116
109
120
145
183
135
143
119
127
71
108
160
143
105
110
125
107
118
105
79
102
130
120
121
104
110
61
137
124
103
153
145
171
141
130
72
133
124
97
108
188
141
135
112
82
126
118
171
175
128
138
94
147
151
158
80
152
128
121
144
72
171
143
134
127
117
178
113
106
145
106
151
80
200
148
150
130
38
116
108
120
121
143
92
175
138
84
151
101
124
172
151
200
139
181
74
119
109
151
143
117
121
130
109
105
100
124
134
39
123
145
120
148
132
149
148
123
121
130
150
88
80
102
147
