# SOLE Quantized Vector 47
384
187
129
129
95
118
91
132
48
121
71
134
128
104
91
71
143
142
149
192
186
66
142
143
101
134
43
121
171
96
166
135
106
90
168
167
80
154
126
72
154
116
218
108
172
118
148
153
111
89
207
137
199
163
192
54
134
147
158
186
171
115
138
123
138
132
90
168
96
138
114
124
12
117
86
113
152
163
128
162
95
159
136
113
121
91
193
125
144
159
119
144
98
128
191
116
151
153
128
107
157
128
135
110
78
94
165
95
141
119
155
135
67
111
152
130
131
97
148
156
128
62
84
152
111
131
66
116
104
139
179
137
82
77
94
83
138
151
160
74
107
138
134
168
87
129
174
96
139
156
109
105
129
99
149
107
114
108
146
141
160
104
50
169
94
116
121
176
146
153
87
147
136
179
107
115
159
153
130
123
115
78
116
61
144
88
91
67
135
166
56
124
116
104
97
118
202
123
85
149
125
72
134
105
69
109
152
127
125
87
88
83
104
145
154
103
109
153
139
109
165
126
173
174
123
108
112
93
121
148
113
155
91
210
99
120
119
133
147
177
99
105
116
112
49
179
66
113
160
110
139
162
54
129
91
109
125
134
123
107
123
149
146
129
144
120
181
138
153
95
80
118
181
138
92
104
173
144
146
144
115
118
131
101
129
32
110
22
124
167
117
162
126
150
132
86
119
126
111
218
151
162
169
95
131
133
128
157
168
109
76
122
118
200
141
121
139
68
104
218
156
137
159
143
153
156
146
187
114
126
117
117
194
115
221
140
136
156
73
76
76
181
136
117
95
138
150
50
125
140
193
178
166
157
170
185
87
121
96
145
117
85
153
127
165
119
104
163
122
103
127
164
100
151
102
138
128
136
145
84
134
104
116
122
151
