# SOLE Quantized Vector 130
384
92
98
174
109
103
125
155
34
130
111
143
205
189
90
83
105
125
190
179
226
103
91
81
75
152
189
154
171
164
87
173
108
126
148
183
73
135
117
100
116
114
106
148
193
158
118
116
116
72
200
108
129
187
170
173
167
118
111
106
176
133
12
134
208
117
43
120
188
84
126
137
80
33
134
189
157
191
105
107
104
170
135
120
89
68
129
108
189
99
177
134
148
164
73
166
112
165
173
160
122
157
124
163
188
70
143
95
216
116
135
177
91
96
136
92
132
118
156
159
125
83
66
130
135
182
140
69
83
104
132
167
218
96
96
105
156
156
153
148
131
147
123
105
163
149
255
152
148
110
82
149
201
89
154
127
110
155
128
102
108
118
50
157
113
138
128
175
191
163
31
140
61
125
87
163
187
88
153
169
99
115
145
111
188
160
169
163
129
218
99
195
95
110
142
117
181
157
113
183
64
97
161
153
54
120
133
80
159
14
121
137
111
135
123
69
105
136
155
135
190
157
65
88
118
121
140
136
125
149
96
128
94
200
192
102
146
71
145
8
119
174
111
106
99
176
137
151
103
122
181
124
98
102
87
117
117
154
80
118
81
132
91
147
188
77
103
89
102
75
54
150
218
125
93
117
105
157
159
144
146
73
129
167
190
112
139
20
122
146
100
120
219
116
98
154
129
108
135
136
109
182
189
105
218
183
126
98
139
176
166
159
122
66
148
130
149
110
79
224
142
183
101
135
98
143
121
150
102
124
197
120
194
126
107
110
127
103
84
137
157
121
115
145
95
92
166
5
165
203
139
159
45
174
186
133
79
43
113
94
143
165
42
140
162
157
127
73
130
144
122
122
103
115
84
169
111
116
102
142
94
116
128
135
119
