# SOLE Quantized Vector 82
384
91
128
181
97
151
92
153
111
142
90
113
118
145
110
57
159
91
168
119
125
106
157
151
104
39
80
102
181
178
124
104
128
153
208
133
81
112
139
56
135
132
186
137
169
151
170
131
130
175
116
141
109
159
128
130
68
148
146
211
141
148
92
117
144
129
76
122
104
150
130
138
85
65
103
124
163
188
96
156
137
179
126
100
163
108
93
152
135
112
142
124
102
122
105
121
113
158
172
139
148
135
123
169
49
103
140
143
160
127
123
150
107
119
139
108
141
146
143
196
123
84
111
159
116
130
152
41
143
130
139
146
134
104
166
64
100
167
127
97
137
150
88
179
111
85
174
127
123
158
115
145
117
139
120
118
131
115
118
121
107
114
142
130
157
113
109
144
148
102
111
164
117
150
118
161
152
155
80
84
141
133
128
73
115
108
82
110
98
158
85
115
127
138
158
182
92
152
93
123
126
139
104
118
94
145
113
101
132
142
111
153
134
149
132
118
130
144
137
122
155
98
171
148
127
141
49
85
212
82
55
146
118
213
138
143
95
190
155
108
127
113
92
162
113
152
108
144
149
108
157
168
160
67
60
104
122
150
88
125
172
165
161
128
157
177
156
114
152
134
112
103
122
137
119
131
107
136
134
149
156
131
141
102
113
94
116
159
141
125
91
144
150
189
115
141
101
86
136
90
57
153
165
168
136
98
121
121
191
164
112
187
112
134
199
126
62
141
125
116
116
72
139
136
143
125
145
187
92
100
153
105
151
86
187
138
180
116
44
133
101
179
119
161
98
162
147
103
113
134
142
166
149
179
201
171
67
133
106
143
129
111
123
134
133
160
98
129
139
77
57
133
116
158
142
144
99
115
142
122
174
96
84
123
196
