# SOLE Quantized Vector 196
384
118
114
187
119
110
131
114
129
151
79
102
123
117
51
100
203
87
140
197
90
124
166
132
130
88
140
108
184
138
114
112
159
105
139
59
109
86
104
111
131
131
106
151
136
100
113
37
146
155
116
137
130
175
139
134
151
138
131
159
150
111
113
119
190
110
149
91
116
136
110
166
137
60
88
77
155
139
59
32
148
118
127
144
52
90
135
139
132
125
167
128
147
103
118
162
126
155
126
135
158
113
146
185
94
100
134
158
165
133
136
176
76
126
134
125
144
168
131
182
199
82
89
147
131
102
162
95
173
126
149
163
195
130
174
23
136
167
126
75
148
152
150
148
69
132
107
136
132
122
106
139
92
117
146
155
92
106
161
31
93
120
201
142
189
132
127
169
197
173
152
130
136
49
113
190
154
134
130
53
86
89
130
84
103
153
83
77
87
181
118
77
134
119
174
154
71
198
55
139
73
151
154
109
139
124
115
126
115
100
162
217
119
82
141
155
126
163
105
138
185
89
147
142
120
129
116
85
164
86
104
33
142
159
177
132
115
131
178
122
149
156
123
167
164
134
164
139
156
86
145
153
137
132
86
137
137
165
186
136
141
90
179
184
168
121
210
139
157
141
154
128
116
157
131
134
131
159
161
172
130
171
157
104
143
132
110
161
148
126
75
104
152
125
89
86
132
24
193
86
89
184
145
146
115
188
122
146
186
145
74
165
146
177
129
101
164
173
125
78
82
106
98
101
102
120
130
145
134
124
147
107
180
161
24
187
174
114
113
139
194
139
125
184
129
164
171
152
165
142
111
168
143
177
144
77
70
123
77
124
157
127
191
143
120
114
100
82
93
116
23
116
124
164
94
169
142
144
166
96
115
157
137
107
121
