# SOLE Quantized Vector 151
384
124
130
239
99
133
119
138
114
134
75
126
135
138
104
46
161
89
134
180
121
113
128
127
116
87
156
130
200
137
110
125
119
152
227
148
69
128
121
99
136
127
105
133
197
100
107
91
112
172
167
123
115
183
104
147
147
132
107
147
152
118
144
129
145
123
79
149
136
117
140
143
116
66
106
135
122
187
81
110
115
172
148
157
123
109
107
115
155
131
149
132
139
120
93
139
118
152
147
109
118
137
142
157
124
60
159
158
161
99
133
153
85
114
139
123
148
160
118
207
142
91
75
191
170
127
175
94
135
127
143
146
152
130
126
48
164
187
137
112
123
161
156
110
123
145
160
136
159
144
82
184
134
127
124
126
80
122
141
83
92
133
98
177
137
127
119
183
151
156
116
152
115
117
124
168
134
141
210
126
133
115
127
123
120
129
121
84
117
182
95
145
121
135
166
163
159
137
100
127
87
111
136
129
98
133
99
137
111
72
144
186
114
88
141
114
120
144
113
132
171
123
76
135
125
129
108
106
217
194
99
130
144
180
150
111
94
113
183
126
140
176
101
149
73
167
153
140
137
91
170
149
133
93
53
119
117
143
109
116
151
138
146
183
166
162
138
86
140
140
84
143
141
142
106
117
124
134
126
151
158
123
141
151
136
137
125
124
134
136
70
144
143
141
120
125
138
73
134
125
98
171
117
161
125
127
118
110
157
173
134
179
109
124
103
123
132
155
98
106
129
168
121
118
112
137
125
190
114
125
167
101
153
132
87
148
151
136
30
134
184
151
110
225
135
130
138
118
134
123
113
180
125
197
209
133
87
122
99
140
124
110
61
150
116
124
123
109
137
128
33
123
135
123
126
163
149
150
131
145
134
131
98
128
143
