# SOLE Quantized Vector 141
384
136
118
186
73
91
101
129
105
100
108
150
130
125
51
51
156
111
117
198
163
122
76
121
69
148
132
137
197
141
125
169
115
175
137
76
50
207
127
139
172
95
118
113
181
152
151
105
19
103
86
119
57
178
167
204
184
110
105
133
108
155
179
116
138
135
85
110
145
121
133
136
108
63
119
136
142
200
167
63
112
113
131
109
133
100
134
138
167
100
212
132
205
163
141
86
117
128
118
161
131
159
131
164
124
56
126
116
161
148
139
165
80
71
123
114
89
153
189
176
182
111
89
203
163
116
117
108
170
157
178
130
162
144
135
58
135
159
138
172
115
178
147
128
120
160
115
157
101
118
120
197
201
116
171
115
114
130
151
91
90
49
186
170
122
120
187
166
204
172
64
165
142
77
101
144
159
85
124
130
141
102
246
86
93
141
182
172
117
202
99
183
113
121
152
163
142
115
99
99
137
133
138
121
47
48
125
106
120
53
129
164
170
118
126
91
91
151
119
165
200
136
112
80
102
124
96
98
159
178
68
53
127
178
183
101
151
79
165
158
128
143
147
84
118
84
175
133
99
121
172
127
124
93
128
118
134
146
144
129
160
126
151
190
209
92
80
108
105
100
101
170
153
141
94
109
168
114
140
182
186
137
107
169
138
106
124
96
60
138
88
125
138
163
60
97
168
59
180
170
90
161
178
122
122
165
115
204
139
140
151
179
110
125
137
86
158
105
102
150
171
243
98
96
122
125
102
137
115
177
173
112
152
131
48
156
183
109
87
92
138
79
136
171
131
119
165
107
156
77
79
149
152
119
147
94
122
84
80
68
126
162
139
124
108
139
101
87
119
193
80
160
148
113
84
159
114
87
136
151
90
192
195
148
86
