# SOLE Quantized Vector 31
384
196
124
127
71
15
141
125
64
64
89
107
95
138
95
69
135
172
89
205
108
72
169
141
137
96
52
161
186
81
98
135
131
101
205
138
60
133
97
81
129
74
146
179
240
50
189
167
71
71
212
159
70
158
168
91
216
118
148
121
124
94
130
140
156
114
112
165
137
162
146
156
140
65
101
162
123
211
211
127
106
186
128
214
130
108
133
108
143
129
152
213
117
111
132
97
129
161
131
95
117
106
98
140
144
120
94
98
164
221
139
135
42
188
164
174
126
151
118
179
114
111
85
178
106
161
64
99
106
127
161
125
150
132
148
68
141
171
129
102
127
227
92
133
113
133
193
69
87
203
103
243
129
63
139
122
29
148
138
155
126
179
127
193
228
173
115
217
126
131
104
156
137
149
149
136
170
162
144
150
145
104
92
84
137
148
124
95
144
170
88
60
98
111
123
100
144
146
70
221
125
171
104
179
103
76
130
115
143
59
95
91
122
58
116
133
124
123
116
131
144
160
204
126
113
87
196
62
101
167
146
84
156
164
162
85
160
59
163
135
64
100
132
139
111
112
96
111
105
111
160
137
109
108
68
45
99
130
124
89
176
111
125
170
155
145
100
87
149
180
71
129
134
163
92
119
157
114
124
152
48
143
109
133
109
163
159
93
116
122
98
171
94
181
132
122
135
147
179
83
111
171
133
116
185
92
95
156
162
150
143
95
163
88
158
172
154
149
135
187
153
170
114
140
157
135
49
142
99
159
169
98
152
125
166
124
143
78
24
111
93
129
94
139
139
193
135
69
137
94
127
128
154
144
124
136
149
91
96
155
152
110
135
150
124
153
128
155
88
169
123
103
212
137
71
146
178
120
74
70
98
181
202
131
105
