# SOLE Quantized Vector 7
384
123
133
115
69
59
89
131
102
111
107
135
123
143
66
128
152
194
149
187
119
74
140
139
106
120
127
106
227
121
132
138
129
127
86
130
47
132
121
125
134
107
157
119
163
140
140
79
247
179
139
149
106
146
133
106
136
124
175
142
144
110
116
130
155
121
113
125
98
148
115
154
102
111
123
56
158
101
105
131
116
173
151
121
145
103
153
114
150
138
130
156
141
137
160
125
147
152
112
103
135
126
129
130
57
78
123
127
135
118
123
128
61
139
128
143
154
143
150
169
175
82
81
161
166
156
88
102
182
124
222
110
140
118
135
56
194
167
131
80
92
109
94
155
130
162
120
121
132
150
94
139
133
121
138
139
26
134
168
113
106
134
139
181
111
133
146
168
145
133
130
169
115
150
116
140
133
133
118
77
113
82
120
58
103
139
125
91
148
136
44
59
124
97
135
113
155
207
65
125
119
101
151
130
136
135
171
129
146
84
106
29
129
135
139
100
131
119
170
136
136
100
166
138
124
112
145
95
212
53
98
98
130
178
136
83
130
172
152
157
103
150
134
114
135
105
86
121
122
72
169
133
97
113
98
162
143
144
165
138
125
114
143
188
140
117
156
135
114
108
120
111
107
112
112
120
146
149
113
122
109
128
143
69
138
117
101
87
118
104
79
169
119
139
112
118
103
116
154
105
149
154
182
97
105
129
109
148
152
127
87
124
130
139
114
149
124
150
153
110
145
168
135
128
164
140
169
147
152
133
164
116
154
124
138
159
167
119
58
128
56
122
141
156
91
147
154
111
123
96
114
173
139
85
194
170
106
139
75
163
147
110
156
122
176
122
44
163
91
85
62
138
122
116
111
132
101
134
109
98
116
102
187
117
199
