# SOLE Quantized Vector 68
384
154
101
135
119
107
55
190
130
147
90
117
118
135
103
85
184
85
188
170
101
81
179
155
88
70
50
125
163
173
82
139
106
118
193
185
104
138
128
39
106
129
200
162
165
174
159
117
131
185
136
118
160
171
129
110
129
125
165
227
162
132
101
146
168
113
59
176
156
111
129
191
85
51
82
116
151
159
68
154
129
166
122
96
110
96
52
130
137
169
147
115
180
136
120
160
100
189
159
138
182
108
119
160
28
125
135
158
170
114
129
138
127
126
128
142
156
138
104
178
112
74
100
92
66
103
140
37
112
98
117
153
128
110
133
49
121
143
137
102
175
161
81
184
118
109
202
100
128
150
75
120
102
122
129
117
86
92
155
115
98
126
143
139
178
147
122
116
107
107
80
122
78
177
83
198
186
142
111
101
105
130
78
47
134
103
90
165
117
150
91
101
91
117
153
157
92
178
93
170
113
186
94
141
109
142
104
167
128
148
114
145
132
149
137
137
171
156
147
112
150
114
181
156
123
136
117
67
167
114
75
125
82
206
100
130
94
187
166
82
149
98
99
204
87
177
65
107
174
147
144
152
148
44
84
134
87
139
101
133
142
160
149
113
120
205
169
123
164
94
91
73
129
127
141
102
89
132
161
126
100
127
161
126
129
80
108
87
121
122
99
175
153
139
146
88
136
112
139
105
93
196
142
153
116
64
131
112
194
164
140
171
114
121
177
147
59
143
136
117
104
112
191
143
140
148
109
177
111
99
161
119
185
120
192
140
165
116
68
151
94
116
95
149
85
154
128
113
136
138
137
186
166
195
133
177
67
109
107
151
132
121
137
126
122
124
114
105
152
94
87
123
88
151
51
139
147
124
191
91
149
125
107
94
118
