# SOLE Quantized Vector 123
384
47
85
181
109
133
143
169
75
133
103
102
49
170
117
91
138
112
88
133
203
108
151
134
88
119
168
100
167
188
96
164
44
161
161
160
104
129
126
87
148
86
109
112
169
136
123
87
154
139
176
116
181
192
97
153
145
83
87
143
169
125
162
108
103
140
37
224
119
123
221
126
210
43
77
122
154
181
112
127
161
149
110
106
173
82
84
125
187
55
51
87
218
138
62
215
140
206
142
165
80
159
136
193
118
86
103
133
170
51
79
179
89
92
143
161
118
148
86
149
142
58
67
176
197
113
174
44
120
148
122
159
153
123
150
79
124
144
165
146
123
154
101
127
170
125
255
151
125
103
52
180
199
110
85
129
155
124
103
115
94
84
62
170
102
100
153
199
161
146
83
152
107
126
112
173
139
146
151
156
186
146
123
49
136
104
168
103
92
211
94
173
117
98
141
144
130
114
90
154
78
63
114
98
94
88
59
157
142
85
98
151
186
144
129
64
88
143
109
119
187
176
61
149
47
169
73
81
140
114
105
184
121
225
170
114
121
142
165
101
142
161
62
137
108
179
156
115
118
128
190
138
188
37
82
124
132
163
79
146
145
159
96
134
203
130
110
69
108
123
21
80
109
141
123
93
92
140
92
149
134
108
146
125
142
201
94
82
148
87
89
133
89
144
146
121
86
122
90
129
65
202
145
163
120
88
128
72
154
249
149
202
123
148
140
156
66
158
79
120
176
129
162
127
68
99
147
168
94
125
194
84
193
121
132
104
178
85
89
144
146
146
125
154
160
144
159
76
117
64
164
189
169
191
172
155
67
100
111
88
165
162
34
143
118
114
120
90
171
107
118
178
143
121
61
143
149
112
183
153
184
101
114
109
137
