# SOLE Quantized Vector 167
384
140
132
185
101
128
125
159
166
141
97
114
101
111
76
78
168
52
117
194
117
111
145
130
95
98
138
124
173
146
99
127
143
140
169
133
89
125
120
97
136
136
86
146
159
116
133
48
113
181
97
112
110
201
125
143
141
133
111
162
155
154
131
132
154
130
102
141
145
117
117
140
103
43
75
115
115
149
82
67
120
141
131
132
131
108
104
131
157
200
146
131
149
103
108
193
129
145
128
126
174
122
129
171
83
129
138
140
206
121
144
147
75
115
119
119
141
176
112
180
158
99
79
135
141
102
175
49
156
128
140
137
156
116
146
2
102
160
128
116
110
141
204
133
102
120
135
144
162
124
108
176
150
130
129
118
87
111
155
78
104
134
227
165
167
82
124
179
173
179
144
168
127
61
111
176
136
98
152
91
108
115
135
89
88
127
95
61
107
185
123
157
120
134
165
165
123
158
104
143
71
135
128
108
97
124
115
140
93
50
152
242
103
84
141
135
125
134
118
143
161
114
147
123
128
139
122
66
175
122
91
60
166
189
119
137
110
90
192
121
150
154
75
118
101
110
156
154
152
96
183
147
145
121
109
136
136
136
137
108
138
126
152
170
150
179
137
97
154
146
96
176
110
146
113
112
128
153
137
165
100
138
152
148
163
141
111
117
156
116
104
145
128
130
110
129
130
27
175
92
92
175
117
142
102
114
116
129
169
134
119
161
127
146
105
99
139
162
115
70
118
147
111
120
161
154
134
192
108
151
149
93
185
136
36
171
184
158
67
115
189
147
62
196
127
143
161
120
157
133
85
186
134
176
161
119
101
135
77
121
133
125
150
141
108
114
111
97
109
140
18
133
125
141
140
154
127
142
140
143
108
161
133
127
149
