# SOLE Quantized Vector 118
384
105
130
218
98
64
104
158
80
103
97
135
144
126
81
34
169
145
132
130
121
133
108
121
152
139
187
124
202
176
129
114
132
161
87
137
74
109
101
137
126
121
162
139
180
135
89
106
157
130
174
119
104
171
151
158
132
122
140
191
148
162
136
137
157
131
84
131
128
98
138
139
127
110
119
75
183
175
132
110
125
157
162
119
134
98
108
127
154
142
111
155
133
121
165
129
129
164
124
108
63
133
145
145
128
31
146
115
137
114
101
127
82
97
141
109
101
141
133
183
152
66
89
156
141
138
138
114
147
130
171
145
151
120
133
60
167
176
126
165
131
140
154
134
117
152
176
142
141
149
121
130
126
139
93
156
102
128
134
113
82
103
91
181
69
110
126
148
178
151
107
181
125
123
137
136
132
121
138
193
132
100
117
89
131
151
152
107
93
180
57
133
138
133
159
128
154
160
72
158
124
129
168
127
84
161
98
154
150
72
141
116
130
133
142
73
108
116
170
121
166
109
11
158
126
127
109
132
232
114
121
154
110
194
168
91
93
149
151
113
107
161
131
141
115
189
144
136
110
85
184
148
142
73
93
88
119
154
90
120
152
112
173
203
136
117
132
82
143
109
109
125
148
150
91
105
128
130
103
161
138
103
139
133
118
118
111
70
108
128
57
117
150
122
119
153
150
77
130
135
90
152
164
126
125
108
140
125
174
166
140
192
111
147
107
153
88
136
101
179
135
184
130
139
132
138
133
179
137
108
155
112
157
146
140
135
128
148
77
125
136
149
165
128
100
88
146
142
130
133
127
160
123
140
185
168
95
131
99
126
145
123
65
120
191
132
59
126
124
113
28
172
141
82
171
171
172
151
147
167
126
45
126
134
115
