# SOLE Quantized Vector 25
384
137
151
138
72
69
79
109
95
135
67
130
94
103
107
109
161
189
131
197
137
70
152
140
102
69
82
89
202
102
130
115
98
192
224
134
51
159
59
92
156
119
132
121
191
82
156
112
163
153
181
162
166
161
95
108
145
132
135
113
155
92
67
142
136
132
88
173
108
169
125
152
152
89
105
97
123
181
159
166
98
163
108
176
91
120
135
91
105
156
141
177
157
120
100
97
128
168
72
97
150
107
122
158
72
79
140
148
165
120
162
140
116
175
115
130
190
145
131
177
127
88
70
149
187
122
111
110
181
127
161
126
125
153
132
81
118
173
125
38
132
157
89
131
99
152
94
91
141
175
108
198
103
129
167
132
93
114
148
114
118
95
74
196
187
158
91
168
94
119
127
148
125
175
115
176
138
161
179
40
87
116
120
121
126
109
109
84
165
138
90
89
102
106
132
126
159
151
94
78
120
89
61
149
121
125
133
169
135
85
91
57
121
105
134
133
152
158
134
146
152
100
151
132
110
110
119
68
135
130
125
138
135
186
107
117
90
122
172
147
109
141
104
163
102
155
106
119
147
86
152
141
122
72
28
118
122
133
133
115
153
130
152
163
165
163
168
113
153
81
84
103
113
130
121
115
140
136
122
138
120
150
141
52
100
120
127
140
106
116
82
156
119
160
121
78
102
146
140
72
136
147
127
140
102
104
151
163
164
165
96
144
126
117
117
132
138
160
180
104
145
130
139
101
120
157
124
132
131
108
150
101
151
83
171
184
168
136
18
140
83
152
112
199
128
197
140
131
127
53
156
180
150
178
174
147
72
141
92
149
101
98
111
106
143
120
109
167
120
80
132
134
129
158
77
140
144
139
105
95
157
143
126
137
194
