# SOLE Quantized Vector 5
384
118
134
129
82
93
95
125
53
105
111
133
129
146
62
136
149
195
158
218
122
66
152
141
86
122
91
119
179
83
125
146
125
119
135
134
75
136
123
92
134
117
169
126
150
132
141
95
177
138
144
150
100
142
150
95
139
127
172
139
147
125
111
128
163
121
105
133
102
136
114
161
97
114
120
112
191
139
142
151
110
169
154
130
146
104
155
104
141
142
137
151
151
133
172
112
136
146
122
102
136
126
136
134
81
66
126
103
145
113
130
125
86
139
120
147
143
133
153
152
178
70
77
152
170
176
81
96
151
122
184
126
140
107
145
47
163
162
132
91
92
143
62
133
122
161
120
128
134
155
75
141
137
124
151
139
86
136
177
110
118
131
49
198
122
163
136
204
132
140
120
181
110
144
118
164
149
138
135
85
111
79
124
62
104
118
108
75
135
144
29
92
129
93
136
126
195
212
63
119
106
65
137
136
130
133
175
131
129
26
118
24
131
128
114
119
117
124
138
140
144
129
150
139
123
99
140
124
178
79
108
113
127
202
134
117
131
145
160
162
115
175
138
125
113
98
70
122
131
83
178
152
103
94
86
137
153
143
167
134
120
115
146
192
144
111
152
131
116
105
99
102
108
129
109
127
140
152
107
121
117
131
145
102
123
117
122
76
125
93
88
151
129
144
96
124
115
104
165
94
136
173
163
90
106
124
106
149
153
137
92
133
126
145
127
146
152
132
147
179
149
151
127
129
148
137
171
165
148
136
164
123
186
122
157
158
155
114
76
138
44
126
150
148
101
155
158
102
126
93
116
184
151
111
170
153
91
139
68
177
140
118
130
125
183
114
96
164
78
116
46
137
122
144
95
131
111
128
119
68
123
116
158
113
161
