# SOLE Quantized Vector 155
384
165
147
202
58
101
108
138
112
109
116
121
114
103
41
28
162
85
112
191
184
119
110
123
105
132
102
112
202
115
134
127
139
124
140
66
75
167
126
119
167
138
126
120
165
111
150
110
40
133
89
115
81
170
175
176
142
125
111
146
117
156
155
104
142
114
93
133
117
172
116
148
127
78
105
140
140
183
144
58
147
120
135
141
147
87
201
142
155
144
173
136
152
124
168
152
132
132
140
140
138
166
139
151
112
56
153
115
163
123
108
151
81
102
120
125
120
175
141
171
180
120
94
198
151
116
118
114
212
153
240
131
147
114
152
44
117
179
131
137
104
178
179
135
113
164
110
161
114
121
76
211
161
137
160
121
75
140
155
104
85
84
197
156
150
124
132
179
214
184
91
170
164
68
123
165
137
94
119
89
123
97
228
91
85
143
156
139
70
202
94
117
128
127
144
173
138
107
78
90
124
144
160
79
68
57
104
102
126
61
154
200
150
82
140
118
88
151
87
129
172
142
157
103
122
128
113
100
182
156
85
38
152
179
186
110
137
86
184
140
153
146
157
96
104
82
165
128
129
108
164
142
124
103
115
107
124
144
144
111
105
110
152
199
154
106
88
112
122
158
118
150
110
137
116
103
134
141
131
168
166
156
114
187
133
113
90
128
137
135
78
125
120
153
78
110
158
49
180
131
94
162
160
125
158
152
90
218
143
132
142
164
147
133
140
70
174
115
110
136
127
215
84
94
140
107
99
162
112
184
165
105
151
148
46
192
170
117
80
100
156
182
134
165
136
171
175
160
130
84
89
141
148
131
132
95
134
90
73
114
123
116
151
162
114
154
97
95
109
161
58
153
187
123
110
151
116
154
87
129
98
199
190
143
105
