# SOLE Quantized Vector 69
384
128
129
148
106
115
101
156
134
135
81
121
130
130
106
59
166
99
149
150
123
90
145
148
92
33
70
122
183
160
111
138
127
126
207
119
77
129
146
65
146
124
181
134
176
99
186
113
92
165
105
144
111
168
135
114
130
133
149
206
142
130
121
132
141
117
97
140
110
125
128
141
95
58
91
110
134
172
80
126
133
166
109
144
141
114
126
151
142
133
132
128
123
136
112
141
119
155
144
124
170
128
113
158
66
148
137
150
152
128
140
147
59
131
130
128
116
135
120
199
134
97
106
148
100
112
134
42
156
122
156
136
125
117
157
47
109
161
130
106
137
134
105
184
120
87
153
115
115
145
94
147
128
112
135
126
88
107
132
108
112
120
211
146
205
107
121
168
145
115
105
155
110
136
120
191
165
149
82
67
130
129
126
60
116
108
99
70
109
152
87
129
109
127
154
187
74
155
82
137
136
142
117
127
104
135
114
132
133
140
108
154
129
126
141
138
142
151
134
133
160
110
227
141
135
119
100
71
213
94
74
97
140
194
135
128
112
158
168
129
140
96
108
143
123
113
105
136
137
120
153
136
135
97
81
118
120
136
118
121
143
138
142
136
161
179
147
116
147
126
111
108
125
143
117
121
127
122
144
146
144
126
146
115
124
122
106
121
128
116
111
156
136
170
116
126
116
86
159
109
83
171
153
141
118
86
115
126
197
136
120
159
121
137
170
110
84
151
151
95
136
92
130
131
157
140
142
191
112
145
141
103
150
111
152
149
175
143
30
120
102
143
97
172
96
163
136
105
138
108
124
162
145
160
197
166
94
122
89
135
131
125
178
139
109
133
98
145
127
74
45
129
127
163
123
149
118
131
131
110
140
146
131
125
148
