# SOLE Quantized Vector 121
384
80
130
210
76
90
101
154
81
145
71
132
107
82
91
47
147
132
98
127
118
122
156
120
172
120
196
93
211
198
126
97
149
192
102
108
98
117
133
117
146
135
110
96
209
156
82
99
194
170
208
82
129
158
117
192
86
130
131
128
135
97
160
119
128
159
73
132
98
99
127
147
102
105
91
70
116
165
71
109
108
165
135
80
127
88
105
116
145
171
115
181
125
108
93
116
122
153
106
124
57
108
144
155
147
71
137
139
121
47
106
146
78
139
130
120
139
168
58
182
150
57
72
138
168
111
151
132
213
121
130
153
120
140
97
104
177
165
117
107
140
166
204
142
137
156
80
131
141
170
119
185
113
175
78
130
138
100
98
109
78
105
121
179
86
127
129
163
176
122
121
148
127
157
133
98
114
198
127
172
147
122
59
111
142
156
161
126
117
180
93
95
122
138
140
132
118
144
75
136
100
120
73
99
100
170
47
151
175
148
149
113
126
167
114
65
100
111
144
100
151
87
6
203
119
140
101
73
164
83
138
169
119
174
182
106
80
130
151
181
124
153
97
152
129
194
151
126
119
68
176
133
143
83
53
138
119
157
104
102
159
111
147
185
121
141
151
99
155
135
67
118
97
130
113
91
140
113
141
145
139
119
141
102
102
109
121
89
145
95
70
136
126
116
164
159
85
123
116
125
110
161
131
155
112
70
134
88
158
208
119
185
101
162
99
186
81
174
131
103
113
117
157
105
117
128
121
141
128
172
154
77
156
156
124
120
145
183
85
139
135
92
135
123
71
145
139
149
102
203
120
172
183
136
138
160
72
145
114
154
94
111
53
197
72
103
63
127
109
50
125
161
97
99
109
160
205
173
66
179
163
55
153
145
146
