# SOLE Quantized Vector 49
384
173
122
123
107
95
71
127
109
128
77
126
144
126
73
40
132
153
176
159
171
77
129
145
127
133
107
112
220
151
127
111
101
166
132
126
61
70
122
114
146
88
211
117
202
90
162
146
222
166
155
137
143
162
163
137
79
152
170
168
161
139
97
146
164
122
76
121
110
113
117
118
123
102
116
46
125
142
122
144
138
173
125
158
178
71
111
112
142
145
96
156
117
122
143
117
129
209
126
90
165
129
105
108
35
114
137
136
122
94
110
127
30
170
134
83
148
210
154
180
111
83
93
143
141
154
80
121
171
83
163
127
142
103
86
96
124
148
141
111
138
67
90
185
113
124
183
149
128
136
127
97
153
125
109
119
77
107
160
133
139
130
159
137
38
114
87
132
154
148
101
129
144
179
106
105
158
177
114
116
135
81
53
61
110
132
91
103
182
163
57
125
96
109
111
141
178
165
71
162
142
83
114
132
91
131
178
176
177
131
116
68
147
203
113
113
136
118
197
106
153
51
206
98
123
146
62
77
172
129
100
123
122
185
78
118
72
166
150
116
107
112
79
133
81
165
77
135
165
104
143
177
96
134
107
157
128
134
117
139
149
151
134
157
159
122
143
164
137
91
115
109
99
129
118
130
116
159
157
165
49
111
134
137
166
103
180
63
127
88
132
169
157
159
86
136
127
116
108
103
152
108
205
124
150
159
125
62
187
104
39
97
135
127
148
129
99
105
165
133
169
146
186
164
181
156
155
182
134
110
158
105
157
85
184
177
144
97
47
154
80
168
128
116
55
144
156
61
99
151
154
172
133
143
222
208
93
113
86
151
153
140
173
117
215
128
40
157
138
46
93
81
76
128
186
151
91
123
129
136
139
93
114
113
165
