# SOLE Quantized Vector 34
384
228
129
111
101
98
27
103
102
114
108
105
161
55
67
83
167
200
78
203
145
67
120
161
109
138
70
116
174
96
148
121
169
147
138
94
77
130
133
124
175
90
195
112
173
179
152
143
121
143
205
190
107
177
161
88
103
140
156
171
160
149
148
106
112
161
72
230
61
141
81
173
36
86
114
36
145
147
150
150
68
155
100
104
207
91
122
98
149
84
153
186
69
139
202
70
108
148
95
107
169
139
137
106
67
100
134
85
108
79
118
55
122
148
142
126
159
182
94
159
109
50
67
108
164
138
64
161
148
122
160
104
151
65
115
52
125
155
121
120
112
115
79
157
116
171
123
105
162
150
113
153
125
135
131
161
68
116
165
169
135
145
89
195
108
145
101
110
124
164
113
144
150
185
88
107
136
151
141
156
60
70
97
85
177
104
121
170
149
152
46
127
120
124
108
141
226
170
77
151
167
120
127
120
128
149
111
134
162
64
114
68
119
184
119
101
159
116
138
140
155
137
163
119
138
110
77
70
144
147
88
131
130
199
178
101
104
130
143
247
26
134
143
108
69
172
89
114
101
87
148
121
141
110
95
129
104
129
124
106
142
161
180
207
168
182
156
138
93
91
73
121
98
97
119
66
120
116
97
137
130
123
184
99
99
60
132
136
133
140
106
169
69
247
158
131
89
121
111
34
137
164
158
86
89
83
115
144
163
148
67
144
114
91
120
160
125
146
150
185
169
166
116
90
141
116
106
138
157
123
211
126
199
114
203
184
130
160
71
134
53
110
136
137
109
144
137
101
139
31
198
191
128
112
128
199
91
194
94
158
145
93
156
119
170
130
77
130
110
122
125
168
133
114
188
163
107
78
128
104
148
117
128
108
150
