# SOLE Quantized Vector 171
384
148
122
180
90
112
120
148
67
139
103
123
142
107
51
84
180
41
118
167
133
131
142
125
108
125
119
121
170
96
119
132
127
131
157
107
94
130
124
44
134
120
89
148
164
111
141
113
115
116
141
118
88
156
200
152
147
128
121
168
159
155
156
132
149
121
114
139
151
116
131
159
123
80
99
202
144
163
103
53
115
160
128
137
146
70
148
125
137
142
164
131
155
127
168
125
110
136
135
103
152
144
141
160
131
87
136
113
167
94
133
136
73
114
139
129
133
149
112
176
157
114
90
121
95
128
126
105
143
133
159
134
144
123
162
60
130
170
149
97
104
177
163
122
103
143
150
160
150
124
77
156
134
127
175
119
69
124
178
96
105
123
139
156
159
135
124
200
198
213
97
161
153
64
111
128
164
121
137
118
123
93
130
88
114
167
103
93
115
195
105
128
126
124
163
163
145
163
76
116
79
180
140
122
84
122
135
127
91
70
140
212
107
86
112
145
83
152
121
148
165
125
148
140
123
124
126
100
175
118
101
56
141
170
160
129
112
74
190
144
154
146
136
135
99
102
113
143
127
98
169
165
131
155
89
112
135
146
128
121
144
135
153
200
180
149
133
114
141
128
125
154
130
156
120
119
116
134
135
174
140
164
150
153
145
164
139
123
131
126
82
113
157
138
92
115
149
47
174
125
109
167
115
122
114
182
104
150
170
96
122
154
123
151
157
129
182
110
108
186
146
157
103
120
127
131
109
193
114
131
144
97
186
139
55
143
132
131
72
126
192
131
103
151
137
149
178
147
144
117
104
138
147
166
146
98
121
121
81
142
126
130
116
146
133
129
108
81
95
135
14
138
131
183
128
164
130
138
151
119
116
143
140
131
123
