# SOLE Quantized Vector 77
384
148
146
148
123
106
108
161
96
88
93
101
173
152
83
60
107
122
184
104
36
93
184
110
181
106
110
105
184
195
103
87
136
150
102
153
111
144
118
90
128
150
224
47
177
130
130
136
194
147
185
136
149
156
176
92
109
148
183
213
158
113
115
137
155
136
87
117
109
80
128
134
56
88
82
47
166
126
108
153
193
174
98
114
126
73
120
102
129
203
51
169
145
86
159
77
108
140
125
114
99
106
136
133
27
116
123
135
122
17
133
152
69
126
163
149
114
151
29
151
107
58
104
127
47
214
86
95
98
97
136
149
136
150
83
77
152
148
152
122
127
123
55
217
148
103
168
137
103
229
173
124
101
139
108
143
129
135
98
132
110
114
146
117
101
113
84
168
187
131
93
143
124
185
154
39
145
185
76
138
95
85
77
52
89
146
80
85
129
192
63
94
150
93
111
112
118
162
58
184
89
129
136
205
107
175
152
123
204
168
143
78
177
183
159
76
91
107
166
90
111
46
137
166
151
90
173
71
153
87
129
159
156
196
31
117
133
210
154
99
26
135
109
142
110
174
60
111
139
65
164
115
241
94
105
171
124
158
96
130
147
174
140
140
174
113
146
123
172
95
97
59
147
146
77
121
118
125
72
149
132
71
181
130
141
180
93
9
157
59
113
164
96
106
198
215
94
125
86
87
115
142
216
112
183
90
136
103
189
137
93
131
140
166
143
214
36
145
88
153
112
112
202
153
195
178
144
178
128
130
155
70
201
168
215
128
144
113
99
137
83
127
153
102
34
134
152
77
100
189
133
169
213
142
169
234
101
112
95
159
126
148
154
130
168
140
68
130
107
61
88
125
106
106
191
171
122
158
34
119
155
66
142
38
153
