# SOLE Quantized Vector 114
384
79
86
143
72
76
120
102
64
88
119
98
126
115
68
75
182
132
195
151
138
130
131
111
140
124
145
138
159
233
202
108
95
133
117
161
101
144
152
108
189
128
94
182
174
139
128
99
90
84
143
147
89
171
181
116
118
111
159
134
155
172
218
80
130
199
74
208
63
118
91
130
125
79
99
150
177
192
151
72
114
158
157
118
167
76
100
112
97
145
108
172
141
76
191
170
92
164
143
146
100
134
169
193
158
106
140
78
156
78
163
160
98
90
105
88
150
143
98
154
148
86
70
125
111
134
140
72
163
186
152
138
91
76
158
74
98
140
209
144
130
154
55
130
105
148
89
107
153
149
151
98
111
91
102
75
134
85
121
134
103
100
144
164
122
99
101
150
201
103
58
214
206
77
102
127
151
95
109
117
122
129
126
150
167
174
181
159
85
229
110
90
127
105
141
126
88
156
102
162
120
147
88
124
28
141
107
151
57
47
154
99
137
145
106
100
48
132
174
43
166
82
77
121
126
168
82
64
125
63
114
87
161
181
202
142
113
58
165
61
68
138
46
195
166
112
131
79
177
91
220
168
71
69
116
88
129
167
78
42
114
165
180
152
175
129
162
90
120
154
37
116
206
91
124
133
154
101
139
218
133
168
190
146
119
93
112
36
162
88
100
140
238
95
130
199
73
84
167
119
65
140
141
128
60
94
168
165
169
141
141
246
129
120
196
60
132
149
56
187
5
148
144
150
147
91
110
119
111
105
173
149
194
177
88
98
198
41
92
60
118
147
89
132
106
123
150
191
177
238
72
107
199
95
142
107
93
170
90
115
40
127
73
198
134
143
121
145
46
178
132
186
129
154
174
213
128
115
225
153
137
136
169
97
115
