# SOLE Quantized Vector 46
384
207
166
132
109
91
60
115
49
113
102
139
169
163
71
76
143
139
217
196
130
64
176
137
124
107
37
131
167
84
156
126
113
109
188
117
92
145
110
46
118
110
203
112
195
145
173
186
93
105
214
132
197
148
192
129
111
112
136
138
178
124
120
145
137
136
72
148
37
149
151
187
43
55
139
155
138
178
119
140
125
165
132
130
64
77
168
70
84
147
127
155
224
103
151
168
124
163
135
92
156
128
90
118
111
90
158
134
194
90
128
123
108
116
106
125
133
157
79
154
111
78
89
124
85
149
81
108
110
104
161
158
59
105
110
92
122
149
131
97
140
163
68
154
68
131
178
102
126
160
95
129
104
114
161
106
66
151
127
149
121
123
58
170
140
198
101
153
128
146
47
138
138
198
154
124
183
165
125
136
58
98
136
101
147
147
99
150
124
168
67
85
127
106
127
134
175
166
57
107
122
160
103
125
77
116
114
159
132
92
126
98
158
131
148
128
155
167
146
139
178
115
179
131
117
101
128
86
144
146
97
112
100
192
97
132
113
101
154
190
82
107
141
113
66
165
63
120
154
121
139
124
180
99
61
125
72
135
86
105
126
142
154
166
160
161
165
132
151
144
83
92
111
210
116
117
104
122
71
124
113
134
146
135
91
136
146
41
105
60
101
158
73
189
176
57
169
134
121
116
129
154
158
123
124
107
95
181
176
151
136
136
77
88
173
158
146
118
182
232
167
140
148
130
130
192
84
174
136
122
167
79
192
98
212
129
110
128
67
124
87
132
124
117
92
173
151
130
126
111
111
164
230
182
132
161
90
76
108
180
86
106
121
148
148
142
113
123
133
97
122
162
143
147
97
158
136
136
27
103
144
123
105
147
130
