# SOLE Quantized Vector 22
384
143
151
111
95
79
106
139
113
96
92
135
104
156
53
104
147
240
154
216
95
45
150
152
117
118
126
119
184
123
135
143
116
117
114
141
80
128
117
134
139
128
127
96
174
143
137
85
170
176
196
152
93
162
126
102
139
127
202
140
148
59
108
119
154
124
102
154
96
129
125
164
95
81
116
6
100
121
115
145
105
145
135
108
118
114
159
94
149
149
106
148
135
130
157
128
138
146
125
86
110
125
131
132
73
121
114
153
147
105
137
121
79
134
117
155
127
113
136
149
172
68
59
178
160
140
82
138
159
128
188
100
129
100
116
56
157
149
121
89
78
89
117
157
143
151
106
83
124
174
65
132
124
118
142
146
72
141
148
118
119
135
161
206
119
132
140
185
129
132
124
148
116
187
135
148
120
182
132
112
110
74
120
65
121
150
124
98
156
141
43
79
136
107
108
109
148
165
57
139
143
84
158
138
135
132
155
123
148
110
116
9
136
139
169
78
145
103
157
124
136
105
139
163
126
97
132
71
147
121
118
121
147
162
151
96
138
112
158
135
91
129
117
105
129
152
92
125
106
53
170
121
111
137
95
147
136
135
177
116
118
119
142
193
135
121
175
120
118
101
88
114
127
98
111
112
169
142
103
129
133
99
146
81
142
133
107
73
122
131
117
183
66
136
138
105
114
138
143
88
164
163
190
94
101
141
102
140
150
155
80
116
130
160
78
153
123
162
147
95
122
150
124
125
167
151
186
140
136
138
173
97
197
113
160
150
167
146
76
142
46
119
121
149
84
129
144
103
123
76
115
193
143
89
182
184
90
152
79
143
152
98
159
124
148
113
81
185
87
109
88
143
132
103
122
139
132
139
88
76
107
120
147
96
158
