# SOLE Quantized Vector 159
384
174
126
225
89
106
106
135
98
121
76
128
148
119
74
22
158
79
126
179
124
115
128
127
122
157
136
128
208
100
120
128
123
146
170
136
68
132
112
100
139
115
135
137
191
127
117
119
133
139
167
111
102
168
174
148
147
131
119
158
157
141
145
127
151
123
96
140
136
107
134
148
117
101
115
133
150
171
118
99
118
179
142
130
132
85
135
111
141
139
150
148
142
120
167
121
119
157
134
103
128
143
153
122
117
37
151
114
151
97
124
129
51
115
142
126
155
156
122
198
146
94
91
164
128
157
123
137
149
124
176
138
153
123
118
55
177
200
139
94
104
163
172
118
119
161
164
150
167
141
95
171
132
127
143
130
48
137
163
112
106
130
74
167
100
131
127
167
175
199
109
158
137
100
114
113
146
123
186
166
126
81
123
108
119
135
115
99
122
187
86
138
130
125
152
146
206
145
85
134
84
140
154
131
88
121
116
135
120
50
152
190
111
98
133
116
109
131
125
130
173
117
114
141
122
129
126
117
213
191
89
111
135
178
154
111
101
112
165
134
129
169
123
131
57
164
128
136
121
89
157
155
144
133
71
107
113
138
123
117
144
137
145
189
162
138
128
110
135
122
107
149
136
145
112
120
127
142
122
156
142
123
139
167
147
148
133
88
134
130
62
136
129
126
113
129
157
66
131
128
123
156
134
125
135
165
107
138
144
130
112
152
113
135
108
149
159
114
96
191
140
202
124
124
130
143
109
190
121
127
163
108
155
134
96
145
116
132
36
132
181
135
138
180
134
123
156
124
127
129
119
167
128
175
168
142
113
122
98
146
135
118
97
141
185
126
77
91
121
114
35
132
135
119
138
163
141
143
127
142
111
103
116
131
131
