# SOLE Quantized Vector 24
384
139
138
128
101
116
87
98
74
125
95
116
156
150
102
116
122
211
176
202
87
41
143
152
72
112
112
132
180
88
99
173
121
158
164
162
76
202
120
92
154
112
126
56
183
115
138
114
163
155
210
167
121
164
94
78
151
132
190
109
123
52
101
146
152
100
73
116
148
118
150
145
56
54
112
85
91
148
104
164
114
160
123
145
185
84
170
110
171
188
150
150
178
117
49
85
137
148
148
108
134
125
119
151
94
93
140
166
172
117
167
136
109
147
118
142
137
197
181
148
134
69
56
158
231
158
92
97
133
95
163
124
143
126
129
86
153
152
148
106
98
142
69
142
100
155
151
112
124
170
11
142
156
123
127
153
86
129
156
89
124
128
98
204
143
169
134
197
114
139
102
107
80
196
104
216
119
217
153
86
148
104
93
72
128
122
127
104
145
138
76
139
97
138
115
128
173
154
75
133
132
61
144
141
156
145
153
124
130
113
97
41
155
143
149
120
143
117
147
148
159
182
137
105
98
113
128
70
131
136
116
151
129
189
141
98
132
123
159
186
120
159
103
89
102
154
87
131
147
77
149
120
124
98
68
144
134
136
151
137
105
91
105
168
141
145
159
109
131
104
43
94
89
131
121
102
114
140
43
96
141
118
117
111
145
129
116
91
131
145
104
177
80
148
122
94
101
186
119
152
136
201
168
120
103
101
89
81
155
191
96
94
122
97
105
112
130
136
78
78
160
136
151
97
132
135
135
132
138
151
181
80
191
130
184
146
153
160
67
146
69
118
106
161
142
143
162
144
141
30
135
211
117
172
172
158
75
67
101
151
156
121
109
109
140
134
101
173
127
134
129
130
124
126
171
111
112
102
72
86
121
124
152
137
163
