# SOLE Quantized Vector 16
384
156
124
102
52
86
109
140
80
121
119
111
130
137
73
106
139
200
155
219
108
82
140
141
88
94
89
110
189
121
115
133
94
110
152
147
29
127
122
106
125
104
129
137
205
132
191
114
83
88
128
161
114
155
163
113
151
136
159
146
127
140
124
130
157
113
87
120
110
97
105
142
90
77
141
129
136
190
134
118
125
172
130
124
140
97
140
131
156
157
160
137
135
154
162
116
122
145
113
111
143
127
106
161
116
108
142
119
127
136
135
118
67
141
132
151
117
139
117
170
128
103
79
151
135
141
113
78
141
128
176
117
139
124
141
77
98
182
139
60
115
154
112
128
108
124
133
108
92
146
95
175
142
109
170
120
55
134
173
111
134
139
160
171
205
135
124
195
140
138
95
145
142
129
127
161
156
126
123
95
114
106
127
78
123
135
97
139
117
143
91
82
116
111
120
171
122
186
100
138
121
108
128
121
85
110
174
107
131
57
106
58
130
112
110
116
112
133
131
139
133
117
176
127
126
107
131
95
172
76
83
79
126
163
116
120
124
58
166
145
147
116
131
114
152
93
91
124
122
111
173
154
107
109
81
139
154
132
136
127
127
128
161
182
143
133
111
114
147
105
93
118
92
150
115
104
133
140
87
151
92
134
146
104
115
116
126
138
112
84
99
155
116
135
104
111
91
112
161
93
108
162
154
99
117
147
125
199
178
105
123
130
130
138
166
150
157
91
144
152
162
209
119
161
168
145
168
154
126
137
152
125
152
121
122
204
186
120
23
117
58
118
64
162
98
196
157
97
124
86
135
147
154
107
199
119
135
117
86
158
121
144
159
101
195
120
101
180
110
141
84
114
130
170
91
137
89
121
139
77
147
191
187
139
157
