# SOLE Quantized Vector 186
384
102
118
218
103
104
119
130
71
133
67
126
146
107
76
98
173
85
129
168
121
119
149
123
107
132
144
114
205
91
121
130
140
133
142
94
59
131
123
76
114
120
93
144
166
122
140
112
152
96
152
127
88
143
180
149
168
132
137
157
148
136
148
122
155
120
124
122
139
117
123
154
120
85
122
151
172
166
91
85
128
178
151
147
125
73
143
97
137
145
159
130
146
125
152
119
119
148
132
119
119
140
158
163
112
22
139
120
148
107
131
152
53
114
140
136
154
145
110
208
150
91
102
139
102
156
133
119
159
130
185
151
169
123
165
78
149
218
140
79
92
176
147
115
105
124
133
152
146
131
77
150
131
130
158
124
61
136
155
101
110
118
88
147
126
172
121
178
171
194
106
144
146
82
124
147
155
121
161
108
122
74
137
88
116
146
110
118
96
177
111
123
132
117
159
142
174
157
69
126
80
180
161
120
106
123
142
124
105
85
161
197
109
98
104
141
98
140
110
143
170
130
118
122
122
125
139
102
208
132
92
88
135
149
155
109
121
125
158
148
144
170
134
134
107
139
130
138
129
92
153
159
141
135
45
126
136
154
153
131
155
135
149
179
171
121
135
139
128
126
122
135
134
148
122
126
122
145
133
149
134
147
141
137
159
153
130
141
131
120
17
102
144
127
104
136
151
66
140
113
83
164
130
135
118
194
123
190
166
147
111
151
127
133
160
138
172
122
115
188
140
147
109
117
119
139
111
155
113
138
177
97
152
185
76
154
137
130
61
137
184
131
127
188
138
160
176
144
138
122
113
144
138
173
157
103
119
128
94
135
137
136
108
143
215
124
71
91
87
118
35
134
125
158
121
151
134
134
136
108
98
127
131
126
132
