# SOLE Quantized Vector 128
384
110
149
181
9
65
100
182
89
152
83
157
177
143
89
62
196
136
115
171
98
137
103
109
139
109
158
63
195
221
188
48
127
128
141
154
62
92
109
122
146
146
90
179
202
186
126
108
65
99
148
114
38
175
170
116
123
123
150
135
159
192
118
113
168
148
95
152
186
189
154
143
43
87
102
156
153
214
192
89
111
198
242
77
103
82
155
134
163
152
177
116
126
153
189
136
95
43
153
131
106
118
93
173
162
89
199
117
140
122
160
153
105
72
119
109
14
89
81
186
126
104
78
79
123
123
147
69
148
84
120
132
164
124
113
88
116
164
107
158
154
170
159
111
79
195
217
121
101
110
109
87
142
42
73
102
84
137
138
108
107
88
160
151
211
100
116
122
191
178
63
185
148
116
166
147
122
91
129
147
64
127
155
105
83
174
132
205
97
188
123
115
141
130
158
162
111
159
134
91
77
133
142
133
29
133
127
180
69
45
85
146
135
84
120
63
101
143
98
122
152
77
63
134
121
68
160
88
119
96
91
86
140
156
151
133
108
49
157
130
171
151
141
202
147
140
170
136
67
78
174
159
128
94
117
63
133
150
120
161
139
124
226
206
107
129
111
108
116
130
124
139
156
88
56
88
114
132
148
202
88
130
112
134
119
78
42
120
86
105
89
122
104
139
82
167
95
92
177
95
107
123
153
139
123
184
168
196
163
109
151
184
125
129
149
133
140
100
112
174
104
213
70
232
133
158
116
139
102
90
118
128
154
62
72
72
166
137
60
136
130
115
91
157
102
75
134
149
122
104
95
155
67
101
146
107
86
131
97
141
130
100
99
157
116
183
127
150
114
254
133
158
88
153
117
175
122
164
188
145
172
164
97
130
99
