# SOLE Quantized Vector 134
384
99
150
178
102
113
103
134
116
121
107
125
137
102
55
73
163
150
94
172
170
120
79
130
149
133
236
124
184
189
125
124
136
144
104
90
97
166
113
147
159
125
106
120
173
127
104
73
136
190
199
119
125
188
127
173
122
121
120
160
146
117
160
103
134
128
85
138
120
148
142
145
124
79
118
46
115
140
91
66
127
136
134
128
128
97
150
140
187
149
151
139
114
118
124
163
145
139
130
94
70
149
155
142
143
100
144
166
112
111
87
153
96
114
134
109
127
184
124
171
177
59
56
155
192
118
168
123
145
135
165
132
173
109
109
56
159
158
138
143
117
127
187
135
125
167
154
148
188
141
70
151
144
135
102
150
85
116
144
96
63
134
174
195
79
109
131
176
206
172
119
147
132
125
103
143
116
142
147
177
141
91
152
85
145
175
191
102
103
190
44
136
123
147
161
136
147
156
57
126
136
153
157
107
107
106
84
118
195
102
134
130
145
131
161
74
121
113
155
121
168
77
61
132
121
123
112
93
185
133
121
121
127
175
172
89
106
122
192
136
123
159
124
97
119
182
163
112
133
42
195
131
122
118
108
121
122
159
117
125
122
130
160
235
173
120
138
91
127
124
83
140
133
137
89
101
146
140
100
162
157
106
159
130
144
96
115
104
122
164
99
134
127
115
136
126
129
66
124
117
108
152
175
119
124
133
101
118
167
185
106
188
121
135
76
120
96
171
96
96
100
165
108
122
135
130
126
180
146
138
173
87
202
136
87
133
136
145
93
127
152
145
152
143
113
103
146
112
153
108
111
178
136
121
160
171
79
110
85
119
158
122
67
171
113
138
86
122
133
102
16
139
152
65
171
163
149
158
87
187
108
102
147
136
138
