# SOLE Quantized Vector 108
384
52
123
179
106
104
108
143
59
132
87
107
104
141
111
88
166
116
86
105
124
134
114
138
148
106
162
115
174
217
128
96
58
109
146
184
118
98
110
70
147
115
141
147
169
132
108
113
171
169
208
137
166
156
112
174
117
151
147
163
143
85
103
105
153
155
55
134
74
111
152
139
144
80
92
105
137
171
97
142
133
147
130
117
124
76
147
140
137
89
100
105
136
141
99
112
104
141
112
150
66
119
159
179
131
86
136
157
125
45
103
177
108
116
155
137
102
170
98
167
165
48
80
157
178
120
158
90
129
114
122
174
138
110
136
113
140
142
142
109
139
170
103
162
102
135
160
108
146
190
92
121
121
124
124
128
154
101
84
100
90
101
73
195
105
129
108
178
169
103
93
163
132
178
109
153
142
200
116
132
115
134
119
116
120
154
160
124
112
185
85
110
121
101
159
124
96
139
70
122
111
114
107
115
100
126
63
157
157
181
143
133
124
144
119
82
79
146
145
94
189
89
65
158
120
121
114
72
144
122
126
207
94
212
158
115
110
179
137
123
82
149
90
165
120
225
145
110
168
74
178
159
177
59
70
81
112
171
97
153
145
99
138
169
177
146
117
102
137
136
55
109
147
114
103
113
156
107
150
160
167
106
112
103
92
105
126
87
129
183
91
132
134
125
119
140
110
128
120
65
94
157
161
176
62
71
151
127
180
247
115
216
123
151
148
108
54
160
165
116
114
101
168
137
97
110
119
165
109
130
172
101
194
113
180
112
163
134
101
142
128
112
147
127
94
151
139
156
105
81
111
187
167
168
150
181
50
111
121
167
117
114
40
102
105
112
111
142
145
96
126
154
142
117
149
191
187
146
163
158
156
72
102
121
146
