# SOLE Quantized Vector 64
384
166
140
130
122
98
38
185
117
83
76
188
54
66
58
86
180
125
107
123
163
92
32
177
101
111
108
123
181
116
150
210
70
94
128
110
98
194
127
79
143
83
208
153
171
117
148
146
164
173
216
155
192
160
162
121
204
95
200
206
177
77
162
170
122
103
96
113
105
157
165
159
38
93
83
39
112
129
91
100
161
143
136
134
43
91
238
160
133
102
127
195
186
191
146
149
120
144
64
98
120
108
114
114
55
125
131
181
108
75
135
138
104
79
94
123
156
145
59
167
226
60
88
117
116
12
96
135
160
160
190
108
94
116
115
91
128
121
134
151
139
147
70
215
144
142
56
101
143
127
71
122
90
152
91
155
77
139
164
107
93
126
193
228
111
138
175
165
167
116
74
112
81
194
44
137
176
185
93
152
118
92
114
48
157
146
201
132
120
158
50
163
52
155
145
127
127
158
35
102
193
207
108
97
99
114
121
197
120
218
116
53
161
176
175
125
145
118
181
186
215
127
166
158
104
112
161
60
154
142
123
135
58
195
133
89
99
207
173
110
67
68
113
115
95
178
58
126
81
124
139
141
31
125
99
125
93
148
127
111
176
121
173
173
76
165
141
131
163
54
103
87
230
126
124
45
159
87
155
151
122
132
161
93
134
129
140
33
106
149
108
161
91
119
109
31
164
144
158
180
155
136
185
106
71
69
94
143
193
157
85
126
103
142
102
128
67
139
222
114
78
121
215
108
135
192
82
137
172
159
154
74
198
179
200
63
119
254
92
102
82
89
198
106
154
112
143
92
142
131
73
179
92
118
136
207
79
90
89
119
171
171
170
111
108
105
80
147
110
75
79
162
155
104
145
170
179
166
122
164
59
87
133
154
107
