# SOLE Quantized Vector 183
384
141
132
170
104
98
86
119
90
125
122
114
150
107
19
92
189
97
105
187
213
125
123
132
109
118
122
112
180
89
123
132
159
126
113
28
88
181
127
106
169
132
101
153
132
123
139
110
110
111
93
118
41
160
179
169
140
112
96
162
98
168
160
111
170
132
104
95
132
164
104
169
141
66
108
127
180
148
107
40
168
127
114
139
123
69
205
104
166
167
229
147
149
135
175
161
112
146
138
171
143
169
146
184
57
69
123
112
116
136
98
174
116
120
134
116
146
181
107
169
188
98
96
141
138
115
127
130
176
142
194
139
167
151
177
52
138
174
115
124
109
159
188
138
96
151
65
179
114
108
65
171
159
136
149
124
96
110
155
87
85
95
197
164
154
162
137
166
218
184
93
135
168
60
121
208
164
81
122
79
108
70
181
59
78
164
180
170
111
210
103
118
115
119
152
157
127
132
61
91
119
175
125
71
68
101
112
124
103
94
153
219
120
126
104
139
84
148
108
141
183
108
145
105
126
133
116
91
160
124
100
12
130
164
184
108
123
126
204
174
196
149
201
98
139
79
169
123
143
94
154
142
101
71
106
119
138
168
161
122
131
83
194
215
214
103
99
145
136
138
156
141
86
149
126
89
147
136
120
172
111
189
124
130
162
81
125
160
130
114
80
96
152
136
40
100
153
30
179
108
63
167
167
129
103
221
115
186
165
137
119
173
141
128
183
80
183
121
145
125
148
150
71
114
124
131
103
142
123
152
179
90
184
146
23
178
180
124
118
117
179
157
154
152
146
155
200
172
169
95
109
147
163
131
135
70
131
98
68
94
118
146
153
202
120
134
94
73
61
122
33
149
146
142
81
150
147
126
114
119
110
159
172
141
120
