# SOLE Quantized Vector 107
384
38
116
177
109
109
94
123
51
137
81
150
131
109
106
83
149
129
135
108
76
119
99
128
137
118
204
115
178
197
84
97
155
100
110
145
98
90
92
89
150
125
139
105
171
141
102
88
148
168
212
113
171
161
127
93
124
146
114
181
136
95
159
119
168
154
71
144
119
96
131
118
170
67
83
75
125
153
65
114
155
140
125
109
180
88
71
131
201
134
159
134
50
157
94
194
94
117
177
157
79
147
131
170
146
91
165
168
125
75
116
159
94
90
144
112
107
185
138
171
156
33
73
126
172
104
156
100
128
109
124
163
192
147
99
121
162
142
80
110
132
162
125
176
127
126
129
172
180
96
81
118
152
128
87
158
146
119
107
64
97
130
146
186
86
103
140
161
184
134
92
125
90
182
81
173
137
197
107
153
145
120
136
83
193
168
178
160
135
173
81
158
122
129
144
133
87
142
81
180
141
120
149
131
100
95
96
136
207
196
56
109
114
160
136
67
96
137
160
131
170
116
63
139
119
118
131
84
146
123
123
193
39
222
182
97
117
191
126
100
110
128
135
98
139
215
135
143
105
97
174
150
136
90
84
132
139
170
103
146
133
105
143
170
141
120
146
108
143
114
71
136
92
153
57
110
180
93
173
155
150
73
145
93
129
44
89
73
114
135
103
125
83
126
148
124
97
120
117
92
101
167
193
133
145
85
144
90
190
209
97
185
123
159
127
163
48
149
78
101
150
119
216
147
118
224
128
156
149
128
135
86
196
124
169
136
144
161
106
131
116
113
145
114
20
97
148
67
174
101
90
198
163
126
151
200
59
99
120
119
150
104
70
119
102
123
92
152
128
85
128
172
114
103
135
138
161
108
96
150
101
71
136
124
139
