# SOLE Quantized Vector 192
384
77
120
234
105
123
114
128
105
153
40
130
134
129
81
105
171
82
126
155
112
124
146
120
102
100
174
107
223
113
111
129
144
137
148
110
75
129
127
80
133
118
79
132
166
115
113
90
200
172
159
119
90
147
134
135
153
131
135
156
145
98
155
122
155
126
119
125
135
129
132
151
129
86
99
111
127
129
24
86
120
166
145
141
134
89
137
113
146
134
146
126
136
119
108
126
127
141
138
133
128
132
161
166
81
42
149
169
155
103
124
168
66
114
141
126
152
160
119
209
184
87
95
156
156
126
148
126
173
126
198
145
175
145
155
78
192
194
133
98
103
184
152
132
104
127
120
151
160
129
66
145
132
127
156
135
63
136
144
77
98
120
121
150
103
163
123
184
165
182
129
130
133
110
123
174
135
162
167
45
118
80
141
92
94
155
115
107
104
174
111
135
129
114
165
161
164
136
82
132
79
159
162
124
145
131
140
129
122
146
161
200
120
88
128
143
111
148
111
141
170
120
105
132
120
132
132
94
213
126
97
109
133
154
152
82
106
161
166
157
129
175
118
127
106
159
134
140
137
75
151
153
135
131
41
142
144
156
179
134
166
121
136
178
170
129
149
144
136
139
124
126
133
131
125
122
131
146
126
140
155
147
140
94
166
148
115
124
138
123
36
109
144
125
103
128
148
69
139
115
100
158
148
149
87
180
116
161
162
176
79
149
133
141
129
126
148
154
113
89
132
97
113
102
110
136
119
166
118
151
175
87
152
178
65
157
153
134
66
140
192
130
131
213
127
156
167
145
145
119
107
178
128
180
170
118
87
124
97
134
139
127
97
146
117
111
65
88
97
96
33
125
126
133
127
154
129
141
121
119
102
108
131
123
165
