# SOLE Quantized Vector 135
384
57
123
183
98
102
98
151
92
112
84
129
112
137
91
85
139
134
114
151
113
115
100
126
138
141
230
109
183
184
126
85
123
164
122
225
83
97
106
129
192
149
82
146
187
151
104
87
160
170
218
122
113
185
115
155
144
134
117
111
131
88
109
122
182
155
69
197
140
101
151
127
152
81
97
72
96
154
101
94
149
152
112
109
36
96
160
94
150
157
151
123
140
148
79
107
124
118
136
147
98
122
157
152
150
90
99
160
147
150
101
162
89
131
156
67
136
168
89
164
144
54
48
134
219
127
177
131
147
117
132
132
141
116
74
99
166
144
147
131
108
125
178
137
141
163
46
130
168
161
121
140
146
112
82
130
122
103
73
84
90
141
135
194
85
101
134
178
201
137
119
153
131
149
82
135
132
158
147
154
137
115
145
116
152
171
160
122
144
203
93
169
113
110
140
126
162
132
94
106
105
72
113
119
84
135
74
103
189
125
112
140
91
150
117
61
111
104
160
111
185
90
61
128
137
155
127
75
141
152
117
155
121
182
196
100
108
121
143
115
82
162
84
97
107
196
165
123
136
58
191
142
154
116
93
128
121
155
124
113
136
78
152
200
153
130
121
101
146
46
40
151
127
96
86
108
126
125
119
157
135
103
157
108
144
131
127
44
139
83
108
136
128
131
139
162
120
93
139
101
135
138
176
128
107
127
141
104
150
203
81
187
114
128
72
134
107
183
153
89
101
146
133
104
111
134
151
147
128
134
199
86
197
157
93
127
156
156
93
129
157
148
109
150
110
116
149
78
168
77
89
199
91
136
174
170
70
120
107
120
98
118
49
151
100
118
95
114
119
126
127
107
126
93
134
175
128
144
102
192
110
103
118
132
149
