# SOLE Quantized Vector 119
384
81
122
178
108
110
95
165
97
100
127
140
139
110
55
73
144
154
125
119
125
133
112
125
148
135
223
116
179
221
149
119
127
149
89
147
100
115
120
149
158
118
144
179
162
141
113
95
178
171
171
110
95
182
145
167
114
127
140
182
164
152
127
120
140
136
59
160
91
120
130
130
100
92
133
37
169
145
122
98
146
141
150
114
141
76
99
135
157
111
125
137
150
115
154
128
102
137
123
116
58
143
153
150
101
91
136
133
146
99
76
121
95
102
164
93
128
163
114
158
157
54
74
156
174
142
147
101
153
129
155
129
165
131
143
61
153
142
139
132
121
115
177
148
131
145
162
151
136
165
117
119
140
124
80
141
118
130
139
116
81
120
140
186
75
76
140
157
200
149
94
179
143
127
134
90
133
145
127
173
130
93
133
92
110
167
163
129
114
204
38
128
110
135
155
143
142
176
59
139
109
137
138
125
69
128
98
121
166
86
147
104
120
143
140
46
90
116
165
106
180
47
56
128
134
125
115
101
190
99
113
149
125
199
153
101
112
158
155
132
108
144
100
155
129
183
147
127
95
59
202
173
163
89
113
129
137
165
86
135
143
125
171
215
152
98
140
83
140
103
107
137
167
120
99
105
129
124
131
191
136
109
154
118
154
111
120
92
115
115
94
124
141
111
104
148
134
64
123
113
80
123
222
138
136
143
134
122
179
179
99
203
124
136
122
157
67
150
135
139
153
160
123
126
132
192
153
174
124
132
182
113
202
143
126
113
153
122
101
125
130
127
167
129
87
110
156
84
98
159
142
174
111
115
175
193
77
137
91
124
141
141
67
144
159
141
82
127
130
106
16
147
131
75
197
170
160
143
129
173
130
81
124
132
162
