# SOLE Quantized Vector 6
384
127
134
123
92
89
89
131
74
105
114
135
123
150
58
130
157
199
157
206
121
56
150
140
97
125
105
119
184
94
132
144
125
122
110
140
75
138
124
114
130
121
179
120
145
135
137
79
186
158
141
154
111
149
144
99
135
125
186
145
148
119
110
131
160
123
104
130
98
137
110
159
92
116
117
59
189
123
138
143
108
163
150
128
145
97
173
110
147
144
140
147
143
129
179
117
143
143
123
95
144
127
135
130
50
80
126
108
135
115
122
123
85
136
129
149
143
131
150
152
180
69
74
146
170
175
73
101
154
123
186
117
149
112
139
34
169
159
132
91
76
126
71
148
127
163
117
126
135
158
82
138
133
124
140
143
76
136
181
118
111
127
92
193
118
148
140
187
139
137
133
186
112
142
116
149
141
126
133
95
110
71
130
58
96
123
115
69
138
142
28
93
132
92
134
115
186
222
50
124
111
81
137
128
129
136
169
130
144
40
115
9
134
130
129
98
130
119
147
139
144
116
150
138
124
102
139
109
180
80
111
102
131
204
129
107
131
176
150
159
103
171
141
116
120
98
74
120
120
69
179
143
101
96
100
142
142
143
170
132
124
113
148
199
140
114
154
130
110
108
111
106
108
126
106
123
140
156
109
120
116
127
145
97
124
114
112
62
126
102
91
173
113
154
102
122
113
105
155
94
145
165
173
89
109
119
104
139
156
130
87
130
124
146
115
156
132
139
154
146
145
155
128
130
165
140
174
159
156
134
175
121
189
125
156
146
164
121
79
134
45
125
152
146
91
145
160
105
131
97
118
183
158
95
168
172
104
142
65
174
147
116
148
124
180
119
81
171
85
106
43
142
119
122
105
133
107
129
114
84
121
113
159
114
164
