# SOLE Quantized Vector 179
384
128
125
192
115
127
104
138
121
168
86
124
137
127
89
89
179
30
129
172
115
118
153
132
92
104
134
122
176
102
97
132
122
135
179
118
96
129
126
44
134
125
97
133
154
136
125
80
144
197
145
115
95
169
128
145
147
132
127
171
153
105
154
122
155
126
84
136
151
121
139
165
119
65
88
145
128
144
66
107
112
158
135
123
146
90
127
112
145
142
166
126
139
115
116
136
114
140
141
128
156
138
157
168
68
88
145
163
175
97
134
163
103
121
143
136
152
166
103
181
168
88
87
137
137
127
161
97
143
124
149
154
175
139
149
42
151
172
143
108
102
159
162
131
109
127
148
147
172
130
53
156
131
129
158
120
86
131
159
76
96
127
109
165
152
141
120
184
157
196
127
149
117
99
114
160
145
142
160
107
124
97
128
98
109
126
99
85
120
185
117
135
126
117
171
143
168
149
88
128
56
157
140
126
118
125
109
133
94
107
145
245
103
100
134
137
124
145
113
140
177
115
135
139
126
130
125
82
178
164
93
114
146
180
155
121
111
163
179
146
153
177
110
146
59
161
129
143
147
73
154
149
138
115
77
130
104
148
145
125
143
139
136
174
172
181
141
117
142
150
106
144
139
136
120
117
116
148
130
142
142
136
140
138
167
169
127
127
140
132
78
137
132
146
104
114
132
45
140
119
101
167
119
164
103
159
107
134
155
170
101
169
119
136
120
124
152
146
105
97
136
129
123
122
118
135
112
198
105
134
183
85
188
141
73
143
160
139
69
134
210
132
118
193
141
144
164
140
142
108
99
193
126
215
161
126
95
124
98
146
126
116
89
152
113
114
103
73
114
109
12
113
130
145
110
164
133
136
123
136
115
125
116
123
145
