# SOLE Quantized Vector 101
384
83
144
184
74
81
104
145
27
111
132
110
166
115
93
55
145
117
111
116
109
134
130
113
169
103
119
94
178
191
125
113
121
135
142
76
88
92
111
73
163
150
129
141
212
99
141
128
127
86
181
117
154
153
173
167
154
124
129
152
152
150
137
133
147
132
62
103
131
77
115
136
78
69
102
180
170
227
108
101
104
184
139
154
124
70
156
112
140
137
145
134
150
139
118
108
103
164
104
119
75
140
123
177
177
65
151
119
118
120
109
124
71
123
118
117
87
168
68
171
111
87
93
86
92
128
121
68
166
124
126
150
108
102
149
111
124
162
125
81
150
228
114
139
142
149
144
135
99
152
75
156
154
74
104
120
129
106
110
118
95
128
112
168
194
123
146
172
170
116
47
156
131
128
119
144
160
142
84
163
121
136
38
96
136
148
148
140
146
183
101
108
126
141
144
185
75
151
85
115
112
160
146
128
52
132
95
154
159
102
137
106
150
194
128
101
61
202
140
132
175
151
49
137
129
129
112
85
165
43
129
122
119
193
157
135
127
105
159
140
148
127
131
174
155
127
123
126
107
129
174
130
170
82
61
67
148
161
58
122
136
113
165
163
120
128
133
84
143
93
89
125
97
152
111
113
115
101
154
163
140
137
129
132
102
148
115
92
121
112
51
103
142
165
102
129
68
126
147
153
63
156
142
127
164
95
154
76
186
147
163
186
66
125
186
133
108
112
179
198
101
151
125
131
105
131
95
150
127
107
129
105
152
164
151
102
128
146
71
168
116
155
123
84
107
129
150
152
123
124
133
129
125
132
116
131
94
95
110
149
97
124
72
128
175
143
104
139
120
127
128
139
121
163
126
171
205
193
156
115
158
89
102
125
111
