# SOLE Quantized Vector 50
384
165
148
124
125
64
46
116
110
110
60
174
22
155
66
84
202
156
146
173
217
76
44
171
102
115
95
141
181
99
148
165
126
124
135
119
77
170
111
97
107
94
201
84
180
89
133
127
128
168
230
216
149
166
152
124
167
125
163
197
168
71
166
201
146
123
118
76
117
107
146
153
75
109
79
34
93
129
107
109
22
131
115
160
9
116
206
153
127
249
148
189
148
215
129
157
150
118
76
61
153
123
131
106
55
130
118
180
129
161
152
158
93
119
145
121
97
65
96
168
211
69
67
116
128
15
69
158
117
153
195
106
105
122
54
78
164
137
124
117
140
130
26
199
129
133
114
87
164
101
201
111
73
181
91
156
71
150
159
67
101
114
200
223
101
155
139
148
156
148
82
123
48
195
17
151
180
165
115
158
103
84
131
54
179
159
136
91
188
150
59
149
127
121
145
107
150
158
47
213
222
155
127
219
103
113
118
148
166
178
84
34
142
137
179
127
175
108
177
180
202
100
175
149
120
145
128
72
141
162
136
107
42
192
157
83
89
167
159
154
30
72
123
90
82
199
75
146
169
112
142
110
24
131
99
119
83
137
126
98
180
112
167
168
132
155
112
122
125
73
107
99
148
146
134
87
166
112
152
146
172
118
199
98
107
191
134
60
99
99
117
179
138
157
146
20
183
126
163
82
194
162
194
94
39
65
115
168
191
114
83
107
90
139
76
123
94
160
195
107
250
133
167
137
155
136
91
131
185
120
126
74
197
153
191
116
117
191
80
99
72
91
155
116
1
122
131
180
173
140
15
169
169
134
146
206
61
102
76
109
184
110
183
153
86
104
85
171
142
92
91
207
144
107
133
163
119
158
101
143
98
107
117
126
87
