# SOLE Quantized Vector 41
384
156
147
113
78
89
96
100
131
142
80
124
116
140
102
80
143
155
179
202
144
75
145
162
88
51
70
89
198
140
105
139
49
52
218
156
34
62
165
107
137
59
153
109
195
66
179
88
85
154
119
173
170
175
116
76
133
148
153
133
122
123
109
137
173
128
92
193
108
86
143
130
73
59
100
97
111
186
132
129
122
148
106
186
82
103
162
142
132
125
122
161
85
149
96
78
95
139
121
109
191
155
99
155
67
145
109
165
186
71
137
140
69
81
148
102
109
126
109
186
119
113
79
148
152
110
115
48
164
129
201
137
126
119
144
58
65
142
129
137
126
161
53
155
108
106
121
122
132
119
75
155
120
160
132
131
96
104
153
88
128
101
196
173
207
111
147
155
111
122
109
148
110
150
114
199
153
151
148
42
198
122
92
114
142
116
119
116
154
143
109
141
91
96
121
173
110
170
109
150
127
94
132
105
87
55
163
102
146
70
107
108
193
141
138
137
171
114
138
134
160
99
212
78
125
122
113
75
149
98
90
84
127
206
152
123
105
101
154
104
141
105
125
143
120
130
118
133
174
112
156
133
71
107
68
156
132
124
113
117
149
138
147
133
200
160
93
114
130
143
98
113
96
126
135
146
118
115
165
162
129
113
142
120
119
192
112
110
173
105
121
160
103
160
96
113
124
114
161
70
114
123
151
125
95
122
139
88
193
122
91
113
108
110
154
91
125
138
124
88
178
141
157
178
181
95
128
166
128
140
160
118
151
121
135
206
189
91
17
131
82
191
76
199
136
157
145
55
105
47
186
191
139
163
152
148
97
98
82
154
123
131
179
141
148
134
116
168
142
129
130
147
105
153
106
139
88
142
122
98
128
192
146
85
168
