# SOLE Quantized Vector 115
384
99
110
197
60
54
128
142
34
126
100
130
126
102
84
69
148
125
122
155
158
140
112
115
146
120
152
132
179
172
115
112
120
89
146
147
53
92
89
94
104
121
110
162
216
163
129
113
71
81
180
128
133
159
167
142
121
138
126
146
147
160
109
130
154
126
86
105
116
116
144
155
75
84
107
169
160
229
109
96
139
162
159
85
87
97
143
134
143
147
132
143
149
126
132
114
108
159
168
132
91
127
115
176
195
54
160
101
143
112
120
156
72
81
154
116
108
120
114
198
122
84
84
126
115
107
142
79
108
116
127
164
99
109
136
98
94
173
130
112
150
237
144
117
111
146
157
128
136
127
123
194
125
133
130
112
109
112
118
113
92
103
109
166
164
133
123
156
180
138
96
155
135
123
127
121
142
116
119
166
124
133
147
99
165
171
128
145
66
180
105
102
127
140
145
153
97
168
99
116
124
160
142
99
61
117
81
100
175
71
119
124
107
114
114
76
113
122
162
128
137
128
33
199
124
103
109
117
155
70
111
121
89
180
139
127
100
68
157
126
101
127
138
122
149
157
137
132
116
111
189
134
139
79
56
80
110
154
84
115
139
100
175
175
152
123
112
87
135
129
86
135
157
160
93
113
120
132
103
156
128
127
148
145
93
128
102
119
125
138
54
105
149
134
140
131
159
105
155
104
85
168
128
136
145
95
132
126
173
154
171
192
74
161
158
159
122
135
79
202
138
176
124
146
118
119
107
146
120
121
135
94
153
103
114
165
143
119
64
130
128
154
104
109
107
145
142
128
143
134
114
136
112
134
109
106
99
109
112
122
103
122
60
125
117
127
112
124
114
148
127
178
122
142
136
153
152
182
123
145
111
111
155
151
107
