# SOLE Quantized Vector 113
384
132
118
174
62
54
91
161
71
102
119
152
112
86
56
55
179
134
75
166
173
134
83
125
104
121
129
130
182
160
142
163
105
151
102
136
72
150
98
131
154
84
140
147
167
114
140
97
59
88
127
125
120
171
164
119
191
111
136
165
143
151
171
119
111
108
86
165
113
165
138
145
121
97
92
118
174
211
174
71
107
121
171
131
47
111
186
164
131
133
163
118
227
163
182
153
115
108
113
158
97
150
115
180
143
55
103
87
111
108
140
135
114
93
142
118
109
89
83
174
181
93
94
134
153
61
119
119
202
154
166
134
135
150
153
75
106
158
158
142
131
203
148
140
120
167
42
117
85
128
73
176
142
133
93
141
158
126
150
102
82
114
168
184
191
111
171
164
203
136
63
166
140
94
120
151
135
112
79
143
88
124
147
77
122
145
178
179
22
207
94
118
100
140
157
151
94
130
92
83
150
138
118
110
63
97
57
138
115
76
115
128
110
105
121
91
70
125
110
140
170
138
58
150
126
89
160
101
146
84
133
79
114
186
155
110
125
104
170
146
76
128
151
153
157
99
160
110
64
122
181
149
124
46
108
111
116
161
126
132
127
95
181
191
138
94
145
80
125
92
101
132
171
127
89
88
128
85
131
187
135
144
161
129
107
147
106
116
86
120
55
103
152
103
110
96
161
97
175
152
78
193
159
131
94
89
143
231
162
171
169
207
138
147
138
142
127
129
126
169
145
199
138
83
100
134
97
113
130
186
148
109
152
197
83
131
178
164
106
87
116
75
158
109
99
164
160
132
141
133
57
139
107
105
129
103
108
104
85
80
136
178
119
137
87
119
110
117
105
177
99
178
193
112
102
175
198
172
149
148
88
154
203
172
75
