# SOLE Quantized Vector 83
384
90
126
152
116
116
104
171
117
138
106
117
128
124
103
85
178
88
147
131
122
102
144
147
92
68
78
124
158
185
104
131
139
127
161
116
103
119
134
50
138
126
188
140
156
109
153
104
115
167
97
145
110
173
136
121
129
136
144
239
144
136
121
137
148
122
89
143
113
123
130
138
87
37
78
110
154
159
104
125
136
146
121
139
138
114
118
161
145
140
133
126
126
132
107
146
112
149
136
127
151
127
116
183
61
132
132
161
155
130
134
152
94
126
142
122
112
129
120
173
142
82
109
133
91
105
151
21
144
119
142
146
133
112
174
35
119
150
128
116
140
142
103
200
114
67
149
124
116
155
96
141
128
120
128
127
121
100
128
97
101
123
229
150
175
99
122
171
161
102
103
164
106
126
127
197
172
155
89
100
129
138
128
46
124
119
103
56
108
160
87
130
108
131
172
160
36
160
71
146
140
153
118
127
103
134
98
129
145
152
119
166
129
129
143
127
130
153
138
132
161
108
163
139
141
114
110
68
182
90
101
108
132
225
141
130
117
179
176
115
150
96
107
159
148
118
109
141
144
116
170
141
156
71
94
118
125
150
96
123
140
139
155
133
168
187
155
94
151
126
105
106
131
156
108
124
125
123
147
159
140
118
153
121
119
115
112
122
129
118
108
146
151
172
118
135
125
72
164
101
48
174
147
150
120
61
126
122
220
160
128
192
129
144
184
110
54
165
162
93
133
99
137
131
160
148
140
196
106
135
142
96
183
127
165
148
183
145
78
118
97
140
105
149
93
144
141
104
145
115
129
163
154
163
172
180
77
121
85
124
130
128
170
145
119
137
106
150
127
97
17
140
123
167
127
155
129
137
136
114
136
123
130
120
135
