# SOLE Quantized Vector 14
384
121
128
129
72
82
115
124
109
139
98
126
110
150
91
132
165
145
151
202
124
72
149
135
84
69
86
109
215
134
123
146
136
118
152
131
67
151
136
102
143
124
159
135
154
129
140
56
177
169
89
164
115
159
117
101
158
122
155
106
138
103
107
128
148
120
108
116
108
145
119
156
108
70
101
83
145
152
65
109
123
146
134
136
107
105
134
140
152
138
139
127
146
134
109
133
127
146
129
153
163
119
112
155
113
90
127
129
151
134
139
147
58
133
120
134
145
154
129
168
178
88
85
175
187
132
119
61
195
120
197
142
135
128
153
65
157
153
131
85
123
154
58
164
108
135
86
127
103
132
81
154
129
119
128
136
83
114
148
70
116
118
188
173
227
131
140
177
156
127
127
168
110
114
112
175
156
144
98
14
113
123
134
77
89
128
104
84
107
127
75
64
118
100
137
143
74
217
62
116
107
54
125
123
138
128
129
116
112
79
111
82
136
108
122
123
126
128
123
140
156
117
190
111
134
103
127
84
166
41
72
80
152
180
137
127
138
154
137
157
125
132
121
131
161
80
130
131
137
96
147
126
103
108
60
181
123
149
179
139
129
103
149
167
151
137
155
145
120
128
100
99
107
127
112
116
143
138
125
132
118
148
138
68
130
115
105
103
130
92
87
167
119
164
93
116
91
90
186
89
125
183
161
116
97
115
101
144
155
143
88
140
133
129
139
103
155
174
159
74
132
130
121
113
129
126
172
134
140
147
174
114
149
148
88
183
191
121
87
121
65
131
124
206
108
186
151
117
132
88
106
174
146
107
203
125
81
124
75
160
131
126
199
137
125
118
109
159
104
93
93
133
112
172
73
133
96
129
118
93
131
194
181
115
135
