# SOLE Quantized Vector 23
384
119
129
120
62
103
129
122
93
112
66
126
108
153
82
93
126
209
127
198
116
59
150
151
99
102
124
98
215
116
111
167
69
120
133
98
59
148
112
117
185
96
116
81
212
127
142
100
200
162
199
145
106
153
113
109
186
124
149
119
126
49
92
113
128
122
96
146
123
129
101
133
135
86
115
56
91
145
96
144
119
155
129
122
122
128
141
92
126
145
119
166
154
128
107
106
144
171
123
117
133
125
131
137
94
100
133
166
128
126
144
111
32
156
136
158
168
142
140
158
173
77
71
224
192
145
96
140
157
144
235
102
134
115
118
90
179
157
142
38
66
103
125
149
133
138
68
96
124
175
104
172
151
103
177
136
96
152
156
117
140
153
125
199
119
121
163
207
119
138
118
124
126
177
132
122
136
205
151
76
115
96
138
89
91
134
135
97
160
143
73
74
109
104
99
114
153
140
87
136
131
86
139
132
134
115
152
127
135
131
102
31
148
151
148
104
113
152
178
110
154
112
142
146
126
91
113
76
139
111
114
147
147
163
145
77
156
119
162
128
102
115
112
131
119
126
95
112
109
74
157
130
155
141
48
157
153
135
173
124
97
134
117
168
147
108
147
119
130
105
75
119
154
97
110
114
186
127
83
152
127
98
172
16
145
130
97
97
101
137
111
174
80
127
109
82
48
149
125
118
142
161
179
110
104
175
124
156
152
171
60
125
129
144
92
156
129
139
170
87
118
144
123
136
126
162
167
143
118
149
177
89
155
109
164
162
162
133
38
148
71
145
122
177
89
139
143
62
130
96
132
191
136
106
226
178
86
131
96
125
119
135
134
122
149
107
76
192
111
75
111
119
124
128
85
142
166
113
92
77
139
120
154
110
204
