# SOLE Quantized Vector 72
384
115
125
147
61
61
108
168
71
118
114
159
143
109
74
61
147
110
108
120
133
106
108
175
87
90
63
143
168
134
152
151
103
126
135
118
52
154
145
60
141
119
169
154
199
105
203
148
31
87
133
132
127
146
193
165
227
90
138
190
132
132
130
129
100
149
102
173
110
115
128
131
54
71
98
166
166
202
179
112
135
164
129
133
67
116
184
151
115
141
149
141
145
157
163
141
119
117
71
144
116
129
111
165
108
116
89
86
140
137
137
140
64
117
130
126
77
41
63
170
158
104
112
174
73
80
96
77
167
180
226
125
98
70
182
78
109
162
106
140
97
199
172
176
106
86
115
113
95
163
102
179
93
107
149
134
121
160
101
139
119
165
184
180
180
126
237
192
183
122
93
192
110
121
114
138
171
138
32
193
136
121
205
48
103
138
169
106
60
185
96
158
95
127
141
151
84
132
76
131
160
198
137
125
45
74
97
85
100
128
111
128
132
115
121
106
100
111
152
155
180
136
176
138
123
105
149
85
167
104
106
95
124
202
188
116
142
126
137
178
126
80
150
91
144
95
111
140
39
120
172
135
126
99
84
128
116
150
94
123
165
113
148
136
187
138
164
87
124
52
113
126
168
162
128
110
163
61
134
166
174
128
154
103
111
105
148
116
80
134
95
122
107
126
136
117
191
100
202
122
57
174
171
105
81
99
128
249
182
132
145
153
65
133
205
127
113
132
172
175
194
136
63
84
156
175
94
153
101
187
148
96
152
179
161
127
169
202
57
62
87
113
143
101
77
148
145
111
134
91
49
121
119
104
136
152
101
111
98
96
102
203
146
156
132
136
90
137
104
105
88
202
195
148
113
146
155
187
112
141
123
117
163
147
138
