# SOLE Quantized Vector 136
384
102
107
223
78
100
106
141
84
144
51
130
120
153
117
51
146
117
123
159
141
116
129
129
147
103
185
118
214
173
122
115
132
149
173
129
80
119
114
110
134
98
95
96
211
129
71
86
142
164
204
120
176
169
103
105
124
122
125
117
175
118
107
110
136
146
69
114
75
122
159
140
66
78
95
108
110
183
62
114
151
156
156
113
143
79
94
115
128
112
157
179
145
115
90
157
111
117
150
121
93
128
124
156
148
56
226
151
199
40
132
158
87
94
116
123
120
157
132
193
130
68
69
158
188
112
165
114
147
100
119
150
148
191
101
93
183
185
107
134
138
158
134
120
105
173
138
138
157
153
66
183
108
110
55
130
123
132
119
86
94
95
88
186
118
119
149
177
157
144
104
126
126
160
145
138
110
185
176
126
142
122
92
141
100
148
124
145
66
175
106
111
114
152
146
145
141
144
103
154
87
89
169
126
97
156
88
95
115
108
203
131
125
141
126
80
110
129
96
141
148
94
19
178
123
111
117
97
164
149
126
166
119
182
144
100
106
110
166
83
111
172
94
169
97
197
154
133
137
64
164
143
144
89
38
129
123
151
106
137
73
143
169
182
150
144
125
94
143
108
84
130
147
115
143
99
123
126
101
162
127
122
149
109
119
161
127
100
138
111
70
132
123
114
141
135
71
120
101
118
124
143
168
158
161
120
134
103
164
184
125
178
102
146
85
147
105
152
84
107
140
144
151
92
101
128
137
139
106
117
147
87
155
145
106
131
146
142
62
127
160
148
125
170
98
107
137
105
109
137
132
190
127
166
165
135
59
133
111
131
104
96
45
89
114
129
102
123
127
64
127
137
134
114
167
160
198
141
98
153
149
84
83
139
139
