# SOLE Quantized Vector 146
384
165
124
215
102
91
114
139
113
109
96
130
145
117
69
15
153
116
128
184
121
111
122
124
142
156
168
130
213
136
124
127
132
152
120
137
71
134
101
141
143
114
137
131
194
120
101
103
150
144
176
111
111
181
153
155
149
128
121
158
156
144
139
129
149
126
91
138
129
95
133
145
113
101
116
83
152
155
131
94
123
162
133
137
118
86
132
113
155
143
140
149
144
118
164
124
123
160
124
94
110
142
146
125
110
51
144
122
139
97
111
126
62
111
147
125
137
159
123
189
147
86
81
171
147
152
126
139
145
127
171
133
151
122
108
49
192
186
139
102
110
138
177
119
132
166
159
147
160
153
108
159
129
120
120
133
56
140
164
118
95
129
101
176
71
115
137
161
171
181
109
166
137
102
119
100
137
119
187
203
129
81
115
113
136
143
136
108
127
186
74
131
131
125
147
135
199
152
77
139
96
134
160
127
86
128
106
138
133
41
144
154
118
116
148
93
117
126
154
121
176
101
64
134
118
133
127
122
221
159
110
113
136
178
160
93
98
115
169
130
107
169
117
139
74
172
135
129
117
83
172
152
150
118
94
108
113
140
112
120
135
131
149
198
145
122
134
88
133
117
101
149
143
141
104
116
129
140
121
163
147
113
141
153
136
140
129
72
126
133
66
141
131
121
122
132
151
69
122
126
119
151
153
120
144
146
117
112
152
140
115
164
114
133
86
146
131
129
108
166
140
225
132
132
139
151
115
182
133
124
167
111
157
148
93
136
121
131
48
136
170
130
148
171
121
99
147
119
130
136
120
173
134
152
173
159
115
120
92
139
138
118
89
134
187
131
62
106
131
111
33
142
139
86
147
166
157
153
114
154
118
95
123
133
126
