# SOLE Quantized Vector 28
384
151
137
123
91
87
141
116
121
136
93
123
106
167
81
110
173
181
150
246
102
50
170
148
87
82
52
119
173
134
124
150
123
101
157
127
92
141
129
118
151
145
146
112
159
135
142
46
118
148
107
161
82
182
116
87
156
129
177
115
141
78
100
111
155
121
103
138
114
129
125
165
101
45
89
42
119
151
107
129
122
138
130
121
84
115
122
123
141
148
119
129
144
117
117
150
106
153
132
154
153
111
115
166
124
117
117
149
166
116
159
141
82
133
108
148
129
114
118
151
169
89
76
178
170
129
106
80
170
125
169
148
144
98
146
38
130
147
119
88
118
114
65
162
121
114
77
103
89
151
70
146
122
116
141
135
110
114
136
74
125
124
206
180
200
119
131
177
138
123
121
161
127
121
141
199
152
178
117
66
102
119
125
76
107
118
84
78
118
138
76
70
123
112
125
134
59
183
65
141
117
41
141
130
129
128
113
124
110
60
116
88
146
117
141
116
146
110
122
123
153
113
156
143
139
84
131
69
135
95
101
74
187
177
140
133
143
100
147
139
127
111
111
147
167
107
144
138
130
92
151
113
124
114
79
151
111
138
186
130
121
104
154
160
145
129
184
121
121
124
80
95
120
122
113
120
160
125
128
138
131
128
145
93
125
136
102
101
128
134
109
174
86
172
107
121
110
99
189
72
106
199
156
117
90
120
116
135
163
158
96
143
141
153
114
110
156
172
146
73
116
133
113
122
139
116
182
140
117
140
160
109
182
121
105
164
202
134
88
128
52
130
100
182
104
155
137
116
133
70
111
182
134
121
175
116
67
134
73
135
142
105
225
138
136
108
119
188
89
127
103
139
123
165
51
145
123
139
114
69
119
172
161
94
118
