# SOLE Quantized Vector 75
384
141
100
164
114
131
68
121
52
130
112
106
202
112
88
43
120
111
132
125
179
99
109
115
119
137
84
136
194
124
125
144
160
161
143
129
79
94
98
64
136
60
220
170
192
150
163
173
166
109
181
140
110
147
184
147
98
124
131
190
158
131
146
135
167
125
63
130
81
114
99
148
113
97
115
124
180
190
151
150
145
185
77
106
149
63
157
164
151
136
136
177
67
138
129
119
133
180
119
132
110
155
146
132
95
44
184
105
116
115
107
142
122
169
124
106
144
188
121
179
121
70
110
107
122
140
111
83
80
121
161
150
131
131
136
117
182
170
122
83
155
156
107
175
130
123
157
125
136
170
67
125
154
92
132
121
116
114
122
145
102
125
70
136
57
160
142
168
179
90
77
142
127
151
75
131
184
143
73
184
143
101
104
61
110
121
131
123
106
175
73
149
68
137
138
123
159
148
49
176
135
116
139
126
100
105
94
99
195
125
111
130
121
174
125
115
121
131
162
135
178
150
139
139
133
133
97
104
168
102
87
157
81
219
162
71
119
182
146
92
163
117
114
113
91
179
83
112
197
117
141
176
105
83
55
62
100
150
74
120
138
110
132
135
154
150
141
111
142
121
95
77
107
159
136
101
119
125
146
120
145
160
112
137
96
73
169
89
133
114
75
131
129
150
119
123
107
122
121
162
97
157
168
124
159
77
89
112
169
169
121
146
104
118
184
127
93
110
141
207
179
117
149
122
130
143
124
161
113
96
159
110
154
130
219
57
117
156
68
122
98
164
175
77
57
163
164
49
130
183
136
155
134
185
193
182
102
90
121
167
119
144
108
143
208
126
62
102
147
62
104
91
125
129
146
141
156
77
115
125
135
29
147
177
139
