# SOLE Quantized Vector 149
384
119
140
180
120
154
100
118
111
150
96
162
154
126
61
82
174
108
91
177
129
99
94
125
148
135
207
118
186
146
153
135
120
159
141
121
100
117
140
121
164
117
97
117
181
119
114
114
171
215
205
94
54
182
119
145
92
129
105
118
198
103
190
146
146
132
73
181
129
151
143
149
138
79
106
73
85
147
96
67
96
151
127
142
106
80
142
106
185
91
173
125
148
119
53
182
133
161
158
75
109
142
133
133
140
91
167
204
210
83
88
166
98
107
127
99
150
186
179
165
181
72
52
149
236
107
160
142
155
116
151
132
170
127
77
63
186
146
126
134
122
131
130
129
134
175
86
188
188
135
96
126
175
167
37
117
75
92
166
74
65
104
164
173
74
141
109
182
207
178
70
140
155
124
108
144
120
189
163
149
134
92
144
104
106
183
160
114
174
186
75
133
101
134
170
145
170
135
34
55
100
111
101
160
98
133
89
141
128
116
120
158
107
132
144
93
117
155
157
141
202
92
88
118
85
169
76
85
179
144
115
119
130
178
134
110
84
111
190
152
158
171
112
134
80
190
164
156
172
90
176
189
105
127
88
113
108
148
112
136
159
168
133
233
161
140
206
97
130
148
70
136
143
137
96
122
99
125
194
163
146
149
147
142
136
85
138
81
130
145
103
167
145
140
115
99
152
73
110
148
138
137
161
178
87
195
65
79
160
177
78
173
74
111
75
95
121
159
96
73
170
150
151
108
109
80
121
185
137
102
178
82
197
104
68
109
120
135
82
137
187
146
148
163
124
107
148
122
177
103
111
188
168
175
166
150
84
83
89
161
91
132
58
137
93
136
93
106
142
125
33
153
137
93
139
154
173
149
118
180
112
118
107
132
113
