# SOLE Quantized Vector 4
384
104
140
131
81
98
97
127
30
103
109
131
124
142
76
145
158
187
159
217
124
67
148
139
79
121
93
120
174
78
129
142
129
124
148
134
73
141
127
65
122
126
153
129
155
132
146
107
159
119
141
163
103
135
158
112
144
126
173
124
149
120
111
131
162
120
98
129
99
137
115
161
95
101
146
150
177
152
132
146
114
170
158
131
141
99
151
99
139
146
143
145
158
137
159
119
135
147
127
91
131
126
120
149
123
72
128
95
148
118
141
133
81
141
118
153
142
134
148
155
161
74
71
154
151
180
98
80
155
127
169
135
127
100
151
56
152
167
130
90
82
150
68
122
119
152
124
120
129
150
71
153
134
126
156
129
82
129
163
102
116
127
53
198
143
186
136
218
140
136
105
179
108
141
115
176
151
136
135
91
111
91
128
65
108
118
101
73
132
137
39
89
131
102
146
122
166
221
52
111
108
88
134
138
116
135
176
129
117
42
119
25
131
123
94
112
108
130
131
143
142
136
151
143
127
96
135
110
175
99
107
106
120
189
133
122
132
115
158
156
127
177
136
121
122
88
82
122
130
84
181
148
88
92
80
135
148
145
158
128
120
118
153
195
158
125
156
140
116
107
81
103
102
147
104
127
138
153
110
125
122
135
141
114
120
124
126
97
123
97
90
157
134
156
103
110
115
111
169
89
132
181
147
109
114
129
98
154
161
136
122
140
120
144
145
144
171
126
145
186
142
153
124
129
139
120
169
162
138
130
167
123
184
123
148
165
163
109
74
131
46
127
133
151
103
160
162
112
127
81
118
157
156
111
173
125
108
141
72
179
134
115
124
123
187
121
108
167
73
121
48
139
124
177
93
128
112
124
145
62
125
133
163
119
156
