# SOLE Quantized Vector 73
384
123
127
147
70
53
101
149
34
126
84
118
158
97
82
48
150
99
140
133
155
103
142
127
118
98
84
139
174
147
103
120
143
133
169
85
71
102
124
43
114
139
171
115
215
158
177
154
76
100
160
117
130
136
189
125
121
121
138
174
134
147
117
119
121
121
86
138
114
116
128
152
101
68
102
177
157
211
88
126
146
185
135
95
140
86
118
137
147
172
113
178
156
127
146
135
111
189
170
137
121
128
105
157
140
85
159
90
152
112
151
140
48
119
135
126
89
138
101
200
127
83
111
103
54
115
104
77
116
107
154
162
129
79
128
104
90
166
117
128
141
245
116
168
121
108
187
119
119
127
110
178
121
131
139
113
96
129
125
135
111
154
124
135
159
159
155
154
165
127
81
142
108
157
112
150
171
145
48
130
118
123
105
66
122
146
143
140
114
163
95
92
113
133
138
149
86
152
88
151
147
204
110
128
73
111
114
165
134
141
114
119
152
180
111
112
106
139
148
127
137
153
166
173
128
105
117
94
148
89
87
122
73
191
105
132
112
119
136
116
124
93
145
114
133
147
85
128
149
127
153
140
142
98
52
84
111
151
82
108
142
117
148
123
145
138
136
125
151
102
88
101
135
167
119
120
151
128
122
137
149
118
128
150
119
142
135
91
131
88
84
130
146
139
131
139
124
128
159
136
84
192
138
120
144
84
120
127
176
134
151
151
100
140
209
129
104
116
128
204
153
121
150
134
145
166
82
156
112
97
122
100
153
110
186
140
132
153
59
90
91
178
120
82
97
151
154
130
139
142
129
127
170
141
101
143
91
97
115
133
140
142
119
153
142
133
103
118
110
85
126
158
120
161
139
139
140
123
104
121
113
94
175
105
109
