# SOLE Quantized Vector 158
384
170
125
187
96
116
118
135
60
120
97
124
149
112
62
72
165
60
123
192
134
116
131
124
116
137
133
128
170
90
121
127
119
138
171
134
89
131
121
68
139
121
112
145
175
119
129
127
110
122
178
116
105
169
188
160
149
130
110
154
161
138
155
133
153
125
85
146
142
112
133
155
117
77
117
183
140
172
116
84
117
162
138
137
131
79
132
105
139
147
152
138
154
121
160
124
115
144
132
97
128
144
150
137
161
75
141
108
163
97
133
135
74
119
145
129
139
167
113
173
144
95
80
147
119
155
129
123
139
131
150
145
145
115
131
48
147
170
144
105
102
164
176
106
112
159
172
145
166
142
86
165
135
126
163
119
81
135
168
106
103
125
70
178
133
139
128
198
194
211
99
167
143
89
114
119
160
128
161
150
132
85
129
103
121
148
108
91
120
198
81
132
128
122
161
145
196
149
77
130
75
155
141
129
73
123
111
131
99
40
144
204
103
98
120
117
94
145
123
135
179
125
125
136
120
123
127
109
177
167
106
93
145
178
161
122
112
77
181
135
140
166
119
131
55
148
127
139
123
89
170
164
137
144
85
111
108
142
111
107
137
143
150
205
177
146
118
105
139
126
94
161
137
159
106
117
123
137
126
165
139
134
142
155
142
162
137
95
131
129
88
133
136
137
105
123
148
51
153
125
110
172
121
135
136
180
102
139
154
129
125
161
119
135
127
143
186
114
94
214
139
170
117
129
119
140
103
209
110
130
165
103
192
138
77
140
119
125
68
127
196
131
118
159
133
137
162
122
128
122
113
154
134
186
153
117
114
114
91
152
128
122
82
148
152
127
111
84
116
129
15
131
135
150
132
171
137
139
135
138
121
130
123
134
125
