# SOLE Quantized Vector 40
384
168
135
110
99
52
77
123
132
146
82
129
116
123
113
76
179
152
186
195
139
72
121
159
102
60
61
159
195
127
103
141
85
81
239
151
49
113
154
93
134
116
167
108
192
68
175
105
84
155
154
161
149
175
108
116
145
134
156
136
138
107
101
134
142
127
75
142
125
121
114
155
78
61
103
107
126
192
140
153
93
165
127
214
145
96
153
127
157
128
139
163
99
140
107
108
131
134
150
88
177
140
117
152
64
135
151
129
115
132
149
143
116
159
129
99
186
159
115
198
102
108
75
120
145
113
118
72
168
134
169
126
150
82
125
59
80
166
142
155
152
139
43
144
122
129
154
108
139
146
58
150
103
152
173
136
49
106
145
120
109
160
143
173
187
164
78
139
97
134
101
168
112
161
107
198
147
132
173
62
152
120
76
109
108
95
112
105
154
155
99
89
101
111
138
125
145
156
87
170
134
119
117
125
125
142
126
121
142
70
81
99
145
124
118
153
178
157
136
122
160
143
203
81
165
114
123
60
150
170
109
104
131
193
156
102
86
120
176
115
133
141
115
163
92
158
113
118
183
118
148
149
50
69
61
105
97
125
115
123
139
154
125
141
176
186
156
104
108
142
75
103
133
90
108
136
103
122
150
132
139
121
129
151
127
100
133
140
125
103
96
176
158
167
123
133
117
130
152
109
123
161
112
116
101
87
124
151
184
158
121
140
102
62
147
78
124
172
115
101
134
142
112
165
160
111
95
143
122
149
178
103
151
98
167
186
174
128
9
132
92
130
98
202
91
172
121
107
104
86
108
163
120
183
151
166
86
135
89
163
103
85
135
148
140
144
127
155
124
103
127
128
119
144
135
152
118
123
93
102
127
175
109
124
102
