# SOLE Quantized Vector 48
384
204
110
117
81
97
47
141
96
89
46
128
153
76
83
40
143
142
102
173
113
88
120
144
124
119
80
122
209
123
107
105
103
129
146
124
62
120
91
105
149
89
204
137
199
190
159
149
158
137
182
149
128
161
172
111
92
113
200
190
157
137
111
143
161
84
90
121
146
81
121
158
65
118
95
67
145
147
126
145
148
174
155
73
124
101
133
121
137
132
150
208
210
154
175
102
99
247
66
106
147
129
130
108
55
79
135
137
156
179
145
98
78
118
133
152
139
132
160
178
128
67
92
136
103
125
76
132
198
139
145
122
108
85
114
80
148
146
113
151
120
114
118
168
94
156
201
79
127
129
90
160
117
189
93
151
68
147
170
145
130
102
99
169
119
123
88
105
130
154
108
99
121
182
98
115
154
157
120
147
115
81
60
72
90
110
120
166
200
137
69
107
98
117
110
139
179
164
91
144
141
124
145
136
76
151
148
125
186
113
203
75
123
237
136
98
145
122
172
127
166
117
206
181
99
145
55
91
145
147
73
140
95
188
230
105
95
148
140
95
82
105
149
151
68
183
64
89
112
110
131
147
167
113
93
135
106
131
118
131
154
79
165
156
108
161
151
139
121
73
106
81
109
143
141
93
140
135
134
153
130
132
150
79
103
53
163
69
126
110
95
147
127
200
113
84
111
119
129
82
158
138
188
121
132
113
125
85
177
95
79
110
100
161
117
152
101
88
115
183
86
161
219
195
149
49
129
161
147
145
151
106
157
84
195
205
125
125
40
175
74
50
151
115
103
119
135
91
125
105
134
195
137
141
157
180
96
120
106
144
149
121
163
25
201
143
37
136
140
79
123
102
142
120
145
144
81
152
161
116
138
86
124
99
134
