# SOLE Quantized Vector 9
384
85
131
127
84
92
90
130
69
126
94
137
118
153
71
138
157
196
153
193
119
52
151
143
87
112
139
114
188
111
123
147
125
126
120
143
81
133
122
93
145
112
135
114
161
139
130
71
194
215
163
155
111
135
110
90
139
120
177
116
142
61
106
128
154
130
93
120
97
136
115
155
96
93
119
64
115
122
94
135
114
156
144
123
146
102
150
111
150
141
125
139
144
137
117
129
145
143
122
119
142
122
130
140
82
92
126
158
144
127
130
137
86
138
125
146
144
144
150
155
202
68
61
154
218
146
104
108
161
126
185
115
152
131
138
79
181
148
131
102
72
127
81
162
123
163
89
120
138
152
63
140
137
121
140
145
80
134
167
83
109
133
138
199
125
149
140
212
143
125
134
152
108
180
115
167
127
197
128
80
108
92
123
60
89
151
126
95
137
128
40
95
114
94
135
116
145
202
56
128
119
77
137
131
158
127
171
132
153
140
117
12
133
130
121
93
126
127
143
134
144
107
150
137
130
98
131
82
165
100
111
120
121
186
134
97
131
178
153
158
106
153
119
118
136
104
85
120
136
61
171
138
79
117
86
153
143
149
195
142
121
97
139
204
143
128
161
144
120
113
94
104
100
104
116
112
155
148
101
128
123
127
145
84
146
115
119
82
118
96
104
180
106
157
109
100
106
132
158
98
161
160
182
117
87
130
98
141
154
169
66
129
132
137
104
146
135
169
154
56
141
130
139
125
144
144
186
151
138
135
194
97
189
128
138
150
177
120
83
131
52
125
128
156
82
143
157
100
124
79
108
194
136
87
182
171
81
136
77
160
131
115
128
128
129
110
88
181
93
95
70
131
128
136
98
131
111
128
109
80
125
120
158
116
168
