# SOLE Quantized Vector 76
384
92
134
160
124
104
72
138
60
82
100
183
209
98
83
71
141
111
59
81
72
86
108
115
154
133
91
109
177
162
150
76
155
157
116
113
96
96
103
78
200
123
249
103
167
93
139
170
153
105
169
114
140
162
191
98
154
166
131
192
109
116
88
176
170
152
83
88
111
88
127
106
151
105
79
76
191
151
174
165
122
142
109
152
145
87
153
102
126
140
58
137
71
148
135
53
168
136
125
106
106
130
172
132
32
100
169
104
52
202
102
178
84
148
144
119
69
169
186
139
118
70
103
161
124
171
39
106
159
63
167
132
119
28
157
110
165
141
173
130
134
127
130
207
124
107
173
169
82
169
132
114
129
115
97
140
140
103
99
132
109
140
105
163
79
127
114
170
176
121
83
205
126
151
75
76
185
158
90
152
136
88
129
16
143
128
134
78
177
192
69
125
118
119
118
100
169
131
47
91
149
82
147
141
39
140
151
154
110
138
94
104
119
173
131
88
118
179
143
155
239
117
135
117
87
95
118
63
129
129
138
167
120
243
181
121
128
224
120
84
116
108
153
122
91
191
102
151
121
106
149
190
92
80
114
132
119
153
79
117
155
77
132
147
128
111
144
93
178
66
116
103
142
138
46
104
170
109
141
161
146
138
96
96
100
63
142
27
102
78
110
139
136
175
117
152
105
117
121
227
109
138
189
97
177
124
127
115
198
141
75
132
125
119
171
47
69
128
167
187
138
113
105
172
159
228
116
162
102
104
148
82
195
127
233
153
140
201
96
139
88
114
199
105
120
101
133
50
118
105
152
164
142
144
178
239
77
100
96
118
119
167
141
104
182
159
65
151
119
83
119
165
144
115
230
180
116
161
122
144
122
66
108
115
122
