# SOLE Quantized Vector 94
384
64
147
191
104
92
99
163
72
127
67
139
121
99
112
64
149
106
148
102
147
122
124
132
125
92
144
136
202
182
96
134
98
133
163
141
92
157
139
61
164
148
162
117
202
168
125
137
195
162
179
127
150
146
124
159
147
133
118
161
124
98
115
86
151
166
60
132
122
172
127
133
104
67
100
113
133
191
74
153
155
171
134
103
187
107
72
109
140
88
134
96
197
123
90
71
117
184
117
173
113
137
131
165
107
62
148
142
109
171
99
152
90
113
144
128
141
169
164
187
137
62
99
141
138
141
155
101
150
116
64
158
164
156
112
127
125
147
140
120
132
161
139
175
125
105
97
117
132
169
74
182
158
147
142
152
161
117
87
119
111
114
95
168
83
134
87
153
153
110
95
129
116
186
104
138
151
180
79
117
129
131
125
82
112
139
141
126
136
167
85
160
127
101
149
139
105
131
83
133
125
110
53
78
119
150
101
134
188
195
124
137
102
213
110
104
96
148
188
123
169
113
74
113
146
110
83
73
153
153
84
193
98
204
134
114
111
194
136
104
94
134
100
118
116
184
128
120
109
96
156
105
158
77
37
76
117
160
117
120
182
69
126
147
167
143
151
131
144
96
69
93
159
128
103
94
148
134
151
145
174
108
145
72
121
123
141
71
116
138
87
133
171
155
128
154
95
129
111
101
92
161
177
146
131
71
138
115
176
225
99
180
69
108
165
142
62
165
133
121
98
73
144
122
103
144
129
153
108
153
184
89
154
95
200
114
150
123
79
128
109
105
144
129
92
157
143
83
152
109
151
177
121
152
201
193
57
110
126
130
121
112
78
125
89
123
91
117
117
34
126
143
118
130
183
148
193
117
73
151
106
30
77
105
164
