# SOLE Quantized Vector 161
384
174
124
207
104
89
99
151
144
121
89
125
146
112
60
17
164
86
117
173
113
113
128
127
140
152
164
116
226
136
124
124
130
160
106
135
80
115
111
132
144
104
124
129
192
120
108
88
189
182
158
111
94
177
157
138
137
126
135
167
154
131
140
120
144
124
104
138
135
105
127
147
124
96
103
68
128
123
94
81
118
153
119
138
138
82
137
113
157
144
141
142
130
120
172
127
132
149
137
94
123
145
154
121
82
98
144
132
142
98
100
122
57
110
140
132
143
168
121
201
159
97
87
145
136
137
121
140
163
122
196
117
150
132
116
49
174
184
138
104
102
122
192
140
129
166
154
140
164
143
95
148
134
124
119
131
23
132
173
117
97
139
165
166
83
107
130
158
182
196
119
155
145
103
118
89
128
122
165
181
122
73
104
93
126
153
131
107
117
186
81
121
129
126
147
147
183
158
72
130
95
156
168
120
111
135
112
125
130
85
162
175
108
114
152
108
116
126
156
126
161
92
116
136
125
129
128
94
219
161
104
91
152
165
158
85
100
133
169
141
122
157
116
124
76
157
131
129
123
70
161
148
140
147
116
123
118
141
134
128
136
127
144
196
156
136
139
115
134
119
118
157
127
119
110
114
136
144
121
162
138
120
145
163
165
146
105
97
130
131
75
152
113
110
125
140
144
65
125
128
136
151
155
116
125
160
106
127
151
126
92
142
120
131
88
152
134
143
114
126
129
210
123
139
153
145
116
178
131
128
167
99
157
139
75
135
132
144
50
131
175
129
136
177
112
94
153
132
127
131
112
175
120
138
163
169
122
134
88
145
150
116
128
140
154
124
44
98
122
99
35
134
131
89
163
166
153
165
115
150
93
106
127
129
134
