# SOLE Quantized Vector 156
384
154
104
189
59
121
122
148
105
133
116
100
198
114
57
30
136
77
169
192
46
110
171
107
136
121
127
125
203
177
119
96
110
152
155
126
64
104
102
99
137
167
96
138
214
164
157
107
85
135
112
102
98
167
183
81
76
147
132
136
165
163
91
121
173
144
88
137
127
105
90
144
102
65
120
172
132
191
83
82
145
196
151
109
165
62
85
105
134
107
157
83
94
85
157
120
98
168
186
136
169
118
139
154
128
99
170
102
173
81
112
144
54
129
134
99
173
208
144
195
107
124
91
99
114
179
115
77
112
90
136
144
163
83
125
65
119
202
142
73
126
156
149
121
130
148
182
163
138
147
120
197
137
101
165
90
31
101
152
108
113
140
178
111
164
119
81
153
200
167
100
165
170
74
127
98
140
110
137
110
119
103
83
118
115
164
68
168
74
197
118
57
158
134
136
182
139
159
110
153
72
147
178
132
79
177
151
87
92
51
216
183
108
87
118
119
101
137
109
118
117
95
157
85
132
128
128
91
172
91
65
50
168
159
148
164
116
58
155
68
203
152
89
137
108
113
123
140
134
95
173
180
172
142
104
145
135
141
114
122
91
123
142
164
165
126
180
112
158
128
119
136
108
132
112
148
107
155
174
174
114
140
148
226
156
108
143
116
171
130
95
148
143
156
127
195
114
64
152
108
101
157
140
130
163
189
110
107
153
94
121
155
157
106
179
161
166
115
75
152
56
207
94
117
177
135
124
170
93
81
166
134
153
111
49
170
165
73
37
130
163
171
55
184
131
145
159
117
120
172
180
133
113
142
161
108
108
124
94
154
147
141
121
137
172
144
94
98
101
180
86
104
69
156
150
156
60
179
119
107
107
184
148
109
144
