# SOLE Quantized Vector 187
384
108
120
228
103
99
111
129
93
128
71
128
138
120
71
83
174
89
124
164
122
125
145
122
111
139
150
114
217
97
120
126
139
135
120
106
67
133
123
93
126
112
107
142
154
114
121
104
183
117
155
120
86
150
175
137
159
131
136
165
150
143
151
121
158
122
127
127
138
123
126
150
128
103
105
119
186
142
94
92
120
173
149
148
131
79
145
105
140
141
153
135
140
119
165
117
124
151
127
126
124
138
162
149
75
12
136
127
146
99
119
144
57
115
143
129
157
144
121
198
165
90
104
135
125
154
116
130
165
126
195
139
173
134
152
67
172
212
137
88
94
168
152
124
105
134
136
159
156
133
84
136
131
132
145
138
59
141
158
108
110
122
89
152
91
154
128
160
169
196
119
149
144
87
125
148
147
118
164
87
117
66
136
82
109
147
117
110
100
186
100
136
134
115
154
164
191
155
80
132
81
160
166
123
114
123
148
123
124
71
161
208
118
96
122
144
100
136
116
141
173
130
106
115
119
128
138
115
212
102
93
89
137
161
153
99
115
148
158
151
135
175
135
129
95
148
124
140
121
85
151
158
139
131
63
126
139
154
160
133
157
125
146
178
170
109
130
137
127
123
136
134
134
138
122
123
129
146
130
145
132
144
146
113
165
149
115
112
141
127
21
103
142
117
100
144
159
64
138
125
96
158
147
118
110
178
122
179
162
143
93
139
131
134
142
141
161
126
111
177
140
144
106
111
120
139
116
164
123
142
163
97
153
179
79
152
132
131
65
141
184
131
147
176
134
147
178
139
141
125
113
164
136
169
159
124
103
127
90
134
145
129
114
139
200
118
53
84
90
111
35
134
125
129
132
155
131
139
126
113
95
104
137
123
143
