# SOLE Quantized Vector 96
384
70
133
202
111
109
111
135
103
128
99
119
119
143
118
52
162
95
155
120
104
118
142
132
109
32
108
129
179
184
107
123
141
120
187
127
85
112
132
66
135
153
169
139
171
116
144
102
102
155
123
139
139
164
120
144
135
137
135
212
145
132
139
111
149
136
78
147
102
130
131
130
103
52
99
125
174
187
63
144
126
171
145
140
140
124
97
141
141
140
130
100
115
129
104
152
110
167
145
144
118
126
131
182
75
92
160
160
155
126
118
165
106
121
142
119
123
134
122
198
140
80
108
146
105
133
157
33
134
121
129
160
135
102
157
62
125
178
122
102
136
158
122
168
117
90
174
122
130
153
99
170
123
102
151
129
136
112
104
103
98
109
143
153
157
106
122
153
140
88
110
161
101
139
123
193
156
137
84
101
131
135
121
86
145
118
118
89
91
161
83
113
119
136
169
170
73
152
93
144
116
121
118
127
93
128
104
151
144
131
120
155
136
138
154
121
112
145
131
125
157
120
105
128
138
129
97
95
220
83
84
145
115
216
153
133
117
192
157
108
122
125
114
139
132
149
124
135
138
111
170
138
144
50
62
68
129
157
81
115
137
143
147
130
148
167
172
89
152
128
106
112
127
166
107
126
141
129
144
150
149
117
142
101
111
116
103
128
137
132
76
139
158
142
121
144
116
83
138
100
44
172
146
149
105
61
139
106
191
175
138
193
115
129
179
123
61
146
140
116
112
90
141
137
143
137
143
193
108
127
146
108
151
119
180
122
176
144
53
130
115
169
121
156
89
147
142
107
148
133
125
160
122
178
215
172
81
112
107
131
143
114
102
151
126
134
104
129
120
85
44
120
134
138
121
157
148
151
144
133
151
88
117
135
177
