# SOLE Quantized Vector 117
384
111
135
190
94
109
178
131
34
80
105
107
135
161
87
60
98
139
150
144
44
124
149
108
161
121
164
131
169
187
112
131
121
112
122
160
103
117
110
114
127
143
144
136
173
145
110
95
141
81
212
83
116
174
167
139
159
139
135
188
162
109
128
100
192
130
76
146
124
61
134
129
122
98
115
121
194
170
108
127
103
157
141
88
72
94
92
103
124
153
61
116
185
102
169
146
81
149
149
149
30
113
157
157
153
68
135
86
121
56
113
138
66
107
137
166
123
91
60
147
139
48
84
189
112
205
112
92
104
122
139
166
206
91
125
57
144
167
128
79
94
155
176
124
153
139
142
142
103
218
87
132
137
93
104
153
149
150
88
117
111
127
16
181
123
74
122
235
177
125
105
157
124
123
170
70
124
165
138
159
91
99
81
87
213
138
122
83
98
206
61
79
138
141
121
116
150
150
96
245
76
96
188
165
64
140
96
118
156
44
175
123
148
118
153
45
46
93
120
89
141
109
55
197
137
68
149
143
158
95
127
185
147
187
147
135
163
114
160
59
98
167
115
161
100
182
116
116
76
84
202
153
208
81
87
117
143
162
95
136
103
169
129
177
144
85
155
64
179
97
82
140
157
196
89
119
159
121
12
165
130
47
177
115
134
171
109
65
131
118
86
117
98
75
151
174
91
100
95
63
67
195
175
129
149
122
149
117
159
192
150
183
165
220
107
247
104
101
60
227
115
152
172
149
131
174
165
191
84
143
155
88
198
126
147
139
147
183
95
148
144
119
154
124
80
129
152
45
117
158
155
175
100
151
179
155
95
123
112
123
158
131
47
157
198
96
103
131
99
126
54
98
135
92
107
184
173
172
168
110
124
80
148
107
163
