# SOLE Quantized Vector 88
384
90
100
160
95
91
95
148
6
114
97
118
168
132
98
82
170
109
166
115
172
120
118
129
129
122
110
146
158
154
147
136
166
122
148
182
90
112
123
37
102
117
195
181
176
136
135
165
112
84
191
135
136
142
196
112
104
120
114
196
149
150
119
121
149
143
84
162
110
121
137
142
72
85
100
173
191
183
132
144
130
174
133
119
147
88
72
117
151
120
170
102
137
140
152
164
89
157
154
146
105
130
150
169
156
74
123
75
157
129
108
155
95
120
152
121
118
93
125
169
103
51
100
96
86
142
134
83
122
84
117
176
141
115
113
97
143
160
124
130
160
167
125
164
108
116
196
128
155
167
123
144
115
128
110
114
134
101
87
121
112
118
54
158
103
160
129
150
192
121
81
164
102
165
108
153
176
143
88
154
113
122
125
42
122
157
110
116
124
187
71
127
119
128
161
134
116
164
69
172
126
116
88
156
66
156
86
132
152
127
109
127
82
143
87
87
91
111
148
129
134
128
99
138
127
122
105
108
157
125
116
162
70
228
132
115
99
149
131
98
124
135
121
107
122
191
111
131
95
106
171
156
139
65
75
85
105
167
74
102
150
85
175
151
194
150
153
117
155
99
88
87
106
162
100
110
121
128
119
144
119
122
171
127
95
128
123
76
116
118
95
124
144
124
152
183
134
107
143
112
78
176
152
125
131
91
146
133
184
161
139
182
121
132
205
191
85
133
126
242
137
121
130
125
116
140
125
162
111
101
133
115
190
112
219
118
132
121
93
99
94
137
131
103
122
142
151
102
157
189
131
134
147
162
151
167
55
130
117
141
107
120
75
186
151
107
108
110
92
108
109
143
121
158
137
151
135
105
162
144
160
80
127
100
108
