# SOLE Quantized Vector 8
384
105
139
121
92
92
88
131
91
117
108
139
110
162
55
132
153
208
149
197
126
56
148
141
101
118
139
117
190
119
123
149
129
125
105
136
81
135
118
113
134
118
143
112
157
139
134
62
205
212
155
157
104
143
123
101
137
125
187
129
149
75
111
126
158
125
105
127
93
139
116
164
100
94
122
45
130
110
93
125
106
151
136
119
130
98
165
114
157
146
128
146
138
138
142
115
149
138
126
105
134
125
126
134
63
102
118
145
141
116
120
130
84
132
118
154
141
139
141
155
200
70
65
156
186
150
90
105
158
125
194
105
138
114
140
58
172
149
126
93
73
120
89
166
133
163
98
111
138
157
70
134
136
122
134
144
66
141
165
98
100
135
160
200
122
140
141
201
153
125
132
162
103
167
107
153
131
162
120
91
108
80
126
59
102
154
132
86
139
137
29
89
128
92
133
119
141
217
47
112
127
98
145
133
152
129
170
127
147
117
123
10
132
138
142
92
128
116
152
134
133
98
152
143
127
101
132
79
175
86
111
96
127
181
130
97
134
175
160
153
94
151
130
98
145
96
80
122
125
56
178
130
93
124
100
156
148
150
185
133
126
101
137
202
142
121
160
141
111
112
105
109
113
110
116
115
163
145
105
114
125
127
148
87
149
115
117
76
117
101
104
182
102
146
120
106
107
127
159
95
164
167
190
98
88
125
92
143
153
146
75
125
129
145
105
145
123
176
167
72
138
142
136
122
161
139
184
142
155
133
175
100
191
126
131
151
176
129
87
133
42
125
139
148
82
142
158
100
132
91
109
185
155
72
173
177
91
143
67
167
154
118
155
123
138
111
80
175
83
96
55
148
125
116
104
138
114
127
94
86
119
115
166
107
174
