# SOLE Quantized Vector 84
384
105
124
159
117
116
100
160
110
145
95
120
118
146
77
87
181
86
151
164
118
95
148
149
100
78
84
124
164
182
104
142
154
126
159
113
119
150
138
69
152
130
210
155
155
117
140
93
110
175
90
140
107
176
140
110
139
134
144
198
144
115
111
134
151
121
102
118
116
125
129
143
96
40
95
76
149
160
88
95
129
141
121
136
118
112
100
171
157
149
140
121
135
132
97
153
118
143
133
149
153
129
108
172
127
117
135
163
149
130
133
151
82
123
132
117
119
158
114
169
174
74
114
143
127
116
164
61
156
116
148
159
143
120
161
36
137
150
125
122
147
152
81
210
100
82
124
130
98
139
102
135
128
123
108
147
126
103
125
68
99
118
242
145
175
109
125
165
194
113
102
161
111
122
124
210
188
193
74
89
125
136
135
51
113
127
96
57
90
175
63
119
112
128
188
167
24
180
57
138
119
142
128
124
128
134
79
122
127
152
124
180
133
125
125
130
109
143
121
134
184
111
164
129
138
117
116
90
180
92
96
83
148
210
146
129
125
182
147
136
126
108
111
141
162
116
143
147
136
127
148
137
164
106
82
133
123
162
140
139
142
134
165
162
164
139
149
118
143
135
109
94
132
151
106
116
130
125
140
163
137
124
148
120
117
107
106
88
135
114
107
150
136
170
98
147
127
58
180
107
54
194
172
147
117
81
101
130
193
185
104
190
136
137
175
92
79
170
164
97
135
97
143
121
118
141
125
170
116
141
146
102
182
145
146
150
182
146
102
116
88
136
140
149
98
151
141
109
143
118
118
157
138
163
165
154
62
105
81
130
149
131
214
158
112
126
116
132
126
98
7
141
127
153
106
160
123
131
126
129
133
137
137
129
120
