# SOLE Quantized Vector 87
384
95
101
151
70
101
75
222
4
122
102
117
100
86
98
90
186
106
176
105
185
149
158
111
132
107
110
110
157
177
152
128
33
105
144
169
98
114
159
38
136
104
168
230
173
125
139
152
115
81
181
147
61
142
197
217
114
106
159
197
123
168
132
85
153
116
85
207
140
117
124
126
91
78
92
190
178
189
142
122
128
168
158
132
93
99
136
143
153
194
122
153
166
168
154
118
88
131
159
139
99
98
117
185
154
92
161
95
87
149
116
108
102
115
189
118
139
83
135
170
106
73
94
66
82
117
148
59
143
114
124
153
74
94
148
109
85
158
102
121
129
184
114
167
69
137
189
80
118
151
150
168
136
142
83
145
143
89
133
128
129
110
113
176
172
108
129
139
189
132
71
132
126
170
148
127
147
153
77
143
161
132
123
79
119
149
111
158
149
169
90
139
74
184
152
161
67
185
92
73
114
175
135
69
26
126
138
62
145
128
127
127
76
150
77
85
64
120
136
93
142
83
110
131
157
84
114
83
140
98
116
136
93
209
142
128
97
114
141
132
153
99
140
201
155
143
109
118
63
89
170
163
122
82
88
83
134
170
95
104
136
152
233
172
111
143
67
128
116
145
116
66
132
102
75
109
117
128
207
210
149
142
175
104
87
89
96
138
132
156
96
105
147
134
105
168
129
101
163
146
65
114
185
142
149
99
190
151
228
117
127
176
132
138
216
117
94
96
142
228
116
123
130
153
114
113
95
163
112
141
117
95
190
129
190
99
141
167
91
145
85
90
118
100
35
138
148
77
93
247
72
149
172
119
136
153
60
127
108
146
81
102
96
143
157
149
120
149
102
133
127
119
147
181
164
135
85
110
221
150
165
102
135
138
128
