# SOLE Quantized Vector 120
384
38
153
179
112
98
100
178
91
110
108
134
113
103
61
77
175
154
117
132
236
117
90
121
155
131
228
121
179
194
137
118
171
166
93
73
100
104
114
136
143
129
127
82
166
121
103
85
143
183
193
109
84
178
131
185
116
117
109
172
121
151
146
118
131
127
80
130
92
162
141
143
140
81
108
40
134
141
104
81
132
124
143
133
141
104
209
140
204
168
153
138
141
140
106
186
167
149
128
104
38
171
140
155
145
94
141
174
194
97
75
165
108
107
138
86
133
161
162
163
200
50
67
164
171
87
167
111
169
126
171
131
145
171
114
71
154
148
98
165
126
125
245
148
122
154
135
136
160
153
79
155
163
126
106
169
97
150
123
97
55
101
183
188
76
113
155
176
202
151
105
168
114
144
121
171
138
130
126
169
135
103
190
70
126
187
202
108
139
188
40
140
114
137
168
132
112
148
41
89
170
138
140
88
87
100
58
126
189
128
118
104
126
144
178
60
116
156
165
104
179
122
55
134
120
147
116
96
181
134
128
140
91
201
194
74
112
160
174
117
146
136
151
80
139
185
172
136
129
65
193
140
99
85
108
93
122
166
97
78
101
98
172
225
154
107
85
81
144
162
84
151
89
132
89
84
144
134
122
159
144
101
120
118
132
88
78
90
134
158
95
132
131
127
118
115
143
72
145
180
100
156
205
128
127
98
94
124
179
200
125
196
114
131
88
45
74
187
146
106
167
147
151
98
125
144
131
179
140
134
140
64
199
134
120
129
135
137
103
78
137
178
173
126
101
96
173
139
158
112
92
168
116
117
166
188
88
109
87
108
109
111
57
150
104
135
85
135
124
81
29
145
164
58
113
144
173
137
69
197
120
84
146
180
126
