# SOLE Quantized Vector 189
384
116
120
208
124
99
97
134
131
128
87
128
130
130
56
73
168
97
124
154
112
119
142
126
128
137
176
105
231
122
121
132
154
144
68
98
72
122
119
122
135
115
100
130
157
123
120
78
235
157
150
115
92
158
162
150
143
127
145
168
152
130
150
120
161
128
129
128
131
122
121
150
132
98
104
59
165
102
53
74
129
156
115
134
131
67
148
112
156
157
140
131
130
121
158
137
138
143
122
121
122
136
161
149
45
65
122
137
147
98
107
145
56
104
140
126
156
172
106
204
169
85
98
121
125
138
115
131
179
122
201
125
172
135
151
61
172
198
132
90
98
128
175
144
115
137
135
157
155
135
90
125
136
128
128
136
31
133
158
108
96
123
165
148
80
128
124
150
181
191
127
141
146
89
114
134
138
115
146
99
119
59
124
71
106
157
130
112
111
185
96
125
131
116
151
154
173
163
69
127
83
174
172
117
128
132
142
130
126
109
159
182
113
119
141
129
111
135
144
139
168
104
109
120
118
141
139
87
219
78
99
74
138
151
143
77
108
171
164
160
119
164
130
112
117
144
124
136
117
72
156
147
138
141
103
147
146
157
161
136
158
124
142
182
156
114
145
137
127
131
145
138
127
128
125
122
129
151
127
140
124
146
143
106
178
141
103
118
140
118
38
119
118
106
111
139
142
66
133
117
106
146
166
116
101
178
117
143
159
138
79
133
125
139
127
133
137
149
128
113
142
146
114
114
144
153
126
149
137
155
164
94
155
193
57
130
146
144
81
146
183
128
144
173
118
132
174
137
149
131
111
166
149
145
155
140
115
132
88
137
146
130
142
142
164
116
20
88
89
87
33
140
120
101
142
152
138
139
120
131
78
101
141
129
163
