# SOLE Quantized Vector 32
384
221
127
121
84
14
110
130
77
134
88
109
209
175
97
62
160
179
169
228
80
68
160
104
139
96
64
172
197
112
114
104
115
78
216
139
70
129
122
85
101
99
174
154
237
169
171
178
110
95
229
134
97
154
166
92
201
107
157
114
116
91
93
140
175
86
79
118
169
193
143
209
94
91
126
144
134
206
206
154
113
238
148
135
55
87
155
102
121
179
226
201
146
134
145
80
137
113
161
88
137
97
100
126
126
91
108
133
210
134
124
174
128
236
123
164
93
98
71
196
113
96
87
140
72
184
91
131
48
125
59
151
139
174
68
88
198
193
159
77
159
189
69
129
113
151
143
31
108
222
104
197
94
82
214
96
9
165
134
174
104
70
48
155
190
220
97
179
126
147
86
160
121
176
143
94
203
131
147
193
112
101
94
106
133
153
91
143
168
167
83
29
125
61
143
59
168
169
74
202
74
166
42
165
120
193
78
144
174
59
101
92
135
76
115
119
164
104
148
117
142
81
192
192
126
55
237
96
116
124
116
111
152
145
221
70
148
78
178
105
34
137
138
172
88
165
82
63
127
93
145
131
118
87
22
6
58
129
127
140
109
113
124
180
123
159
114
108
97
143
73
103
169
133
85
115
133
125
118
111
103
129
131
155
77
132
170
45
75
116
73
187
146
191
140
108
120
141
144
48
156
161
161
128
132
120
99
206
139
174
153
131
133
87
145
202
140
149
171
221
181
165
140
175
133
144
71
142
117
71
187
114
153
103
188
31
127
68
24
162
83
28
125
135
71
210
141
122
170
63
116
147
154
179
146
146
120
105
106
204
94
188
122
177
90
148
114
132
110
117
118
123
178
137
57
164
167
112
83
104
134
144
45
126
75
