# SOLE Quantized Vector 20
384
176
151
124
106
94
127
134
68
81
115
116
127
92
73
92
118
231
155
233
146
54
171
143
86
132
92
117
179
83
104
158
76
102
116
132
74
114
117
137
147
139
170
119
173
108
141
91
170
124
195
165
121
171
149
68
160
104
174
163
141
105
145
79
125
116
65
144
82
84
137
111
95
71
131
43
165
143
124
166
111
137
126
156
142
103
188
83
133
183
99
165
129
119
196
118
128
188
112
111
133
148
110
125
51
91
143
138
142
103
128
49
87
134
131
168
132
120
125
136
196
67
79
183
190
179
47
128
129
143
199
116
174
111
128
43
129
156
137
74
45
128
127
145
138
131
111
99
115
186
110
163
147
118
188
123
93
169
207
130
180
123
87
218
117
94
134
180
83
134
107
134
146
170
175
129
129
157
151
114
153
61
124
82
134
114
115
103
126
144
45
114
141
88
92
136
190
175
81
85
132
68
147
134
108
128
192
148
139
36
100
40
155
158
165
105
91
119
185
107
145
136
137
92
123
68
108
117
152
105
109
126
139
207
130
112
139
127
125
143
65
117
114
104
95
133
84
157
136
66
168
139
122
129
90
116
165
129
149
143
112
116
144
179
129
82
144
111
128
91
103
121
150
140
105
118
201
124
78
164
127
54
159
82
183
117
141
98
123
178
104
184
139
97
97
107
110
131
100
122
107
165
192
65
138
149
130
140
179
155
46
102
141
110
122
175
127
92
124
166
138
177
123
160
167
145
156
167
141
119
189
104
196
113
187
161
163
75
70
137
52
131
123
150
97
130
170
85
112
116
170
216
151
100
180
207
105
109
85
150
144
113
149
98
205
74
92
210
112
115
88
126
122
104
134
144
153
124
109
49
125
119
146
92
176
