# SOLE Quantized Vector 139
384
93
127
220
108
135
141
93
133
122
122
101
140
168
93
46
138
118
139
179
41
112
137
111
124
57
164
119
192
206
99
128
145
163
171
139
82
97
121
126
156
160
100
104
191
96
122
51
90
150
117
129
154
193
107
167
184
144
127
151
165
131
148
123
161
141
88
143
118
47
131
128
129
42
115
108
137
185
43
81
101
134
101
150
122
101
80
131
148
165
110
113
123
116
72
143
97
174
132
127
127
126
117
182
121
113
150
172
119
112
118
160
71
122
120
118
112
190
139
185
137
97
78
197
162
150
155
41
135
104
129
146
142
74
143
43
103
185
130
59
126
158
169
122
137
123
116
158
125
146
97
154
155
75
170
123
102
106
129
82
93
109
191
156
177
77
108
179
150
121
109
152
136
80
113
164
134
131
166
96
136
132
83
127
183
132
131
107
103
172
112
105
128
141
155
179
92
162
109
142
88
106
141
147
93
99
106
187
125
61
158
178
160
111
166
120
107
156
88
126
180
115
68
104
124
148
89
90
197
59
84
92
147
183
170
169
130
95
182
111
127
147
97
136
142
124
153
146
164
112
187
146
148
87
86
89
153
145
85
120
116
127
126
157
154
144
194
65
166
103
92
134
124
190
109
137
129
136
105
163
149
117
130
125
119
156
123
139
130
112
79
136
146
116
115
123
77
79
137
102
64
179
125
134
67
97
136
47
181
163
130
184
138
134
121
107
111
141
118
81
113
171
136
105
151
115
143
175
115
158
154
109
152
128
69
209
175
146
43
169
156
159
89
208
110
134
145
125
156
110
122
168
104
163
198
123
102
92
94
129
147
134
113
141
142
130
106
126
125
159
54
106
109
125
129
186
171
159
172
129
156
165
132
138
173
