# SOLE Quantized Vector 61
384
154
133
148
98
75
67
170
70
110
76
137
95
76
88
43
161
120
164
139
135
85
136
144
105
139
75
144
197
110
95
121
100
130
174
167
70
106
96
66
122
111
212
98
208
197
190
175
168
116
189
122
98
150
189
134
117
128
125
185
137
152
104
136
127
118
83
102
107
167
144
164
157
88
106
119
163
191
135
162
178
191
117
97
114
99
163
105
136
157
158
134
175
126
162
111
123
205
85
150
133
131
119
120
86
59
113
80
173
156
114
111
89
112
97
143
145
155
152
168
124
68
111
108
102
128
92
111
155
89
149
135
134
82
101
105
58
153
129
132
142
103
144
173
121
124
151
104
141
147
106
167
140
161
95
138
50
147
117
166
131
144
73
150
87
157
122
127
145
137
93
155
113
177
97
166
167
119
92
173
119
104
151
31
116
127
125
135
117
173
66
148
132
113
130
112
179
134
66
182
160
104
92
123
102
114
111
181
145
134
78
137
119
182
108
125
140
136
202
136
158
173
186
119
122
108
114
93
137
191
61
144
99
197
124
104
113
170
131
140
106
113
111
86
73
174
87
133
113
119
134
134
195
94
65
71
75
141
118
133
150
125
132
151
123
153
162
144
139
97
83
100
100
126
113
95
141
127
114
113
95
105
152
124
137
99
122
87
88
80
92
148
148
172
144
136
149
133
133
141
126
197
168
108
160
78
95
175
155
178
128
136
99
83
159
153
108
137
123
210
127
135
163
132
116
158
132
157
132
79
171
91
154
68
214
145
106
142
51
116
93
126
142
108
27
178
155
110
139
69
102
160
112
156
216
204
104
105
119
132
170
88
131
117
177
116
76
104
127
74
125
204
105
126
170
154
176
149
110
125
140
58
126
136
127
