# SOLE Quantized Vector 132
384
121
122
183
105
104
112
150
87
105
112
132
145
89
63
65
163
145
123
175
135
120
107
120
143
145
201
127
177
174
135
120
133
144
110
143
91
128
111
149
149
118
146
149
163
120
106
92
144
144
184
114
113
188
152
146
126
131
125
177
164
161
129
126
140
132
75
142
118
110
127
131
117
100
124
65
176
155
137
101
129
148
151
133
123
83
117
128
161
143
123
132
133
123
170
122
116
149
125
100
79
147
155
138
120
71
139
110
129
95
97
127
89
117
155
105
128
160
127
164
151
64
70
160
175
150
142
118
145
131
155
138
147
120
113
40
167
164
135
126
108
120
175
119
130
166
177
149
165
154
109
140
135
127
108
140
109
128
161
112
89
129
84
191
74
98
136
156
184
171
106
187
140
107
119
114
133
116
156
181
127
82
123
106
123
150
151
105
106
200
46
138
128
140
156
134
193
162
67
148
103
107
139
124
70
124
102
129
155
29
134
129
118
124
135
71
97
117
145
118
182
84
63
123
133
135
119
128
191
129
119
136
122
201
166
106
109
121
165
131
114
171
107
152
88
190
154
129
114
62
196
177
156
96
106
111
123
151
95
122
134
131
170
216
159
104
134
72
135
118
97
141
136
132
93
111
142
137
139
185
139
105
153
133
135
129
126
76
127
133
92
129
149
104
111
156
148
60
122
126
89
157
165
128
150
139
137
122
173
154
115
191
124
131
98
156
111
131
106
178
136
182
134
128
134
154
143
196
122
122
176
114
200
134
110
125
130
131
87
124
158
129
153
145
109
108
152
112
103
147
130
178
121
143
173
174
87
131
86
124
151
119
56
141
174
145
92
122
134
120
9
153
133
78
181
163
148
150
130
163
125
95
126
136
137
