# SOLE Quantized Vector 110
384
71
148
183
91
105
116
191
86
136
83
80
64
82
134
79
171
98
202
146
92
149
191
124
141
61
147
125
161
234
141
88
156
61
155
156
100
122
156
78
53
127
164
138
151
115
109
47
128
160
148
138
202
172
111
123
90
163
149
235
148
155
41
123
177
137
87
105
162
81
108
115
127
70
96
119
185
175
64
159
113
141
184
143
30
133
102
124
129
203
144
104
142
132
133
135
108
201
136
170
108
77
107
210
90
103
135
150
220
78
117
126
117
122
214
102
146
101
69
184
146
69
89
108
128
134
195
12
108
140
86
187
147
112
114
48
84
167
136
125
123
165
83
157
25
113
179
49
162
176
157
162
74
134
135
155
163
91
119
68
125
102
129
164
180
71
116
102
131
110
162
153
111
167
167
161
125
129
117
115
93
139
81
102
187
149
103
140
83
159
96
100
160
138
178
140
49
213
133
232
69
120
111
54
69
136
139
123
163
113
143
163
155
72
134
117
89
98
137
52
97
33
81
119
209
117
95
112
163
105
118
157
74
226
85
142
93
173
134
80
44
135
102
220
138
198
141
94
144
95
194
181
213
14
86
96
119
166
89
99
132
216
211
137
151
151
147
105
176
188
107
124
57
142
77
132
138
162
171
216
63
31
235
107
110
82
98
148
167
107
92
133
144
95
133
168
146
80
142
16
43
137
136
187
145
65
232
161
238
172
122
198
160
132
160
233
49
144
77
122
4
119
230
191
162
124
136
176
97
112
124
82
189
110
158
165
207
120
84
115
123
153
59
150
54
150
155
129
80
180
180
199
161
175
170
176
39
140
108
138
191
53
70
133
128
113
131
179
109
114
77
39
135
122
138
130
110
206
191
128
124
107
130
89
174
