# SOLE Quantized Vector 19
384
165
141
119
75
43
120
134
64
110
83
139
118
142
80
88
143
208
158
207
137
65
155
141
94
134
87
125
197
84
129
136
108
102
156
157
33
133
99
114
129
115
155
126
194
136
151
117
150
109
180
149
107
156
153
87
156
128
161
147
144
112
108
114
152
125
86
151
94
97
123
147
88
97
129
97
161
173
150
166
101
181
153
112
137
98
160
104
143
152
121
169
137
141
186
107
120
162
142
110
127
134
124
130
100
45
99
105
161
109
137
110
47
149
123
151
131
86
116
163
145
80
82
215
147
164
94
128
133
135
213
125
134
87
130
65
153
179
124
66
84
117
97
126
131
134
130
100
125
161
76
149
134
105
126
136
63
149
165
132
145
141
47
187
112
137
141
183
113
135
112
157
114
164
124
171
149
139
160
99
129
86
101
99
139
114
110
85
163
152
62
95
134
96
111
119
185
156
99
120
126
67
152
142
114
119
155
121
119
38
119
50
131
143
134
100
123
117
148
132
146
145
145
165
129
99
135
124
165
118
98
132
122
185
126
98
144
103
149
123
109
144
134
109
97
150
93
127
133
102
160
147
115
119
46
128
143
130
142
120
112
119
130
164
134
115
128
111
131
123
83
131
116
130
116
111
152
148
96
125
110
107
131
67
137
130
118
76
119
125
93
157
99
156
118
116
121
132
135
97
135
173
156
100
125
132
119
174
140
144
108
127
114
148
132
152
151
113
130
187
126
180
123
135
141
148
169
157
128
145
156
121
154
116
182
172
148
135
28
124
67
113
121
159
102
163
158
112
120
87
113
176
149
135
219
157
100
137
93
150
135
91
130
134
222
112
93
173
108
119
90
146
128
133
115
136
122
129
98
67
104
114
128
107
176
