# SOLE Quantized Vector 175
384
154
121
211
114
101
92
137
141
130
85
132
136
114
61
41
162
71
122
153
109
123
131
129
129
149
157
108
229
122
132
123
139
156
85
112
79
120
111
111
131
104
122
138
169
128
118
88
209
178
135
119
86
164
167
145
133
132
146
171
154
128
146
129
147
128
111
114
125
118
130
150
109
108
101
70
141
110
87
79
121
145
115
126
141
76
151
120
145
143
156
147
122
117
174
125
129
144
124
97
131
137
159
130
54
93
133
141
156
100
104
137
62
102
150
118
151
152
121
205
169
97
96
132
122
135
111
142
164
127
212
120
158
132
138
60
174
188
136
93
105
134
172
152
118
145
139
153
162
140
104
134
126
129
136
128
29
137
164
103
95
131
171
155
89
115
122
159
186
198
123
157
149
91
111
71
132
122
145
148
122
69
131
91
109
155
116
107
130
185
94
121
133
121
148
137
173
166
63
128
90
160
169
131
109
137
122
111
135
108
155
179
109
112
145
114
122
118
154
135
164
76
137
150
124
136
127
88
217
135
93
90
138
169
149
90
98
159
157
144
116
155
124
117
87
155
124
134
128
71
155
150
130
144
102
137
124
143
146
125
167
133
146
189
161
139
141
126
135
121
129
154
140
123
119
120
127
144
117
162
140
137
146
145
166
153
123
108
132
119
55
137
123
126
116
123
157
53
128
113
133
129
155
121
111
172
101
147
159
124
76
141
120
144
102
140
134
145
120
124
141
182
115
123
157
151
117
159
129
131
164
96
156
153
74
139
143
139
59
129
179
133
149
174
126
117
167
135
137
143
112
167
139
147
153
164
122
141
89
143
141
131
140
139
156
125
24
94
110
76
34
131
134
105
169
160
133
144
112
148
95
95
127
129
149
