# SOLE Quantized Vector 182
384
164
117
182
112
113
117
143
144
170
98
112
116
123
53
85
204
46
124
193
120
119
154
134
121
98
118
115
179
135
103
145
155
129
151
109
121
140
136
92
153
124
127
141
144
112
119
49
149
192
93
128
66
182
140
116
150
129
124
155
147
110
133
116
150
114
119
122
159
117
130
170
135
60
95
89
130
150
79
37
128
127
115
138
101
74
137
153
161
140
156
122
150
121
124
133
122
142
142
131
168
133
135
168
106
111
128
140
167
105
120
135
89
121
136
133
137
171
97
180
187
101
87
140
157
107
174
101
171
126
159
142
167
151
177
17
133
164
135
95
136
158
120
156
106
141
93
151
128
129
56
133
120
125
118
143
87
105
175
47
86
118
224
151
190
110
127
177
202
198
121
148
137
45
122
164
163
150
122
83
121
109
125
81
100
147
99
86
90
193
115
101
126
139
182
157
75
196
47
120
71
143
136
111
139
137
83
110
86
91
136
238
103
85
112
146
115
150
107
135
195
100
161
130
144
115
129
79
170
114
92
36
168
178
171
130
114
120
174
166
152
151
124
179
136
112
185
145
150
88
141
155
146
143
89
154
116
151
170
147
148
116
179
203
195
149
137
114
139
151
136
130
136
118
125
118
109
136
142
174
147
162
145
141
150
152
116
140
125
109
83
133
133
136
81
108
133
30
180
116
96
189
134
155
107
159
97
139
172
157
98
174
147
143
115
104
154
173
125
72
128
126
118
113
96
125
112
146
119
139
148
95
182
143
23
162
167
135
99
134
179
125
135
189
142
151
148
165
124
93
99
168
138
166
143
100
85
127
75
144
117
119
202
153
111
121
106
78
115
114
14
129
123
153
95
166
136
130
118
119
124
160
141
122
109
