# SOLE Quantized Vector 36
384
134
122
125
85
78
102
121
110
104
56
148
92
145
78
64
143
193
135
175
146
69
110
140
116
126
104
134
219
115
178
117
134
169
132
142
53
133
142
126
152
69
163
127
210
18
152
135
173
166
196
178
139
160
135
130
101
109
152
144
157
76
91
138
117
115
117
138
72
100
140
125
157
117
105
41
96
135
219
132
162
116
109
215
116
104
178
129
136
138
91
166
100
158
128
111
145
131
117
59
141
117
135
115
69
128
105
161
132
149
151
150
55
127
150
128
81
116
154
160
158
91
73
233
189
105
72
143
209
126
250
93
104
93
112
69
190
154
127
60
111
73
141
165
144
139
130
101
133
179
104
138
86
72
143
134
76
144
159
112
116
122
180
188
55
137
96
191
154
153
116
164
128
173
116
97
143
175
139
156
119
84
201
87
91
154
102
78
199
153
63
115
116
130
120
101
160
129
51
125
173
87
119
174
103
154
137
109
149
120
38
56
100
122
164
104
148
129
198
146
157
88
182
119
131
141
127
68
142
187
166
111
141
181
143
51
113
124
152
113
88
93
109
111
101
171
105
142
115
75
155
181
78
155
90
140
119
134
142
116
139
104
165
189
156
134
135
104
141
127
120
108
149
98
123
106
154
127
100
162
142
138
141
49
120
97
162
119
116
94
126
167
116
144
114
96
180
126
149
114
167
128
202
119
96
154
114
163
177
125
50
105
149
123
106
143
122
178
166
101
151
143
93
81
157
164
131
153
116
147
152
87
156
100
172
162
146
195
41
113
80
138
136
146
101
134
137
106
97
114
90
163
143
133
206
191
73
132
78
139
134
99
165
131
129
144
60
182
131
87
105
151
139
118
168
138
69
99
108
99
178
122
88
105
159
