# SOLE Quantized Vector 154
384
134
123
182
107
123
124
145
143
148
99
119
129
138
67
89
182
93
131
226
112
111
139
134
107
98
156
119
174
171
106
135
142
130
163
120
109
142
128
140
152
129
113
139
158
119
119
43
106
167
94
123
75
207
118
131
147
128
115
134
147
112
134
129
146
122
103
122
145
123
132
151
105
40
106
89
117
164
101
38
125
128
129
139
92
96
110
148
168
143
158
120
146
125
91
147
108
135
140
128
143
131
123
174
167
113
140
169
170
118
131
153
86
119
135
118
123
169
107
176
181
92
76
164
175
120
193
90
157
127
147
151
156
141
146
13
142
158
135
112
132
151
143
137
104
136
108
147
126
129
78
155
133
123
122
139
102
111
153
38
84
118
228
170
174
102
127
184
197
163
110
151
138
68
124
162
158
156
137
102
120
123
130
114
111
140
108
102
94
194
94
126
123
134
187
164
73
193
72
131
77
113
135
119
109
129
73
119
108
55
139
201
127
95
125
116
116
130
107
134
187
96
125
123
142
125
120
94
174
115
92
48
162
183
155
130
120
82
161
141
140
160
99
154
135
125
193
144
135
98
166
143
152
122
87
148
133
145
147
137
141
124
169
202
165
137
155
97
136
143
85
126
141
145
109
113
124
131
142
189
147
136
151
148
146
134
114
113
132
123
94
145
132
152
94
126
131
22
172
108
84
185
136
154
125
135
94
122
173
174
115
195
137
138
100
101
135
175
118
84
125
156
116
116
111
143
121
139
126
139
159
105
183
145
26
167
189
137
94
125
167
136
107
190
145
146
139
134
144
117
106
174
134
170
156
105
86
124
75
134
132
129
170
154
119
123
124
103
134
133
11
129
130
142
94
171
128
141
122
135
132
166
135
125
117
