# SOLE Quantized Vector 160
384
196
125
180
113
103
95
147
122
126
98
130
161
111
54
59
170
72
124
193
134
110
124
123
124
149
156
127
183
111
121
129
130
142
127
144
92
132
119
122
132
118
143
149
163
134
117
95
146
159
166
108
92
185
175
154
139
125
130
174
163
148
150
127
147
123
92
141
137
121
132
155
106
99
104
82
153
136
116
84
113
153
129
124
127
69
143
112
156
159
165
140
142
114
191
132
123
149
132
91
135
139
160
117
83
85
141
120
155
91
107
128
85
115
146
121
147
157
123
173
161
82
82
132
125
148
120
147
137
125
160
133
169
133
101
32
161
166
140
116
104
138
195
130
123
170
170
157
178
144
100
142
132
128
141
130
70
139
182
114
95
124
111
169
96
116
131
159
190
211
117
166
140
90
105
87
143
107
158
158
124
60
123
95
116
141
121
96
124
199
72
137
125
116
153
132
222
161
65
145
78
143
141
131
93
127
99
136
127
41
143
192
108
117
147
99
120
118
143
129
177
97
121
139
121
132
131
112
182
156
105
100
131
191
156
108
104
134
172
131
129
178
120
119
48
180
122
134
135
71
166
159
139
132
106
119
102
137
131
123
141
142
148
203
158
140
135
111
133
115
106
153
150
144
107
110
121
146
118
161
134
121
143
152
155
144
127
65
131
132
90
148
129
120
115
128
152
43
123
130
136
152
146
113
118
164
102
128
151
130
96
153
118
144
85
166
142
119
90
171
148
182
141
128
155
158
112
199
134
125
176
109
198
132
79
127
121
135
76
125
191
128
149
158
129
118
165
124
138
138
107
184
132
168
150
165
118
121
85
149
144
121
110
145
156
118
81
77
127
112
13
130
126
86
138
171
141
137
122
159
109
109
129
128
126
