# SOLE Quantized Vector 42
384
140
123
125
88
27
93
143
142
160
70
142
94
93
93
81
208
151
151
209
80
67
155
156
126
69
53
118
203
153
133
131
137
116
203
123
102
133
89
116
182
113
166
105
195
55
164
96
91
154
123
147
174
177
125
66
176
148
127
93
145
105
128
118
131
174
82
137
85
157
129
159
176
66
92
68
109
198
191
117
120
146
111
230
137
102
105
111
116
87
139
123
132
124
124
142
110
116
165
111
185
127
128
147
114
142
85
144
149
133
142
176
71
155
103
140
139
122
123
182
140
106
86
130
153
114
113
126
240
107
129
138
161
124
117
67
105
143
117
57
186
101
40
171
143
119
97
109
126
136
106
171
106
135
87
125
84
71
138
98
107
114
202
146
184
161
105
170
143
135
90
191
140
120
107
156
182
141
112
61
142
129
132
107
139
124
77
70
135
173
92
67
141
96
140
131
91
158
55
96
125
84
81
121
140
154
108
117
119
78
95
111
135
114
103
152
162
159
108
136
164
82
206
70
130
72
131
48
134
89
131
65
200
181
108
131
114
112
163
140
108
129
77
185
136
126
156
126
160
136
143
146
63
112
47
132
94
132
158
115
153
114
150
158
170
146
150
121
116
125
73
118
149
83
125
121
138
124
174
149
82
163
145
120
111
77
104
79
124
116
108
181
144
173
128
154
81
101
158
112
137
164
136
114
77
108
115
202
161
176
94
165
143
64
133
91
136
229
148
94
146
114
124
145
118
167
106
116
114
109
172
121
150
130
125
196
174
85
62
115
82
113
109
200
123
188
123
72
151
99
150
140
184
149
160
153
73
166
66
122
133
125
202
106
127
132
131
154
108
89
129
176
85
176
104
179
127
96
121
104
123
210
116
86
18
