# SOLE Quantized Vector 80
384
100
106
158
108
121
60
163
68
131
81
107
108
140
114
85
148
90
133
110
101
86
148
160
135
96
98
129
174
158
107
136
142
141
162
130
111
147
103
34
157
125
187
115
174
143
136
156
162
182
214
117
141
149
130
102
134
125
155
180
155
80
100
118
168
122
73
129
121
145
129
154
72
67
77
111
122
159
88
156
129
167
121
115
108
101
145
124
124
144
100
149
98
126
65
152
138
159
127
149
112
138
131
154
90
101
134
143
154
131
120
156
113
130
130
118
137
172
82
166
139
44
94
126
113
121
139
102
129
106
143
155
134
67
120
109
138
149
130
114
127
151
112
199
110
124
129
99
136
171
111
140
107
123
119
135
127
119
66
138
95
150
97
163
122
167
138
173
164
104
103
128
95
209
100
157
157
223
95
127
84
127
113
58
144
124
136
112
124
176
79
131
89
126
143
134
114
125
54
159
129
156
129
142
116
131
91
137
135
217
135
121
140
176
113
111
120
125
140
109
172
121
135
156
116
123
114
65
153
137
114
196
108
213
129
108
117
207
161
111
104
135
89
150
92
187
96
128
136
88
145
144
144
64
61
115
105
161
98
139
125
116
131
131
144
168
173
129
123
108
55
70
124
127
123
99
127
117
132
127
136
112
150
116
122
73
132
69
144
115
103
144
122
188
164
124
77
144
117
123
90
178
167
148
157
62
112
123
181
213
103
175
100
128
151
114
57
169
150
113
145
84
130
133
106
123
109
156
110
124
176
66
191
137
226
137
135
152
92
140
97
136
169
122
113
144
136
84
138
141
109
185
113
174
141
200
46
112
119
144
105
117
91
144
110
146
96
123
115
63
123
132
142
135
129
159
156
155
107
143
128
72
122
150
135
