# SOLE Quantized Vector 170
384
150
112
181
76
127
124
154
115
138
111
92
174
118
71
45
137
66
156
173
44
112
173
109
134
124
117
122
207
156
97
87
140
146
132
119
78
96
102
77
125
138
98
145
196
174
167
115
133
125
104
98
56
158
190
109
116
153
139
144
155
150
91
112
176
143
108
138
147
109
99
152
109
74
116
167
143
176
82
74
138
196
123
91
161
62
96
94
145
110
155
56
107
84
163
125
106
175
188
138
155
110
147
160
98
102
127
93
152
80
114
159
44
119
137
139
156
187
129
199
110
119
98
94
90
203
115
78
139
77
126
143
177
91
143
70
97
210
138
43
119
165
161
135
132
139
185
163
129
156
104
188
155
84
139
93
35
111
129
109
109
134
186
101
183
137
73
172
205
181
100
156
161
65
131
101
143
104
118
98
113
100
98
81
122
161
66
139
82
201
135
74
154
121
139
156
130
162
88
155
61
154
162
147
88
189
147
62
107
81
204
213
87
85
104
123
91
126
104
128
108
104
175
106
127
120
136
79
172
99
66
55
173
153
134
164
140
81
144
78
174
163
102
120
117
103
130
143
122
94
167
161
207
131
102
153
143
144
140
146
77
119
127
170
164
136
169
128
158
126
115
140
97
132
108
165
103
167
150
155
83
132
151
215
166
139
134
115
175
146
81
141
147
143
124
195
74
69
137
97
98
162
127
129
163
200
106
114
152
107
128
147
152
117
179
160
165
124
93
154
49
188
101
136
174
132
125
148
93
93
173
117
152
87
53
185
167
106
47
145
165
131
64
190
147
173
161
129
153
137
157
129
129
147
150
118
136
126
96
155
161
161
141
107
176
141
73
89
90
171
86
135
77
162
137
159
65
143
124
105
120
173
159
101
149
