# SOLE Quantized Vector 30
384
186
113
104
77
12
146
132
85
91
91
107
138
98
86
48
141
169
182
221
103
63
156
143
121
71
46
201
188
104
99
159
145
41
166
80
56
121
93
98
114
119
150
164
236
47
183
127
8
70
182
164
128
160
170
107
236
129
102
153
123
113
78
93
144
150
107
99
130
112
109
155
77
55
95
144
129
195
215
116
191
148
105
236
87
120
131
111
156
133
98
221
137
153
173
69
145
148
73
115
135
143
121
145
120
140
116
125
120
125
172
135
86
148
137
194
108
93
128
167
139
118
89
187
81
134
80
95
130
147
169
115
146
118
143
47
142
181
150
104
102
189
149
139
133
125
141
68
96
192
114
236
99
60
230
150
21
155
164
146
130
115
178
176
222
171
117
217
117
116
111
149
128
144
143
132
185
116
122
150
112
103
97
64
141
165
128
141
67
164
102
32
144
119
117
109
113
144
91
203
159
177
179
96
99
119
135
76
119
50
109
84
168
92
128
151
125
130
165
149
141
185
209
102
148
84
151
91
118
165
144
56
175
158
194
76
184
65
184
119
175
84
149
122
124
87
96
131
120
136
165
133
31
110
95
106
107
129
129
96
48
94
162
168
151
134
135
61
145
65
98
134
130
116
138
80
198
115
78
168
122
112
160
120
102
143
110
104
116
64
103
183
132
151
142
128
151
126
181
114
100
219
117
93
132
75
106
178
174
114
157
103
134
70
155
195
157
163
150
161
90
200
137
212
176
198
65
134
92
166
163
55
152
146
140
181
167
150
26
143
84
138
82
148
181
145
121
67
113
64
88
130
63
109
134
138
148
114
82
114
89
162
163
191
137
114
122
177
86
111
113
86
205
121
112
142
122
167
123
55
124
202
221
121
29
