# SOLE Quantized Vector 140
384
114
121
180
107
119
128
134
128
142
108
117
133
156
62
92
169
115
144
209
100
114
139
127
120
90
163
119
169
200
100
137
154
131
155
123
110
151
128
142
161
136
118
133
164
124
116
37
104
166
105
123
101
207
110
137
154
130
116
135
145
121
132
125
151
125
91
115
132
120
135
150
106
31
107
87
136
166
93
48
131
129
119
133
100
98
94
150
169
136
148
125
158
115
69
139
98
137
138
140
132
133
119
181
172
104
142
172
164
124
122
143
88
114
137
112
124
183
101
168
180
84
78
161
188
119
192
79
157
124
146
163
158
122
152
19
149
154
134
117
149
153
136
138
116
126
99
154
109
132
93
148
139
122
114
142
112
112
141
51
90
118
219
173
166
94
130
186
191
138
109
159
132
72
127
189
156
170
126
103
114
135
127
116
121
146
123
95
97
192
82
126
119
133
178
173
55
187
80
132
79
123
138
124
110
132
67
128
110
56
142
186
137
113
128
107
110
141
106
128
196
100
99
128
128
126
119
104
174
88
96
62
163
187
154
134
118
96
170
135
122
154
109
165
161
121
190
142
135
106
177
137
157
109
88
147
128
153
131
132
137
123
164
193
161
121
150
79
142
133
92
124
150
157
110
111
115
126
128
178
146
137
142
135
127
131
117
104
132
104
90
128
149
155
101
129
123
34
176
112
66
195
155
152
110
102
104
112
173
192
123
208
137
138
115
87
118
177
130
80
137
145
119
111
96
141
125
151
132
139
161
108
184
160
43
167
178
137
99
128
151
133
123
174
130
140
140
127
149
116
112
176
128
161
160
104
70
104
73
124
130
138
150
159
106
125
121
103
132
131
12
147
134
128
95
183
141
136
122
140
140
158
141
128
115
