# SOLE Quantized Vector 112
384
86
125
202
104
111
119
147
111
140
95
120
114
134
84
71
173
115
139
156
120
118
139
132
118
54
139
119
184
194
112
134
153
130
153
121
111
144
133
108
147
142
160
152
167
123
113
75
115
160
104
130
112
176
122
131
144
126
122
167
143
122
132
126
142
129
99
123
117
126
130
143
110
56
109
84
155
193
70
81
133
140
131
133
105
112
100
160
159
157
137
120
150
125
95
154
115
151
139
153
116
125
116
184
161
90
135
153
151
134
126
147
64
111
133
115
120
163
101
199
167
79
103
154
145
118
183
76
179
125
145
160
144
135
159
50
146
165
126
126
144
170
114
170
105
107
120
134
116
135
108
153
129
121
101
142
136
105
116
73
93
116
203
151
191
103
130
156
191
115
111
159
120
105
121
194
165
163
61
78
120
140
135
91
115
142
125
89
56
178
75
121
117
131
186
192
31
178
74
135
108
135
115
120
115
128
64
135
139
122
126
170
133
117
120
113
100
131
116
128
172
108
79
128
139
121
108
102
213
50
83
93
144
192
151
130
115
152
148
140
132
137
109
146
175
126
172
136
138
114
163
135
151
94
61
135
125
164
125
134
155
123
161
172
154
124
150
101
135
134
105
107
134
150
110
113
134
127
133
163
145
130
147
120
122
112
93
97
134
110
70
136
147
149
113
143
126
63
167
103
56
186
159
151
116
85
117
126
175
192
131
206
141
136
153
104
85
176
147
97
127
103
132
109
100
138
124
149
127
139
142
106
151
176
112
165
178
141
97
120
112
147
134
169
109
161
138
126
143
129
116
151
145
156
183
133
69
115
93
125
140
136
158
155
86
126
115
127
123
98
30
150
128
134
109
162
140
145
129
144
142
138
148
132
120
