# SOLE Quantized Vector 116
384
84
133
219
52
86
150
153
31
93
84
115
101
112
93
43
136
134
178
146
138
130
152
126
152
130
157
126
182
163
127
62
142
98
151
147
63
120
137
96
114
178
125
122
205
173
113
126
121
107
185
125
124
151
165
139
109
159
140
153
157
152
88
92
147
131
92
123
116
76
151
142
95
92
123
159
171
235
126
129
143
173
145
70
101
116
152
119
128
160
95
136
128
112
146
117
112
193
172
137
75
137
120
165
180
16
97
75
191
94
156
136
40
96
132
109
84
131
150
184
124
74
90
229
127
159
143
96
111
146
133
162
124
70
143
80
117
197
143
104
91
154
93
116
126
134
167
119
145
169
123
156
117
140
93
127
144
125
88
114
109
101
49
157
122
115
116
153
176
149
122
177
138
144
151
126
133
131
131
182
130
120
196
103
126
170
113
108
77
182
73
106
177
122
153
126
125
143
96
141
109
116
172
120
60
145
113
64
142
67
71
139
130
99
109
61
85
86
162
111
123
108
17
188
128
129
53
144
169
133
99
153
121
178
139
135
116
86
131
82
59
148
113
129
120
171
162
135
104
71
190
149
220
92
47
98
114
157
93
120
138
185
182
186
156
102
83
92
120
140
87
149
145
128
92
142
137
157
132
157
147
94
153
143
101
150
143
104
167
144
73
109
169
117
137
186
140
89
140
144
74
156
150
160
189
149
136
154
164
160
157
198
149
160
160
104
123
148
96
216
108
149
115
151
113
127
151
174
94
75
141
99
155
72
136
173
141
83
66
136
129
178
119
138
131
125
154
144
99
125
142
151
171
143
204
126
65
147
114
110
153
42
46
135
159
168
105
118
105
157
84
163
156
131
167
156
90
151
110
135
132
79
88
96
177
