# SOLE Quantized Vector 93
384
85
119
172
109
112
99
147
78
125
89
111
112
95
87
58
104
116
136
105
180
109
143
152
155
119
143
130
205
163
78
129
134
104
113
93
103
98
113
79
153
114
158
172
197
172
129
132
227
186
192
119
172
144
134
93
108
122
145
170
163
75
147
114
123
146
66
146
96
106
143
147
88
88
98
84
126
160
47
126
127
143
81
65
132
91
146
144
161
122
90
174
97
116
98
134
122
211
110
148
96
133
122
152
111
82
136
122
108
109
108
134
73
81
149
113
134
126
53
196
157
56
99
178
148
99
127
114
153
128
173
152
132
109
148
119
142
131
133
67
122
187
146
185
159
110
124
132
148
146
96
158
134
75
130
132
154
128
79
118
93
108
137
164
61
133
138
181
176
120
109
131
121
174
101
116
149
207
62
142
162
120
165
81
86
146
161
121
108
173
82
129
109
126
137
143
89
127
48
128
136
160
138
97
124
152
83
137
180
204
60
120
116
191
134
77
110
119
185
97
159
127
71
194
137
112
67
87
165
113
111
182
79
201
123
79
108
185
129
116
62
116
105
99
130
186
124
121
112
96
164
150
159
106
37
124
121
163
112
141
141
124
133
148
176
139
163
112
131
120
76
99
169
120
102
131
150
121
127
121
172
109
121
97
145
91
135
87
138
139
85
119
154
100
158
121
67
142
118
128
97
152
165
144
128
93
102
90
172
221
103
183
129
159
158
121
51
179
141
110
138
77
111
123
113
177
115
154
125
159
166
91
156
131
191
138
135
147
95
102
103
167
160
94
118
156
143
71
117
145
149
170
185
136
133
194
57
124
124
145
131
124
93
114
83
123
55
117
119
21
123
163
94
110
174
137
206
148
42
132
111
26
119
124
190
