# SOLE Quantized Vector 60
384
144
135
140
70
89
92
139
52
114
63
99
150
133
89
50
143
113
120
138
140
93
137
132
103
119
63
111
183
124
124
133
129
145
207
139
74
178
148
47
157
133
187
104
216
192
189
178
96
99
175
126
139
140
190
138
113
112
154
168
158
130
161
118
126
147
77
139
139
100
144
153
101
87
111
164
150
210
116
145
176
208
113
61
174
92
148
123
125
124
92
173
168
130
143
79
105
179
160
135
136
141
133
132
119
69
136
90
109
106
154
137
44
125
135
147
116
128
84
176
112
76
105
140
81
153
85
96
110
120
163
147
110
68
132
100
123
155
125
131
132
187
108
166
112
123
181
118
119
176
91
147
132
109
158
121
96
129
112
145
126
106
64
143
121
155
186
164
159
140
76
146
124
170
98
139
168
165
85
148
157
110
138
61
117
110
126
128
138
167
79
127
122
116
125
150
151
134
87
115
130
152
136
166
84
81
125
169
167
132
103
126
132
189
120
103
113
146
124
106
162
138
199
177
109
118
85
79
150
140
66
145
115
189
75
123
123
131
134
150
120
109
123
116
85
158
74
130
106
119
142
141
128
115
51
105
103
143
98
118
166
160
130
136
179
146
145
141
131
87
79
73
101
161
117
104
129
105
115
125
148
124
118
97
118
139
129
75
103
98
89
137
107
173
138
134
82
126
141
117
107
171
159
118
124
111
114
113
152
140
122
139
114
144
187
155
116
103
145
214
146
120
107
152
124
106
114
168
113
86
159
123
154
126
203
133
129
107
47
113
90
159
132
103
130
179
136
136
121
78
104
146
176
155
141
157
91
106
118
145
127
137
127
91
184
145
86
106
120
92
124
147
115
161
106
160
145
142
151
108
141
87
127
90
150
