# SOLE Quantized Vector 188
384
120
118
179
126
107
96
131
112
133
98
130
144
113
45
94
185
83
124
167
111
114
151
123
121
136
168
116
187
108
114
127
144
133
99
95
92
130
123
109
129
119
110
135
141
131
123
83
183
139
155
114
82
159
178
145
142
132
151
176
158
144
151
119
163
125
124
116
138
120
120
158
127
94
106
62
198
123
98
72
121
151
131
132
129
53
162
102
147
153
152
130
146
117
179
116
128
143
126
118
131
140
168
153
32
71
132
127
141
91
104
143
86
117
146
129
147
163
117
172
174
78
95
125
120
155
112
138
155
121
170
135
190
135
157
47
157
177
139
103
85
138
164
135
113
137
133
167
159
134
79
126
132
131
139
135
79
141
175
110
96
122
119
146
101
144
128
148
181
208
120
154
149
75
117
132
148
112
146
109
121
42
125
69
114
151
122
119
121
197
96
125
136
110
155
137
205
173
58
132
68
181
151
122
116
127
146
130
127
70
147
204
112
121
129
134
110
138
131
137
190
108
116
119
111
134
136
100
182
101
107
75
137
167
162
109
118
178
160
158
128
181
137
136
96
154
123
139
127
69
158
161
151
130
100
138
136
160
167
139
145
124
151
192
165
105
141
135
128
122
147
138
135
137
122
120
121
151
132
151
131
143
143
121
174
157
122
104
138
125
64
112
136
122
94
137
141
48
125
121
91
153
161
119
104
197
118
143
171
149
72
147
127
136
135
141
147
130
123
155
149
141
115
119
136
144
114
166
130
134
182
93
193
159
59
135
137
135
94
148
196
124
161
157
129
129
184
147
147
132
109
178
138
166
142
136
112
124
83
141
153
128
127
145
172
124
65
84
89
105
14
142
120
102
139
164
135
136
119
124
106
109
134
126
142
