# SOLE Quantized Vector 71
384
144
123
163
87
77
82
157
76
109
113
122
132
135
63
37
162
112
139
156
145
106
130
139
115
89
72
128
182
140
121
136
151
122
129
118
85
144
137
83
143
134
204
141
170
109
175
144
49
122
92
133
87
150
187
133
148
131
142
210
138
155
125
126
150
122
89
123
124
129
120
140
110
85
107
131
172
186
127
100
132
162
107
143
122
103
129
141
148
151
144
125
153
132
177
124
108
163
140
151
133
137
115
160
101
66
119
109
132
132
120
137
82
120
132
128
102
134
119
182
152
92
120
122
101
132
113
105
178
130
171
148
126
107
147
63
142
184
131
106
131
187
102
187
118
115
121
141
92
141
130
161
145
116
117
135
125
112
123
109
96
95
189
145
172
132
133
162
208
127
72
160
138
118
125
188
170
143
21
98
130
112
140
55
131
137
125
117
77
184
66
109
121
128
163
173
88
125
74
124
140
158
134
121
84
130
114
123
133
137
126
143
129
155
112
119
74
132
117
135
152
113
179
129
132
118
117
109
212
106
104
76
131
188
151
133
119
160
165
133
139
122
150
124
140
84
118
131
110
135
164
146
159
68
97
116
129
157
125
128
136
121
166
173
157
111
128
124
134
112
128
106
118
154
108
125
134
123
154
161
118
137
148
155
114
104
115
92
132
110
94
128
157
143
103
153
152
80
162
120
66
168
168
129
131
108
131
182
172
136
146
181
134
139
192
121
114
113
150
162
153
144
134
127
151
132
106
172
125
136
150
123
151
168
151
173
169
140
96
114
79
130
144
99
107
174
156
123
144
122
123
122
150
125
162
139
111
94
79
119
142
140
172
143
132
131
87
130
104
101
30
158
128
134
103
161
104
143
138
122
137
143
199
128
93
