# SOLE Quantized Vector 133
384
133
126
177
119
101
109
152
119
103
119
122
146
126
56
65
154
150
127
177
138
117
113
122
161
136
220
129
183
186
114
129
144
143
98
145
97
126
110
157
134
116
126
134
172
120
104
71
154
160
191
112
108
196
139
161
138
128
122
173
163
142
149
118
153
124
84
143
122
124
136
146
107
82
112
42
152
137
106
75
119
141
124
136
106
80
127
119
187
144
140
138
147
116
149
144
127
148
132
93
71
143
148
140
114
94
138
143
131
91
95
130
95
111
156
119
133
168
117
168
158
62
64
146
159
140
145
119
131
118
153
135
158
131
98
40
166
158
138
120
125
130
190
129
141
166
155
145
162
157
118
138
149
127
94
143
82
130
151
110
75
129
150
190
84
99
135
163
187
163
103
160
131
111
123
110
129
119
149
182
126
82
117
92
149
170
169
107
112
201
47
129
116
130
156
135
164
174
58
148
102
146
147
118
96
126
86
128
164
58
142
123
121
134
161
76
106
119
156
117
169
82
63
133
129
130
128
111
189
117
124
114
128
180
156
95
108
127
184
128
113
167
118
123
109
175
144
120
106
64
199
141
158
96
114
116
124
154
102
132
125
136
152
218
156
108
145
74
131
111
91
144
148
145
91
114
135
143
115
168
140
97
161
141
143
128
118
71
130
125
93
141
136
99
140
146
142
70
113
140
105
166
172
112
130
120
122
106
172
160
121
180
120
132
75
156
96
160
105
134
141
182
161
128
147
168
123
178
149
124
170
103
202
143
95
123
128
134
92
141
155
130
149
141
109
105
148
110
145
145
115
176
131
130
158
182
102
115
79
127
158
125
72
153
141
124
84
114
129
107
8
136
131
55
146
174
163
152
104
171
116
98
138
136
127
