# SOLE Quantized Vector 195
384
103
119
177
125
113
118
126
155
163
109
122
124
126
65
102
204
69
131
180
111
116
157
132
99
90
150
118
178
141
100
137
143
129
138
76
96
135
126
87
128
126
80
134
137
126
132
53
147
162
103
131
80
170
134
134
152
128
138
168
139
134
153
108
160
124
125
116
141
130
125
168
127
45
102
92
161
137
60
61
124
140
127
131
116
74
150
129
155
139
165
125
153
124
112
139
118
134
134
147
159
130
144
194
28
112
134
157
169
100
125
176
98
117
137
135
133
146
99
180
176
93
88
138
120
114
164
50
157
124
160
138
178
141
191
30
123
172
134
106
111
145
144
132
103
107
123
149
138
127
52
142
127
125
145
126
79
127
163
69
91
123
200
148
178
129
128
163
165
184
123
147
123
53
119
191
154
99
147
74
118
91
140
78
108
150
113
122
107
173
146
112
131
118
175
149
104
182
80
119
69
179
137
109
124
122
129
120
97
85
144
238
122
95
133
156
133
153
112
146
190
103
141
115
122
124
130
63
170
82
87
45
145
166
169
127
120
132
183
160
154
157
125
150
148
120
154
140
144
81
162
152
130
104
95
150
137
159
155
139
147
120
162
171
179
153
151
118
132
142
148
130
139
133
128
120
121
140
141
149
141
167
142
114
160
156
121
160
132
124
78
120
148
132
88
110
134
46
167
111
62
173
146
144
93
172
124
156
185
156
113
165
133
125
161
102
145
164
140
70
140
115
105
112
137
128
130
153
113
141
175
86
184
156
29
144
189
131
89
137
197
126
105
196
144
152
173
163
154
102
96
177
137
168
151
96
93
127
85
128
133
139
157
156
116
120
94
80
86
123
20
133
135
149
101
159
135
131
114
116
113
151
134
120
148
