# SOLE Quantized Vector 153
384
131
83
215
98
150
137
122
155
141
140
73
222
145
99
43
126
93
139
186
42
101
162
104
137
83
150
114
199
203
97
66
204
199
185
154
89
139
115
123
184
95
97
103
196
156
132
87
110
175
109
126
78
195
112
66
123
166
99
134
157
133
115
131
148
166
88
165
118
76
113
149
112
59
109
113
122
183
119
86
164
170
72
101
188
82
51
121
152
145
98
62
56
91
85
102
103
142
182
134
153
112
152
169
102
134
131
134
118
135
103
165
84
156
146
140
109
223
131
198
83
110
78
181
176
193
166
62
143
71
135
136
180
103
165
40
157
182
148
12
140
161
146
123
149
126
191
182
129
160
94
167
160
70
102
87
94
95
112
111
88
191
187
117
175
99
50
183
173
158
127
165
168
79
121
90
142
146
177
117
112
127
102
103
140
141
73
120
120
194
126
101
124
140
152
196
122
165
109
99
61
131
147
128
108
143
89
49
111
45
138
210
73
95
100
100
135
137
61
113
163
75
117
128
127
111
95
72
185
74
63
81
200
173
140
153
127
78
174
71
165
160
97
164
122
132
163
134
152
87
182
166
151
102
89
195
137
139
107
143
115
108
121
172
211
168
115
75
168
121
86
146
81
121
103
137
86
161
86
159
140
159
132
163
126
126
148
160
172
116
91
158
164
195
142
177
27
61
124
128
74
154
135
152
185
157
111
75
162
165
121
191
170
121
146
106
117
191
112
86
90
167
123
126
147
163
122
159
81
100
183
116
152
89
51
239
198
104
37
152
169
95
74
238
165
161
131
82
133
106
151
167
155
167
158
132
97
150
97
144
99
158
124
171
125
165
94
112
144
153
71
70
123
150
147
171
74
127
96
111
199
179
104
106
193
