# SOLE Quantized Vector 39
384
132
148
139
76
91
96
142
101
133
39
115
116
123
125
79
148
159
140
197
187
64
128
143
78
93
81
132
197
114
114
151
119
117
237
184
29
91
179
82
144
108
153
102
207
105
162
124
117
151
166
150
123
169
108
137
119
131
161
135
133
109
82
133
125
152
75
143
126
65
133
124
87
80
104
109
107
187
128
175
137
179
160
152
187
112
140
97
150
172
128
139
135
139
113
171
118
158
151
115
157
130
130
146
76
96
129
141
156
126
136
146
70
154
123
139
126
137
154
173
113
79
77
180
174
134
133
89
186
103
166
136
104
138
97
73
113
163
131
145
119
153
144
145
121
122
120
106
128
131
41
185
141
138
157
115
111
138
145
97
143
108
103
182
132
146
116
160
105
142
111
142
105
184
133
204
137
157
180
63
148
114
95
86
97
98
99
94
181
141
87
159
124
112
126
136
169
132
114
125
128
81
53
150
100
170
129
158
161
100
67
109
110
155
119
122
140
144
137
126
151
139
185
105
137
120
134
72
138
211
90
148
127
195
133
119
112
120
140
134
128
129
96
119
74
174
115
140
151
97
146
133
91
98
52
144
125
129
137
91
146
77
137
145
140
170
112
129
159
137
67
92
117
120
107
105
151
135
112
138
64
89
143
91
147
129
115
111
158
125
109
174
122
121
98
135
108
126
132
77
127
168
153
129
114
102
127
133
161
170
91
117
124
113
134
109
129
133
116
108
117
137
124
122
148
107
122
166
114
168
161
100
152
87
183
196
180
109
12
101
87
155
84
202
79
183
145
98
119
78
101
189
114
176
187
169
83
119
103
157
123
75
124
136
161
119
127
169
118
98
131
112
139
152
119
140
115
102
141
103
177
147
95
105
183
