# SOLE Quantized Vector 106
384
28
133
170
103
106
96
181
84
113
112
160
97
76
56
80
167
146
76
90
203
126
77
133
126
131
204
112
179
210
154
114
103
129
91
108
106
159
125
113
170
100
159
144
164
124
115
113
176
186
187
116
90
166
144
171
110
131
135
190
142
112
139
119
149
141
77
155
89
153
145
118
162
78
114
40
143
150
124
114
163
126
147
125
139
97
172
147
145
113
52
107
154
140
110
171
174
161
112
137
59
162
144
160
112
101
137
135
120
151
59
155
85
118
145
102
124
194
163
154
170
55
82
174
192
94
162
89
164
157
168
128
116
89
160
93
132
140
156
170
105
104
147
183
91
132
145
136
155
132
39
149
146
143
124
151
135
121
111
126
83
124
176
180
58
95
136
145
217
145
115
184
139
157
105
134
134
160
96
178
140
107
157
38
104
170
213
110
82
192
37
144
102
122
156
134
105
145
31
126
156
123
149
78
90
87
107
133
230
172
106
109
145
137
139
63
98
131
172
108
187
89
64
120
127
143
88
73
172
120
120
165
109
217
177
84
112
193
153
132
112
112
103
104
146
182
161
120
52
57
192
167
143
96
109
115
125
175
104
127
125
128
137
199
146
93
121
95
99
138
97
100
93
103
93
89
156
122
159
186
158
110
142
104
145
69
108
109
117
134
107
126
115
126
135
132
139
88
138
163
82
135
212
146
155
105
114
141
190
201
86
196
112
120
143
89
54
178
123
111
115
124
140
131
123
146
155
174
113
141
176
71
201
123
164
126
161
132
108
115
106
144
172
118
68
121
151
114
97
106
114
173
168
107
185
219
59
116
99
91
115
134
85
135
114
164
85
138
141
89
54
155
173
84
203
144
134
180
71
183
110
72
130
162
152
