# SOLE Quantized Vector 185
384
97
117
179
100
104
129
131
66
135
102
119
142
114
48
108
188
80
128
174
119
129
161
120
108
117
138
120
175
101
114
131
146
122
135
86
89
130
126
65
116
128
68
147
157
117
143
105
128
73
136
125
85
149
192
150
153
133
134
160
149
150
157
118
163
126
124
122
143
119
114
163
125
71
109
172
165
154
89
51
122
158
133
148
130
67
143
107
144
149
161
129
160
123
152
123
114
135
128
123
123
139
154
180
112
75
133
127
160
98
125
163
86
120
140
137
134
142
114
176
167
100
91
120
89
142
125
96
145
131
171
148
178
125
183
69
133
178
143
100
103
174
143
116
92
125
139
156
137
130
81
148
130
129
180
128
72
134
164
91
104
119
135
149
152
172
125
197
181
209
100
155
156
49
134
156
170
119
138
106
119
77
134
76
113
181
107
132
105
193
116
113
139
114
160
150
145
163
60
136
74
188
145
120
108
122
156
121
105
82
154
202
119
94
105
165
89
148
117
149
166
135
134
118
121
117
140
97
174
88
104
49
144
150
164
119
126
91
173
145
154
165
141
131
133
110
123
143
123
102
167
159
140
136
82
124
150
161
153
130
141
130
151
190
182
122
134
128
132
127
137
134
138
154
123
122
119
139
129
167
134
169
149
141
152
159
127
143
133
113
67
95
159
128
94
148
152
51
173
115
65
174
134
122
100
199
122
169
182
131
118
154
132
126
180
128
184
135
122
175
146
139
107
122
134
133
104
166
108
141
176
91
185
164
48
143
145
132
88
137
196
128
105
160
142
154
183
148
152
126
110
131
143
158
138
84
119
121
80
131
137
138
113
149
169
122
100
80
64
133
17
135
127
174
110
162
131
139
139
98
115
142
146
120
123
