# SOLE Quantized Vector 157
384
160
126
181
88
110
124
143
70
126
105
120
146
105
58
75
172
61
127
194
132
119
131
124
116
126
135
127
167
103
119
124
121
135
168
130
87
126
123
67
129
125
90
148
180
99
139
115
94
115
158
126
93
169
192
151
143
132
119
152
161
150
150
128
150
118
102
147
149
109
133
146
120
67
119
200
126
175
113
59
124
157
134
151
122
77
133
117
142
149
160
133
141
126
154
127
108
142
134
85
140
147
135
153
166
94
141
108
158
103
138
134
66
116
137
129
125
155
123
174
140
112
77
142
118
135
137
97
141
135
149
137
127
118
143
49
125
171
146
98
102
163
168
109
112
152
175
143
154
134
98
166
138
128
162
118
73
124
172
90
104
125
142
169
149
123
122
206
201
210
89
161
147
75
114
134
157
116
151
143
129
98
133
104
121
162
110
83
115
197
93
136
132
136
164
154
153
154
71
123
87
152
142
124
65
121
125
122
101
44
137
201
110
88
117
131
82
141
121
141
161
122
137
123
130
127
118
102
178
147
108
56
146
175
160
127
113
43
186
130
148
151
119
131
87
108
134
145
120
97
180
167
146
152
93
111
124
142
109
111
136
146
166
208
176
147
125
96
140
126
103
158
133
163
108
123
123
132
136
179
138
144
150
169
140
157
134
134
130
136
94
128
147
128
105
128
149
53
168
128
106
174
112
131
133
181
106
149
173
99
137
158
123
131
143
138
183
116
97
190
140
173
105
124
140
131
116
200
108
128
151
101
188
131
52
145
130
135
67
123
186
135
82
158
151
141
163
141
132
125
111
136
145
160
160
100
119
114
84
145
126
119
100
149
145
131
120
92
113
149
14
146
134
173
140
165
123
139
146
129
124
150
130
135
125
