# SOLE Quantized Vector 98
384
83
125
166
114
120
112
148
106
142
102
117
118
137
79
91
177
96
149
154
125
106
143
134
114
80
109
123
162
197
100
139
159
126
147
125
118
143
139
81
158
136
192
149
152
119
128
78
119
170
91
138
89
180
131
127
140
131
137
193
140
112
127
128
150
125
96
124
121
126
125
141
105
45
98
79
160
163
93
82
142
139
126
136
112
110
105
169
164
151
135
120
141
130
93
157
111
143
137
156
126
127
120
188
150
109
131
162
151
136
131
155
83
117
133
117
119
158
107
170
171
67
109
148
128
122
180
56
162
124
142
166
147
127
171
33
144
149
128
125
147
156
103
200
105
89
120
128
104
136
89
139
130
123
101
147
137
103
114
59
91
118
230
150
168
101
126
169
202
105
102
165
106
109
120
220
183
181
73
90
129
141
128
63
112
135
113
57
92
179
60
123
113
130
195
167
6
180
55
143
115
133
129
115
112
135
66
125
146
144
126
180
140
127
126
121
95
139
125
129
183
111
126
130
142
118
117
92
181
86
102
86
147
212
150
128
128
179
148
134
126
123
111
143
179
121
163
140
133
116
161
134
160
95
86
135
129
170
130
132
141
118
168
168
155
133
152
106
145
136
106
95
134
156
105
119
143
124
147
166
132
128
147
122
121
112
103
82
136
107
99
141
146
154
97
150
123
54
178
101
41
199
177
153
120
72
106
119
186
195
118
204
135
142
173
91
69
178
144
89
125
101
137
122
107
140
123
161
120
140
142
105
182
155
141
153
185
147
108
111
96
143
138
148
101
148
142
112
151
128
111
156
147
165
164
148
62
104
84
128
146
128
188
156
107
125
117
133
121
105
6
151
127
146
100
163
128
139
130
136
140
132
142
121
125
