# SOLE Quantized Vector 144
384
152
114
209
103
154
112
128
55
140
106
128
148
141
83
40
151
102
147
188
139
108
153
107
144
163
156
124
197
129
103
112
93
172
195
172
47
148
132
99
125
120
116
72
208
97
122
122
106
121
171
121
128
166
166
94
65
150
127
127
198
158
125
127
139
114
71
106
109
102
131
138
115
76
125
170
143
216
73
99
103
200
95
153
165
65
108
117
156
149
133
160
82
118
109
111
139
145
195
93
138
136
120
142
176
27
138
91
211
58
129
133
49
128
132
102
181
227
185
209
100
96
78
133
151
143
147
118
116
126
161
155
104
89
103
81
160
207
164
89
128
164
68
104
135
147
147
166
177
119
151
178
142
207
85
98
70
123
157
109
103
104
69
146
93
140
84
165
187
181
83
158
153
106
93
132
134
135
189
160
169
105
117
136
137
138
97
90
100
193
83
170
153
131
151
163
182
151
90
75
84
116
146
129
87
160
125
84
91
35
109
151
50
128
99
114
91
142
161
129
160
116
71
120
109
179
83
133
195
126
96
106
123
177
114
136
65
66
176
84
126
180
101
121
82
154
137
168
202
99
170
172
156
124
49
126
123
142
79
126
166
153
127
177
183
125
126
99
118
126
74
143
117
151
112
145
96
126
186
144
189
139
149
227
111
124
209
96
165
119
75
132
182
148
142
178
138
89
106
159
117
174
120
146
163
163
115
98
160
124
130
177
56
128
148
130
165
114
99
194
180
204
114
77
125
118
124
175
140
12
144
120
155
152
91
146
114
71
37
120
168
229
96
166
129
142
156
155
116
171
149
142
131
187
196
116
92
121
94
159
157
116
63
194
160
161
112
106
134
114
54
142
77
152
171
165
103
120
62
153
128
125
100
133
131
