# SOLE Quantized Vector 129
384
87
125
206
45
92
165
125
40
91
96
134
101
100
70
51
128
122
106
164
148
128
118
107
159
128
139
120
186
178
134
129
98
153
162
122
72
135
131
104
115
152
92
159
226
87
139
107
93
92
175
109
169
161
163
155
175
130
129
111
138
132
112
132
130
101
76
135
125
27
139
139
106
82
110
175
143
222
159
100
113
137
173
133
133
75
101
131
127
97
107
92
156
115
103
141
122
160
102
95
74
152
144
165
192
69
164
96
134
99
118
167
24
71
150
125
66
129
133
152
141
107
79
243
141
121
91
65
138
124
189
142
145
81
153
78
112
180
118
76
135
182
143
101
157
158
202
135
103
169
108
207
118
138
158
116
118
137
133
108
90
97
120
177
151
128
111
195
177
157
79
190
136
98
143
92
135
139
158
167
118
120
132
104
55
159
105
129
107
184
107
41
117
160
124
139
122
140
81
161
111
109
175
126
38
125
104
111
95
39
157
135
112
100
137
71
96
167
97
115
148
143
46
180
118
145
108
86
143
101
142
102
127
185
160
119
131
40
152
90
125
126
120
149
130
161
152
144
110
103
187
171
178
110
71
79
119
147
84
98
111
117
156
169
135
102
117
60
162
133
117
136
139
143
107
123
131
140
121
171
136
149
100
144
81
171
136
125
154
124
62
125
140
109
96
122
131
119
169
138
91
171
159
140
143
154
124
100
171
137
158
151
121
154
148
129
146
126
96
184
187
198
92
137
131
126
123
158
61
104
145
104
152
93
88
144
148
158
53
148
152
140
112
142
130
146
132
168
64
118
153
131
92
152
149
96
90
97
103
129
140
175
65
82
192
145
119
130
127
168
132
143
124
138
139
153
175
147
171
112
145
137
122
101
95
