# SOLE Quantized Vector 191
384
79
119
189
117
116
106
135
111
150
78
126
129
121
56
104
182
83
126
153
109
115
151
124
118
121
202
112
190
119
113
125
145
138
110
106
98
127
128
89
137
121
67
135
155
125
117
80
190
198
177
114
82
146
147
136
139
134
147
154
156
85
142
116
158
130
117
119
137
125
127
155
124
78
105
68
120
120
59
58
124
150
125
132
135
66
148
108
150
147
151
126
134
117
117
120
138
137
130
125
126
133
169
164
67
86
126
174
156
101
112
164
77
118
144
127
147
178
109
177
195
72
85
137
161
128
149
142
162
126
172
134
196
148
159
67
172
170
136
107
83
143
168
145
104
131
104
155
164
138
72
129
133
129
141
138
80
138
153
72
88
124
166
152
104
156
127
188
197
200
135
128
146
104
121
162
138
174
142
92
123
60
135
76
89
177
122
103
117
191
102
127
130
113
163
141
166
150
51
134
69
191
151
124
151
130
144
125
126
165
145
202
110
113
121
131
105
144
126
140
177
95
115
126
118
136
131
71
183
124
113
91
142
147
164
94
115
174
173
156
127
178
117
124
118
156
135
139
138
56
159
159
140
157
87
149
142
165
191
138
151
122
144
207
174
122
149
151
134
136
131
135
134
117
130
118
131
151
131
146
137
146
144
107
182
149
118
121
137
124
76
120
129
121
103
133
133
61
136
112
104
151
165
151
81
207
111
145
167
181
56
149
135
137
126
132
143
166
125
69
138
113
114
115
118
146
120
169
117
137
194
75
191
162
41
138
153
140
96
144
204
129
134
170
123
135
181
138
142
124
106
178
135
164
150
130
90
127
89
134
148
126
108
149
121
113
74
82
91
99
11
136
124
118
142
162
129
132
114
128
112
117
130
121
150
