# SOLE Quantized Vector 11
384
99
139
137
66
97
99
140
83
117
83
140
116
141
122
159
144
162
135
180
98
76
131
159
57
73
106
112
214
91
124
163
126
128
183
136
39
122
113
78
133
109
134
106
164
143
150
78
223
157
143
172
98
147
101
109
188
107
146
122
144
82
108
126
134
121
96
156
113
149
114
139
95
83
114
116
139
154
116
155
87
158
174
133
123
110
141
100
127
126
135
144
148
130
113
121
126
144
105
148
141
113
121
162
67
73
141
120
165
126
161
113
96
147
119
140
139
128
119
163
174
85
75
184
209
134
116
68
170
142
219
123
167
127
172
93
160
152
122
121
87
157
104
139
122
129
92
118
120
148
52
180
118
133
147
136
84
138
151
89
137
133
93
217
190
134
163
206
99
108
126
147
85
157
125
175
123
170
157
36
117
114
102
74
111
104
138
134
135
133
84
123
98
107
132
99
147
189
96
148
110
68
143
137
131
139
169
122
85
93
111
61
157
107
111
119
118
116
124
144
160
148
159
119
136
69
151
85
130
116
81
136
121
189
151
119
146
164
132
129
127
148
114
142
115
104
104
138
103
80
159
151
59
81
58
179
143
144
168
146
116
100
132
160
136
153
177
129
140
89
97
112
141
108
115
101
143
124
108
144
105
117
154
59
156
117
134
139
97
95
73
166
107
128
108
87
97
140
160
114
125
166
166
132
98
110
129
187
158
176
103
126
138
118
123
125
142
157
144
89
128
139
135
136
129
156
164
121
121
165
181
113
150
140
141
173
195
110
41
125
71
62
133
217
92
158
148
81
124
67
113
197
123
123
238
149
76
145
95
161
110
137
121
149
170
94
107
176
94
115
118
105
126
154
101
137
156
119
159
71
132
139
168
122
212
