# SOLE Quantized Vector 91
384
91
91
154
129
92
98
140
75
130
117
116
158
162
81
72
145
131
177
77
86
115
142
96
157
132
153
127
181
223
185
137
70
149
95
222
109
87
148
103
139
139
207
202
168
87
125
125
180
138
156
100
179
167
170
97
100
114
185
202
150
110
147
122
163
143
51
134
69
125
123
85
70
87
89
52
180
143
103
146
92
159
131
156
229
51
74
107
171
98
50
85
65
92
136
92
143
132
148
119
108
87
124
150
58
116
191
121
57
91
49
183
80
112
183
65
159
197
135
150
123
65
93
129
144
195
67
94
148
106
146
143
150
83
98
113
158
148
151
95
152
117
102
209
130
105
189
193
133
204
122
95
100
139
107
130
137
87
108
134
116
126
157
148
58
81
134
151
205
108
65
181
153
141
82
47
130
193
82
136
157
94
87
74
235
141
92
95
103
205
56
112
101
122
125
114
127
176
54
171
111
57
144
198
93
199
155
145
155
156
157
81
30
176
151
92
63
144
175
89
165
57
94
110
158
146
116
68
147
65
139
166
125
228
139
128
107
229
122
68
144
142
57
130
130
192
80
133
144
105
174
191
71
90
114
112
143
170
78
137
93
142
105
131
125
85
202
122
153
123
111
122
132
153
46
150
79
108
153
169
110
119
147
116
167
40
135
39
163
117
109
160
211
151
145
212
120
128
69
102
106
121
247
108
89
134
159
95
205
155
41
152
108
130
191
105
39
118
110
134
132
118
144
135
197
162
156
166
118
120
167
122
202
165
207
86
161
161
107
149
95
105
152
100
42
121
159
39
129
212
157
153
107
136
199
246
59
97
92
163
198
162
126
127
166
150
72
164
120
87
92
130
98
111
195
177
164
170
161
152
107
63
115
120
158
