# SOLE Quantized Vector 89
384
101
127
198
106
114
98
151
46
113
93
115
135
118
95
38
158
123
151
111
130
120
128
129
144
117
120
134
189
152
120
112
146
152
132
125
86
98
115
75
137
118
205
131
183
99
125
153
171
117
171
129
129
148
178
131
116
138
141
212
154
153
119
127
155
117
81
143
108
110
124
127
101
98
115
126
193
197
122
146
128
191
137
148
146
98
123
131
146
149
125
146
120
132
150
134
132
178
139
119
92
129
137
147
115
20
142
110
126
104
108
133
70
126
139
113
124
167
148
191
127
64
111
142
103
161
128
100
147
116
138
157
119
97
118
86
148
191
128
110
131
144
104
164
118
121
178
137
142
154
134
129
140
122
89
136
138
114
117
126
107
121
64
149
59
133
117
156
179
131
94
161
122
146
114
144
162
139
78
164
134
108
114
69
137
135
119
70
102
176
53
141
127
130
157
146
137
145
60
148
135
108
113
128
88
143
120
133
171
123
121
116
126
173
122
107
85
138
163
129
159
123
75
138
129
132
100
129
231
113
117
167
103
212
125
111
99
180
155
121
131
149
121
130
108
171
114
132
137
108
163
160
170
77
59
55
132
158
81
129
149
139
154
162
151
123
133
111
136
110
99
104
126
164
95
132
135
139
141
144
152
109
147
129
106
114
129
66
132
128
73
121
158
129
123
165
126
98
118
123
80
164
162
134
142
109
132
111
189
153
127
183
106
141
172
141
86
116
132
208
139
122
136
121
126
140
143
193
127
101
142
103
155
115
213
130
116
124
74
133
105
156
159
91
93
137
155
103
125
142
140
143
152
163
216
185
83
119
105
145
159
120
86
140
210
137
72
132
124
69
39
145
100
134
168
152
128
132
150
142
147
21
110
130
139
