# SOLE Quantized Vector 169
384
174
144
195
78
141
97
159
108
109
110
132
129
137
42
44
160
74
131
175
192
125
110
145
88
133
101
122
207
96
109
147
88
148
120
94
67
176
127
100
154
124
122
145
146
144
148
103
89
123
82
118
83
165
179
156
151
118
124
160
131
159
163
90
148
84
104
139
168
172
123
146
130
64
102
142
152
173
73
57
142
127
110
109
140
93
187
150
186
140
206
156
212
134
155
167
148
175
71
174
139
186
132
161
95
52
113
105
137
174
114
126
86
49
113
129
173
151
142
176
186
114
96
178
138
105
124
114
205
175
234
123
176
116
163
52
97
180
148
133
76
184
155
146
83
161
121
159
108
115
60
159
183
139
159
144
62
138
148
116
99
102
195
146
188
112
137
169
214
208
97
145
159
65
108
168
139
89
98
82
139
96
244
70
67
131
171
154
77
200
104
157
116
117
139
174
132
117
77
139
118
152
205
84
79
4
127
102
132
91
138
202
158
105
132
126
67
147
125
128
171
169
177
96
121
135
70
97
174
162
59
45
141
178
183
98
142
115
179
114
144
149
158
82
114
61
152
126
106
119
154
160
135
105
118
137
136
149
157
142
109
122
139
186
181
103
105
129
85
149
118
149
98
133
122
87
110
127
133
152
156
148
132
171
174
62
59
140
113
143
71
117
99
138
96
101
141
61
176
172
85
170
172
111
156
167
98
243
143
127
136
156
155
135
145
36
180
99
147
124
120
193
101
45
131
96
108
155
123
150
167
105
152
189
45
184
164
107
92
94
153
156
142
173
178
157
185
131
139
108
67
143
144
125
135
91
127
91
81
102
129
126
163
162
113
149
75
73
98
164
61
154
170
121
35
135
107
97
110
132
81
182
163
151
112
