# SOLE Quantized Vector 1
384
161
128
121
52
53
105
124
69
114
132
119
120
152
67
117
145
167
160
208
116
76
153
131
104
89
65
118
209
114
124
139
144
102
113
118
54
132
122
104
129
135
170
132
149
114
159
90
145
151
94
155
94
142
149
110
153
129
155
144
150
131
104
122
163
109
96
122
119
145
104
156
101
102
110
123
162
154
105
116
120
170
126
141
111
96
133
123
146
143
136
137
157
126
179
121
114
162
140
138
146
125
113
155
92
52
105
86
147
121
132
138
82
137
119
142
130
144
141
160
163
95
90
141
160
142
86
95
185
129
196
140
130
106
152
53
144
182
124
43
117
161
65
150
118
156
98
140
87
145
105
147
149
107
142
129
86
111
151
93
98
111
165
168
215
155
135
194
193
138
102
164
133
122
131
169
145
130
87
43
102
102
118
64
103
129
110
107
100
145
66
36
132
109
126
140
107
167
63
124
115
69
141
125
114
134
147
120
114
75
124
66
140
136
100
103
89
121
104
136
117
106
182
142
132
103
142
102
185
83
108
72
141
166
134
132
131
138
173
139
127
148
150
132
150
53
108
122
118
98
173
149
130
64
91
154
138
149
171
136
111
101
162
180
148
109
152
147
115
109
119
100
102
132
112
129
135
151
130
144
107
147
145
101
122
116
109
118
119
92
87
150
130
136
99
129
99
98
179
85
123
168
158
115
103
134
125
185
153
116
120
152
142
153
162
138
165
124
141
116
137
173
119
114
159
127
167
152
140
132
168
134
149
143
91
200
194
109
98
131
49
117
122
150
113
201
164
122
127
99
129
141
160
83
190
110
109
116
65
153
127
116
178
124
139
125
89
158
76
119
75
144
110
158
76
136
87
122
135
78
129
200
235
117
120
