# SOLE Quantized Vector 95
384
85
118
199
107
75
119
119
70
134
59
116
151
143
127
46
166
94
164
129
81
122
160
107
144
37
99
141
187
176
110
108
161
114
196
126
106
84
151
53
114
141
171
137
181
95
109
105
146
150
174
120
160
147
116
112
160
118
140
194
118
97
170
112
144
126
78
133
97
55
144
145
135
97
74
126
159
184
83
156
113
137
118
128
97
110
124
127
126
138
117
116
132
126
100
105
98
113
148
123
111
124
119
177
87
74
166
148
75
88
140
174
107
159
161
114
124
121
116
206
135
73
102
175
104
121
132
79
83
123
155
169
87
142
121
95
150
187
114
37
156
224
111
162
124
110
114
106
131
189
97
150
91
106
142
115
177
122
111
104
93
103
90
162
144
134
90
167
124
91
108
140
106
172
131
125
153
180
96
98
113
133
102
99
168
130
112
102
160
156
105
39
111
133
149
135
75
151
87
143
136
135
68
164
93
154
75
146
156
155
125
139
88
173
147
108
113
145
117
130
155
97
85
232
149
150
121
98
164
90
137
183
71
214
110
130
103
183
160
104
128
117
133
169
113
200
113
119
170
86
156
130
129
44
24
41
114
160
87
96
109
108
160
116
179
152
153
89
179
137
105
103
159
187
81
127
149
130
119
149
210
115
124
66
75
158
149
82
167
126
57
136
167
160
140
101
89
129
114
66
87
167
146
158
124
55
166
103
204
178
126
188
98
187
157
141
65
147
108
129
139
76
152
125
123
130
120
169
102
93
124
82
152
83
196
168
156
122
65
129
120
126
153
126
87
156
132
149
131
115
119
175
160
192
147
165
48
112
116
150
115
101
84
162
100
119
107
146
135
23
118
145
125
140
93
151
212
149
151
116
135
51
139
107
132
