# SOLE Quantized Vector 152
384
112
138
214
79
101
110
159
133
145
65
145
151
107
105
65
187
86
51
183
224
113
100
149
75
106
151
111
189
121
133
138
106
204
217
111
28
154
164
109
125
144
97
149
172
112
120
73
58
149
121
95
99
196
109
200
119
113
93
146
121
167
189
130
114
133
90
185
170
180
155
132
121
70
71
129
135
179
99
96
119
146
163
121
143
121
170
130
200
128
175
148
178
142
92
199
141
200
95
122
126
160
138
169
110
87
102
138
165
146
134
160
69
111
147
97
171
111
86
195
160
91
75
190
156
56
178
77
166
149
165
136
186
130
122
29
127
179
97
227
118
174
207
108
112
132
149
135
160
106
43
239
145
188
120
132
82
103
144
85
93
90
152
194
156
111
198
155
144
160
136
160
101
106
100
217
132
96
205
120
107
122
218
80
62
104
181
73
162
171
106
238
99
124
161
177
141
135
119
90
124
116
67
97
57
61
85
193
78
49
118
187
128
122
133
106
132
112
114
137
169
162
93
146
125
181
5
88
191
189
74
106
105
203
172
104
58
98
172
115
212
156
135
85
90
153
175
150
111
115
175
147
76
73
91
116
119
136
103
92
130
131
152
166
184
177
130
94
126
109
64
157
72
157
125
64
128
109
129
147
92
129
122
145
144
83
114
138
145
140
79
146
144
167
100
112
169
55
166
125
93
178
109
146
79
110
122
109
157
143
143
160
102
155
96
51
128
151
137
100
178
179
164
43
137
114
120
179
121
113
134
112
152
114
71
181
177
152
29
82
172
221
109
235
172
113
151
152
185
46
91
180
139
183
168
113
83
135
91
102
124
127
91
149
70
107
115
101
124
125
60
130
202
118
103
128
180
118
151
191
122
159
114
115
116
