# SOLE Quantized Vector 78
384
90
151
156
108
96
68
171
91
125
66
166
92
83
72
60
146
119
118
101
180
105
75
131
100
133
123
75
214
168
126
160
92
152
103
31
84
127
63
86
174
113
178
114
183
111
149
138
222
173
176
122
116
155
156
180
152
106
174
192
149
96
147
135
122
85
84
137
80
163
141
122
95
91
88
63
129
135
72
123
86
146
146
109
102
93
198
193
152
115
171
142
176
152
112
78
164
155
74
115
106
155
129
132
73
108
159
156
149
124
159
145
49
137
128
87
155
145
101
180
208
65
104
138
126
68
104
112
173
158
232
121
78
113
133
105
175
117
140
129
124
135
150
201
131
122
127
112
121
163
128
91
145
154
109
124
117
137
151
117
100
113
178
179
57
112
220
162
187
115
61
142
100
168
81
139
155
177
48
153
153
103
169
62
86
115
163
99
131
165
61
210
88
122
142
161
109
126
53
111
166
177
155
94
95
84
117
153
181
200
66
65
102
225
178
90
101
171
237
136
210
126
141
172
111
155
111
70
190
80
108
158
83
198
168
64
109
199
147
147
65
93
97
117
121
157
87
146
114
101
149
140
122
130
91
91
142
155
110
142
146
108
126
141
138
121
197
126
99
146
91
133
229
110
122
121
150
110
169
148
199
125
103
79
149
121
102
46
115
201
100
131
173
138
76
68
139
118
154
179
123
144
214
121
141
92
109
92
174
151
80
156
20
166
139
52
65
114
220
112
176
97
172
69
123
136
122
171
155
160
142
112
156
200
196
3
127
135
85
125
93
127
181
84
29
105
163
75
147
143
65
168
92
118
168
204
86
80
98
126
43
142
143
42
98
142
44
133
145
45
78
215
121
121
136
158
158
131
93
161
92
35
147
178
159
