# SOLE Quantized Vector 165
384
135
126
196
106
130
110
142
124
145
83
126
137
124
96
79
172
43
126
187
111
114
138
135
95
109
139
124
175
109
111
128
113
141
190
134
91
131
123
68
142
124
101
136
165
117
123
86
123
190
153
122
102
186
116
143
143
133
117
162
153
109
145
135
146
129
80
151
147
114
142
146
116
63
89
141
112
157
95
104
116
151
141
138
131
106
116
111
143
132
154
131
131
119
112
131
116
139
135
107
140
141
156
157
94
95
145
159
175
105
140
157
98
121
143
128
141
162
116
180
158
91
75
166
160
123
167
97
144
133
149
144
159
137
142
31
145
168
143
112
101
156
169
118
107
140
155
141
168
142
62
163
129
128
151
125
96
126
153
72
93
131
105
189
144
128
122
197
157
191
127
158
125
107
119
144
137
149
177
123
129
102
132
114
104
120
100
73
117
189
99
141
127
131
171
143
176
136
91
130
75
131
141
127
97
125
94
132
103
80
137
231
108
95
136
123
120
141
113
137
180
115
125
138
128
130
118
90
180
182
101
125
152
188
158
119
113
123
180
131
141
177
93
148
47
171
149
147
134
75
164
155
134
108
81
129
111
140
131
111
146
140
146
186
174
187
133
97
144
141
85
156
139
134
111
115
127
137
125
165
143
123
144
146
158
159
129
138
130
132
88
143
137
151
107
119
135
41
139
118
103
167
110
169
123
149
108
134
163
166
110
178
123
136
100
127
148
157
94
102
127
147
113
124
125
135
110
196
101
135
183
89
189
126
77
151
167
142
65
130
209
141
107
195
137
133
149
126
125
113
106
192
127
211
166
135
90
137
93
140
122
116
75
146
126
118
115
93
131
119
11
118
135
143
138
168
132
140
132
139
123
132
106
125
145
