# SOLE Quantized Vector 148
384
133
135
210
91
103
105
149
131
134
98
147
138
125
53
31
153
121
109
173
142
111
117
136
146
140
200
113
224
164
143
124
118
131
111
131
84
120
113
140
149
131
104
141
207
129
100
94
182
203
176
108
113
176
133
185
127
120
124
140
156
112
135
132
137
135
89
128
143
134
136
149
118
89
124
64
104
139
88
74
126
146
147
131
127
77
141
119
170
119
126
151
137
119
118
142
134
164
108
94
96
155
144
126
120
98
176
161
127
112
78
142
66
106
132
114
127
169
100
186
169
90
72
193
178
125
146
134
180
123
190
118
152
99
118
63
197
169
126
125
109
109
201
131
134
167
158
154
163
148
83
159
132
118
108
136
38
126
159
109
81
127
174
179
56
113
126
170
192
181
106
152
136
121
115
112
130
157
173
192
118
89
122
106
100
165
155
133
134
183
70
119
115
134
151
150
161
148
70
136
99
150
161
117
99
118
110
143
135
101
156
154
130
134
154
87
122
127
153
112
172
80
64
125
121
150
93
89
223
167
104
104
142
160
172
71
90
116
174
128
144
152
105
133
98
176
150
130
107
72
173
165
123
147
98
146
120
146
117
130
140
122
145
215
142
122
144
100
126
115
111
135
129
119
131
105
136
141
122
168
152
132
130
143
163
95
134
112
112
124
87
148
127
120
114
112
150
76
133
112
131
135
173
138
106
171
95
87
152
158
90
156
117
122
89
121
120
154
111
97
147
200
117
115
137
139
124
179
122
133
181
99
158
132
71
138
137
160
57
149
165
152
142
177
112
96
138
127
105
102
125
173
128
134
180
158
98
118
91
142
136
148
99
143
125
147
58
112
139
82
36
139
150
86
157
153
163
185
114
159
115
108
102
123
139
