# SOLE Quantized Vector 15
384
193
107
107
56
41
101
114
77
114
105
106
144
141
75
89
136
187
185
227
112
72
170
138
104
96
68
115
198
118
110
126
163
107
131
139
37
120
128
125
143
91
165
130
173
104
165
101
67
96
99
170
97
158
158
95
126
139
156
145
139
138
100
127
162
134
84
114
130
137
95
133
87
81
106
99
143
174
141
129
155
170
117
150
156
89
84
117
156
121
155
155
144
120
178
92
107
164
138
143
159
116
114
160
96
73
150
118
137
140
141
122
86
135
140
136
143
177
145
172
120
101
86
101
151
157
95
116
167
114
152
141
128
103
124
80
157
180
137
76
135
125
70
145
96
134
141
124
82
146
142
156
147
78
156
114
111
112
161
106
126
107
171
165
206
134
123
168
174
142
100
134
159
123
137
161
157
143
99
48
118
100
83
89
98
121
92
148
69
153
89
78
117
100
109
137
127
151
99
167
103
44
97
121
98
110
162
115
113
67
138
55
137
149
86
114
101
117
100
131
132
88
170
102
136
117
156
82
139
111
109
76
138
166
132
130
105
100
163
140
115
131
135
147
147
85
110
117
144
109
161
147
121
71
93
150
138
139
157
130
113
113
163
162
150
114
124
144
128
96
93
111
83
131
112
122
133
161
129
166
69
146
143
120
112
112
132
103
128
75
102
152
110
155
94
150
74
112
159
96
121
141
155
110
127
146
159
152
170
106
98
135
139
145
160
144
158
82
148
134
129
202
137
131
174
153
168
147
139
129
161
145
151
163
112
178
197
64
70
124
46
111
80
148
104
182
154
97
127
109
139
142
157
103
209
110
115
101
71
149
121
141
191
128
173
127
89
185
88
119
112
117
84
157
78
140
78
94
129
87
139
208
210
125
107
