# SOLE Quantized Vector 53
384
151
118
145
76
134
79
128
106
126
65
114
81
182
123
56
116
116
139
155
111
61
157
159
88
78
51
91
194
110
98
157
121
154
245
131
59
117
124
61
204
136
161
118
206
156
192
143
113
159
174
118
76
169
117
110
95
146
133
147
144
96
120
118
132
166
64
146
87
122
124
134
99
71
83
123
111
186
104
159
96
216
81
90
133
103
182
103
121
139
130
208
60
122
96
153
107
126
161
134
162
120
131
137
64
111
120
119
166
102
163
132
61
118
110
108
202
181
45
182
102
67
88
148
138
146
117
84
167
128
236
132
129
83
140
75
125
155
125
74
118
146
87
167
136
114
123
125
121
142
91
173
149
100
116
121
123
114
99
130
133
144
94
162
154
130
133
193
131
106
101
128
108
173
99
166
152
185
143
68
169
116
128
95
117
62
109
69
151
172
87
160
103
145
110
171
167
114
108
83
122
121
141
146
100
152
112
125
109
125
141
115
107
194
121
108
130
154
72
126
177
140
208
173
122
112
130
58
150
151
77
158
164
184
118
126
145
148
163
164
147
128
77
129
68
135
87
129
138
101
139
108
143
105
45
143
130
134
114
110
96
157
101
114
170
182
153
127
141
117
52
129
109
119
134
136
128
123
96
120
122
114
151
96
143
124
121
137
131
97
112
164
40
178
136
151
16
124
104
38
106
174
155
144
149
88
111
99
145
164
102
148
72
143
151
123
111
133
148
113
125
96
139
135
120
157
120
166
112
151
169
92
152
137
188
118
169
134
21
141
97
173
111
173
51
184
131
54
114
126
146
179
161
177
156
169
75
147
105
146
109
145
132
164
151
146
101
130
128
60
126
121
101
167
126
157
143
160
96
106
166
122
139
157
225
