# SOLE Quantized Vector 74
384
117
108
172
71
89
86
158
27
110
88
132
158
125
100
48
123
107
167
110
115
95
130
113
112
116
79
125
184
123
135
117
163
154
175
161
66
129
173
46
142
158
184
138
212
150
180
178
133
100
184
128
114
139
188
157
144
133
141
167
138
136
60
108
133
113
74
135
125
106
125
134
91
83
111
166
167
221
143
154
105
209
125
110
129
96
147
117
124
162
105
202
110
121
124
106
126
146
117
146
111
118
121
147
127
54
152
86
164
133
129
137
61
143
125
87
135
140
95
166
116
76
110
122
99
161
101
81
106
133
139
152
150
94
140
111
99
158
121
88
120
168
114
172
103
116
168
108
112
156
79
137
137
124
98
130
131
112
93
145
127
138
71
143
122
144
130
171
178
128
88
147
122
165
105
118
166
153
60
150
117
114
169
72
164
129
100
113
145
179
84
168
113
148
132
151
133
140
74
157
126
131
138
160
74
116
123
107
175
128
80
138
104
173
108
104
97
111
141
127
161
134
148
129
156
96
112
95
162
118
90
152
119
208
147
118
141
149
132
129
105
120
111
117
105
148
96
127
104
118
152
161
162
97
40
93
110
153
82
113
88
156
146
134
151
135
158
125
136
102
86
131
127
156
101
119
121
129
114
133
86
125
129
116
125
85
123
91
137
143
90
124
153
175
123
149
130
126
132
101
73
162
189
136
145
115
114
172
172
157
128
149
52
116
195
144
107
121
164
215
165
102
166
121
124
193
125
163
93
125
138
78
153
130
210
107
126
118
62
117
98
179
144
90
70
165
160
95
122
133
114
144
123
160
174
163
81
109
122
135
90
132
107
122
187
173
94
119
125
98
125
138
128
156
148
142
122
154
103
127
111
57
149
160
183
