# SOLE Quantized Vector 26
384
129
115
118
93
84
109
141
128
139
101
131
111
123
103
109
184
191
189
213
146
55
140
140
71
84
53
129
172
156
122
160
99
122
179
130
81
195
137
99
166
106
130
89
168
125
154
89
118
152
145
150
71
182
94
75
151
168
149
125
127
114
87
139
155
137
73
75
141
161
150
167
36
48
92
93
140
159
157
174
103
167
139
139
181
115
141
96
137
78
172
128
165
137
119
133
92
126
147
112
175
111
117
172
35
120
124
147
144
134
145
167
109
122
97
189
138
128
188
159
116
94
66
138
156
145
104
64
160
89
134
120
179
93
135
47
123
148
144
99
161
122
26
135
152
142
133
109
109
156
29
160
143
120
151
114
90
135
153
121
113
149
109
172
170
161
139
165
82
128
112
182
101
157
129
187
142
124
151
74
147
121
116
80
108
102
88
88
142
157
90
82
140
114
129
136
149
162
109
154
115
70
120
171
137
154
142
119
120
32
107
49
158
122
123
122
169
167
110
145
148
130
151
124
121
63
145
51
135
105
107
110
178
192
178
120
131
112
186
145
131
150
85
178
116
136
105
136
123
96
168
97
138
55
84
114
122
130
157
127
129
141
126
158
150
173
133
102
118
95
58
142
101
80
106
106
131
142
125
124
125
120
146
91
117
153
109
134
114
75
106
181
116
215
101
135
77
121
143
107
120
179
133
117
81
103
125
133
148
181
116
152
120
83
139
140
123
176
164
94
82
138
125
144
136
123
141
129
109
133
175
104
183
59
153
131
194
83
56
159
67
109
85
182
82
151
142
120
145
65
86
187
89
166
164
162
70
155
76
122
149
119
134
111
126
142
117
167
95
128
123
124
130
164
136
163
124
115
114
70
138
158
123
97
136
