# SOLE Quantized Vector 55
384
172
116
124
109
107
80
147
130
134
98
94
139
137
103
96
150
112
170
183
197
72
117
162
69
94
46
101
165
132
122
131
122
164
184
165
74
125
151
69
174
100
170
135
166
135
166
120
102
161
105
196
26
194
130
120
105
130
143
189
156
142
98
129
117
126
85
142
110
152
145
136
34
56
62
100
115
157
119
112
161
155
81
103
227
88
148
154
162
69
186
130
85
114
99
146
136
172
129
113
192
134
109
152
44
142
141
148
153
147
133
123
85
119
152
82
140
200
91
165
85
76
87
112
151
97
151
26
149
116
166
115
93
160
175
33
138
140
162
149
148
148
97
180
120
96
176
153
82
134
32
151
169
118
122
87
97
82
130
101
123
114
230
170
174
96
110
164
152
116
115
116
145
145
118
200
158
181
121
72
164
125
124
29
93
76
69
69
120
147
88
170
68
115
141
197
99
156
93
133
124
131
98
122
100
173
110
122
114
102
74
134
93
153
116
108
155
123
121
159
162
137
196
153
106
156
81
45
160
108
72
86
149
210
166
126
89
118
175
141
203
92
101
106
108
105
103
137
175
109
150
130
85
97
108
146
146
129
109
130
146
131
164
153
186
218
148
129
144
116
94
91
77
137
144
101
74
117
152
145
106
178
118
114
136
114
130
131
127
23
119
174
161
217
108
129
94
76
139
104
84
140
153
135
111
92
101
77
188
122
88
147
110
174
176
51
96
140
163
80
187
118
85
143
169
93
140
181
123
122
154
134
184
122
140
130
197
96
63
128
66
184
74
163
122
154
151
79
165
57
128
194
117
170
140
144
92
119
82
155
70
125
206
141
101
142
101
130
155
116
85
129
126
184
107
140
109
119
127
112
180
157
108
158
142
