# SOLE Quantized Vector 51
384
135
127
127
77
80
92
138
89
127
26
145
109
138
90
51
125
137
151
158
123
76
134
151
114
120
96
114
216
120
107
139
100
118
173
120
66
126
111
87
166
79
170
137
213
77
149
142
154
186
193
137
97
148
134
92
94
128
165
157
144
48
104
146
128
123
88
116
90
119
151
127
107
105
95
77
86
149
86
135
139
153
109
138
127
83
146
140
138
85
128
130
96
146
107
104
114
181
121
93
148
137
149
113
85
113
136
149
110
99
131
142
10
92
136
134
120
149
178
176
150
75
85
192
168
92
90
123
194
123
232
121
106
118
125
88
192
141
123
54
137
169
107
181
163
133
157
118
144
140
105
137
121
107
137
135
104
132
126
88
115
102
157
188
90
141
129
194
154
132
102
130
103
190
109
148
146
225
123
111
144
98
156
77
80
116
117
79
157
150
74
129
101
127
118
138
145
112
57
149
158
138
185
143
109
130
120
80
167
177
63
80
135
150
144
94
143
160
145
138
164
120
203
174
130
133
115
66
159
195
135
147
92
188
166
64
108
141
138
115
130
96
110
111
81
188
92
140
120
99
137
148
131
155
57
150
122
133
138
123
151
90
118
150
166
145
157
131
155
99
103
100
144
117
132
130
170
111
140
139
177
110
129
75
124
154
137
114
109
129
123
157
87
135
112
103
118
135
138
140
155
146
185
126
131
135
114
113
174
143
66
118
123
165
124
131
98
130
145
93
150
110
166
135
140
161
107
171
124
116
149
104
155
50
183
94
143
150
45
124
92
147
128
125
63
145
135
137
97
133
141
177
153
150
126
193
68
121
98
148
122
107
148
124
121
105
70
153
153
28
123
131
99
140
134
144
118
136
92
101
132
96
122
114
170
