# SOLE Quantized Vector 29
384
189
129
118
64
81
103
136
81
121
104
107
146
95
65
57
135
167
187
222
146
73
169
115
106
100
42
114
197
129
129
120
143
101
161
149
58
157
142
120
139
142
181
147
177
42
186
118
80
115
99
132
136
160
167
126
102
148
149
159
144
161
82
107
156
75
76
127
99
154
92
135
81
87
105
111
131
190
150
116
133
155
122
201
109
86
152
124
161
155
168
156
154
114
176
138
121
194
153
110
160
144
95
149
103
75
105
126
141
120
129
124
64
159
113
122
131
187
149
174
138
105
96
151
131
131
96
119
167
121
180
137
137
109
120
56
104
175
115
79
138
103
86
154
109
136
103
119
90
153
138
152
168
109
141
99
100
102
174
118
114
115
193
133
166
144
105
180
178
143
85
154
171
126
135
192
153
129
103
62
119
99
117
81
100
116
91
99
98
173
66
100
118
100
116
173
130
112
72
112
136
45
111
131
97
110
148
120
104
66
113
76
132
161
107
136
97
145
126
141
118
99
208
104
125
140
92
100
185
118
128
59
147
178
128
123
110
93
194
106
145
133
122
132
120
77
117
139
222
127
162
173
167
91
87
120
145
135
146
135
135
138
156
171
123
103
141
139
131
121
92
120
66
126
129
126
117
151
140
161
65
130
125
180
120
72
119
111
147
112
112
150
131
177
90
135
121
104
151
98
110
164
151
124
148
157
131
155
180
110
101
144
130
137
158
102
155
103
168
143
133
187
123
105
171
137
158
177
125
117
144
140
151
95
124
228
164
78
64
131
62
166
93
136
91
199
161
104
108
115
144
131
126
129
195
116
116
91
60
130
172
92
190
132
170
155
103
170
111
121
80
138
73
152
102
127
101
91
149
83
118
206
171
114
90
